from util import *
schedule = deque([
  (1308, 4, 9),
  (1433, 3, 3),
  (1470, 8, 10),
  (1485, 6, 17),
  (1649, 3, 3),
  (1877, 11, 0),
  (1974, 1, 0),
  (2119, 10, 0),
  (2503, 6, 10),
  (2901, 8, 7),
  (3425, 0, 22),
  (3559, 7, 10),
  (5521, 0, 4),
  (5826, 1, 14),
  (6399, 9, 12),
  (7472, 7, 10),
  (8377, 8, 13),
  (8453, 1, 0),
  (10628, 1, 11),
  (12029, 5, 10),
  (12540, 3, 10),
  (13874, 5, 10),
  (15739, 4, 10),
  (15812, 4, 17),
  (15952, 4, 22),
  (16201, 6, 21),
  (17273, 8, 7),
  (17720, 1, 0),
  (18937, 8, 3),
  (19774, 11, 19),
  (19878, 4, 10),
  (23149, 10, 19),
  (23773, 2, 3),
  (23975, 5, 17),
  (24278, 7, 9),
  (27678, 3, 18),
  (28381, 7, 12),
  (30293, 3, 4),
  (30378, 4, 22),
  (30537, 1, 17),
  (30660, 0, 0),
  (30913, 1, 0),
  (31881, 3, 17),
  (32142, 0, 0),
  (33232, 11, 0),
  (35419, 11, 10),
  (35858, 0, 0),
  (36876, 0, 0),
  (38130, 8, 0),
  (39548, 4, 10),
  (42122, 10, 0),
  (43087, 6, 14),
  (43688, 8, 13),
  (43997, 8, 18),
  (44133, 11, 0),
  (45327, 5, 9),
  (45418, 11, 11),
  (46749, 6, 10),
  (47429, 8, 13),
  (48533, 2, 1),
  (48995, 9, 3),
  (50747, 8, 3),
  (53343, 5, 9),
  (55940, 6, 10),
  (56684, 8, 4),
  (57582, 5, 21),
  (60096, 11, 11),
  (61178, 3, 7),
  (63917, 1, 3),
  (64151, 5, 10),
  (64926, 3, 16),
  (65835, 4, 21),
  (67811, 4, 9),
  (70529, 4, 13),
  (70673, 5, 20),
  (70895, 6, 13),
  (71080, 6, 22),
  (71759, 6, 21),
  (72901, 9, 15),
  (74298, 6, 21),
  (75631, 10, 0),
  (75978, 11, 7),
  (76630, 2, 13),
  (76970, 11, 15),
  (77181, 6, 10),
  (80416, 9, 18),
  (80549, 8, 7),
  (80891, 6, 10),
  (81676, 7, 17),
  (83073, 4, 17),
  (83141, 2, 7),
  (83449, 11, 20),
  (86230, 10, 11),
  (87342, 2, 10),
  (89315, 1, 0),
  (90920, 10, 0),
  (92494, 10, 14),
  (93333, 4, 10),
  (94049, 6, 9),
  (94458, 3, 3),
  (94464, 8, 6),
  (95662, 2, 2),
  (96447, 6, 10),
  (97514, 10, 0),
  (97962, 9, 3),
  (100069, 0, 0),
  (100166, 9, 8),
  (101210, 4, 9),
  (101276, 3, 0),
  (101755, 11, 18),
  (102038, 8, 9),
  (103676, 0, 11),
  (105072, 2, 0),
  (105104, 10, 0),
  (105153, 11, 13),
  (108604, 9, 13),
  (109229, 8, 10),
  (112940, 3, 4),
  (113530, 6, 10),
  (114288, 3, 9),
  (119521, 11, 0),
  (120396, 1, 22),
  (121729, 8, 1),
  (125024, 5, 10),
  (125357, 0, 0),
  (125852, 0, 0),
  (127731, 9, 5),
  (127826, 10, 11),
  (128539, 6, 2),
  (129213, 4, 4),
  (130613, 3, 0),
  (131160, 3, 2),
  (132301, 9, 3),
  (132644, 3, 7),
  (133905, 2, 13),
  (134541, 4, 9),
  (135223, 1, 0),
  (135636, 0, 0),
  (136672, 7, 10),
  (136823, 2, 12),
  (137285, 9, 8),
  (137581, 3, 11),
  (139475, 11, 0),
  (140486, 8, 3),
  (140504, 8, 15),
  (141969, 0, 0),
  (144863, 6, 10),
  (145699, 11, 0),
  (148139, 1, 22),
  (148246, 0, 0),
  (148998, 6, 10),
  (149478, 0, 0),
  (149513, 5, 9),
  (152475, 11, 22),
  (153366, 11, 0),
  (155970, 2, 4),
  (156703, 2, 7),
  (157265, 1, 0),
  (158781, 5, 10),
  (159236, 9, 4),
  (160273, 0, 0),
  (160364, 9, 7),
  (161353, 7, 10),
  (161627, 11, 11),
  (161964, 1, 0),
  (163044, 10, 0),
  (163071, 5, 21),
  (164510, 11, 0),
  (165108, 9, 3),
  (165854, 5, 22),
  (166150, 11, 11),
  (167687, 3, 17),
  (169513, 10, 0),
  (170274, 9, 3),
  (171273, 9, 3),
  (171941, 1, 22),
  (173425, 1, 0),
  (175012, 6, 10),
  (175306, 2, 7),
  (175700, 4, 10),
  (176146, 5, 12),
  (176535, 0, 11),
  (178452, 7, 10),
  (178974, 3, 7),
  (180254, 9, 3),
  (180822, 1, 5),
  (181856, 9, 13),
  (181873, 5, 10),
  (185114, 6, 17),
  (185408, 2, 18),
  (185532, 0, 11),
  (186809, 10, 11),
  (186927, 4, 22),
  (187189, 5, 2),
  (188489, 4, 10),
  (188620, 8, 16),
  (188965, 11, 0),
  (189320, 8, 3),
  (190051, 5, 21),
  (191107, 11, 11),
  (193668, 5, 10),
  (194028, 2, 3),
  (196422, 9, 13),
  (196571, 2, 10),
  (197237, 8, 4),
  (197800, 3, 3),
  (198521, 7, 17),
  (200050, 10, 11),
  (200742, 2, 7),
  (201273, 6, 9),
  (201868, 3, 3),
  (201872, 1, 11),
  (202003, 3, 4),
  (203290, 5, 10),
  (203348, 9, 3),
  (204743, 9, 10),
  (204745, 10, 14),
  (205757, 4, 10),
  (207053, 5, 17),
  (208599, 3, 3),
  (211098, 10, 0),
  (212370, 3, 17),
  (213941, 11, 13),
  (215240, 2, 12),
  (215812, 4, 17),
  (217728, 7, 10),
  (217788, 8, 0),
  (217869, 5, 5),
  (218831, 4, 10),
  (220735, 4, 17),
  (221046, 8, 12),
  (222406, 11, 0),
  (225723, 10, 0),
  (225733, 7, 14),
  (227719, 2, 11),
  (229331, 7, 17),
  (229845, 9, 3),
  (230119, 6, 10),
  (233050, 7, 21),
  (233096, 8, 3),
  (233878, 9, 13),
  (234498, 9, 7),
  (236423, 8, 7),
  (236618, 11, 22),
  (236637, 7, 17),
  (236668, 10, 0),
  (238496, 3, 13),
  (238541, 8, 3),
  (243851, 2, 13),
  (244229, 2, 7),
  (244887, 4, 9),
  (246222, 5, 22),
  (246261, 3, 7),
  (246814, 5, 17),
  (249859, 6, 0),
  (250669, 6, 10),
  (253174, 11, 22),
  (253578, 6, 10),
  (256362, 2, 2),
  (258627, 6, 22),
  (258996, 7, 2),
  (259032, 3, 16),
  (259260, 3, 7),
  (259350, 4, 17),
  (259602, 3, 7),
  (260260, 2, 3),
  (262026, 2, 17),
  (263261, 1, 0),
  (265344, 8, 0),
  (266561, 11, 12),
  (267080, 3, 3),
  (269802, 7, 5),
  (271529, 5, 17),
  (271707, 11, 0),
  (273614, 5, 10),
  (274748, 4, 21),
  (275741, 0, 0),
  (277593, 10, 0),
  (279544, 1, 10),
  (280426, 8, 3),
  (283020, 11, 10),
  (283028, 9, 7),
  (283250, 11, 8),
  (285503, 5, 13),
  (286926, 7, 21),
  (289731, 8, 3),
  (294550, 10, 17),
  (294691, 4, 10),
  (294738, 7, 17),
  (295052, 3, 18),
  (295436, 7, 16),
  (295605, 4, 10),
  (297338, 2, 3),
  (298592, 6, 22),
  (300162, 0, 0),
  (300359, 3, 3),
  (300438, 7, 22),
  (300693, 3, 4),
  (303082, 6, 10),
  (303167, 10, 11),
  (303706, 9, 10),
  (304469, 2, 13),
  (305075, 9, 12),
  (305990, 2, 18),
  (306226, 2, 1),
  (306390, 9, 10),
  (308049, 7, 10),
  (308689, 9, 14),
  (309069, 1, 11),
  (309394, 2, 3),
  (310642, 4, 10),
  (310672, 2, 11),
  (311380, 3, 8),
  (311403, 7, 17),
  (311837, 9, 3),
  (314955, 10, 0),
  (317051, 10, 0),
  (317216, 10, 11),
  (318150, 4, 10),
  (318684, 9, 3),
  (319495, 9, 3),
  (319649, 11, 0),
  (319723, 11, 3),
  (321087, 1, 22),
  (321127, 6, 10),
  (321158, 5, 10),
  (321961, 5, 17),
  (322132, 5, 10),
  (323485, 4, 10),
  (323643, 7, 17),
  (324689, 10, 0),
  (325032, 8, 7),
  (326165, 4, 10),
  (326363, 7, 20),
  (326465, 10, 10),
  (326554, 9, 4),
  (329515, 4, 10),
  (330565, 8, 4),
  (332499, 11, 11),
  (333185, 10, 11),
  (336255, 8, 3),
  (338288, 9, 7),
  (338442, 2, 18),
  (338743, 9, 0),
  (341725, 5, 17),
  (342026, 5, 15),
  (342608, 10, 0),
  (342610, 1, 11),
  (342830, 9, 7),
  (342917, 8, 0),
  (344089, 8, 7),
  (344154, 5, 10),
  (345088, 4, 21),
  (345352, 1, 0),
  (345419, 6, 10),
  (345561, 11, 0),
  (345631, 6, 7),
  (346236, 5, 10),
  (347270, 3, 3),
  (348022, 0, 0),
  (348033, 6, 10),
  (349911, 9, 10),
  (353827, 6, 15),
  (354208, 5, 10),
  (354489, 9, 11),
  (355858, 9, 2),
  (356929, 4, 10),
  (359207, 11, 0),
  (361052, 8, 3),
  (361587, 1, 7),
  (362089, 4, 17),
  (364555, 5, 10),
  (364704, 9, 15),
  (365151, 1, 3),
  (365724, 0, 0),
  (368927, 4, 10),
  (373844, 2, 3),
  (374707, 3, 7),
  (375730, 11, 0),
  (377265, 6, 10),
  (377968, 8, 9),
  (379962, 7, 21),
  (380654, 3, 7),
  (380683, 7, 22),
  (381527, 3, 0),
  (382717, 11, 7),
  (384036, 10, 0),
  (385523, 1, 22),
  (385695, 3, 1),
  (386810, 6, 10),
  (388130, 6, 10),
  (388302, 11, 0),
  (388446, 6, 10),
  (388563, 8, 7),
  (388597, 11, 18),
  (391027, 7, 10),
  (391030, 7, 22),
  (393974, 8, 7),
  (398341, 10, 0),
  (398995, 7, 10),
  (399157, 0, 0),
  (399378, 2, 13),
  (399511, 11, 0),
  (399605, 0, 0),
  (401277, 5, 10),
  (402242, 10, 10),
  (403079, 7, 11),
  (403940, 10, 0),
  (405109, 3, 7),
  (405141, 2, 12),
  (405531, 8, 7),
  (405635, 5, 5),
  (406096, 1, 0),
  (407781, 7, 19),
  (408694, 0, 0),
  (408768, 6, 10),
  (409967, 11, 0),
  (410481, 3, 13),
  (410656, 10, 0),
  (410857, 5, 10),
  (412948, 9, 15),
  (418470, 4, 17),
  (419083, 6, 10),
  (420562, 3, 8),
  (421939, 1, 0),
  (422011, 2, 18),
  (422674, 11, 0),
  (423140, 4, 10),
  (423828, 6, 19),
  (423919, 0, 0),
  (424047, 4, 9),
  (425123, 6, 10),
  (425359, 0, 0),
  (425370, 4, 10),
  (426034, 2, 2),
  (426258, 9, 13),
  (428185, 1, 0),
  (429651, 2, 3),
  (433432, 7, 18),
  (433849, 6, 10),
  (435024, 5, 2),
  (435771, 7, 12),
  (436513, 0, 7),
  (437438, 6, 13),
  (437554, 6, 22),
  (438002, 0, 14),
  (438444, 6, 0),
  (439173, 11, 0),
  (439322, 9, 7),
  (440626, 10, 0),
  (442251, 2, 10),
  (442490, 1, 11),
  (445638, 6, 10),
  (447967, 10, 0),
  (449603, 2, 18),
  (450132, 4, 21),
  (451771, 1, 22),
  (453321, 6, 10),
  (453363, 5, 10),
  (456192, 6, 10),
  (456568, 9, 7),
  (457555, 0, 0),
  (458122, 8, 13),
  (458400, 4, 17),
  (460737, 9, 7),
  (460956, 5, 17),
  (460988, 2, 16),
  (461178, 9, 0),
  (463886, 0, 0),
  (463993, 6, 10),
  (464538, 8, 10),
  (465952, 11, 0),
  (466143, 8, 3),
  (467536, 7, 10),
  (468060, 7, 6),
  (468123, 10, 0),
  (468508, 11, 0),
  (468908, 2, 3),
  (469493, 10, 0),
  (470832, 6, 22),
  (470905, 11, 22),
  (471799, 4, 17),
  (472379, 9, 3),
  (473329, 9, 18),
  (473998, 4, 10),
  (474463, 11, 11),
  (475545, 3, 3),
  (477796, 3, 18),
  (478695, 2, 7),
  (479269, 9, 7),
  (480452, 11, 6),
  (480581, 8, 13),
  (483487, 8, 7),
  (484587, 10, 11),
  (485186, 5, 17),
  (485229, 11, 0),
  (485335, 1, 2),
  (486526, 2, 0),
  (488366, 2, 7),
  (489358, 9, 18),
  (493719, 5, 10),
  (496397, 4, 16),
  (497376, 9, 9),
  (497802, 5, 13),
  (497859, 3, 7),
  (498496, 10, 10),
  (501836, 4, 10),
  (503927, 5, 10),
  (504221, 5, 10),
  (508236, 7, 11),
  (509573, 6, 10),
  (509982, 3, 4),
  (511367, 1, 11),
  (513043, 1, 11),
  (515397, 3, 14),
  (520041, 8, 0),
  (522246, 6, 13),
  (522396, 7, 10),
  (522852, 4, 10),
  (523298, 5, 10),
  (525536, 3, 4),
  (526152, 4, 10),
  (527393, 2, 3),
  (527830, 3, 15),
  (528530, 10, 8),
  (529354, 7, 17),
  (532790, 9, 4),
  (538463, 4, 10),
  (539510, 4, 10),
  (542558, 4, 1),
  (543196, 3, 13),
  (543579, 3, 2),
  (543936, 10, 11),
  (544137, 11, 0),
  (545960, 1, 0),
  (547885, 10, 7),
  (547934, 1, 0),
  (549946, 1, 11),
  (550303, 0, 11),
  (551094, 8, 16),
  (551739, 7, 10),
  (552212, 11, 0),
  (552681, 1, 7),
  (556892, 11, 0),
  (557155, 11, 0),
  (557258, 9, 10),
  (560499, 0, 0),
  (560749, 11, 0),
  (560776, 5, 10),
  (563342, 3, 18),
  (564057, 2, 3),
  (565090, 7, 10),
  (565111, 0, 12),
  (568682, 6, 9),
  (569008, 9, 7),
  (572561, 2, 0),
  (575994, 4, 10),
  (576124, 3, 8),
  (576928, 7, 22),
  (578520, 3, 3),
  (579675, 5, 17),
  (580605, 10, 0),
  (580675, 10, 0),
  (580950, 5, 10),
  (581836, 9, 7),
  (584465, 6, 10),
  (587008, 8, 7),
  (587114, 4, 10),
  (589828, 0, 22),
  (590155, 7, 10),
  (590500, 6, 17),
  (591565, 5, 10),
  (591569, 5, 21),
  (595225, 5, 10),
  (598406, 11, 18),
  (598647, 4, 10),
  (599836, 9, 7),
  (600495, 4, 11),
  (603889, 9, 4),
  (606371, 6, 10),
  (608131, 2, 3),
  (609154, 3, 10),
  (610506, 5, 10),
  (610541, 10, 17),
  (611016, 5, 10),
  (611792, 1, 11),
  (612045, 5, 10),
  (614764, 7, 10),
  (615897, 0, 18),
  (616820, 10, 0),
  (617002, 5, 10),
  (617151, 11, 0),
  (617201, 10, 10),
  (618021, 8, 15),
  (618163, 9, 5),
  (618334, 3, 6),
  (619502, 5, 14),
  (619642, 0, 11),
  (619836, 4, 10),
  (623160, 2, 7),
  (623179, 10, 11),
  (624561, 10, 0),
  (627337, 2, 11),
  (627984, 2, 3),
  (631720, 9, 16),
  (632424, 6, 9),
  (632487, 8, 4),
  (633446, 1, 22),
  (634001, 5, 2),
  (634927, 8, 5),
  (638105, 9, 12),
  (638539, 7, 9),
  (639673, 9, 0),
  (640636, 10, 0),
  (642307, 10, 0),
  (643088, 1, 0),
  (643417, 10, 0),
  (645223, 8, 13),
  (645291, 3, 0),
  (645600, 2, 3),
  (646580, 1, 16),
  (647048, 8, 1),
  (650316, 5, 10),
  (650778, 4, 17),
  (651540, 0, 8),
  (651820, 10, 11),
  (652130, 7, 4),
  (652706, 6, 10),
  (653034, 2, 7),
  (654204, 5, 10),
  (654259, 6, 9),
  (654532, 4, 10),
  (655482, 0, 11),
  (655509, 7, 21),
  (656242, 1, 11),
  (656245, 6, 10),
  (656602, 1, 15),
  (657215, 0, 0),
  (658647, 9, 1),
  (658788, 2, 7),
  (663675, 8, 7),
  (664739, 10, 15),
  (665667, 1, 0),
  (665828, 1, 11),
  (667115, 4, 17),
  (668714, 10, 0),
  (669257, 6, 10),
  (670150, 6, 10),
  (670486, 8, 10),
  (671236, 11, 0),
  (671843, 8, 7),
  (673250, 11, 0),
  (674650, 11, 0),
  (675613, 5, 10),
  (676666, 4, 17),
  (677007, 10, 0),
  (677422, 0, 18),
  (677464, 3, 11),
  (679081, 3, 0),
  (680155, 6, 10),
  (681243, 10, 15),
  (681657, 6, 10),
  (682653, 0, 11),
  (684120, 1, 11),
  (684379, 3, 7),
  (684918, 5, 10),
  (685086, 6, 22),
  (685409, 2, 3),
  (687333, 3, 3),
  (688246, 1, 0),
  (688953, 11, 0),
  (689671, 9, 14),
  (690053, 7, 10),
  (690813, 4, 10),
  (691692, 8, 3),
  (693026, 4, 8),
  (693219, 6, 10),
  (695075, 2, 3),
  (695263, 5, 10),
  (696932, 7, 9),
  (698263, 10, 22),
  (699217, 4, 10),
  (699431, 7, 2),
  (702626, 2, 3),
  (703581, 8, 11),
  (704061, 10, 10),
  (705917, 9, 0),
  (706023, 4, 4),
  (706787, 10, 0),
  (707039, 5, 18),
  (707642, 4, 9),
  (708115, 2, 3),
  (708304, 4, 17),
  (710313, 8, 7),
  (710514, 6, 17),
  (711469, 7, 3),
  (713703, 2, 12),
  (714453, 4, 5),
  (719863, 8, 8),
  (720837, 0, 7),
  (723628, 6, 10),
  (723683, 11, 0),
  (724134, 11, 0),
  (725864, 1, 0),
  (728220, 0, 17),
  (729081, 8, 0),
  (729455, 1, 0),
  (729611, 3, 13),
  (729627, 0, 0),
  (730661, 11, 0),
  (731035, 6, 17),
  (731909, 6, 20),
  (734512, 6, 17),
  (735655, 10, 0),
  (736055, 10, 0),
  (737527, 11, 11),
  (740167, 5, 10),
  (740475, 6, 10),
  (741677, 1, 3),
  (745940, 10, 18),
  (747524, 6, 10),
  (748303, 6, 22),
  (748752, 4, 10),
  (752476, 2, 7),
  (753614, 10, 11),
  (753730, 5, 10),
  (753852, 11, 0),
  (754536, 6, 10),
  (755525, 7, 13),
  (755672, 9, 17),
  (756548, 7, 13),
  (756582, 2, 1),
  (758606, 9, 10),
  (760070, 1, 0),
  (761537, 6, 4),
  (762401, 2, 0),
  (764521, 9, 3),
  (765279, 5, 10),
  (767048, 9, 16),
  (767198, 9, 3),
  (768078, 11, 11),
  (769550, 6, 17),
  (770236, 6, 10),
  (770781, 8, 4),
  (771438, 9, 7),
  (772606, 3, 12),
  (773088, 0, 22),
  (773187, 10, 11),
  (774707, 1, 0),
  (775169, 6, 10),
  (776474, 1, 0),
  (777242, 4, 10),
  (779460, 3, 7),
  (779882, 7, 10),
  (780367, 9, 4),
  (781188, 3, 17),
  (782281, 6, 10),
  (782515, 10, 11),
  (783238, 9, 0),
  (786283, 0, 0),
  (787486, 1, 3),
  (793336, 0, 0),
  (795873, 1, 0),
  (797434, 10, 11),
  (798041, 10, 12),
  (799601, 4, 6),
  (799832, 6, 5),
  (799835, 3, 7),
  (800232, 0, 20),
  (800358, 8, 3),
  (801454, 10, 11),
  (801748, 10, 11),
  (802156, 7, 17),
  (803135, 8, 15),
  (803207, 6, 17),
  (807350, 10, 3),
  (807505, 5, 10),
  (807703, 6, 22),
  (807989, 9, 0),
  (809889, 2, 10),
  (810346, 11, 10),
  (810934, 2, 14),
  (812100, 9, 3),
  (812516, 10, 0),
  (815787, 11, 0),
  (818851, 4, 10),
  (819759, 5, 17),
  (820615, 8, 15),
  (822631, 8, 7),
  (823074, 7, 10),
  (823918, 0, 0),
  (824163, 9, 5),
  (825486, 7, 13),
  (826122, 2, 4),
  (826602, 7, 10),
  (831301, 1, 0),
  (831418, 2, 3),
  (831688, 6, 17),
  (832442, 2, 7),
  (833131, 10, 0),
  (834822, 9, 14),
  (834827, 2, 13),
  (835468, 10, 18),
  (835531, 3, 17),
  (837716, 10, 11),
  (837894, 4, 17),
  (838186, 3, 4),
  (839529, 10, 0),
  (839793, 7, 16),
  (839869, 8, 10),
  (841696, 4, 10),
  (842175, 5, 17),
  (842353, 10, 0),
  (842841, 10, 14),
  (843211, 3, 3),
  (844423, 10, 11),
  (845233, 11, 11),
  (845291, 2, 6),
  (845429, 9, 13),
  (845570, 10, 0),
  (846069, 8, 3),
  (846772, 2, 8),
  (846935, 7, 17),
  (848041, 3, 3),
  (848290, 1, 0),
  (849268, 1, 8),
  (849924, 5, 10),
  (852389, 4, 6),
  (857602, 5, 22),
  (857696, 7, 17),
  (858131, 9, 17),
  (858730, 1, 0),
  (859205, 10, 7),
  (859743, 11, 0),
  (860579, 3, 7),
  (860876, 9, 3),
  (862616, 10, 6),
  (864631, 9, 7),
  (866057, 1, 0),
  (868898, 1, 10),
  (869951, 7, 17),
  (870467, 3, 18),
  (870885, 1, 0),
  (872332, 2, 3),
  (872933, 6, 17),
  (874156, 8, 17),
  (877812, 10, 9),
  (878769, 6, 17),
  (879769, 7, 10),
  (880220, 7, 10),
  (880616, 1, 11),
  (882509, 5, 16),
  (882822, 2, 3),
  (885113, 2, 0),
  (885255, 3, 1),
  (886169, 11, 0),
  (886457, 7, 10),
  (886535, 7, 10),
  (886554, 2, 3),
  (886949, 11, 0),
  (888293, 7, 10),
  (888349, 8, 3),
  (889099, 10, 0),
  (890334, 4, 17),
  (890435, 5, 13),
  (890686, 4, 17),
  (891570, 7, 10),
  (891889, 9, 14),
  (892729, 11, 10),
  (892916, 5, 1),
  (893020, 4, 10),
  (893706, 2, 18),
  (893854, 2, 9),
  (896533, 0, 0),
  (897107, 2, 3),
  (897380, 2, 7),
  (897681, 10, 0),
  (897850, 0, 9),
  (899058, 7, 6),
  (899292, 4, 10),
  (900754, 4, 1),
  (902663, 9, 8),
  (905049, 9, 3),
  (905716, 10, 10),
  (906088, 6, 10),
  (906486, 6, 5),
  (908427, 1, 0),
  (909066, 8, 2),
  (911176, 7, 10),
  (912701, 2, 7),
  (913761, 11, 7),
  (913773, 2, 7),
  (915470, 2, 7),
  (918265, 8, 7),
  (918583, 3, 3),
  (918601, 0, 0),
  (919149, 4, 10),
  (922612, 3, 3),
  (923992, 6, 6),
  (924963, 0, 22),
  (925636, 9, 4),
  (925938, 6, 10),
  (926922, 9, 4),
  (928202, 5, 9),
  (928343, 8, 7),
  (928425, 10, 18),
  (929004, 10, 0),
  (929207, 4, 10),
  (930064, 7, 10),
  (930878, 9, 7),
  (933194, 4, 16),
  (933259, 11, 4),
  (933385, 4, 22),
  (934866, 9, 5),
  (935648, 1, 19),
  (937798, 4, 10),
  (938187, 11, 0),
  (941858, 7, 9),
  (942157, 1, 11),
  (942299, 6, 13),
  (942354, 7, 22),
  (942692, 5, 10),
  (943214, 11, 11),
  (944751, 0, 11),
  (947661, 11, 0),
  (948373, 5, 10),
  (951089, 4, 16),
  (951678, 11, 0),
  (952211, 10, 7),
  (952405, 10, 6),
  (952991, 10, 0),
  (953200, 1, 0),
  (954459, 1, 22),
  (955498, 6, 21),
  (955566, 9, 4),
  (955703, 11, 0),
  (956387, 0, 0),
  (957785, 6, 13),
  (957947, 2, 18),
  (959309, 8, 17),
  (960858, 4, 10),
  (961910, 10, 0),
  (964061, 8, 3),
  (966335, 7, 14),
  (967330, 8, 7),
  (967845, 11, 11),
  (968030, 6, 10),
  (969500, 5, 10),
  (970716, 10, 18),
  (971127, 1, 0),
  (972249, 1, 11),
  (973210, 0, 6),
  (973767, 11, 0),
  (974172, 5, 17),
  (976009, 8, 0),
  (976153, 0, 3),
  (978180, 9, 4),
  (978907, 11, 11),
  (979486, 8, 8),
  (980357, 6, 22),
  (980513, 2, 7),
  (980928, 7, 10),
  (981394, 2, 11),
  (981491, 7, 8),
  (984445, 6, 10),
  (984754, 10, 0),
  (985538, 5, 6),
  (985846, 5, 10),
  (986730, 4, 17),
  (987134, 8, 13),
  (989716, 11, 0),
  (989987, 10, 6),
  (990000, 10, 1),
  (991139, 1, 0),
  (991702, 0, 0),
  (992011, 6, 5),
  (994835, 10, 11),
  (995243, 3, 3),
  (996245, 3, 3),
  (997008, 4, 17),
  (997628, 5, 10),
  (998977, 3, 16),
  (999305, 10, 0),
  (1000827, 4, 18),
  (1002546, 0, 22),
  (1003482, 1, 0),
  (1003671, 3, 7),
  (1007414, 7, 10),
  (1008428, 8, 7),
  (1010593, 3, 14),
  (1010795, 6, 10),
  (1013975, 1, 0),
  (1016344, 2, 15),
  (1017730, 9, 0),
  (1019381, 0, 0),
  (1019895, 1, 11),
  (1020217, 9, 8),
  (1020246, 2, 12),
  (1020935, 5, 10),
  (1021352, 4, 10),
  (1022912, 0, 11),
  (1023751, 11, 0),
  (1024164, 2, 7),
  (1025079, 8, 18),
  (1026332, 3, 0),
  (1026541, 5, 10),
  (1027299, 11, 18),
  (1027416, 8, 0),
  (1027456, 7, 10),
  (1028106, 11, 22),
  (1028393, 3, 10),
  (1029631, 10, 14),
  (1031368, 10, 0),
  (1033116, 10, 11),
  (1035534, 7, 4),
  (1035668, 5, 14),
  (1036485, 10, 0),
  (1037542, 2, 3),
  (1038520, 3, 7),
  (1042749, 0, 0),
  (1043114, 3, 18),
  (1045268, 3, 3),
  (1045822, 5, 10),
  (1046370, 8, 3),
  (1046687, 5, 10),
  (1047177, 5, 21),
  (1048188, 4, 18),
  (1049737, 9, 10),
  (1050034, 2, 7),
  (1050071, 6, 10),
  (1051543, 10, 16),
  (1053043, 11, 0),
  (1053577, 5, 10),
  (1053837, 7, 10),
  (1054403, 2, 11),
  (1054944, 8, 11),
  (1058563, 0, 11),
  (1061663, 3, 1),
  (1062122, 6, 10),
  (1062355, 3, 10),
  (1063129, 2, 7),
  (1064081, 0, 6),
  (1066063, 0, 0),
  (1066567, 6, 10),
  (1069040, 1, 11),
  (1071081, 11, 11),
  (1072156, 1, 11),
  (1072339, 7, 10),
  (1074130, 3, 3),
  (1075365, 0, 0),
  (1075702, 10, 0),
  (1076768, 2, 0),
  (1077984, 8, 3),
  (1078574, 10, 11),
  (1079910, 9, 9),
  (1080317, 9, 3),
  (1080721, 7, 9),
  (1081760, 4, 10),
  (1082935, 6, 10),
  (1084071, 4, 9),
  (1084798, 5, 9),
  (1085318, 4, 21),
  (1086410, 3, 2),
  (1088337, 9, 3),
  (1090398, 1, 7),
  (1092634, 10, 0),
  (1093350, 8, 12),
  (1095160, 5, 10),
  (1096634, 9, 15),
  (1097119, 0, 0),
  (1098346, 7, 17),
  (1098435, 3, 4),
  (1099257, 2, 3),
  (1100534, 1, 0),
  (1101181, 4, 21),
  (1101390, 9, 7),
  (1101460, 2, 7),
  (1103617, 1, 0),
  (1104512, 10, 18),
  (1105151, 0, 11),
  (1108444, 2, 7),
  (1110319, 5, 9),
  (1110579, 4, 10),
  (1111280, 9, 10),
  (1113105, 7, 10),
  (1113186, 1, 20),
  (1113731, 5, 10),
  (1116005, 8, 0),
  (1118990, 2, 14),
  (1119022, 8, 13),
  (1119129, 2, 3),
  (1121640, 1, 3),
  (1123999, 1, 0),
  (1124791, 10, 3),
  (1125845, 11, 11),
  (1126549, 7, 9),
  (1126935, 1, 7),
  (1126989, 10, 0),
  (1127016, 1, 0),
  (1127205, 8, 13),
  (1128078, 10, 0),
  (1128089, 1, 3),
  (1128743, 9, 4),
  (1131808, 4, 16),
  (1133542, 5, 16),
  (1134881, 7, 20),
  (1137361, 7, 16),
  (1137716, 2, 18),
  (1137960, 4, 10),
  (1138746, 10, 0),
  (1139290, 5, 10),
  (1139424, 8, 12),
  (1141277, 8, 13),
  (1142024, 3, 7),
  (1143737, 6, 9),
  (1144085, 11, 11),
  (1145148, 2, 18),
  (1145386, 10, 11),
  (1145674, 9, 3),
  (1145771, 5, 10),
  (1146510, 5, 10),
  (1148280, 4, 2),
  (1148365, 3, 7),
  (1148398, 3, 6),
  (1148912, 1, 18),
  (1149891, 9, 10),
  (1150301, 7, 10),
  (1156273, 7, 15),
  (1156691, 8, 3),
  (1156872, 1, 18),
  (1160378, 8, 3),
  (1160406, 7, 17),
  (1160522, 10, 10),
  (1161861, 2, 3),
  (1161946, 6, 10),
  (1162334, 1, 11),
  (1162738, 4, 10),
  (1163726, 7, 10),
  (1163927, 7, 10),
  (1164465, 7, 15),
  (1164725, 8, 7),
  (1166520, 8, 7),
  (1166671, 3, 7),
  (1168632, 7, 10),
  (1169433, 7, 17),
  (1171884, 9, 3),
  (1172273, 2, 4),
  (1173301, 5, 5),
  (1173783, 8, 10),
  (1176335, 10, 11),
  (1176887, 5, 21),
  (1178024, 1, 22),
  (1178059, 4, 17),
  (1178550, 11, 0),
  (1181788, 5, 10),
  (1184163, 1, 10),
  (1184955, 1, 0),
  (1185036, 4, 7),
  (1185126, 8, 1),
  (1185601, 9, 7),
  (1190434, 9, 0),
  (1192119, 2, 13),
  (1192352, 4, 16),
  (1194439, 10, 0),
  (1195935, 3, 11),
  (1196674, 5, 10),
  (1197139, 9, 3),
  (1197249, 0, 0),
  (1197607, 9, 8),
  (1199938, 5, 17),
  (1200031, 6, 10),
  (1203702, 5, 10),
  (1207050, 5, 10),
  (1207091, 7, 17),
  (1208736, 9, 16),
  (1209282, 4, 10),
  (1213293, 11, 0),
  (1213621, 7, 10),
  (1213940, 5, 17),
  (1214993, 9, 7),
  (1215991, 0, 18),
  (1217126, 1, 19),
  (1218041, 9, 10),
  (1219168, 5, 10),
  (1219311, 0, 11),
  (1220144, 7, 21),
  (1221264, 9, 2),
  (1222118, 7, 10),
  (1222944, 5, 17),
  (1222950, 9, 3),
  (1224330, 3, 7),
  (1225031, 4, 10),
  (1225146, 10, 22),
  (1225713, 7, 17),
  (1227362, 6, 22),
  (1228178, 2, 17),
  (1228860, 10, 0),
  (1229688, 1, 0),
  (1229988, 10, 0),
  (1231962, 4, 10),
  (1232493, 1, 0),
  (1232973, 6, 17),
  (1233312, 9, 0),
  (1233673, 4, 10),
  (1234806, 10, 11),
  (1235296, 2, 3),
  (1235337, 3, 0),
  (1235452, 3, 7),
  (1235657, 1, 2),
  (1237148, 10, 0),
  (1237578, 9, 7),
  (1238100, 7, 13),
  (1238781, 7, 0),
  (1239914, 11, 11),
  (1240159, 5, 17),
  (1240915, 8, 2),
  (1241761, 8, 0),
  (1242650, 3, 0),
  (1243792, 8, 3),
  (1243896, 4, 10),
  (1244150, 1, 22),
  (1246247, 0, 11),
  (1248752, 2, 18),
  (1249050, 4, 17),
  (1252215, 5, 17),
  (1252573, 2, 0),
  (1254052, 10, 19),
  (1256091, 8, 3),
  (1257211, 7, 9),
  (1260310, 0, 3),
  (1263618, 0, 0),
  (1264757, 10, 0),
  (1266167, 0, 0),
  (1266971, 1, 11),
  (1267152, 10, 10),
  (1267823, 7, 16),
  (1270829, 10, 11),
  (1272322, 3, 12),
  (1272354, 8, 9),
  (1272696, 10, 0),
  (1272970, 4, 10),
  (1273216, 11, 22),
  (1277575, 5, 10),
  (1277828, 3, 14),
  (1278030, 6, 2),
  (1278516, 4, 10),
  (1279869, 7, 17),
  (1281042, 2, 7),
  (1281124, 1, 0),
  (1282106, 5, 10),
  (1282249, 3, 7),
  (1282488, 2, 3),
  (1282656, 10, 22),
  (1283291, 1, 10),
  (1283990, 5, 17),
  (1284179, 8, 13),
  (1284770, 7, 10),
  (1288204, 11, 22),
  (1288632, 1, 11),
  (1290466, 1, 3),
  (1291007, 6, 22),
  (1291526, 0, 0),
  (1292786, 11, 11),
  (1292832, 5, 10),
  (1295210, 9, 3),
  (1295327, 3, 1),
  (1295907, 4, 17),
  (1296716, 1, 11),
  (1296865, 6, 10),
  (1298493, 11, 22),
  (1299578, 10, 0),
  (1303212, 7, 22),
  (1303392, 4, 10),
  (1303734, 1, 22),
  (1305593, 10, 0),
  (1307415, 10, 7),
  (1308932, 8, 3),
  (1309058, 2, 17),
  (1310858, 0, 0),
  (1311560, 11, 0),
  (1311910, 4, 10),
  (1312144, 5, 10),
  (1312442, 11, 11),
  (1313246, 6, 17),
  (1313905, 6, 17),
  (1314237, 0, 0),
  (1314716, 0, 0),
  (1316838, 5, 10),
  (1317078, 9, 3),
  (1318683, 6, 10),
  (1319968, 5, 10),
  (1320806, 11, 1),
  (1321601, 1, 0),
  (1322619, 5, 10),
  (1323162, 11, 0),
  (1324595, 8, 0),
  (1325229, 3, 18),
  (1326415, 5, 17),
  (1326867, 7, 21),
  (1327724, 6, 10),
  (1327851, 3, 7),
  (1328457, 4, 17),
  (1330998, 0, 18),
  (1331656, 5, 17),
  (1331683, 4, 17),
  (1331969, 4, 10),
  (1332041, 10, 11),
  (1332736, 9, 7),
  (1333620, 4, 10),
  (1334211, 7, 10),
  (1336230, 6, 17),
  (1336308, 4, 22),
  (1338700, 3, 13),
  (1338702, 4, 10),
  (1339724, 11, 0),
  (1340298, 5, 18),
  (1340355, 0, 0),
  (1342799, 2, 3),
  (1343993, 2, 18),
  (1344015, 6, 10),
  (1345731, 1, 0),
  (1346811, 6, 10),
  (1346861, 5, 9),
  (1347228, 5, 20),
  (1347515, 8, 10),
  (1348408, 10, 10),
  (1349090, 3, 0),
  (1350656, 6, 10),
  (1351464, 5, 17),
  (1352367, 3, 11),
  (1352869, 9, 10),
  (1353655, 4, 10),
  (1355694, 6, 18),
  (1356165, 0, 0),
  (1356463, 9, 3),
  (1357306, 5, 17),
  (1357659, 7, 21),
  (1359439, 10, 0),
  (1359749, 5, 14),
  (1360264, 7, 17),
  (1360890, 5, 10),
  (1361648, 9, 15),
  (1362188, 3, 12),
  (1362748, 2, 2),
  (1362972, 1, 22),
  (1363368, 10, 0),
  (1364342, 9, 13),
  (1365024, 6, 21),
  (1366577, 7, 10),
  (1367118, 5, 10),
  (1369369, 6, 17),
  (1369770, 7, 10),
  (1372719, 6, 10),
  (1372763, 6, 10),
  (1373151, 0, 0),
  (1373701, 11, 11),
  (1374368, 5, 10),
  (1375152, 9, 3),
  (1377218, 11, 18),
  (1378367, 10, 11),
  (1379264, 5, 2),
  (1380013, 1, 0),
  (1380047, 6, 10),
  (1381078, 7, 10),
  (1381385, 2, 3),
  (1384269, 2, 17),
  (1384776, 1, 0),
  (1385282, 4, 10),
  (1386540, 1, 0),
  (1387161, 10, 11),
  (1387578, 7, 19),
  (1387735, 11, 0),
  (1389288, 8, 7),
  (1389469, 11, 10),
  (1390742, 10, 0),
  (1390787, 7, 5),
  (1391332, 6, 21),
  (1391835, 2, 3),
  (1392651, 3, 3),
  (1393486, 3, 7),
  (1393719, 11, 0),
  (1397394, 11, 0),
  (1397558, 8, 0),
  (1397705, 9, 10),
  (1398038, 9, 5),
  (1398846, 2, 3),
  (1399325, 10, 0),
  (1400434, 9, 7),
  (1401613, 8, 9),
  (1401812, 7, 4),
  (1402870, 6, 10),
  (1403838, 2, 18),
  (1405355, 2, 9),
  (1406498, 6, 10),
  (1406818, 11, 18),
  (1407722, 2, 4),
  (1408162, 6, 10),
  (1409882, 3, 7),
  (1410898, 6, 17),
  (1411452, 3, 4),
  (1411548, 3, 7),
  (1411697, 7, 10),
  (1411856, 0, 22),
  (1414687, 2, 3),
  (1415076, 6, 10),
  (1415133, 11, 0),
  (1415236, 4, 21),
  (1415728, 1, 7),
  (1416652, 2, 7),
  (1417922, 9, 17),
  (1418479, 9, 7),
  (1419554, 11, 0),
  (1419848, 11, 22),
  (1419929, 8, 7),
  (1419946, 8, 7),
  (1420770, 11, 0),
  (1420795, 3, 7),
  (1421486, 8, 17),
  (1421863, 4, 17),
  (1424013, 9, 3),
  (1424946, 2, 3),
  (1424981, 4, 17),
  (1425488, 5, 10),
  (1425568, 2, 3),
  (1425584, 0, 0),
  (1427791, 8, 7),
  (1429738, 9, 10),
  (1431393, 1, 11),
  (1432017, 8, 11),
  (1435893, 11, 6),
  (1436118, 7, 10),
  (1437863, 10, 0),
  (1440996, 7, 21),
  (1441494, 5, 10),
  (1444535, 9, 3),
  (1446070, 11, 0),
  (1446804, 6, 9),
  (1447267, 6, 6),
  (1449994, 7, 22),
  (1450129, 1, 11),
  (1450712, 8, 7),
  (1451779, 7, 10),
  (1452530, 5, 10),
  (1452737, 9, 13),
  (1454108, 5, 21),
  (1454348, 2, 7),
  (1457215, 9, 7),
  (1457570, 6, 10),
  (1461785, 9, 7),
  (1464108, 0, 18),
  (1465215, 1, 0),
  (1466959, 10, 22),
  (1467531, 0, 8),
  (1472387, 3, 8),
  (1472598, 10, 17),
  (1473097, 7, 17),
  (1475962, 2, 4),
  (1477881, 7, 6),
  (1478485, 6, 10),
  (1478950, 3, 10),
  (1480676, 2, 13),
  (1485016, 4, 9),
  (1485497, 4, 10),
  (1485913, 8, 15),
  (1486759, 9, 10),
  (1487849, 5, 10),
  (1488974, 1, 0),
  (1489991, 7, 10),
  (1490992, 7, 10),
  (1491376, 10, 11),
  (1493299, 4, 9),
  (1493521, 1, 0),
  (1494671, 2, 4),
  (1496241, 7, 17),
  (1496271, 5, 22),
  (1496369, 6, 22),
  (1497733, 7, 5),
  (1498007, 1, 0),
  (1498916, 0, 0),
  (1502347, 3, 1),
  (1502704, 2, 7),
  (1503127, 7, 16),
  (1503774, 6, 10),
  (1503842, 6, 10),
  (1504064, 11, 6),
  (1505182, 1, 11),
  (1507975, 7, 10),
  (1509256, 6, 10),
  (1509639, 8, 2),
  (1510561, 7, 16),
  (1511086, 5, 12),
  (1513073, 11, 0),
  (1513152, 4, 10),
  (1515876, 6, 22),
  (1516399, 10, 18),
  (1516658, 8, 3),
  (1518084, 8, 7),
  (1518721, 8, 7),
  (1518754, 0, 0),
  (1519150, 7, 3),
  (1521435, 11, 0),
  (1521705, 6, 17),
  (1521870, 8, 5),
  (1522834, 10, 0),
  (1524180, 2, 8),
  (1524549, 3, 16),
  (1525422, 5, 10),
  (1525688, 1, 0),
  (1525909, 2, 7),
  (1526489, 3, 7),
  (1527436, 10, 22),
  (1528042, 9, 10),
  (1532784, 4, 10),
  (1534748, 11, 0),
  (1534814, 8, 13),
  (1534878, 3, 18),
  (1534936, 10, 0),
  (1535647, 6, 16),
  (1536694, 2, 4),
  (1537351, 0, 13),
  (1540114, 10, 0),
  (1540743, 5, 18),
  (1540914, 6, 17),
  (1540946, 3, 3),
  (1541825, 4, 8),
  (1541947, 6, 10),
  (1543812, 0, 8),
  (1544010, 7, 17),
  (1544896, 9, 4),
  (1544920, 4, 11),
  (1546089, 7, 10),
  (1546191, 4, 10),
  (1546897, 11, 0),
  (1548091, 1, 0),
  (1550386, 0, 0),
  (1550911, 8, 16),
  (1551667, 3, 12),
  (1553617, 8, 11),
  (1554413, 9, 14),
  (1559034, 1, 0),
  (1560585, 8, 6),
  (1561400, 3, 7),
  (1562039, 4, 10),
  (1562368, 2, 7),
  (1562827, 9, 0),
  (1563815, 11, 10),
  (1564167, 0, 0),
  (1566208, 8, 3),
  (1567738, 4, 9),
  (1569491, 6, 10),
  (1569730, 6, 10),
  (1569931, 1, 10),
  (1571285, 2, 4),
  (1571568, 1, 0),
  (1572382, 9, 7),
  (1573072, 2, 12),
  (1573283, 0, 0),
  (1574011, 11, 3),
  (1574843, 5, 17),
  (1576494, 11, 11),
  (1577076, 5, 10),
  (1578179, 0, 13),
  (1578950, 9, 3),
  (1580222, 6, 10),
  (1581007, 7, 10),
  (1581344, 9, 12),
  (1583419, 8, 13),
  (1584826, 8, 18),
  (1585485, 0, 18),
  (1590412, 10, 0),
  (1590494, 7, 10),
  (1590760, 4, 10),
  (1592798, 0, 11),
  (1592934, 11, 10),
  (1594326, 1, 0),
  (1595217, 3, 12),
  (1595379, 7, 17),
  (1595391, 7, 10),
  (1595625, 6, 17),
  (1595830, 11, 2),
  (1596759, 1, 7),
  (1597007, 4, 10),
  (1599394, 0, 11),
  (1599420, 9, 10),
  (1599718, 10, 11),
  (1600680, 11, 0),
  (1602466, 10, 0),
  (1604675, 9, 3),
  (1607609, 6, 10),
  (1608690, 10, 22),
  (1608719, 8, 7),
  (1612202, 0, 0),
  (1613172, 2, 10),
  (1613491, 11, 0),
  (1613707, 5, 10),
  (1614091, 4, 10),
  (1614162, 5, 10),
  (1614314, 8, 7),
  (1619469, 11, 11),
  (1623300, 11, 0),
  (1625037, 8, 14),
  (1626903, 9, 3),
  (1626947, 3, 0),
  (1627112, 5, 18),
  (1627781, 1, 0),
  (1629986, 2, 3),
  (1631313, 6, 17),
  (1631948, 2, 1),
  (1632396, 1, 7),
  (1634672, 0, 22),
  (1635226, 8, 4),
  (1635716, 3, 18),
  (1639605, 9, 3),
  (1640383, 4, 10),
  (1640486, 0, 0),
  (1641918, 2, 5),
  (1643304, 6, 10),
  (1645322, 8, 3),
  (1645909, 11, 0),
  (1646956, 5, 22),
  (1648666, 8, 5),
  (1649301, 3, 7),
  (1649634, 10, 0),
  (1649972, 6, 18),
  (1650654, 10, 10),
  (1655017, 8, 7),
  (1655127, 7, 17),
  (1655250, 7, 21),
  (1657558, 0, 0),
  (1657737, 1, 22),
  (1658483, 9, 6),
  (1659499, 6, 10),
  (1660525, 1, 11),
  (1661404, 3, 10),
  (1662145, 11, 11),
  (1662792, 9, 14),
  (1663155, 2, 0),
  (1665796, 11, 0),
  (1666159, 10, 0),
  (1667061, 2, 11),
  (1667746, 1, 0),
  (1668006, 6, 17),
  (1668607, 6, 10),
  (1668717, 7, 10),
  (1668744, 5, 22),
  (1669163, 8, 7),
  (1669508, 8, 7),
  (1670123, 9, 3),
  (1671473, 9, 3),
  (1671512, 2, 7),
  (1672765, 9, 1),
  (1674599, 4, 10),
  (1675116, 10, 0),
  (1678963, 6, 5),
  (1679471, 3, 2),
  (1680349, 6, 10),
  (1682452, 7, 10),
  (1682572, 1, 0),
  (1682628, 5, 11),
  (1682810, 4, 9),
  (1684255, 2, 8),
  (1684613, 7, 10),
  (1685367, 8, 3),
  (1686837, 5, 8),
  (1687760, 5, 10),
  (1689728, 10, 11),
  (1690433, 6, 10),
  (1693677, 2, 11),
  (1695789, 5, 17),
  (1696024, 3, 18),
  (1697665, 0, 10),
  (1700397, 10, 0),
  (1700677, 0, 11),
  (1704239, 8, 7),
  (1704631, 8, 10),
  (1705147, 9, 18),
  (1705243, 0, 0),
  (1707646, 2, 16),
  (1707842, 3, 3),
  (1708753, 4, 10),
  (1711026, 3, 0),
  (1711903, 1, 0),
  (1712532, 11, 0),
  (1713414, 2, 13),
  (1714487, 3, 3),
  (1715324, 1, 11),
  (1716061, 10, 14),
  (1716519, 4, 19),
  (1716598, 10, 7),
  (1716603, 8, 3),
  (1718360, 1, 7),
  (1719904, 5, 22),
  (1720395, 0, 11),
  (1721190, 10, 11),
  (1721327, 0, 6),
  (1722387, 8, 4),
  (1723301, 3, 3),
  (1725536, 10, 6),
  (1726712, 6, 22),
  (1729045, 8, 8),
  (1729963, 9, 12),
  (1730109, 5, 17),
  (1730763, 3, 12),
  (1732036, 5, 10),
  (1732593, 2, 3),
  (1732625, 6, 10),
  (1732734, 2, 0),
  (1733264, 5, 10),
  (1733530, 4, 10),
  (1735261, 5, 5),
  (1738539, 9, 4),
  (1739579, 0, 0),
  (1739788, 3, 11),
  (1740429, 11, 1),
  (1740857, 10, 0),
  (1741728, 0, 22),
  (1743231, 7, 17),
  (1744670, 11, 0),
  (1745945, 3, 18),
  (1746251, 5, 10),
  (1748678, 6, 10),
  (1750484, 9, 7),
  (1750827, 7, 10),
  (1751450, 10, 22),
  (1751899, 3, 0),
  (1752464, 1, 0),
  (1753241, 1, 0),
  (1753555, 11, 18),
  (1754722, 6, 10),
  (1757905, 9, 17),
  (1758670, 3, 3),
  (1763973, 5, 10),
  (1764021, 11, 0),
  (1766533, 4, 10),
  (1767655, 3, 3),
  (1768120, 3, 18),
  (1768529, 11, 0),
  (1770054, 4, 10),
  (1771527, 3, 9),
  (1771930, 5, 10),
  (1773638, 5, 10),
  (1783025, 4, 10),
  (1784756, 4, 17),
  (1784959, 5, 8),
  (1785610, 0, 19),
  (1786293, 8, 6),
  (1787481, 0, 0),
  (1787691, 4, 17),
  (1791903, 4, 22),
  (1792073, 0, 0),
  (1792460, 4, 10),
  (1795289, 8, 11),
  (1795642, 8, 1),
  (1795746, 1, 6),
  (1796594, 0, 0),
  (1798366, 10, 0),
  (1799336, 3, 3),
  (1801188, 4, 9),
  (1802325, 4, 10),
  (1803004, 10, 18),
  (1804767, 3, 18),
  (1804934, 7, 7),
  (1805824, 1, 0),
  (1806948, 1, 0),
  (1807667, 8, 3),
  (1808615, 9, 12),
  (1809173, 1, 0),
  (1809703, 0, 0),
  (1812353, 2, 11),
  (1812610, 10, 10),
  (1812646, 10, 11),
  (1814535, 6, 17),
  (1814624, 8, 5),
  (1815108, 3, 5),
  (1815714, 0, 2),
  (1816530, 3, 0),
  (1817216, 1, 22),
  (1817439, 1, 22),
  (1818723, 4, 10),
  (1820382, 8, 11),
  (1820610, 2, 18),
  (1821133, 2, 8),
  (1821623, 5, 10),
  (1821878, 0, 0),
  (1822182, 1, 11),
  (1822872, 5, 20),
  (1825813, 11, 10),
  (1827069, 6, 3),
  (1827830, 0, 0),
  (1828080, 0, 11),
  (1828657, 6, 10),
  (1829869, 6, 10),
  (1830626, 11, 4),
  (1832860, 1, 0),
  (1832924, 8, 10),
  (1833270, 10, 0),
  (1833627, 6, 22),
  (1833781, 3, 10),
  (1834297, 9, 0),
  (1834481, 4, 17),
  (1834586, 2, 4),
  (1836100, 2, 7),
  (1836131, 4, 10),
  (1837478, 0, 0),
  (1838479, 7, 6),
  (1838874, 2, 15),
  (1839065, 1, 18),
  (1839158, 10, 22),
  (1839589, 2, 3),
  (1839646, 4, 17),
  (1841760, 3, 3),
  (1842152, 1, 0),
  (1843295, 11, 22),
  (1844638, 7, 10),
  (1846040, 9, 7),
  (1847495, 5, 2),
  (1847625, 7, 10),
  (1847653, 9, 4),
  (1848204, 5, 4),
  (1848536, 4, 13),
  (1849167, 0, 11),
  (1850282, 1, 22),
  (1851693, 7, 10),
  (1852091, 9, 7),
  (1852489, 5, 16),
  (1854393, 7, 21),
  (1855426, 8, 18),
  (1855838, 9, 18),
  (1855919, 1, 21),
  (1856399, 2, 3),
  (1856470, 0, 11),
  (1856576, 9, 13),
  (1856904, 6, 10),
  (1857295, 2, 5),
  (1861009, 3, 10),
  (1863809, 0, 0),
  (1865692, 0, 0),
  (1865854, 1, 0),
  (1866776, 10, 19),
  (1867998, 9, 13),
  (1868914, 0, 10),
  (1869805, 11, 0),
  (1869807, 0, 18),
  (1870155, 5, 10),
  (1870338, 0, 0),
  (1870461, 8, 10),
  (1872483, 1, 10),
  (1872745, 9, 4),
  (1872937, 0, 18),
  (1873811, 0, 0),
  (1874983, 10, 7),
  (1875906, 5, 10),
  (1876185, 6, 17),
  (1877364, 8, 5),
  (1877895, 2, 7),
  (1878258, 8, 10),
  (1878679, 0, 0),
  (1878969, 0, 6),
  (1880947, 0, 6),
  (1881680, 4, 17),
  (1882181, 10, 0),
  (1882333, 3, 18),
  (1883397, 6, 10),
  (1885641, 0, 11),
  (1886081, 8, 16),
  (1887128, 11, 16),
  (1887644, 9, 18),
  (1888107, 6, 13),
  (1889628, 9, 7),
  (1891087, 8, 7),
  (1891310, 9, 18),
  (1891397, 10, 0),
  (1891599, 2, 18),
  (1891630, 2, 1),
  (1897733, 3, 10),
  (1897782, 8, 11),
  (1899565, 9, 12),
  (1899601, 11, 1),
  (1900761, 7, 10),
  (1901242, 10, 0),
  (1901657, 3, 7),
  (1901878, 3, 1),
  (1904715, 9, 18),
  (1905149, 10, 0),
  (1906259, 4, 10),
  (1907007, 11, 0),
  (1908820, 6, 17),
  (1909988, 7, 17),
  (1910490, 5, 10),
  (1914726, 2, 10),
  (1915479, 7, 22),
  (1915551, 1, 0),
  (1916503, 4, 10),
  (1917031, 0, 0),
  (1917178, 9, 4),
  (1917419, 6, 22),
  (1918684, 0, 11),
  (1920595, 6, 5),
  (1922096, 1, 14),
  (1922355, 10, 3),
  (1923688, 9, 15),
  (1926119, 0, 0),
  (1927238, 2, 17),
  (1928596, 6, 10),
  (1928647, 2, 4),
  (1929418, 11, 22),
  (1929594, 0, 0),
  (1931427, 2, 7),
  (1931671, 9, 3),
  (1932036, 5, 10),
  (1932047, 0, 17),
  (1932538, 8, 7),
  (1932689, 9, 13),
  (1933249, 7, 10),
  (1933942, 3, 10),
  (1934725, 8, 2),
  (1934847, 2, 12),
  (1935159, 1, 6),
  (1935479, 3, 1),
  (1935710, 3, 7),
  (1937102, 7, 17),
  (1937288, 0, 0),
  (1938079, 4, 10),
  (1939018, 8, 3),
  (1940123, 6, 21),
  (1941315, 5, 19),
  (1941881, 3, 3),
  (1941886, 5, 10),
  (1941905, 5, 17),
  (1943433, 5, 10),
  (1946620, 7, 17),
  (1948832, 2, 3),
  (1949412, 3, 11),
  (1951361, 5, 10),
  (1951716, 5, 10),
  (1955777, 0, 0),
  (1956285, 11, 11),
  (1957810, 1, 11),
  (1957859, 6, 10),
  (1957868, 6, 22),
  (1961288, 7, 21),
  (1963168, 7, 10),
  (1964728, 10, 22),
  (1964919, 7, 5),
  (1969826, 4, 17),
  (1970026, 7, 16),
  (1971368, 7, 22),
  (1971997, 2, 10),
  (1972086, 1, 0),
  (1972796, 10, 5),
  (1973702, 10, 11),
  (1975926, 11, 18),
  (1976011, 11, 18),
  (1977005, 10, 0),
  (1979616, 10, 0),
  (1980407, 2, 4),
  (1981552, 0, 0),
  (1983891, 10, 6),
  (1984002, 5, 10),
  (1984255, 1, 22),
  (1985095, 3, 10),
  (1985245, 2, 14),
  (1986127, 2, 4),
  (1986183, 4, 10),
  (1987098, 7, 11),
  (1987349, 3, 12),
  (1987618, 0, 0),
  (1989428, 4, 10),
  (1989847, 10, 0),
  (1991381, 2, 5),
  (1991679, 5, 11),
  (1991767, 4, 17),
  (1992979, 9, 17),
  (1993364, 2, 7),
  (1993567, 8, 15),
  (1999316, 6, 10),
  (2000157, 0, 11),
  (2002176, 3, 13),
  (2004289, 8, 7),
  (2005353, 11, 0),
  (2006125, 7, 10),
  (2009491, 11, 0),
  (2009847, 2, 4),
  (2012917, 4, 17),
  (2013968, 9, 10),
  (2014343, 2, 13),
  (2014871, 2, 7),
  (2016744, 4, 10),
  (2016777, 4, 10),
  (2017684, 5, 13),
  (2018595, 10, 0),
  (2019293, 5, 10),
  (2020008, 6, 10),
  (2021722, 7, 10),
  (2022011, 0, 10),
  (2022640, 7, 10),
  (2024520, 0, 0),
  (2025171, 4, 10),
  (2029748, 7, 10),
  (2030215, 8, 7),
  (2032353, 9, 10),
  (2034237, 6, 10),
  (2034366, 4, 10),
  (2034447, 3, 7),
  (2035490, 10, 0),
  (2038461, 9, 7),
  (2040305, 4, 5),
  (2041593, 7, 10),
  (2043430, 11, 0),
  (2043593, 6, 10),
  (2043989, 5, 10),
  (2044348, 2, 18),
  (2045041, 5, 13),
  (2045159, 5, 10),
  (2045540, 1, 0),
  (2047369, 8, 18),
  (2048366, 11, 10),
  (2050553, 9, 3),
  (2051013, 9, 5),
  (2051651, 2, 3),
  (2052352, 0, 3),
  (2053398, 9, 17),
  (2056887, 4, 10),
  (2058260, 9, 7),
  (2061067, 4, 10),
  (2061677, 11, 0),
  (2063348, 8, 7),
  (2063521, 8, 7),
  (2063804, 0, 17),
  (2064479, 4, 10),
  (2065365, 4, 10),
  (2065572, 7, 10),
  (2066483, 3, 3),
  (2066883, 6, 10),
  (2067934, 5, 10),
  (2068320, 2, 3),
  (2071337, 0, 0),
  (2072477, 3, 18),
  (2072670, 9, 6),
  (2073281, 10, 0),
  (2073487, 10, 0),
  (2073718, 6, 10),
  (2074464, 1, 0),
  (2074903, 11, 6),
  (2075484, 0, 0),
  (2076253, 0, 17),
  (2076402, 1, 0),
  (2076503, 7, 6),
  (2076967, 8, 10),
  (2077915, 7, 10),
  (2078482, 11, 11),
  (2079432, 11, 0),
  (2079929, 10, 0),
  (2080067, 10, 0),
  (2081128, 10, 11),
  (2081661, 4, 1),
  (2082039, 2, 3),
  (2083524, 2, 13),
  (2085482, 8, 18),
  (2085696, 6, 22),
  (2085922, 9, 3),
  (2086121, 9, 18),
  (2086368, 2, 10),
  (2086616, 1, 0),
  (2087005, 6, 10),
  (2087438, 1, 0),
  (2088089, 4, 10),
  (2090462, 5, 10),
  (2090662, 7, 19),
  (2092150, 6, 22),
  (2092752, 6, 17),
  (2095998, 10, 0),
  (2095999, 9, 6),
  (2096398, 8, 1),
  (2098226, 3, 7),
  (2099171, 5, 17),
  (2100748, 9, 7),
  (2101223, 3, 4),
  (2101967, 4, 10),
  (2102114, 9, 7),
  (2103012, 8, 9),
  (2103047, 5, 10),
  (2103668, 6, 10),
  (2105830, 11, 11),
  (2108545, 5, 10),
  (2108864, 2, 12),
  (2109124, 5, 17),
  (2109367, 7, 10),
  (2111146, 7, 17),
  (2111551, 5, 2),
  (2112041, 1, 0),
  (2112377, 11, 0),
  (2113729, 7, 10),
  (2114071, 7, 10),
  (2115284, 1, 0),
  (2115302, 5, 13),
  (2117557, 4, 10),
  (2117989, 0, 18),
  (2119623, 7, 21),
  (2120170, 3, 3),
  (2123265, 5, 21),
  (2123386, 2, 6),
  (2124522, 7, 10),
  (2127399, 2, 15),
  (2127429, 10, 0),
  (2128539, 0, 0),
  (2128561, 2, 7),
  (2130285, 5, 17),
  (2135104, 4, 9),
  (2135116, 6, 10),
  (2136732, 8, 7),
  (2137668, 6, 10),
  (2138786, 11, 8),
  (2139557, 8, 7),
  (2142476, 4, 10),
  (2143799, 2, 18),
  (2144342, 5, 10),
  (2144866, 2, 4),
  (2144956, 9, 3),
  (2145016, 1, 0),
  (2146454, 2, 4),
  (2147094, 10, 0),
  (2147213, 3, 3),
  (2147510, 7, 10),
  (2148303, 5, 17),
  (2148313, 11, 0),
  (2148466, 0, 22),
  (2149951, 1, 6),
  (2150130, 0, 22),
  (2150236, 1, 0),
  (2151022, 9, 3),
  (2154139, 6, 18),
  (2154385, 1, 0),
  (2156997, 2, 15),
  (2158503, 5, 9),
  (2158726, 1, 10),
  (2159097, 7, 19),
  (2159361, 11, 0),
  (2160088, 7, 0),
  (2161129, 0, 11),
  (2162040, 6, 10),
  (2163558, 6, 10),
  (2164778, 8, 10),
  (2166860, 5, 21),
  (2167105, 8, 7),
  (2169625, 7, 17),
  (2169699, 4, 13),
  (2171580, 3, 13),
  (2171905, 3, 10),
  (2172726, 5, 10),
  (2174311, 1, 11),
  (2175370, 2, 7),
  (2175745, 11, 22),
  (2176192, 4, 10),
  (2176366, 3, 18),
  (2176812, 3, 4),
  (2177599, 11, 0),
  (2178428, 6, 10),
  (2179342, 5, 19),
  (2179730, 6, 17),
  (2180711, 3, 10),
  (2181526, 8, 7),
  (2182407, 2, 7),
  (2182530, 5, 10),
  (2182571, 1, 18),
  (2183108, 3, 13),
  (2184325, 7, 10),
  (2184654, 0, 20),
  (2185405, 1, 0),
  (2185706, 2, 3),
  (2186768, 10, 0),
  (2187131, 0, 0),
  (2188456, 0, 0),
  (2189048, 3, 10),
  (2189420, 11, 0),
  (2189836, 8, 10),
  (2190590, 7, 10),
  (2190824, 5, 10),
  (2190939, 2, 7),
  (2191161, 6, 9),
  (2192305, 5, 10),
  (2193078, 3, 7),
  (2193572, 8, 13),
  (2194157, 11, 11),
  (2195394, 7, 10),
  (2195413, 11, 5),
  (2196703, 11, 11),
  (2197336, 10, 0),
  (2197764, 10, 2),
  (2197998, 10, 12),
  (2198504, 7, 10),
  (2199286, 6, 10),
  (2199585, 3, 13),
  (2202589, 7, 10),
  (2202795, 2, 7),
  (2203746, 0, 11),
  (2203946, 10, 0),
  (2205003, 3, 9),
  (2205377, 1, 3),
  (2205722, 2, 9),
  (2206618, 6, 21),
  (2207131, 8, 13),
  (2208630, 0, 0),
  (2208989, 5, 17),
  (2209655, 11, 10),
  (2209693, 5, 17),
  (2210486, 10, 7),
  (2212868, 10, 0),
  (2213735, 11, 11),
  (2213885, 2, 18),
  (2215495, 11, 10),
  (2215720, 1, 0),
  (2215768, 3, 11),
  (2216701, 5, 5),
  (2218220, 10, 0),
  (2218389, 5, 9),
  (2218766, 5, 17),
  (2220818, 0, 0),
  (2221173, 9, 7),
  (2221231, 4, 10),
  (2221329, 1, 18),
  (2221713, 7, 10),
  (2221732, 2, 6),
  (2221915, 10, 6),
  (2223135, 4, 13),
  (2223486, 1, 11),
  (2224780, 2, 4),
  (2224812, 1, 0),
  (2225247, 1, 0),
  (2225949, 2, 0),
  (2226827, 7, 10),
  (2227448, 4, 19),
  (2228506, 6, 10),
  (2230035, 1, 0),
  (2230605, 9, 1),
  (2231446, 1, 0),
  (2231908, 6, 10),
  (2234181, 3, 0),
  (2236374, 9, 14),
  (2237237, 5, 10),
  (2237516, 0, 11),
  (2238675, 7, 10),
  (2242090, 7, 21),
  (2242110, 1, 11),
  (2243058, 7, 19),
  (2243076, 10, 0),
  (2244589, 4, 10),
  (2246203, 6, 10),
  (2246306, 4, 17),
  (2248957, 4, 10),
  (2248973, 10, 0),
  (2250889, 11, 22),
  (2252046, 7, 10),
  (2252749, 6, 18),
  (2252954, 1, 10),
  (2253040, 4, 17),
  (2253921, 4, 10),
  (2255761, 6, 10),
  (2256215, 10, 11),
  (2256656, 5, 17),
  (2256744, 7, 10),
  (2259049, 8, 3),
  (2259853, 6, 17),
  (2260359, 7, 9),
  (2261709, 1, 1),
  (2263826, 9, 9),
  (2265053, 11, 22),
  (2267358, 8, 6),
  (2267658, 5, 10),
  (2268808, 7, 10),
  (2270249, 10, 0),
  (2271151, 0, 0),
  (2271260, 0, 0),
  (2272037, 10, 16),
  (2273105, 4, 10),
  (2273148, 2, 3),
  (2273851, 10, 0),
  (2274678, 6, 10),
  (2280855, 11, 11),
  (2281509, 8, 4),
  (2281858, 11, 10),
  (2283083, 7, 17),
  (2283538, 10, 0),
  (2284289, 5, 17),
  (2284605, 5, 17),
  (2285339, 11, 11),
  (2285986, 11, 17),
  (2286263, 5, 10),
  (2286819, 1, 18),
  (2289876, 8, 13),
  (2291163, 10, 0),
  (2293443, 3, 7),
  (2294095, 4, 14),
  (2294668, 9, 3),
  (2295683, 5, 10),
  (2296045, 5, 10),
  (2296251, 7, 17),
  (2296786, 8, 3),
  (2298725, 11, 0),
  (2298892, 4, 11),
  (2301400, 0, 10),
  (2302003, 10, 0),
  (2302520, 5, 18),
  (2303335, 7, 22),
  (2303457, 3, 8),
  (2304591, 1, 11),
  (2305123, 10, 14),
  (2307627, 1, 11),
  (2307965, 5, 5),
  (2309879, 6, 10),
  (2310632, 1, 11),
  (2310842, 6, 10),
  (2311711, 4, 17),
  (2311734, 1, 0),
  (2312704, 11, 19),
  (2315111, 8, 0),
  (2315728, 7, 17),
  (2316988, 6, 10),
  (2318462, 1, 10),
  (2320122, 7, 10),
  (2320581, 8, 3),
  (2322494, 1, 22),
  (2322957, 10, 11),
  (2323614, 7, 10),
  (2324272, 11, 0),
  (2329332, 5, 10),
  (2329569, 4, 17),
  (2330062, 2, 1),
  (2330485, 6, 20),
  (2331180, 5, 17),
  (2334947, 3, 3),
  (2336013, 10, 7),
  (2337910, 8, 9),
  (2338991, 3, 7),
  (2339222, 5, 10),
  (2341184, 11, 0),
  (2342189, 1, 0),
  (2343455, 9, 9),
  (2343777, 1, 3),
  (2344603, 4, 15),
  (2344785, 5, 22),
  (2345142, 11, 0),
  (2349283, 3, 10),
  (2349870, 3, 7),
  (2353385, 1, 11),
  (2354951, 10, 0),
  (2356090, 5, 10),
  (2356688, 6, 3),
  (2357643, 8, 7),
  (2359139, 11, 7),
  (2362495, 7, 5),
  (2362706, 0, 0),
  (2362909, 1, 0),
  (2364121, 5, 9),
  (2366525, 1, 0),
  (2366628, 9, 1),
  (2367086, 5, 9),
  (2370088, 5, 16),
  (2375983, 4, 22),
  (2376579, 7, 10),
  (2377957, 3, 4),
  (2378294, 1, 22),
  (2379424, 1, 10),
  (2379856, 1, 11),
  (2380115, 3, 3),
  (2380172, 5, 13),
  (2380235, 11, 0),
  (2380826, 1, 8),
  (2380940, 9, 16),
  (2381240, 8, 4),
  (2381393, 1, 0),
  (2381396, 5, 9),
  (2381555, 8, 2),
  (2382319, 2, 7),
  (2383404, 11, 13),
  (2383949, 0, 0),
  (2384263, 2, 1),
  (2384273, 1, 0),
  (2384507, 7, 10),
  (2386801, 9, 7),
  (2390074, 10, 0),
  (2390558, 7, 10),
  (2391756, 7, 10),
  (2392431, 0, 11),
  (2394010, 7, 5),
  (2395341, 2, 13),
  (2395527, 9, 0),
  (2396082, 9, 18),
  (2396190, 8, 7),
  (2396457, 5, 17),
  (2396506, 2, 6),
  (2397036, 6, 10),
  (2397430, 0, 7),
  (2398058, 4, 10),
  (2398073, 5, 10),
  (2398134, 8, 3),
  (2398473, 11, 11),
  (2399418, 4, 22),
  (2399443, 6, 10),
  (2400187, 6, 10),
  (2400286, 8, 3),
  (2400828, 1, 0),
  (2401221, 0, 0),
  (2401984, 8, 4),
  (2402743, 0, 19),
  (2403732, 11, 0),
  (2406277, 0, 11),
  (2409615, 8, 10),
  (2409992, 2, 18),
  (2410636, 4, 10),
  (2413092, 2, 7),
  (2413945, 6, 21),
  (2415963, 8, 3),
  (2416969, 5, 10),
  (2417300, 10, 0),
  (2419080, 9, 3),
  (2419944, 10, 18),
  (2420368, 1, 13),
  (2421376, 3, 4),
  (2421381, 8, 7),
  (2421994, 10, 4),
  (2422073, 5, 22),
  (2422717, 3, 5),
  (2424105, 2, 0),
  (2425123, 8, 3),
  (2426191, 5, 10),
  (2429874, 8, 7),
  (2429989, 1, 1),
  (2432005, 7, 10),
  (2432239, 8, 3),
  (2433523, 1, 0),
  (2438103, 0, 0),
  (2439322, 8, 7),
  (2439409, 4, 17),
  (2439986, 6, 10),
  (2440423, 9, 18),
  (2442525, 4, 10),
  (2445902, 4, 10),
  (2445919, 7, 10),
  (2446285, 10, 15),
  (2446955, 9, 3),
  (2447863, 11, 11),
  (2448576, 9, 3),
  (2448593, 8, 7),
  (2448992, 4, 10),
  (2449189, 4, 10),
  (2450474, 9, 16),
  (2451036, 2, 10),
  (2451679, 9, 3),
  (2453415, 6, 13),
  (2454099, 9, 7),
  (2454157, 10, 12),
  (2457226, 2, 4),
  (2457854, 3, 13),
  (2459260, 9, 11),
  (2459445, 10, 6),
  (2460382, 10, 10),
  (2460445, 11, 11),
  (2460651, 3, 7),
  (2461072, 5, 5),
  (2461104, 10, 11),
  (2461857, 9, 18),
  (2463016, 7, 10),
  (2463828, 2, 13),
  (2464667, 5, 17),
  (2465791, 5, 2),
  (2465816, 7, 10),
  (2466462, 0, 0),
  (2467514, 9, 7),
  (2468266, 1, 6),
  (2468275, 0, 0),
  (2473350, 6, 6),
  (2473948, 7, 9),
  (2474826, 4, 5),
  (2475970, 8, 3),
  (2476457, 6, 17),
  (2476713, 8, 6),
  (2477408, 6, 17),
  (2477858, 0, 17),
  (2477912, 3, 7),
  (2478217, 2, 5),
  (2478544, 1, 0),
  (2478814, 11, 0),
  (2480360, 0, 0),
  (2482263, 10, 0),
  (2482400, 5, 17),
  (2482714, 8, 4),
  (2484535, 4, 14),
  (2486478, 0, 0),
  (2486939, 2, 7),
  (2490235, 4, 17),
  (2491287, 1, 11),
  (2491528, 1, 10),
  (2491715, 3, 3),
  (2495314, 11, 11),
  (2496250, 4, 9),
  (2496275, 7, 10),
  (2497220, 10, 14),
  (2498072, 1, 11),
  (2498116, 5, 17),
  (2501894, 3, 10),
  (2502052, 2, 4),
  (2502504, 8, 10),
  (2504517, 6, 14),
  (2504855, 9, 3),
  (2505032, 7, 10),
  (2505681, 11, 1),
  (2507281, 8, 5),
  (2508471, 0, 0),
  (2510695, 1, 0),
  (2512839, 0, 22),
  (2513703, 5, 21),
  (2514411, 8, 7),
  (2514461, 7, 22),
  (2518060, 11, 0),
  (2518082, 4, 10),
  (2520692, 6, 10),
  (2522541, 1, 0),
  (2522598, 6, 10),
  (2522623, 4, 17),
  (2522736, 11, 0),
  (2522937, 2, 7),
  (2523340, 4, 10),
  (2523560, 2, 2),
  (2524122, 11, 10),
  (2525730, 11, 18),
  (2526143, 9, 0),
  (2529759, 1, 0),
  (2530424, 4, 15),
  (2530533, 10, 0),
  (2531382, 0, 0),
  (2531973, 10, 0),
  (2532015, 1, 0),
  (2536310, 3, 16),
  (2536513, 8, 15),
  (2537303, 11, 11),
  (2538028, 1, 11),
  (2542144, 10, 13),
  (2542984, 9, 4),
  (2543324, 7, 21),
  (2543880, 9, 3),
  (2544231, 6, 10),
  (2544666, 6, 10),
  (2546367, 1, 0),
  (2549065, 5, 10),
  (2549144, 5, 17),
  (2550195, 3, 7),
  (2550250, 8, 7),
  (2550318, 1, 0),
  (2552107, 2, 7),
  (2552295, 11, 0),
  (2553252, 5, 8),
  (2553923, 10, 0),
  (2554401, 6, 8),
  (2555485, 4, 11),
  (2555889, 10, 22),
  (2556242, 6, 21),
  (2556541, 7, 10),
  (2558245, 1, 17),
  (2559462, 7, 21),
  (2561214, 10, 0),
  (2562535, 9, 3),
  (2562775, 11, 6),
  (2563326, 4, 10),
  (2564722, 0, 0),
  (2565675, 3, 3),
  (2566230, 11, 0),
  (2567253, 10, 16),
  (2567558, 0, 6),
  (2568363, 6, 10),
  (2569428, 3, 2),
  (2569763, 2, 16),
  (2570075, 10, 11),
  (2571079, 0, 0),
  (2572123, 5, 5),
  (2572166, 5, 10),
  (2572725, 3, 18),
  (2572762, 8, 7),
  (2572918, 2, 13),
  (2573454, 6, 17),
  (2573628, 4, 17),
  (2576565, 11, 10),
  (2578965, 8, 0),
  (2580595, 5, 10),
  (2581859, 4, 10),
  (2581940, 1, 0),
  (2583242, 11, 0),
  (2586202, 0, 0),
  (2587357, 10, 0),
  (2588983, 3, 10),
  (2589029, 3, 0),
  (2590707, 10, 0),
  (2591040, 7, 10),
  (2591274, 11, 0),
  (2593484, 8, 0),
  (2594366, 2, 7),
  (2594515, 1, 0),
  (2594665, 4, 9),
  (2594679, 7, 16),
  (2595152, 4, 10),
  (2595925, 4, 10),
  (2596570, 2, 18),
  (2597626, 4, 10),
  (2598808, 8, 15),
  (2600118, 5, 10),
  (2601197, 1, 0),
  (2604232, 7, 13),
  (2605877, 10, 0),
  (2609038, 2, 7),
  (2609200, 9, 7),
  (2609632, 7, 21),
  (2610058, 3, 13),
  (2611602, 11, 11),
  (2614196, 10, 21),
  (2614333, 1, 19),
  (2614791, 0, 11),
  (2615143, 2, 3),
  (2616146, 5, 17),
  (2616702, 4, 17),
  (2616910, 6, 10),
  (2617098, 11, 10),
  (2618145, 9, 3),
  (2619235, 9, 3),
  (2621332, 6, 22),
  (2623035, 1, 9),
  (2623064, 8, 8),
  (2623330, 5, 4),
  (2624366, 11, 10),
  (2624679, 10, 1),
  (2624830, 6, 10),
  (2626416, 7, 2),
  (2626602, 7, 12),
  (2628735, 7, 10),
  (2629015, 2, 3),
  (2629800, 6, 10),
  (2632228, 5, 10),
  (2633517, 2, 7),
  (2633544, 4, 10),
  (2633761, 9, 7),
  (2633874, 4, 10),
  (2634253, 10, 11),
  (2635020, 11, 0),
  (2635892, 1, 0),
  (2636223, 3, 3),
  (2637195, 11, 5),
  (2637492, 10, 0),
  (2637819, 4, 14),
  (2639706, 3, 7),
  (2640273, 10, 0),
  (2642057, 4, 10),
  (2643203, 5, 17),
  (2643764, 5, 17),
  (2644099, 4, 17),
  (2644207, 5, 10),
  (2644764, 1, 0),
  (2645609, 1, 0),
  (2646360, 11, 10),
  (2646518, 7, 10),
  (2646529, 10, 0),
  (2647755, 3, 16),
  (2648463, 1, 11),
  (2648798, 1, 0),
  (2649858, 3, 13),
  (2650340, 8, 7),
  (2650989, 4, 10),
  (2652466, 3, 6),
  (2653170, 5, 10),
  (2653478, 0, 0),
  (2655662, 6, 21),
  (2658776, 8, 18),
  (2659405, 0, 18),
  (2661485, 0, 7),
  (2666970, 0, 0),
  (2667682, 11, 0),
  (2667983, 2, 3),
  (2668650, 11, 14),
  (2670291, 3, 10),
  (2674091, 6, 10),
  (2674482, 1, 0),
  (2676076, 2, 13),
  (2677049, 7, 10),
  (2677912, 10, 11),
  (2677937, 11, 0),
  (2678231, 9, 12),
  (2679209, 10, 0),
  (2679374, 10, 0),
  (2680298, 6, 22),
  (2680421, 1, 0),
  (2681011, 3, 3),
  (2681167, 5, 13),
  (2684178, 4, 9),
  (2685830, 3, 4),
  (2685867, 5, 11),
  (2686331, 4, 10),
  (2686553, 9, 18),
  (2689367, 10, 15),
  (2689667, 7, 9),
  (2690111, 6, 10),
  (2690774, 11, 0),
  (2691762, 10, 0),
  (2692034, 4, 10),
  (2693600, 1, 0),
  (2695234, 11, 0),
  (2695450, 2, 7),
  (2697021, 7, 16),
  (2697074, 6, 3),
  (2697125, 8, 0),
  (2698233, 5, 10),
  (2700638, 4, 17),
  (2701139, 1, 11),
  (2702070, 10, 10),
  (2703214, 4, 17),
  (2704128, 3, 0),
  (2708052, 1, 3),
  (2708309, 5, 21),
  (2709398, 0, 22),
  (2709980, 7, 10),
  (2711270, 1, 18),
  (2711304, 5, 10),
  (2712201, 10, 7),
  (2712616, 0, 11),
  (2714288, 11, 6),
  (2714946, 1, 0),
  (2716391, 3, 4),
  (2716980, 2, 10),
  (2718473, 7, 10),
  (2721249, 1, 0),
  (2724346, 7, 19),
  (2724385, 8, 2),
  (2724425, 6, 18),
  (2724567, 0, 0),
  (2725651, 2, 3),
  (2726719, 5, 10),
  (2726983, 8, 7),
  (2726987, 7, 10),
  (2727784, 1, 18),
  (2728150, 8, 3),
  (2729468, 11, 10),
  (2729844, 3, 3),
  (2730266, 11, 0),
  (2730372, 9, 7),
  (2731738, 10, 16),
  (2732045, 6, 22),
  (2733192, 7, 10),
  (2733385, 5, 10),
  (2736221, 2, 7),
  (2736344, 9, 18),
  (2737212, 0, 0),
  (2737944, 8, 7),
  (2739546, 8, 17),
  (2743332, 0, 17),
  (2744926, 6, 10),
  (2746323, 7, 10),
  (2747006, 6, 10),
  (2747242, 11, 0),
  (2748037, 10, 18),
  (2748111, 6, 17),
  (2748532, 0, 0),
  (2748647, 5, 10),
  (2749609, 9, 3),
  (2750673, 11, 0),
  (2753739, 1, 0),
  (2754435, 3, 7),
  (2755129, 0, 11),
  (2755225, 11, 22),
  (2755394, 10, 0),
  (2756943, 11, 5),
  (2757091, 0, 0),
  (2758142, 8, 7),
  (2758838, 10, 18),
  (2759838, 4, 9),
  (2760642, 5, 18),
  (2760736, 3, 3),
  (2761123, 11, 0),
  (2761155, 10, 6),
  (2761522, 10, 11),
  (2761595, 5, 10),
  (2761714, 11, 0),
  (2761752, 3, 4),
  (2764300, 5, 21),
  (2764698, 10, 11),
  (2764719, 1, 14),
  (2766938, 0, 0),
  (2767073, 3, 3),
  (2768619, 10, 0),
  (2768761, 2, 7),
  (2769085, 1, 8),
  (2769112, 7, 17),
  (2769412, 11, 0),
  (2769858, 3, 15),
  (2769867, 7, 10),
  (2770417, 11, 11),
  (2773217, 9, 14),
  (2773229, 11, 0),
  (2773622, 10, 0),
  (2775595, 3, 3),
  (2778910, 1, 14),
  (2779601, 4, 10),
  (2781442, 1, 11),
  (2783051, 7, 10),
  (2783702, 8, 7),
  (2785803, 0, 0),
  (2786351, 0, 0),
  (2786598, 2, 10),
  (2787439, 4, 17),
  (2787943, 7, 10),
  (2788848, 5, 7),
  (2790082, 8, 17),
  (2790399, 7, 10),
  (2792387, 4, 10),
  (2793324, 6, 10),
  (2797527, 0, 22),
  (2798413, 4, 21),
  (2799965, 6, 10),
  (2800106, 11, 17),
  (2801678, 0, 0),
  (2801752, 9, 8),
  (2801910, 5, 9),
  (2802294, 6, 10),
  (2803791, 0, 0),
  (2804155, 11, 0),
  (2806900, 1, 10),
  (2810584, 0, 0),
  (2811085, 10, 0),
  (2814350, 3, 0),
  (2815510, 10, 0),
  (2817390, 10, 0),
  (2818690, 10, 0),
  (2820871, 3, 3),
  (2821433, 8, 13),
  (2822298, 5, 3),
  (2824384, 2, 3),
  (2824420, 4, 10),
  (2825322, 6, 10),
  (2826256, 10, 0),
  (2826323, 0, 0),
  (2827376, 5, 10),
  (2828177, 2, 7),
  (2828879, 2, 10),
  (2828916, 0, 11),
  (2828950, 5, 10),
  (2829864, 2, 3),
  (2830798, 9, 3),
  (2831530, 10, 18),
  (2832316, 5, 9),
  (2832457, 2, 7),
  (2834302, 0, 0),
  (2837709, 6, 17),
  (2838449, 10, 10),
  (2839146, 2, 2),
  (2843630, 9, 18),
  (2843986, 7, 19),
  (2847278, 6, 10),
  (2847943, 0, 0),
  (2848007, 6, 9),
  (2848950, 5, 10),
  (2849130, 10, 0),
  (2850947, 1, 0),
  (2851279, 10, 11),
  (2854931, 10, 0),
  (2857816, 3, 9),
  (2858173, 0, 0),
  (2859048, 5, 10),
  (2859774, 0, 0),
  (2862184, 10, 3),
  (2864434, 10, 0),
  (2865621, 8, 4),
  (2867128, 4, 10),
  (2867833, 2, 4),
  (2868774, 2, 2),
  (2868778, 9, 7),
  (2869662, 11, 11),
  (2870880, 10, 12),
  (2872288, 9, 14),
  (2875266, 5, 17),
  (2875762, 4, 10),
  (2879229, 2, 16),
  (2880618, 3, 3),
  (2885557, 2, 18),
  (2886434, 7, 10),
  (2887112, 11, 0),
  (2887750, 11, 11),
  (2890816, 5, 10),
  (2891879, 1, 22),
  (2892177, 5, 6),
  (2892305, 4, 10),
  (2897490, 11, 3),
  (2897946, 3, 16),
  (2898143, 4, 10),
  (2900303, 7, 21),
  (2900671, 11, 13),
  (2902573, 11, 11),
  (2902765, 2, 16),
  (2903206, 5, 10),
  (2904055, 6, 15),
  (2905156, 6, 10),
  (2909676, 7, 9),
  (2909717, 11, 0),
  (2910434, 3, 7),
  (2911618, 8, 13),
  (2914434, 1, 11),
  (2915355, 2, 7),
  (2920105, 5, 17),
  (2920517, 11, 0),
  (2922136, 2, 7),
  (2923459, 9, 7),
  (2923620, 2, 14),
  (2926994, 3, 0),
  (2927242, 3, 7),
  (2928003, 3, 9),
  (2928694, 4, 10),
  (2929050, 8, 18),
  (2930451, 1, 0),
  (2931571, 7, 17),
  (2931681, 11, 0),
  (2933008, 7, 22),
  (2935578, 11, 0),
  (2936753, 0, 7),
  (2937210, 1, 0),
  (2940432, 6, 17),
  (2941769, 9, 5),
  (2942055, 8, 7),
  (2942136, 5, 9),
  (2942402, 4, 6),
  (2942420, 3, 3),
  (2945217, 1, 0),
  (2945659, 2, 10),
  (2946869, 4, 21),
  (2949092, 9, 3),
  (2951066, 1, 7),
  (2951198, 10, 0),
  (2952877, 8, 13),
  (2952998, 3, 3),
  (2954313, 10, 0),
  (2955951, 0, 16),
  (2956092, 8, 3),
  (2956283, 0, 12),
  (2956865, 7, 17),
  (2956987, 0, 22),
  (2957666, 3, 7),
  (2959734, 2, 7),
  (2960082, 8, 0),
  (2960115, 3, 7),
  (2961597, 9, 3),
  (2962248, 7, 21),
  (2962307, 10, 18),
  (2962423, 5, 10),
  (2962849, 3, 10),
  (2963555, 8, 13),
  (2965783, 3, 7),
  (2965936, 4, 10),
  (2966684, 8, 0),
  (2966862, 5, 20),
  (2967043, 2, 16),
  (2968135, 11, 0),
  (2970519, 5, 10),
  (2970536, 1, 0),
  (2970776, 3, 12),
  (2970819, 4, 21),
  (2971698, 11, 19),
  (2972911, 11, 11),
  (2974559, 1, 11),
  (2976360, 9, 17),
  (2979407, 1, 0),
  (2980096, 10, 0),
  (2980277, 0, 0),
  (2980720, 10, 11),
  (2981227, 8, 0),
  (2981331, 5, 17),
  (2982725, 6, 4),
  (2983016, 1, 22),
  (2983216, 8, 3),
  (2983789, 9, 1),
  (2984155, 9, 10),
  (2985314, 7, 18),
  (2985435, 9, 13),
  (2986619, 6, 10),
  (2987583, 0, 0),
  (2988462, 1, 0),
  (2993842, 0, 0),
  (2994868, 6, 10),
  (2998697, 0, 6),
  (2998711, 7, 11),
  (2999152, 2, 10),
  (3000374, 3, 5),
  (3000674, 4, 10),
  (3000967, 1, 5),
  (3001695, 6, 10),
  (3001841, 0, 0),
  (3002760, 2, 7),
  (3003568, 3, 7),
  (3006303, 11, 10),
  (3006350, 5, 10),
  (3006405, 6, 17),
  (3006794, 2, 7),
  (3008513, 7, 17),
  (3008689, 7, 10),
  (3009106, 11, 11),
  (3009604, 5, 10),
  (3009948, 3, 4),
  (3010508, 9, 4),
  (3011644, 11, 11),
  (3012133, 9, 2),
  (3012976, 10, 18),
  (3013816, 0, 0),
  (3013905, 1, 10),
  (3014015, 2, 9),
  (3015158, 3, 7),
  (3015336, 10, 11),
  (3015555, 7, 10),
  (3015746, 2, 7),
  (3017392, 3, 17),
  (3017794, 5, 10),
  (3019403, 9, 3),
  (3021725, 2, 10),
  (3022446, 9, 7),
  (3024641, 10, 0),
  (3028729, 0, 0),
  (3030052, 3, 0),
  (3030374, 9, 9),
  (3032547, 6, 10),
  (3032621, 2, 7),
  (3033128, 4, 10),
  (3033898, 0, 11),
  (3035965, 10, 22),
  (3039943, 5, 22),
  (3040373, 11, 22),
  (3042315, 6, 9),
  (3042468, 6, 21),
  (3043286, 0, 4),
  (3043327, 6, 16),
  (3043530, 3, 16),
  (3044510, 3, 7),
  (3045374, 6, 12),
  (3046432, 4, 17),
  (3048023, 11, 0),
  (3050078, 9, 8),
  (3050109, 0, 0),
  (3051038, 2, 17),
  (3051045, 8, 2),
  (3051826, 4, 10),
  (3051945, 9, 13),
  (3052783, 11, 0),
  (3053633, 8, 18),
  (3054186, 10, 0),
  (3056665, 3, 6),
  (3061809, 2, 11),
  (3061952, 1, 0),
  (3062378, 11, 0),
  (3062780, 3, 7),
  (3063490, 8, 7),
  (3066461, 9, 17),
  (3066783, 10, 0),
  (3068552, 3, 16),
  (3068567, 7, 5),
  (3068631, 3, 18),
  (3069410, 8, 18),
  (3070223, 6, 21),
  (3073046, 7, 10),
  (3074094, 6, 10),
  (3074288, 5, 10),
  (3074923, 4, 9),
  (3076392, 11, 11),
  (3077885, 10, 0),
  (3079077, 1, 0),
  (3079208, 2, 14),
  (3080461, 9, 18),
  (3080783, 2, 7),
  (3082228, 6, 9),
  (3082358, 7, 16),
  (3082687, 8, 15),
  (3084678, 4, 17),
  (3085087, 6, 2),
  (3085265, 10, 3),
  (3085331, 3, 2),
  (3086302, 10, 14),
  (3086910, 11, 11),
  (3087406, 5, 10),
  (3087772, 11, 19),
  (3088050, 3, 3),
  (3088879, 1, 6),
  (3089713, 4, 6),
  (3090024, 9, 3),
  (3091053, 7, 10),
  (3091645, 6, 10),
  (3093348, 2, 3),
  (3093790, 2, 3),
  (3094474, 5, 10),
  (3095095, 0, 18),
  (3096210, 5, 9),
  (3097220, 1, 0),
  (3097338, 9, 9),
  (3097555, 7, 21),
  (3097926, 3, 18),
  (3099657, 3, 13),
  (3101723, 1, 0),
  (3102093, 2, 10),
  (3103256, 4, 10),
  (3104331, 10, 10),
  (3106395, 4, 10),
  (3108514, 2, 18),
  (3109155, 11, 9),
  (3109688, 10, 1),
  (3110251, 4, 9),
  (3111766, 6, 10),
  (3112342, 11, 0),
  (3113082, 5, 10),
  (3114709, 8, 3),
  (3114968, 8, 3),
  (3116432, 11, 0),
  (3116998, 4, 10),
  (3117185, 0, 0),
  (3119564, 11, 11),
  (3119808, 8, 0),
  (3120640, 2, 7),
  (3122476, 8, 2),
  (3122745, 2, 7),
  (3124070, 6, 18),
  (3125076, 2, 3),
  (3125183, 3, 14),
  (3125673, 7, 10),
  (3129269, 10, 0),
  (3134073, 8, 18),
  (3134140, 1, 12),
  (3135002, 4, 17),
  (3135520, 8, 3),
  (3136240, 1, 22),
  (3136252, 7, 10),
  (3136420, 7, 13),
  (3136901, 2, 2),
  (3137175, 2, 10),
  (3137485, 9, 3),
  (3137971, 9, 7),
  (3138196, 4, 9),
  (3139252, 4, 10),
  (3140554, 9, 3),
  (3140986, 8, 3),
  (3141757, 10, 11),
  (3142974, 2, 9),
  (3143212, 2, 1),
  (3144202, 3, 7),
  (3146646, 1, 10),
  (3147018, 10, 10),
  (3147416, 1, 18),
  (3148186, 7, 10),
  (3149252, 6, 10),
  (3151457, 1, 11),
  (3152289, 0, 0),
  (3152583, 11, 11),
  (3153529, 2, 14),
  (3153964, 10, 11),
  (3154657, 8, 13),
  (3157516, 1, 0),
  (3158232, 7, 10),
  (3158438, 5, 17),
  (3158499, 3, 0),
  (3160162, 8, 5),
  (3160554, 11, 11),
  (3160715, 8, 7),
  (3162634, 4, 6),
  (3163111, 1, 11),
  (3164836, 9, 4),
  (3165365, 3, 3),
  (3165907, 5, 17),
  (3167637, 0, 0),
  (3168432, 10, 10),
  (3168535, 1, 0),
  (3170044, 5, 10),
  (3173069, 10, 0),
  (3173281, 3, 1),
  (3175444, 9, 15),
  (3177000, 7, 17),
  (3177767, 1, 18),
  (3178788, 9, 1),
  (3179055, 4, 10),
  (3180236, 3, 13),
  (3180434, 6, 17),
  (3181131, 4, 10),
  (3181695, 6, 5),
  (3182527, 10, 18),
  (3189889, 10, 10),
  (3189989, 8, 7),
  (3191686, 11, 0),
  (3194919, 8, 8),
  (3195136, 1, 22),
  (3197620, 4, 17),
  (3198847, 10, 14),
  (3199409, 0, 18),
  (3202499, 5, 21),
  (3203482, 10, 18),
  (3204504, 2, 3),
  (3206427, 2, 7),
  (3206490, 9, 16),
  (3207463, 7, 10),
  (3207807, 8, 3),
  (3208282, 1, 20),
  (3208364, 1, 11),
  (3209820, 4, 22),
  (3210141, 3, 13),
  (3210172, 10, 9),
  (3210300, 3, 9),
  (3210464, 0, 11),
  (3210651, 0, 0),
  (3214975, 3, 14),
  (3215844, 8, 15),
  (3218726, 5, 10),
  (3218879, 4, 21),
  (3219217, 7, 9),
  (3219556, 11, 20),
  (3219999, 8, 11),
  (3220208, 5, 6),
  (3220222, 7, 10),
  (3220809, 0, 0),
  (3220965, 8, 10),
  (3221081, 7, 10),
  (3221462, 1, 0),
  (3221604, 4, 17),
  (3224577, 8, 4),
  (3227289, 8, 10),
  (3229477, 6, 10),
  (3230654, 10, 0),
  (3232046, 2, 4),
  (3234549, 7, 10),
  (3234762, 2, 5),
  (3236639, 9, 18),
  (3237889, 7, 10),
  (3238012, 10, 18),
  (3238130, 6, 10),
  (3240494, 9, 7),
  (3240794, 0, 0),
  (3241063, 3, 5),
  (3242233, 1, 0),
  (3243546, 8, 13),
  (3244439, 0, 0),
  (3245962, 0, 0),
  (3246352, 4, 10),
  (3246666, 2, 16),
  (3247614, 6, 22),
  (3248883, 2, 6),
  (3250053, 7, 10),
  (3250099, 1, 11),
  (3252351, 10, 3),
  (3252784, 7, 10),
  (3252807, 8, 3),
  (3253380, 8, 7),
  (3253733, 4, 9),
  (3255942, 8, 4),
  (3257039, 5, 10),
  (3257202, 1, 11),
  (3257673, 0, 0),
  (3257793, 10, 0),
  (3260274, 1, 22),
  (3261583, 1, 6),
  (3263316, 1, 11),
  (3263834, 7, 10),
  (3264583, 3, 18),
  (3267145, 7, 10),
  (3269574, 6, 10),
  (3269612, 7, 18),
  (3272153, 9, 13),
  (3272548, 1, 11),
  (3272762, 11, 0),
  (3273177, 1, 20),
  (3278206, 11, 11),
  (3278402, 11, 10),
  (3278804, 9, 7),
  (3279128, 2, 15),
  (3279230, 9, 9),
  (3279556, 6, 9),
  (3279596, 6, 2),
  (3279691, 6, 9),
  (3281004, 10, 0),
  (3282817, 1, 0),
  (3284515, 11, 22),
  (3284546, 2, 7),
  (3285857, 1, 0),
  (3286567, 5, 17),
  (3287848, 3, 14),
  (3288159, 5, 10),
  (3291863, 2, 13),
  (3292235, 10, 0),
  (3292452, 8, 7),
  (3292861, 9, 10),
  (3296768, 1, 0),
  (3297328, 11, 10),
  (3298129, 8, 15),
  (3298943, 10, 0),
  (3299107, 8, 3),
  (3299222, 4, 8),
  (3300403, 9, 7),
  (3303447, 3, 7),
  (3304755, 9, 1),
  (3307062, 9, 3),
  (3308636, 1, 0),
  (3308736, 10, 0),
  (3309222, 8, 2),
  (3309740, 7, 10),
  (3309969, 3, 3),
  (3313007, 7, 10),
  (3313036, 8, 7),
  (3313128, 2, 4),
  (3316185, 1, 10),
  (3316745, 7, 10),
  (3318050, 11, 6),
  (3318558, 6, 10),
  (3319342, 1, 11),
  (3320056, 4, 21),
  (3325207, 8, 2),
  (3325563, 8, 3),
  (3327426, 2, 4),
  (3328287, 4, 10),
  (3328442, 11, 0),
  (3328559, 1, 14),
  (3328733, 2, 3),
  (3329208, 10, 0),
  (3330045, 9, 7),
  (3331267, 1, 8),
  (3333542, 10, 0),
  (3334510, 2, 16),
  (3335383, 10, 0),
  (3336212, 5, 10),
  (3336368, 8, 3),
  (3336519, 9, 13),
  (3337016, 2, 7),
  (3338787, 7, 10),
  (3343071, 11, 0),
  (3343109, 0, 0),
  (3343239, 8, 9),
  (3345319, 11, 10),
  (3345697, 9, 18),
  (3347370, 5, 6),
  (3349057, 0, 11),
  (3349066, 2, 15),
  (3349447, 1, 0),
  (3349751, 3, 7),
  (3351270, 10, 11),
  (3351913, 0, 0),
  (3354080, 1, 22),
  (3355119, 2, 18),
  (3355277, 4, 9),
  (3356605, 10, 0),
  (3357009, 2, 11),
  (3357313, 5, 10),
  (3358067, 8, 13),
  (3358203, 10, 11),
  (3360772, 7, 10),
  (3361852, 7, 17),
  (3362257, 8, 4),
  (3363416, 10, 0),
  (3364121, 0, 18),
  (3364582, 10, 10),
  (3364824, 8, 7),
  (3365602, 5, 10),
  (3365685, 0, 0),
  (3366718, 11, 10),
  (3369244, 4, 10),
  (3370311, 2, 5),
  (3371920, 5, 10),
  (3372406, 8, 18),
  (3373110, 11, 18),
  (3373126, 5, 10),
  (3375648, 9, 7),
  (3376169, 11, 6),
  (3377212, 7, 10),
  (3377878, 5, 10),
  (3378715, 10, 0),
  (3379278, 10, 0),
  (3379507, 10, 0),
  (3380337, 11, 4),
  (3382094, 0, 0),
  (3382689, 7, 10),
  (3384806, 2, 3),
  (3385233, 2, 3),
  (3385872, 5, 21),
  (3385875, 11, 22),
  (3387323, 11, 0),
  (3388304, 3, 6),
  (3388379, 5, 10),
  (3388960, 9, 3),
  (3389252, 1, 20),
  (3392734, 11, 18),
  (3396894, 5, 17),
  (3397102, 3, 3),
  (3397871, 7, 18),
  (3399881, 1, 0),
  (3400950, 8, 13),
  (3401416, 4, 22),
  (3401772, 9, 0),
  (3402778, 11, 11),
  (3403038, 10, 0),
  (3403660, 2, 14),
  (3404491, 9, 18),
  (3405363, 4, 10),
  (3405453, 9, 7),
  (3406896, 11, 0),
  (3407613, 9, 13),
  (3407760, 11, 0),
  (3407839, 11, 0),
  (3408997, 5, 18),
  (3409804, 11, 22),
  (3412945, 0, 0),
  (3413546, 10, 18),
  (3415821, 0, 22),
  (3419778, 10, 0),
  (3419959, 2, 3),
  (3420550, 6, 18),
  (3420741, 9, 4),
  (3421195, 4, 10),
  (3422268, 6, 10),
  (3422384, 3, 10),
  (3425160, 10, 0),
  (3425385, 2, 7),
  (3428431, 5, 10),
  (3430463, 4, 6),
  (3432826, 0, 14),
  (3433525, 8, 3),
  (3434319, 6, 10),
  (3435753, 4, 10),
  (3437478, 9, 13),
  (3437783, 7, 10),
  (3438743, 2, 7),
  (3439321, 0, 14),
  (3442418, 7, 10),
  (3442576, 3, 3),
  (3444223, 7, 21),
  (3445136, 9, 7),
  (3445296, 1, 0),
  (3446369, 7, 10),
  (3447564, 6, 10),
  (3447988, 3, 18),
  (3448065, 4, 10),
  (3448830, 5, 17),
  (3449676, 5, 6),
  (3450487, 4, 5),
  (3451086, 4, 22),
  (3451986, 10, 11),
  (3452227, 10, 15),
  (3452446, 9, 18),
  (3453028, 3, 0),
  (3453393, 0, 0),
  (3453712, 2, 7),
  (3455006, 5, 17),
  (3455323, 6, 10),
  (3456030, 0, 11),
  (3456411, 3, 1),
  (3457962, 5, 9),
  (3459009, 8, 17),
  (3459492, 10, 0),
  (3459539, 9, 17),
  (3459747, 5, 10),
  (3459874, 8, 5),
  (3462085, 0, 0),
  (3463252, 2, 9),
  (3463332, 1, 0),
  (3464337, 1, 11),
  (3465215, 8, 12),
  (3465570, 6, 13),
  (3465865, 9, 4),
  (3467224, 10, 0),
  (3467589, 6, 17),
  (3468571, 7, 9),
  (3470571, 11, 0),
  (3472248, 8, 3),
  (3472591, 7, 10),
  (3472664, 9, 7),
  (3475837, 1, 11),
  (3478004, 1, 11),
  (3479481, 4, 10),
  (3479896, 7, 17),
  (3481696, 1, 11),
  (3485405, 11, 22),
  (3486020, 0, 8),
  (3487509, 10, 10),
  (3488421, 5, 21),
  (3488653, 1, 0),
  (3489365, 3, 14),
  (3489513, 9, 3),
  (3489536, 4, 10),
  (3490004, 8, 11),
  (3490292, 0, 0),
  (3492348, 3, 8),
  (3493464, 11, 4),
  (3493805, 4, 10),
  (3494035, 5, 10),
  (3494078, 6, 22),
  (3495424, 1, 11),
  (3498994, 7, 6),
  (3500330, 8, 18),
  (3500540, 6, 22),
  (3500709, 1, 0),
  (3501662, 4, 17),
  (3502179, 2, 7),
  (3502486, 1, 0),
  (3503474, 0, 11),
  (3504401, 7, 4),
  (3504610, 5, 10),
  (3505869, 6, 5),
  (3507468, 5, 10),
  (3509353, 11, 11),
  (3510875, 7, 10),
  (3511311, 5, 5),
  (3514638, 5, 10),
  (3516713, 1, 3),
  (3517460, 10, 17),
  (3517469, 8, 10),
  (3517781, 9, 7),
  (3520299, 5, 17),
  (3520463, 3, 18),
  (3520662, 7, 10),
  (3521442, 3, 7),
  (3522215, 2, 12),
  (3522746, 0, 22),
  (3524241, 1, 0),
  (3524410, 4, 10),
  (3524422, 4, 22),
  (3525867, 0, 3),
  (3527097, 11, 0),
  (3527219, 9, 4),
  (3527309, 7, 21),
  (3527351, 4, 10),
  (3527479, 11, 12),
  (3527521, 1, 0),
  (3527962, 11, 22),
  (3528560, 0, 18),
  (3528646, 5, 13),
  (3529326, 6, 10),
  (3530194, 9, 3),
  (3530399, 7, 2),
  (3532540, 2, 3),
  (3532641, 7, 16),
  (3532969, 10, 11),
  (3532993, 5, 17),
  (3535070, 6, 10),
  (3536520, 6, 20),
  (3537060, 2, 4),
  (3537799, 1, 3),
  (3538703, 9, 3),
  (3539397, 10, 0),
  (3539635, 9, 7),
  (3540365, 11, 0),
  (3540556, 0, 0),
  (3541352, 4, 2),
  (3541683, 2, 1),
  (3542801, 11, 21),
  (3542973, 3, 3),
  (3543890, 10, 16),
  (3544760, 3, 5),
  (3544897, 0, 6),
  (3545242, 6, 10),
  (3545295, 2, 3),
  (3549938, 6, 10),
  (3553891, 4, 10),
  (3554894, 0, 20),
  (3555041, 7, 13),
  (3556906, 11, 18),
  (3557503, 8, 3),
  (3558563, 8, 0),
  (3558862, 6, 17),
  (3560108, 0, 11),
  (3560384, 9, 4),
  (3560870, 0, 0),
  (3561000, 1, 11),
  (3561417, 9, 7),
  (3561461, 8, 3),
  (3563100, 10, 22),
  (3564185, 2, 7),
  (3565649, 9, 7),
  (3567173, 8, 10),
  (3569978, 8, 13),
  (3570290, 9, 7),
  (3570348, 1, 0),
  (3571965, 5, 18),
  (3572555, 11, 0),
  (3572834, 1, 11),
  (3575882, 10, 11),
  (3575910, 2, 18),
  (3577229, 10, 0),
  (3579922, 7, 5),
  (3580214, 5, 16),
  (3583181, 0, 0),
  (3583800, 3, 13),
  (3584849, 8, 12),
  (3587277, 3, 16),
  (3587542, 2, 11),
  (3588211, 4, 22),
  (3588870, 9, 7),
  (3589255, 8, 3),
  (3590647, 3, 8),
  (3590897, 0, 0),
  (3590919, 1, 6),
  (3591062, 1, 0),
  (3591911, 11, 0),
  (3592527, 9, 7),
  (3593677, 8, 7),
  (3595545, 2, 7),
  (3596782, 0, 0),
  (3597402, 10, 11),
  (3597602, 3, 4),
  (3598683, 10, 0),
  (3598822, 10, 0),
])
