from util import *
schedule = deque([
  (1790, 1, 19),
  (2024, 5, 17),
  (2965, 10, 0),
  (3220, 10, 11),
  (5379, 7, 10),
  (8208, 4, 10),
  (10228, 9, 7),
  (11990, 8, 10),
  (12103, 10, 7),
  (12595, 2, 12),
  (15620, 9, 6),
  (17478, 6, 10),
  (18088, 5, 10),
  (18182, 6, 10),
  (19318, 2, 17),
  (19986, 9, 10),
  (23074, 4, 12),
  (23251, 11, 0),
  (24344, 5, 22),
  (24448, 8, 3),
  (27507, 5, 10),
  (28922, 9, 0),
  (30512, 4, 17),
  (30691, 6, 10),
  (31676, 11, 0),
  (31685, 8, 8),
  (31707, 5, 10),
  (31861, 1, 0),
  (34318, 11, 22),
  (40451, 6, 9),
  (41039, 8, 7),
  (41644, 11, 7),
  (43412, 5, 10),
  (43964, 7, 10),
  (46743, 0, 5),
  (50268, 4, 17),
  (50612, 0, 11),
  (50707, 0, 0),
  (51224, 6, 10),
  (53668, 4, 9),
  (57436, 7, 13),
  (59846, 1, 11),
  (60290, 6, 10),
  (61411, 11, 0),
  (63640, 6, 18),
  (63729, 5, 10),
  (66130, 7, 10),
  (66750, 10, 11),
  (67784, 10, 11),
  (73562, 0, 0),
  (73568, 4, 10),
  (74251, 7, 10),
  (76452, 6, 10),
  (77361, 1, 14),
  (78041, 8, 3),
  (80602, 0, 0),
  (81428, 3, 7),
  (81482, 4, 10),
  (81902, 6, 17),
  (82951, 11, 22),
  (84042, 6, 10),
  (84124, 1, 0),
  (85599, 10, 22),
  (86382, 10, 0),
  (86745, 0, 3),
  (87709, 0, 0),
  (89127, 8, 0),
  (93698, 9, 10),
  (95498, 3, 9),
  (96386, 4, 10),
  (103871, 7, 15),
  (105506, 10, 17),
  (106880, 6, 20),
  (109895, 0, 0),
  (111469, 8, 4),
  (111629, 6, 10),
  (111756, 9, 3),
  (111851, 0, 0),
  (114083, 5, 17),
  (117961, 1, 0),
  (120191, 1, 22),
  (121520, 10, 0),
  (124110, 4, 10),
  (126614, 9, 3),
  (128597, 7, 22),
  (130183, 7, 9),
  (130637, 0, 0),
  (130976, 3, 15),
  (131952, 1, 0),
  (132434, 1, 0),
  (134128, 7, 11),
  (135946, 8, 7),
  (136521, 9, 7),
  (139194, 5, 17),
  (139880, 9, 17),
  (140397, 9, 7),
  (141187, 8, 4),
  (141452, 7, 16),
  (141649, 0, 6),
  (142070, 4, 17),
  (143508, 2, 10),
  (143955, 6, 10),
  (144102, 5, 10),
  (145745, 10, 0),
  (146082, 5, 5),
  (146175, 7, 10),
  (146973, 0, 11),
  (150893, 9, 7),
  (157044, 9, 16),
  (159295, 10, 11),
  (160710, 3, 7),
  (162328, 11, 0),
  (162600, 1, 1),
  (163044, 1, 22),
  (163277, 5, 10),
  (170207, 4, 10),
  (170993, 1, 18),
  (171447, 1, 10),
  (171646, 5, 10),
  (173323, 7, 14),
  (175518, 7, 10),
  (175945, 11, 0),
  (178616, 5, 21),
  (179956, 9, 10),
  (180009, 10, 0),
  (180499, 7, 17),
  (183147, 2, 13),
  (183466, 4, 10),
  (184518, 6, 10),
  (185033, 9, 7),
  (186120, 5, 10),
  (187437, 6, 10),
  (187912, 11, 8),
  (189175, 2, 10),
  (189694, 9, 8),
  (189765, 8, 10),
  (189997, 7, 19),
  (190719, 9, 15),
  (191134, 9, 7),
  (191771, 2, 7),
  (193226, 8, 16),
  (193566, 3, 7),
  (195742, 4, 9),
  (195778, 5, 9),
  (196809, 10, 0),
  (197061, 10, 10),
  (198056, 4, 9),
  (207607, 1, 0),
  (207655, 1, 0),
  (208253, 5, 10),
  (211394, 4, 2),
  (212035, 5, 17),
  (212190, 1, 0),
  (212276, 6, 10),
  (212323, 6, 16),
  (212587, 10, 7),
  (214013, 1, 0),
  (214596, 3, 0),
  (215656, 5, 10),
  (216857, 5, 10),
  (218850, 9, 10),
  (220573, 11, 0),
  (221857, 2, 5),
  (223042, 7, 5),
  (224364, 10, 10),
  (224978, 9, 4),
  (225278, 0, 18),
  (225735, 11, 11),
  (227271, 3, 3),
  (228585, 5, 17),
  (230080, 10, 0),
  (231600, 2, 7),
  (232847, 8, 15),
  (233366, 9, 0),
  (236060, 6, 10),
  (241355, 8, 3),
  (241383, 3, 7),
  (241931, 5, 10),
  (243249, 6, 9),
  (243533, 11, 11),
  (247452, 6, 19),
  (250139, 11, 0),
  (250544, 8, 3),
  (251582, 8, 4),
  (253202, 4, 10),
  (254729, 1, 0),
  (255893, 11, 8),
  (256116, 10, 11),
  (259093, 0, 11),
  (259382, 6, 17),
  (266743, 0, 11),
  (267202, 8, 3),
  (267867, 0, 6),
  (269442, 2, 0),
  (271561, 3, 3),
  (273564, 5, 17),
  (273629, 8, 3),
  (275065, 0, 11),
  (276464, 2, 16),
  (277027, 4, 10),
  (282383, 1, 22),
  (283279, 4, 10),
  (283464, 10, 0),
  (286100, 4, 18),
  (288335, 1, 18),
  (288926, 6, 10),
  (289816, 2, 4),
  (291670, 1, 0),
  (293403, 11, 0),
  (293640, 9, 7),
  (295780, 4, 13),
  (296420, 5, 10),
  (296741, 0, 11),
  (297136, 11, 10),
  (297815, 8, 4),
  (300545, 4, 10),
  (304504, 6, 10),
  (304595, 4, 21),
  (304988, 1, 0),
  (307849, 2, 13),
  (308598, 6, 10),
  (311913, 0, 3),
  (312873, 6, 10),
  (312982, 10, 22),
  (313866, 9, 18),
  (316056, 3, 17),
  (316694, 6, 11),
  (316731, 4, 10),
  (321441, 8, 13),
  (323202, 2, 7),
  (323558, 0, 11),
  (324021, 6, 10),
  (325666, 3, 14),
  (326470, 6, 8),
  (328086, 6, 19),
  (328385, 2, 3),
  (330052, 10, 0),
  (330739, 1, 0),
  (330864, 7, 17),
  (331491, 7, 21),
  (331693, 6, 17),
  (332931, 5, 22),
  (333974, 9, 7),
  (334864, 3, 7),
  (335354, 5, 10),
  (336114, 7, 10),
  (336535, 0, 0),
  (336957, 3, 3),
  (337786, 2, 7),
  (338468, 7, 13),
  (339787, 1, 0),
  (343440, 4, 10),
  (344887, 2, 10),
  (345171, 8, 18),
  (345425, 7, 10),
  (346107, 8, 14),
  (347193, 11, 0),
  (347428, 5, 10),
  (347648, 0, 0),
  (353361, 9, 7),
  (353430, 11, 0),
  (353586, 2, 18),
  (354059, 3, 7),
  (354322, 4, 10),
  (355751, 11, 11),
  (358171, 11, 18),
  (358298, 6, 10),
  (358369, 8, 18),
  (361897, 0, 14),
  (361965, 7, 13),
  (363301, 10, 0),
  (364865, 10, 7),
  (365530, 1, 19),
  (366062, 11, 0),
  (367723, 7, 6),
  (368154, 0, 0),
  (368906, 5, 10),
  (369643, 8, 11),
  (370295, 5, 17),
  (371019, 9, 12),
  (373015, 3, 15),
  (373629, 5, 11),
  (374917, 6, 10),
  (375117, 3, 10),
  (378385, 0, 0),
  (380880, 8, 18),
  (381206, 10, 0),
  (384865, 4, 17),
  (384923, 8, 3),
  (386366, 9, 3),
  (388101, 5, 10),
  (388300, 9, 18),
  (388320, 11, 4),
  (396906, 6, 10),
  (397507, 10, 0),
  (397639, 4, 10),
  (398491, 0, 0),
  (399319, 0, 0),
  (399542, 8, 13),
  (405251, 10, 0),
  (405264, 2, 7),
  (405554, 4, 16),
  (405906, 0, 18),
  (407572, 0, 0),
  (409113, 11, 0),
  (411469, 5, 17),
  (412430, 3, 7),
  (413497, 4, 10),
  (414515, 0, 0),
  (417790, 3, 15),
  (423567, 8, 3),
  (424006, 7, 10),
  (425115, 11, 0),
  (425809, 11, 0),
  (426317, 6, 10),
  (427219, 5, 17),
  (428402, 7, 7),
  (431368, 2, 13),
  (431380, 9, 3),
  (431641, 10, 0),
  (432350, 3, 3),
  (432882, 8, 7),
  (433644, 7, 10),
  (434954, 7, 10),
  (436162, 8, 7),
  (436717, 8, 7),
  (436719, 1, 10),
  (437604, 4, 17),
  (441687, 1, 0),
  (443211, 9, 8),
  (444006, 8, 8),
  (444231, 2, 13),
  (444937, 8, 3),
  (446171, 1, 0),
  (446436, 1, 11),
  (447681, 11, 0),
  (448478, 6, 10),
  (448635, 8, 3),
  (449116, 7, 10),
  (449869, 11, 11),
  (450758, 0, 11),
  (452683, 10, 0),
  (454448, 5, 17),
  (455055, 0, 18),
  (456225, 4, 10),
  (458801, 2, 7),
  (459850, 2, 4),
  (460670, 0, 18),
  (462320, 4, 10),
  (467883, 9, 18),
  (472334, 11, 0),
  (472902, 4, 17),
  (473371, 4, 9),
  (476460, 3, 6),
  (477908, 9, 7),
  (478685, 1, 11),
  (480310, 2, 4),
  (481066, 5, 10),
  (484733, 6, 10),
  (489755, 3, 7),
  (490254, 7, 9),
  (490721, 8, 13),
  (492584, 6, 17),
  (493708, 5, 10),
  (493926, 11, 11),
  (494325, 2, 17),
  (496295, 10, 0),
  (496402, 10, 0),
  (496998, 0, 11),
  (499190, 1, 0),
  (500863, 7, 14),
  (501928, 8, 4),
  (502205, 3, 0),
  (504021, 5, 10),
  (505018, 3, 4),
  (507816, 11, 9),
  (508004, 10, 11),
  (508355, 6, 10),
  (510266, 1, 0),
  (510635, 5, 10),
  (511180, 7, 4),
  (511971, 1, 11),
  (512760, 5, 21),
  (512876, 8, 13),
  (513575, 10, 0),
  (513829, 5, 10),
  (519945, 6, 10),
  (527472, 11, 9),
  (528177, 7, 5),
  (529573, 2, 10),
  (529932, 0, 14),
  (529951, 7, 21),
  (530647, 8, 3),
  (533282, 8, 7),
  (534659, 11, 0),
  (534818, 6, 10),
  (534906, 8, 7),
  (536331, 9, 18),
  (537374, 1, 0),
  (537732, 8, 7),
  (540090, 9, 13),
  (540684, 5, 10),
  (541002, 0, 11),
  (542929, 2, 12),
  (544650, 3, 3),
  (545007, 7, 10),
  (546061, 11, 0),
  (546608, 0, 0),
  (548636, 10, 0),
  (548655, 8, 18),
  (552234, 11, 1),
  (553129, 6, 22),
  (555472, 11, 0),
  (555717, 6, 10),
  (557112, 10, 11),
  (557587, 4, 10),
  (560724, 2, 7),
  (562718, 9, 6),
  (564177, 9, 13),
  (568742, 1, 11),
  (569461, 8, 5),
  (570961, 11, 9),
  (572062, 4, 10),
  (572396, 9, 18),
  (572796, 5, 10),
  (573690, 6, 6),
  (576189, 9, 6),
  (576405, 11, 0),
  (577596, 4, 10),
  (577623, 7, 10),
  (580008, 9, 3),
  (586165, 9, 3),
  (588235, 8, 3),
  (588318, 1, 6),
  (589049, 10, 0),
  (589367, 0, 0),
  (589397, 6, 10),
  (590564, 2, 7),
  (593742, 4, 10),
  (596959, 5, 10),
  (599211, 9, 12),
  (600171, 1, 0),
  (600488, 4, 10),
  (600768, 0, 11),
  (601298, 8, 0),
  (603021, 7, 17),
  (604584, 2, 7),
  (604602, 5, 9),
  (606563, 0, 0),
  (608894, 1, 7),
  (610612, 4, 12),
  (611742, 9, 15),
  (612556, 9, 10),
  (614401, 11, 0),
  (614542, 5, 14),
  (614544, 8, 6),
  (614999, 6, 10),
  (616041, 1, 11),
  (617322, 5, 2),
  (621926, 3, 0),
  (625361, 8, 9),
  (625628, 1, 0),
  (629785, 7, 10),
  (632362, 11, 0),
  (638303, 2, 18),
  (638947, 10, 11),
  (639168, 10, 22),
  (639225, 7, 10),
  (642527, 6, 10),
  (643134, 10, 0),
  (646936, 5, 10),
  (650419, 0, 11),
  (654211, 2, 18),
  (655735, 9, 8),
  (659905, 6, 10),
  (663889, 6, 21),
  (664049, 5, 10),
  (664816, 1, 0),
  (665829, 0, 10),
  (666319, 5, 7),
  (666678, 8, 15),
  (666778, 9, 4),
  (668428, 10, 0),
  (669214, 9, 7),
  (669487, 3, 7),
  (669754, 1, 10),
  (670956, 5, 17),
  (676210, 8, 0),
  (676914, 0, 16),
  (677082, 7, 17),
  (677663, 9, 3),
  (678712, 1, 11),
  (680039, 8, 3),
  (680138, 5, 10),
  (682313, 3, 11),
  (684922, 7, 21),
  (686433, 6, 10),
  (688397, 9, 13),
  (689026, 1, 11),
  (689616, 8, 2),
  (690046, 10, 11),
  (690979, 5, 13),
  (691241, 1, 22),
  (692485, 4, 8),
  (693383, 6, 22),
  (693883, 1, 0),
  (696390, 5, 4),
  (698562, 1, 0),
  (698630, 4, 9),
  (700288, 3, 7),
  (701504, 6, 6),
  (707574, 8, 2),
  (709108, 3, 3),
  (710376, 4, 7),
  (711553, 4, 17),
  (713130, 8, 3),
  (715155, 1, 21),
  (717677, 10, 11),
  (719243, 2, 7),
  (720076, 11, 18),
  (723602, 0, 11),
  (724168, 8, 18),
  (724740, 0, 0),
  (724866, 2, 17),
  (726647, 11, 11),
  (728594, 8, 3),
  (730296, 7, 21),
  (731993, 7, 22),
  (734185, 10, 12),
  (735274, 1, 0),
  (736382, 7, 17),
  (740215, 9, 8),
  (740275, 9, 7),
  (740621, 10, 11),
  (741293, 5, 10),
  (742250, 6, 17),
  (742353, 1, 0),
  (742750, 1, 0),
  (743895, 1, 21),
  (746376, 11, 0),
  (746558, 2, 6),
  (747887, 1, 10),
  (749406, 8, 7),
  (753594, 5, 0),
  (754991, 7, 5),
  (758167, 11, 22),
  (762931, 3, 0),
  (764068, 8, 3),
  (765912, 0, 0),
  (767414, 1, 22),
  (769480, 8, 13),
  (770518, 7, 21),
  (771161, 9, 8),
  (771581, 5, 10),
  (771593, 10, 0),
  (774723, 1, 0),
  (774742, 5, 10),
  (774853, 8, 2),
  (775037, 2, 2),
  (776498, 10, 0),
  (777145, 0, 10),
  (779103, 3, 13),
  (779327, 5, 17),
  (780233, 3, 16),
  (782067, 5, 2),
  (784663, 8, 4),
  (787016, 8, 3),
  (787819, 8, 7),
  (788253, 8, 7),
  (788279, 2, 3),
  (788972, 3, 5),
  (789244, 1, 11),
  (789274, 7, 18),
  (789312, 1, 0),
  (794510, 9, 7),
  (794730, 8, 4),
  (796298, 8, 7),
  (798016, 10, 0),
  (798280, 8, 3),
  (798363, 8, 3),
  (798516, 3, 7),
  (798708, 11, 0),
  (801038, 9, 7),
  (801703, 7, 16),
  (802482, 5, 10),
  (804417, 6, 17),
  (804733, 4, 10),
  (805118, 8, 7),
  (807985, 11, 11),
  (808129, 8, 3),
  (811462, 10, 0),
  (813593, 11, 11),
  (813990, 7, 11),
  (815107, 0, 10),
  (823131, 10, 5),
  (823547, 1, 0),
  (825055, 7, 10),
  (827574, 2, 7),
  (831796, 1, 0),
  (837773, 3, 10),
  (838227, 3, 6),
  (839740, 10, 0),
  (840730, 9, 13),
  (841722, 8, 2),
  (841948, 3, 7),
  (842705, 0, 2),
  (842881, 2, 8),
  (845198, 9, 1),
  (847346, 6, 10),
  (853877, 8, 16),
  (854745, 9, 7),
  (858382, 8, 18),
  (859276, 9, 3),
  (859936, 7, 10),
  (860187, 3, 18),
  (860882, 1, 10),
  (862470, 11, 11),
  (863130, 6, 18),
  (865670, 1, 14),
  (868333, 2, 0),
  (868916, 4, 10),
  (869549, 10, 0),
  (871530, 5, 17),
  (871741, 2, 13),
  (873400, 7, 17),
  (877002, 6, 2),
  (877832, 1, 0),
  (881759, 11, 4),
  (883244, 6, 9),
  (883508, 6, 10),
  (884246, 8, 3),
  (887482, 1, 11),
  (889221, 7, 10),
  (890768, 1, 12),
  (891508, 4, 10),
  (895042, 9, 16),
  (898115, 9, 7),
  (901369, 4, 10),
  (905780, 8, 18),
  (908517, 8, 3),
  (910955, 11, 0),
  (912379, 0, 0),
  (914514, 0, 0),
  (914780, 1, 0),
  (916551, 4, 6),
  (916815, 1, 0),
  (917112, 9, 7),
  (917609, 1, 19),
  (917745, 9, 4),
  (918377, 5, 10),
  (920076, 5, 5),
  (920238, 9, 0),
  (920708, 6, 6),
  (924889, 11, 10),
  (926482, 2, 16),
  (927016, 2, 4),
  (927097, 2, 10),
  (927269, 3, 0),
  (930482, 9, 0),
  (930874, 7, 19),
  (930951, 6, 10),
  (931877, 0, 0),
  (932365, 4, 10),
  (939522, 0, 11),
  (939807, 1, 0),
  (942431, 5, 22),
  (943750, 1, 0),
  (943894, 0, 11),
  (951111, 0, 22),
  (953372, 0, 11),
  (953501, 0, 0),
  (954424, 1, 22),
  (954528, 1, 11),
  (956283, 3, 3),
  (957031, 11, 18),
  (958711, 7, 10),
  (960869, 5, 10),
  (961436, 2, 10),
  (961523, 5, 9),
  (962272, 9, 8),
  (962406, 6, 2),
  (963576, 3, 0),
  (964700, 11, 10),
  (965722, 5, 17),
  (967951, 8, 14),
  (969968, 11, 7),
  (971297, 7, 22),
  (973197, 9, 7),
  (973568, 9, 3),
  (973714, 5, 10),
  (980811, 0, 0),
  (983117, 11, 10),
  (983618, 3, 5),
  (984037, 4, 20),
  (986351, 7, 10),
  (992141, 0, 0),
  (993590, 7, 9),
  (994757, 8, 10),
  (995231, 11, 11),
  (996359, 4, 17),
  (997217, 2, 9),
  (998381, 1, 0),
  (999444, 6, 3),
  (1004523, 8, 18),
  (1004691, 9, 7),
  (1005143, 10, 0),
  (1007198, 10, 0),
  (1008012, 0, 3),
  (1009454, 9, 3),
  (1011243, 6, 10),
  (1013107, 5, 17),
  (1018333, 9, 3),
  (1019120, 1, 0),
  (1019123, 2, 18),
  (1020696, 11, 11),
  (1022652, 7, 17),
  (1023622, 5, 17),
  (1025929, 0, 11),
  (1026570, 9, 2),
  (1030432, 7, 10),
  (1031964, 2, 9),
  (1032263, 5, 21),
  (1035146, 8, 12),
  (1036164, 7, 10),
  (1038078, 9, 0),
  (1045182, 7, 6),
  (1045499, 3, 6),
  (1045866, 11, 0),
  (1046725, 4, 10),
  (1048724, 9, 0),
  (1048894, 11, 10),
  (1049589, 6, 17),
  (1051272, 5, 17),
  (1051386, 8, 3),
  (1053093, 3, 0),
  (1055310, 10, 0),
  (1055549, 0, 11),
  (1056616, 4, 10),
  (1058094, 4, 10),
  (1059099, 5, 10),
  (1059212, 3, 2),
  (1060655, 3, 18),
  (1061367, 3, 4),
  (1064869, 3, 18),
  (1067833, 11, 0),
  (1071449, 9, 13),
  (1074934, 8, 7),
  (1075243, 11, 0),
  (1075833, 10, 0),
  (1078798, 3, 9),
  (1080804, 7, 17),
  (1080816, 8, 18),
  (1081275, 9, 18),
  (1083594, 9, 9),
  (1084291, 4, 10),
  (1085908, 10, 16),
  (1087020, 10, 11),
  (1087088, 3, 5),
  (1088543, 11, 0),
  (1091315, 11, 0),
  (1092753, 3, 4),
  (1093760, 8, 7),
  (1094246, 11, 0),
  (1095213, 7, 10),
  (1095283, 8, 7),
  (1102587, 11, 0),
  (1109141, 5, 10),
  (1110140, 8, 12),
  (1113977, 4, 17),
  (1114565, 1, 18),
  (1114670, 6, 10),
  (1115968, 0, 0),
  (1116569, 9, 10),
  (1117781, 0, 11),
  (1117849, 11, 11),
  (1118234, 0, 0),
  (1121905, 7, 9),
  (1123671, 11, 0),
  (1128239, 7, 10),
  (1129675, 1, 0),
  (1129709, 6, 21),
  (1129773, 2, 2),
  (1129940, 5, 10),
  (1131246, 8, 1),
  (1132804, 5, 22),
  (1134718, 6, 17),
  (1134942, 2, 18),
  (1135456, 6, 9),
  (1136703, 11, 11),
  (1136862, 3, 15),
  (1140823, 2, 3),
  (1141254, 6, 21),
  (1142242, 11, 0),
  (1142741, 10, 18),
  (1144127, 1, 11),
  (1144149, 8, 3),
  (1144522, 1, 0),
  (1145661, 7, 10),
  (1146595, 5, 9),
  (1146862, 5, 12),
  (1147582, 0, 10),
  (1148811, 9, 18),
  (1149121, 11, 18),
  (1152818, 6, 10),
  (1153664, 11, 22),
  (1154943, 4, 22),
  (1155192, 9, 13),
  (1156390, 10, 22),
  (1157975, 3, 3),
  (1161349, 2, 7),
  (1162499, 7, 21),
  (1165275, 4, 10),
  (1166157, 4, 8),
  (1166304, 7, 10),
  (1166304, 11, 11),
  (1169038, 10, 0),
  (1172612, 2, 7),
  (1172779, 5, 17),
  (1173234, 6, 10),
  (1173308, 11, 0),
  (1174109, 1, 0),
  (1176552, 0, 10),
  (1176605, 9, 4),
  (1177464, 3, 3),
  (1179124, 4, 10),
  (1180475, 9, 9),
  (1182374, 5, 9),
  (1182701, 7, 19),
  (1184437, 4, 10),
  (1185630, 9, 3),
  (1187802, 7, 17),
  (1190938, 5, 10),
  (1193663, 10, 0),
  (1194137, 10, 11),
  (1196327, 10, 0),
  (1196639, 3, 10),
  (1198034, 8, 0),
  (1199013, 5, 2),
  (1199121, 7, 17),
  (1199915, 5, 10),
  (1200777, 10, 22),
  (1200881, 2, 3),
  (1201387, 10, 0),
  (1203719, 5, 10),
  (1204702, 10, 0),
  (1206099, 2, 0),
  (1206392, 9, 8),
  (1206658, 6, 13),
  (1206802, 6, 22),
  (1208958, 1, 11),
  (1210656, 4, 10),
  (1210704, 4, 5),
  (1213938, 4, 10),
  (1215492, 4, 16),
  (1217115, 8, 1),
  (1218010, 4, 8),
  (1218507, 9, 11),
  (1220679, 2, 7),
  (1222615, 8, 7),
  (1222651, 11, 0),
  (1222724, 2, 3),
  (1223054, 11, 0),
  (1227279, 5, 17),
  (1229068, 2, 7),
  (1229364, 11, 0),
  (1229441, 3, 6),
  (1230814, 9, 4),
  (1231003, 6, 10),
  (1232957, 5, 17),
  (1233330, 8, 4),
  (1233548, 1, 0),
  (1240310, 6, 10),
  (1240366, 0, 10),
  (1241520, 10, 10),
  (1243995, 9, 3),
  (1246680, 6, 10),
  (1248410, 10, 0),
  (1253738, 9, 7),
  (1254494, 3, 1),
  (1255099, 5, 10),
  (1258435, 0, 0),
  (1259158, 8, 11),
  (1260272, 6, 10),
  (1261119, 4, 10),
  (1262562, 10, 0),
  (1263160, 11, 0),
  (1264837, 5, 17),
  (1266992, 9, 3),
  (1267265, 11, 0),
  (1267524, 10, 11),
  (1268231, 3, 10),
  (1278224, 11, 0),
  (1278500, 3, 10),
  (1281308, 4, 10),
  (1283959, 3, 6),
  (1287197, 8, 3),
  (1290601, 6, 17),
  (1291294, 8, 11),
  (1292729, 8, 9),
  (1293231, 4, 10),
  (1296849, 11, 18),
  (1297071, 3, 0),
  (1299342, 9, 13),
  (1300252, 9, 12),
  (1300393, 11, 10),
  (1302629, 1, 11),
  (1306224, 3, 0),
  (1306483, 7, 17),
  (1309371, 2, 10),
  (1310211, 11, 0),
  (1311389, 4, 10),
  (1313806, 5, 18),
  (1314905, 7, 5),
  (1315111, 8, 12),
  (1315173, 10, 11),
  (1315510, 10, 0),
  (1317882, 0, 0),
  (1318958, 3, 11),
  (1318976, 0, 7),
  (1320993, 7, 17),
  (1321792, 3, 7),
  (1324305, 9, 3),
  (1329491, 2, 0),
  (1331164, 3, 11),
  (1333702, 1, 0),
  (1333785, 6, 21),
  (1333811, 11, 11),
  (1334452, 10, 0),
  (1335843, 1, 11),
  (1336245, 11, 11),
  (1340764, 10, 0),
  (1342573, 7, 10),
  (1345602, 6, 10),
  (1346175, 3, 5),
  (1346447, 9, 4),
  (1351419, 10, 0),
  (1351926, 8, 3),
  (1352462, 7, 10),
  (1354216, 3, 3),
  (1356260, 4, 10),
  (1358093, 2, 3),
  (1359092, 9, 18),
  (1362403, 11, 0),
  (1365149, 3, 15),
  (1366191, 9, 0),
  (1372003, 4, 10),
  (1372429, 10, 10),
  (1373118, 0, 17),
  (1375898, 2, 3),
  (1376689, 10, 0),
  (1376961, 1, 22),
  (1379274, 3, 8),
  (1380287, 6, 10),
  (1381432, 5, 10),
  (1382943, 4, 17),
  (1386072, 8, 18),
  (1386082, 8, 10),
  (1386546, 2, 1),
  (1387933, 5, 17),
  (1388697, 5, 10),
  (1393499, 0, 11),
  (1393728, 8, 2),
  (1397648, 4, 10),
  (1398792, 8, 3),
  (1399252, 10, 0),
  (1400341, 7, 10),
  (1400638, 8, 11),
  (1401387, 1, 22),
  (1402124, 6, 18),
  (1404152, 11, 0),
  (1405709, 4, 10),
  (1405896, 9, 3),
  (1406864, 8, 8),
  (1411546, 11, 11),
  (1411642, 9, 7),
  (1412183, 10, 11),
  (1413472, 11, 0),
  (1417020, 6, 9),
  (1419235, 11, 11),
  (1426177, 9, 13),
  (1430478, 5, 21),
  (1432873, 8, 3),
  (1435102, 3, 6),
  (1435656, 3, 13),
  (1436343, 1, 0),
  (1439115, 10, 0),
  (1439686, 9, 3),
  (1442164, 0, 11),
  (1442415, 8, 10),
  (1443797, 5, 10),
  (1445751, 11, 0),
  (1447289, 1, 7),
  (1449399, 6, 10),
  (1451850, 11, 11),
  (1452683, 4, 10),
  (1453923, 6, 10),
  (1454905, 6, 10),
  (1457333, 0, 9),
  (1457806, 11, 22),
  (1463114, 0, 0),
  (1465059, 0, 0),
  (1466535, 11, 14),
  (1468249, 11, 0),
  (1468272, 8, 15),
  (1470803, 7, 22),
  (1472287, 1, 0),
  (1474408, 10, 0),
  (1474933, 10, 7),
  (1475776, 11, 0),
  (1477409, 3, 6),
  (1478230, 3, 18),
  (1480726, 6, 17),
  (1481482, 9, 3),
  (1481585, 0, 0),
  (1486743, 11, 7),
  (1487269, 7, 10),
  (1488796, 8, 12),
  (1488995, 7, 9),
  (1489724, 5, 10),
  (1495069, 5, 10),
  (1495094, 1, 0),
  (1496298, 0, 11),
  (1501683, 4, 10),
  (1501751, 11, 0),
  (1502771, 6, 18),
  (1504406, 0, 0),
  (1504727, 8, 14),
  (1506257, 1, 22),
  (1506648, 9, 12),
  (1507475, 1, 0),
  (1508816, 4, 17),
  (1511003, 8, 13),
  (1512824, 10, 0),
  (1521088, 4, 9),
  (1521263, 2, 13),
  (1522741, 4, 10),
  (1522774, 6, 2),
  (1524097, 8, 5),
  (1525082, 7, 22),
  (1526391, 7, 21),
  (1527729, 7, 10),
  (1528600, 9, 4),
  (1529249, 6, 10),
  (1530799, 0, 0),
  (1532988, 3, 14),
  (1533749, 5, 21),
  (1534294, 11, 0),
  (1536302, 9, 4),
  (1536599, 6, 22),
  (1536888, 10, 11),
  (1540410, 4, 9),
  (1540592, 3, 3),
  (1541957, 9, 1),
  (1543389, 10, 0),
  (1545220, 0, 3),
  (1546575, 9, 12),
  (1546607, 10, 11),
  (1546904, 5, 17),
  (1547704, 8, 3),
  (1547956, 11, 11),
  (1548655, 2, 3),
  (1549745, 7, 21),
  (1552858, 1, 0),
  (1559159, 10, 11),
  (1561402, 1, 6),
  (1561675, 6, 17),
  (1562715, 6, 10),
  (1562864, 10, 0),
  (1563641, 0, 13),
  (1565591, 9, 9),
  (1566030, 9, 4),
  (1570227, 9, 10),
  (1573816, 11, 3),
  (1578424, 9, 7),
  (1579113, 0, 0),
  (1581064, 8, 7),
  (1581396, 8, 12),
  (1583023, 7, 10),
  (1585227, 7, 10),
  (1586081, 11, 14),
  (1587336, 11, 0),
  (1595769, 6, 17),
  (1596318, 7, 9),
  (1596938, 1, 0),
  (1599613, 11, 11),
  (1599699, 0, 11),
  (1601811, 11, 11),
  (1606921, 8, 0),
  (1607346, 5, 9),
  (1609026, 5, 10),
  (1609861, 6, 10),
  (1611106, 7, 17),
  (1613192, 10, 18),
  (1614964, 2, 5),
  (1615173, 3, 3),
  (1617560, 10, 0),
  (1618182, 10, 10),
  (1621371, 5, 17),
  (1621596, 0, 22),
  (1622360, 7, 10),
  (1623930, 2, 17),
  (1624082, 8, 10),
  (1625313, 9, 3),
  (1626480, 11, 2),
  (1626884, 4, 6),
  (1627427, 10, 0),
  (1630195, 2, 1),
  (1630924, 5, 17),
  (1631331, 2, 3),
  (1631429, 4, 9),
  (1634657, 0, 11),
  (1634729, 6, 21),
  (1635789, 9, 18),
  (1637588, 10, 0),
  (1638708, 1, 0),
  (1640144, 11, 7),
  (1641687, 1, 22),
  (1642007, 3, 4),
  (1646093, 9, 10),
  (1646446, 11, 0),
  (1647514, 11, 18),
  (1649145, 6, 10),
  (1650722, 11, 6),
  (1651008, 11, 0),
  (1652279, 10, 0),
  (1656809, 7, 21),
  (1657759, 7, 10),
  (1657918, 9, 0),
  (1657987, 1, 10),
  (1658188, 2, 13),
  (1660837, 5, 10),
  (1661821, 5, 6),
  (1664146, 10, 9),
  (1665734, 5, 17),
  (1667725, 8, 7),
  (1668764, 3, 18),
  (1668932, 8, 6),
  (1669102, 7, 21),
  (1669232, 0, 6),
  (1669731, 1, 11),
  (1673322, 7, 10),
  (1675760, 5, 17),
  (1679838, 3, 2),
  (1680254, 9, 17),
  (1686107, 2, 13),
  (1688572, 3, 3),
  (1690734, 11, 11),
  (1691235, 0, 0),
  (1693211, 9, 14),
  (1694697, 11, 0),
  (1694924, 2, 7),
  (1695179, 3, 7),
  (1696881, 9, 3),
  (1696979, 7, 10),
  (1697032, 2, 9),
  (1698247, 9, 12),
  (1698661, 2, 13),
  (1699354, 11, 0),
  (1703741, 11, 17),
  (1704133, 6, 10),
  (1704825, 9, 7),
  (1708591, 4, 9),
  (1708745, 10, 10),
  (1710680, 7, 10),
  (1713532, 6, 17),
  (1714138, 10, 22),
  (1716104, 3, 7),
  (1716955, 5, 22),
  (1718876, 3, 7),
  (1720720, 2, 12),
  (1721141, 0, 0),
  (1721803, 2, 11),
  (1722443, 2, 4),
  (1723041, 4, 22),
  (1723793, 11, 11),
  (1724657, 0, 0),
  (1724811, 6, 17),
  (1725654, 9, 7),
  (1726364, 4, 21),
  (1727076, 10, 18),
  (1727641, 10, 0),
  (1731589, 9, 7),
  (1732010, 3, 1),
  (1733626, 5, 21),
  (1734031, 2, 3),
  (1735020, 2, 3),
  (1736490, 11, 14),
  (1737104, 8, 3),
  (1738200, 11, 7),
  (1741000, 3, 3),
  (1741182, 1, 0),
  (1741461, 11, 0),
  (1741670, 2, 4),
  (1743236, 5, 10),
  (1743531, 8, 0),
  (1744780, 0, 11),
  (1746951, 7, 10),
  (1751623, 6, 17),
  (1753134, 4, 10),
  (1755462, 11, 6),
  (1755631, 8, 7),
  (1760306, 3, 2),
  (1762441, 5, 10),
  (1762669, 8, 7),
  (1763520, 8, 0),
  (1763796, 1, 4),
  (1764389, 10, 14),
  (1767300, 11, 0),
  (1767979, 4, 17),
  (1770780, 10, 0),
  (1771103, 8, 1),
  (1771622, 10, 0),
  (1774679, 6, 10),
  (1775542, 0, 3),
  (1778712, 10, 0),
  (1778867, 5, 10),
  (1779186, 10, 11),
  (1781178, 3, 3),
  (1785053, 9, 3),
  (1786855, 3, 0),
  (1787100, 1, 4),
  (1788709, 8, 10),
  (1789619, 6, 10),
  (1790265, 1, 16),
  (1794335, 3, 7),
  (1795616, 5, 9),
  (1796392, 2, 1),
  (1796794, 0, 0),
  (1798071, 1, 17),
  (1800427, 5, 10),
  (1806465, 10, 0),
  (1806468, 2, 7),
  (1806863, 1, 0),
  (1807105, 7, 10),
  (1807175, 10, 0),
  (1807299, 11, 22),
  (1808726, 4, 18),
  (1810524, 5, 19),
  (1811357, 4, 10),
  (1813248, 3, 3),
  (1814431, 6, 10),
  (1816348, 1, 3),
  (1816684, 1, 0),
  (1817157, 5, 1),
  (1817572, 2, 4),
  (1817843, 8, 8),
  (1822308, 11, 11),
  (1822386, 4, 10),
  (1828154, 11, 0),
  (1828822, 6, 13),
  (1830055, 8, 17),
  (1831010, 2, 0),
  (1831152, 5, 10),
  (1831281, 5, 6),
  (1836684, 8, 13),
  (1842224, 11, 3),
  (1848380, 5, 10),
  (1850531, 7, 17),
  (1851695, 9, 8),
  (1851995, 2, 3),
  (1852192, 2, 12),
  (1852295, 4, 8),
  (1852393, 4, 10),
  (1853124, 5, 9),
  (1854587, 9, 6),
  (1855423, 3, 0),
  (1855773, 5, 10),
  (1857305, 0, 0),
  (1859084, 7, 10),
  (1860315, 2, 10),
  (1860459, 3, 7),
  (1861565, 1, 22),
  (1861753, 4, 10),
  (1866974, 11, 10),
  (1867613, 9, 3),
  (1869194, 1, 0),
  (1869577, 8, 8),
  (1871060, 7, 10),
  (1872682, 11, 18),
  (1873072, 3, 3),
  (1874092, 2, 13),
  (1874440, 11, 0),
  (1874824, 0, 0),
  (1877008, 2, 17),
  (1877961, 1, 0),
  (1880575, 9, 11),
  (1880769, 4, 10),
  (1881224, 4, 10),
  (1882920, 0, 11),
  (1883366, 6, 5),
  (1887858, 7, 10),
  (1888497, 1, 18),
  (1890380, 9, 3),
  (1890998, 0, 18),
  (1892696, 5, 10),
  (1894191, 0, 10),
  (1898438, 5, 10),
  (1901125, 10, 11),
  (1902407, 9, 9),
  (1902500, 1, 0),
  (1904914, 2, 3),
  (1908159, 11, 0),
  (1909127, 3, 4),
  (1909917, 8, 3),
  (1914064, 6, 21),
  (1915171, 11, 18),
  (1915595, 9, 18),
  (1916938, 3, 7),
  (1916967, 6, 5),
  (1917410, 3, 9),
  (1917877, 4, 10),
  (1918208, 5, 21),
  (1918315, 0, 11),
  (1920380, 3, 7),
  (1921928, 1, 0),
  (1922003, 10, 0),
  (1923477, 10, 11),
  (1926274, 4, 10),
  (1927313, 7, 9),
  (1931112, 9, 7),
  (1932123, 7, 10),
  (1932205, 6, 9),
  (1936227, 4, 10),
  (1936247, 5, 17),
  (1937840, 3, 14),
  (1939064, 7, 10),
  (1940807, 5, 10),
  (1942671, 7, 10),
  (1943805, 3, 7),
  (1945566, 5, 10),
  (1945591, 4, 6),
  (1950037, 2, 11),
  (1953118, 9, 10),
  (1954370, 10, 11),
  (1956283, 1, 11),
  (1957656, 11, 22),
  (1959203, 11, 0),
  (1964095, 10, 0),
  (1964226, 6, 9),
  (1964725, 9, 3),
  (1965025, 8, 7),
  (1965178, 8, 3),
  (1966841, 4, 10),
  (1966941, 0, 11),
  (1967229, 6, 11),
  (1971997, 9, 3),
  (1975677, 8, 7),
  (1976859, 5, 10),
  (1977023, 5, 10),
  (1977946, 4, 10),
  (1980755, 8, 7),
  (1981725, 3, 7),
  (1982125, 0, 20),
  (1982803, 2, 14),
  (1985258, 5, 10),
  (1990386, 3, 10),
  (1990641, 6, 10),
  (1990951, 11, 0),
  (1990985, 0, 0),
  (1993705, 1, 0),
  (1993714, 7, 10),
  (1995408, 4, 10),
  (1995978, 11, 13),
  (1996725, 8, 3),
  (1997098, 11, 3),
  (1998154, 4, 21),
  (1998352, 1, 18),
  (2000701, 6, 17),
  (2001785, 10, 0),
  (2002485, 7, 10),
  (2002558, 10, 11),
  (2005801, 4, 22),
  (2006750, 9, 15),
  (2008527, 1, 0),
  (2008704, 11, 22),
  (2008976, 8, 18),
  (2009333, 11, 11),
  (2010378, 4, 17),
  (2010534, 7, 10),
  (2010994, 5, 9),
  (2012493, 5, 10),
  (2013098, 11, 7),
  (2014396, 9, 13),
  (2014668, 4, 10),
  (2015419, 11, 0),
  (2020155, 7, 17),
  (2021435, 11, 11),
  (2021674, 4, 19),
  (2022443, 2, 7),
  (2025023, 10, 6),
  (2025092, 6, 13),
  (2030194, 4, 9),
  (2030532, 2, 18),
  (2031148, 6, 22),
  (2033392, 6, 3),
  (2036765, 1, 11),
  (2036881, 4, 21),
  (2037337, 1, 6),
  (2039041, 11, 19),
  (2040777, 0, 0),
  (2044449, 2, 8),
  (2045760, 6, 5),
  (2048202, 6, 15),
  (2049814, 2, 3),
  (2050297, 3, 11),
  (2053672, 5, 6),
  (2054513, 4, 12),
  (2055074, 11, 0),
  (2055982, 6, 17),
  (2056137, 4, 10),
  (2063803, 7, 9),
  (2063879, 8, 7),
  (2064344, 2, 0),
  (2069716, 9, 10),
  (2070047, 10, 0),
  (2071191, 6, 17),
  (2072978, 9, 6),
  (2073650, 8, 9),
  (2075282, 3, 11),
  (2076759, 11, 0),
  (2081167, 9, 6),
  (2082461, 2, 1),
  (2088355, 9, 7),
  (2093254, 3, 11),
  (2093969, 9, 7),
  (2096621, 11, 18),
  (2096881, 10, 19),
  (2098256, 6, 17),
  (2099435, 9, 7),
  (2101166, 7, 17),
  (2102600, 4, 17),
  (2103354, 6, 10),
  (2104144, 2, 7),
  (2104334, 9, 18),
  (2107468, 0, 0),
  (2108862, 9, 7),
  (2114660, 6, 11),
  (2116072, 1, 0),
  (2117049, 9, 7),
  (2117238, 0, 11),
  (2118093, 7, 17),
  (2118883, 8, 3),
  (2119153, 1, 11),
  (2122768, 3, 18),
  (2122952, 8, 14),
  (2124060, 8, 7),
  (2124555, 11, 6),
  (2124697, 0, 22),
  (2125192, 5, 10),
  (2126266, 5, 17),
  (2126547, 3, 6),
  (2130417, 11, 0),
  (2131972, 9, 7),
  (2135158, 10, 22),
  (2136275, 3, 3),
  (2139554, 10, 0),
  (2147201, 0, 0),
  (2150308, 7, 10),
  (2150824, 1, 0),
  (2150897, 9, 5),
  (2152963, 3, 10),
  (2153502, 7, 10),
  (2154200, 5, 10),
  (2156283, 2, 3),
  (2156432, 9, 6),
  (2156438, 4, 22),
  (2156523, 2, 15),
  (2158742, 9, 10),
  (2164271, 7, 22),
  (2164961, 3, 13),
  (2165771, 0, 11),
  (2166132, 8, 18),
  (2168517, 9, 2),
  (2169568, 6, 22),
  (2170308, 0, 0),
  (2171019, 4, 22),
  (2171913, 9, 3),
  (2180817, 3, 5),
  (2184743, 4, 21),
  (2185139, 4, 9),
  (2189610, 3, 0),
  (2189844, 2, 13),
  (2191950, 0, 11),
  (2192545, 2, 0),
  (2193009, 11, 22),
  (2193097, 0, 0),
  (2194703, 11, 3),
  (2198643, 3, 10),
  (2202818, 6, 10),
  (2203504, 1, 11),
  (2204791, 11, 13),
  (2211698, 4, 16),
  (2212296, 10, 11),
  (2214348, 9, 7),
  (2216933, 7, 0),
  (2220522, 8, 3),
  (2220793, 7, 10),
  (2226684, 0, 11),
  (2231070, 6, 10),
  (2231566, 4, 15),
  (2233267, 9, 3),
  (2233582, 2, 3),
  (2238812, 5, 5),
  (2238919, 5, 10),
  (2240920, 1, 0),
  (2243393, 9, 3),
  (2250342, 1, 10),
  (2252576, 11, 0),
  (2253545, 1, 0),
  (2253757, 5, 21),
  (2254111, 1, 0),
  (2255791, 3, 17),
  (2258743, 2, 13),
  (2258778, 6, 3),
  (2259305, 6, 21),
  (2260172, 9, 18),
  (2261897, 7, 5),
  (2263208, 9, 7),
  (2267359, 7, 17),
  (2267861, 0, 21),
  (2270441, 3, 13),
  (2278713, 8, 14),
  (2283388, 4, 17),
  (2284696, 11, 22),
  (2286229, 11, 22),
  (2286302, 11, 0),
  (2286622, 8, 18),
  (2288130, 11, 0),
  (2290969, 4, 9),
  (2291542, 10, 0),
  (2294763, 1, 17),
  (2295225, 5, 10),
  (2296924, 0, 0),
  (2297445, 10, 0),
  (2299699, 7, 17),
  (2299828, 5, 10),
  (2300177, 0, 11),
  (2302439, 3, 10),
  (2304209, 4, 10),
  (2304752, 8, 18),
  (2311632, 5, 10),
  (2312042, 2, 8),
  (2312645, 4, 10),
  (2314595, 2, 4),
  (2315082, 4, 10),
  (2316311, 3, 3),
  (2317036, 2, 3),
  (2318621, 5, 10),
  (2319319, 3, 7),
  (2323082, 9, 7),
  (2327399, 3, 6),
  (2329906, 1, 0),
  (2330054, 4, 18),
  (2330292, 4, 10),
  (2330827, 4, 10),
  (2335419, 9, 4),
  (2335726, 4, 16),
  (2336717, 5, 17),
  (2336890, 2, 0),
  (2337506, 10, 4),
  (2339402, 10, 10),
  (2340321, 8, 2),
  (2341172, 7, 10),
  (2341562, 9, 13),
  (2348209, 3, 11),
  (2348583, 11, 5),
  (2349453, 5, 10),
  (2350030, 9, 18),
  (2350972, 3, 7),
  (2360265, 5, 14),
  (2360427, 11, 0),
  (2361973, 8, 17),
  (2364752, 2, 3),
  (2366690, 8, 7),
  (2366846, 6, 10),
  (2368027, 0, 19),
  (2368430, 3, 12),
  (2369502, 5, 10),
  (2370436, 1, 17),
  (2372052, 2, 0),
  (2375743, 2, 3),
  (2376148, 5, 2),
  (2377047, 11, 0),
  (2377622, 0, 10),
  (2378047, 11, 0),
  (2379747, 3, 7),
  (2380347, 11, 11),
  (2380691, 3, 17),
  (2381294, 8, 6),
  (2382337, 10, 0),
  (2387559, 11, 0),
  (2392844, 3, 3),
  (2393243, 0, 11),
  (2394689, 10, 0),
  (2395246, 1, 22),
  (2396019, 4, 0),
  (2399005, 10, 2),
  (2402268, 11, 11),
  (2402833, 11, 0),
  (2403139, 5, 13),
  (2405967, 8, 3),
  (2406114, 6, 10),
  (2406306, 9, 13),
  (2409063, 7, 12),
  (2415523, 10, 15),
  (2416338, 6, 10),
  (2416351, 8, 3),
  (2417459, 9, 11),
  (2418675, 4, 10),
  (2420673, 10, 0),
  (2423351, 10, 0),
  (2426921, 7, 22),
  (2427968, 8, 17),
  (2430636, 7, 10),
  (2431545, 2, 0),
  (2431722, 10, 0),
  (2432457, 11, 11),
  (2433293, 9, 7),
  (2434582, 1, 15),
  (2434715, 6, 13),
  (2435307, 9, 15),
  (2437246, 9, 6),
  (2437676, 8, 12),
  (2441043, 5, 10),
  (2442521, 9, 3),
  (2444458, 1, 0),
  (2445578, 6, 10),
  (2446992, 5, 17),
  (2449130, 0, 0),
  (2450876, 1, 11),
  (2451487, 8, 3),
  (2451516, 11, 0),
  (2454863, 3, 3),
  (2457659, 11, 18),
  (2458308, 3, 3),
  (2458497, 3, 11),
  (2458827, 4, 9),
  (2458911, 2, 0),
  (2459298, 5, 13),
  (2460200, 4, 10),
  (2463007, 7, 10),
  (2463621, 6, 10),
  (2463715, 9, 5),
  (2464134, 3, 7),
  (2467604, 1, 0),
  (2470466, 0, 0),
  (2472186, 2, 3),
  (2474534, 3, 3),
  (2476317, 5, 22),
  (2476490, 9, 7),
  (2479799, 9, 10),
  (2485791, 5, 21),
  (2486390, 9, 3),
  (2487455, 8, 3),
  (2492490, 7, 10),
  (2492636, 5, 10),
  (2493712, 10, 17),
  (2493723, 1, 0),
  (2493813, 6, 10),
  (2494055, 11, 3),
  (2502310, 6, 10),
  (2503186, 6, 21),
  (2504251, 4, 10),
  (2504538, 2, 13),
  (2506062, 1, 5),
  (2507088, 1, 17),
  (2507190, 1, 0),
  (2512177, 6, 10),
  (2512638, 9, 7),
  (2513441, 10, 10),
  (2515735, 0, 0),
  (2516818, 9, 3),
  (2517185, 7, 10),
  (2517868, 6, 5),
  (2518394, 1, 8),
  (2519152, 9, 12),
  (2520720, 9, 7),
  (2521042, 11, 11),
  (2521326, 3, 3),
  (2521772, 1, 22),
  (2522820, 5, 10),
  (2522979, 0, 11),
  (2525325, 11, 0),
  (2527800, 2, 7),
  (2528905, 7, 10),
  (2530452, 6, 10),
  (2531246, 0, 0),
  (2531383, 9, 18),
  (2533506, 3, 4),
  (2535191, 8, 7),
  (2535931, 3, 0),
  (2538307, 6, 10),
  (2539329, 2, 11),
  (2539364, 10, 18),
  (2543943, 5, 22),
  (2545225, 1, 0),
  (2546021, 8, 0),
  (2546148, 10, 22),
  (2546272, 11, 11),
  (2548502, 5, 10),
  (2548777, 9, 13),
  (2549821, 4, 17),
  (2549901, 6, 21),
  (2551948, 11, 11),
  (2552098, 3, 18),
  (2562989, 10, 11),
  (2563549, 1, 11),
  (2570577, 1, 11),
  (2571080, 10, 0),
  (2571337, 3, 7),
  (2572400, 2, 17),
  (2572692, 1, 11),
  (2572693, 0, 11),
  (2573671, 2, 4),
  (2574799, 4, 10),
  (2575793, 6, 17),
  (2577259, 6, 9),
  (2578685, 9, 5),
  (2579316, 2, 18),
  (2579821, 8, 4),
  (2580291, 9, 7),
  (2580514, 1, 11),
  (2580740, 0, 0),
  (2581032, 5, 10),
  (2581940, 6, 21),
  (2583821, 0, 11),
  (2584311, 6, 10),
  (2586516, 4, 10),
  (2586952, 1, 3),
  (2587332, 10, 0),
  (2589758, 6, 10),
  (2591679, 8, 11),
  (2592042, 9, 7),
  (2592113, 7, 18),
  (2592231, 5, 10),
  (2592655, 4, 10),
  (2594804, 10, 11),
  (2595142, 9, 2),
  (2595804, 11, 0),
  (2595883, 2, 7),
  (2596464, 7, 10),
  (2596734, 0, 3),
  (2598803, 7, 10),
  (2600178, 10, 22),
  (2600954, 9, 0),
  (2601443, 1, 11),
  (2603607, 6, 10),
  (2604059, 10, 10),
  (2605683, 11, 0),
  (2612022, 11, 11),
  (2613182, 0, 8),
  (2613612, 10, 0),
  (2619435, 2, 18),
  (2622950, 7, 10),
  (2624521, 4, 10),
  (2624805, 10, 0),
  (2625533, 1, 0),
  (2625670, 10, 0),
  (2626846, 7, 22),
  (2629300, 2, 0),
  (2629913, 6, 10),
  (2630050, 1, 0),
  (2630943, 10, 0),
  (2632230, 3, 7),
  (2634173, 11, 22),
  (2634757, 3, 7),
  (2635550, 10, 10),
  (2635625, 6, 10),
  (2637242, 2, 3),
  (2637356, 3, 10),
  (2638934, 3, 0),
  (2639071, 6, 10),
  (2639160, 9, 18),
  (2643171, 8, 7),
  (2643267, 3, 13),
  (2647097, 7, 9),
  (2655660, 9, 0),
  (2656488, 6, 17),
  (2663136, 7, 21),
  (2663636, 0, 0),
  (2663739, 8, 3),
  (2664333, 8, 3),
  (2665909, 4, 21),
  (2665979, 6, 10),
  (2668190, 7, 10),
  (2670064, 9, 11),
  (2670375, 4, 9),
  (2672503, 10, 0),
  (2673152, 3, 4),
  (2674409, 3, 3),
  (2679124, 3, 1),
  (2681743, 8, 3),
  (2684788, 4, 9),
  (2685261, 2, 7),
  (2685918, 5, 10),
  (2691957, 10, 6),
  (2692581, 10, 11),
  (2692755, 1, 14),
  (2698877, 2, 5),
  (2700573, 8, 3),
  (2703613, 4, 10),
  (2704762, 1, 18),
  (2704784, 0, 10),
  (2704905, 4, 10),
  (2707250, 10, 0),
  (2708707, 7, 10),
  (2708727, 9, 13),
  (2709600, 1, 0),
  (2709889, 1, 11),
  (2715094, 7, 17),
  (2715405, 9, 2),
  (2716675, 10, 14),
  (2717000, 6, 10),
  (2720783, 8, 12),
  (2724684, 9, 3),
  (2726349, 5, 18),
  (2726687, 11, 11),
  (2727413, 4, 10),
  (2729122, 11, 0),
  (2730045, 2, 3),
  (2730829, 3, 3),
  (2731446, 7, 21),
  (2733125, 0, 0),
  (2734970, 8, 2),
  (2735109, 10, 7),
  (2736508, 0, 0),
  (2737584, 3, 13),
  (2739642, 4, 17),
  (2742381, 9, 7),
  (2743738, 9, 3),
  (2745503, 11, 0),
  (2748345, 0, 17),
  (2748977, 6, 17),
  (2749057, 7, 10),
  (2749414, 5, 11),
  (2749474, 1, 0),
  (2751416, 6, 17),
  (2753144, 10, 0),
  (2754199, 8, 7),
  (2760236, 11, 0),
  (2762076, 11, 0),
  (2764693, 2, 7),
  (2765102, 6, 17),
  (2765736, 6, 10),
  (2766781, 8, 6),
  (2767130, 2, 11),
  (2767957, 0, 10),
  (2777211, 3, 8),
  (2777452, 10, 17),
  (2779779, 3, 14),
  (2780035, 2, 18),
  (2783258, 7, 10),
  (2783827, 9, 18),
  (2783902, 0, 0),
  (2783970, 2, 7),
  (2784856, 9, 7),
  (2785068, 3, 3),
  (2786773, 7, 10),
  (2790120, 7, 10),
  (2794268, 2, 13),
  (2794548, 7, 10),
  (2794725, 3, 7),
  (2794753, 4, 10),
  (2795557, 1, 18),
  (2796133, 2, 4),
  (2797309, 7, 10),
  (2797391, 5, 10),
  (2797717, 4, 10),
  (2797982, 6, 10),
  (2799817, 6, 9),
  (2800683, 6, 10),
  (2800951, 7, 10),
  (2802113, 2, 7),
  (2805627, 8, 13),
  (2809543, 7, 19),
  (2812201, 11, 0),
  (2814353, 4, 10),
  (2816217, 8, 4),
  (2816809, 8, 13),
  (2817092, 10, 11),
  (2821081, 10, 0),
  (2822025, 2, 10),
  (2822226, 8, 15),
  (2825058, 10, 0),
  (2825853, 10, 0),
  (2827880, 7, 10),
  (2828855, 2, 10),
  (2829215, 4, 10),
  (2830228, 1, 14),
  (2831808, 10, 18),
  (2834938, 7, 1),
  (2835026, 10, 11),
  (2835652, 5, 10),
  (2835781, 4, 22),
  (2839129, 8, 6),
  (2845860, 3, 15),
  (2846129, 0, 0),
  (2851312, 2, 7),
  (2854224, 5, 21),
  (2858601, 7, 17),
  (2864140, 8, 13),
  (2864188, 9, 3),
  (2864836, 8, 10),
  (2866545, 1, 0),
  (2867802, 3, 7),
  (2871065, 0, 0),
  (2871269, 3, 0),
  (2871536, 5, 17),
  (2872077, 10, 0),
  (2872225, 7, 10),
  (2875497, 7, 13),
  (2876535, 0, 8),
  (2878455, 9, 5),
  (2879926, 7, 19),
  (2879951, 8, 7),
  (2882767, 9, 9),
  (2883000, 4, 10),
  (2884888, 0, 0),
  (2886261, 10, 0),
  (2887422, 10, 14),
  (2888865, 5, 17),
  (2889634, 3, 8),
  (2889730, 9, 4),
  (2899606, 2, 7),
  (2900848, 7, 10),
  (2901337, 10, 0),
  (2905412, 1, 0),
  (2905661, 8, 15),
  (2907030, 9, 3),
  (2911255, 3, 7),
  (2911838, 10, 0),
  (2911883, 4, 10),
  (2913742, 0, 6),
  (2915070, 6, 10),
  (2916883, 2, 0),
  (2918398, 7, 21),
  (2919074, 10, 11),
  (2921341, 8, 7),
  (2922147, 8, 13),
  (2923254, 9, 4),
  (2927791, 9, 2),
  (2935357, 9, 5),
  (2935587, 10, 22),
  (2936393, 11, 19),
  (2937391, 7, 10),
  (2938517, 8, 0),
  (2938751, 11, 0),
  (2940396, 10, 17),
  (2941671, 8, 10),
  (2942073, 10, 3),
  (2942225, 2, 5),
  (2943760, 3, 6),
  (2943930, 9, 15),
  (2945753, 9, 6),
  (2946131, 6, 0),
  (2947197, 1, 0),
  (2951417, 8, 3),
  (2956209, 9, 7),
  (2957592, 4, 17),
  (2958045, 4, 10),
  (2958395, 0, 0),
  (2966328, 4, 19),
  (2968422, 10, 0),
  (2971114, 3, 3),
  (2971628, 3, 13),
  (2971688, 1, 10),
  (2974457, 1, 11),
  (2975268, 10, 0),
  (2975731, 4, 17),
  (2975922, 5, 17),
  (2977717, 11, 11),
  (2978450, 5, 10),
  (2980014, 10, 0),
  (2985793, 1, 18),
  (2986074, 2, 15),
  (2986964, 1, 0),
  (2992796, 9, 11),
  (2993592, 11, 0),
  (2995007, 11, 18),
  (2996309, 4, 21),
  (2996887, 8, 3),
  (3001490, 6, 12),
  (3002079, 3, 17),
  (3002692, 8, 13),
  (3003505, 0, 0),
  (3005197, 10, 0),
  (3005365, 0, 22),
  (3005903, 3, 0),
  (3007550, 0, 18),
  (3008716, 4, 9),
  (3011642, 2, 10),
  (3011851, 7, 10),
  (3015359, 10, 18),
  (3015932, 8, 10),
  (3021582, 3, 3),
  (3022759, 0, 11),
  (3024837, 3, 5),
  (3026409, 4, 10),
  (3027799, 3, 7),
  (3028564, 10, 7),
  (3032789, 3, 18),
  (3034332, 11, 0),
  (3034467, 10, 11),
  (3035937, 7, 21),
  (3036263, 6, 10),
  (3036579, 1, 0),
  (3036988, 2, 0),
  (3041584, 1, 3),
  (3042781, 8, 14),
  (3043739, 7, 17),
  (3045289, 1, 11),
  (3047026, 8, 3),
  (3048772, 8, 6),
  (3049617, 10, 11),
  (3051395, 10, 0),
  (3053655, 10, 11),
  (3053951, 8, 8),
  (3054133, 5, 14),
  (3058555, 9, 7),
  (3063853, 10, 11),
  (3065705, 8, 18),
  (3067231, 4, 17),
  (3067942, 7, 10),
  (3068505, 3, 9),
  (3070503, 9, 7),
  (3070711, 6, 17),
  (3071733, 3, 0),
  (3072205, 8, 3),
  (3074401, 3, 7),
  (3075101, 2, 4),
  (3075337, 7, 10),
  (3078984, 3, 0),
  (3079449, 2, 0),
  (3080562, 0, 0),
  (3081943, 1, 12),
  (3083452, 6, 21),
  (3083770, 10, 0),
  (3084596, 2, 6),
  (3084778, 9, 0),
  (3085215, 11, 3),
  (3085587, 1, 11),
  (3086836, 8, 13),
  (3090770, 9, 12),
  (3092385, 5, 11),
  (3092619, 5, 10),
  (3093923, 2, 7),
  (3096608, 3, 18),
  (3096825, 11, 0),
  (3097622, 4, 10),
  (3099198, 11, 11),
  (3099241, 4, 10),
  (3100524, 2, 3),
  (3103580, 9, 13),
  (3108051, 0, 0),
  (3109559, 1, 0),
  (3111821, 9, 10),
  (3112086, 1, 10),
  (3112247, 5, 10),
  (3112839, 10, 11),
  (3113667, 1, 0),
  (3115295, 9, 3),
  (3115515, 2, 11),
  (3121194, 8, 3),
  (3121416, 2, 2),
  (3122444, 6, 17),
  (3124467, 7, 21),
  (3124915, 5, 10),
  (3127384, 3, 5),
  (3128196, 10, 11),
  (3129935, 5, 10),
  (3131205, 3, 11),
  (3132065, 10, 17),
  (3134733, 2, 7),
  (3138549, 4, 22),
  (3138644, 3, 10),
  (3140494, 10, 0),
  (3140828, 6, 16),
  (3141437, 2, 9),
  (3141855, 10, 0),
  (3143458, 3, 13),
  (3144298, 5, 2),
  (3146319, 1, 0),
  (3147386, 8, 13),
  (3147659, 0, 0),
  (3150275, 6, 10),
  (3151937, 9, 16),
  (3153030, 8, 7),
  (3154423, 9, 8),
  (3156321, 10, 0),
  (3156737, 5, 17),
  (3157072, 8, 4),
  (3157236, 2, 10),
  (3159436, 9, 0),
  (3161420, 9, 7),
  (3163103, 0, 0),
  (3167073, 5, 22),
  (3168204, 10, 0),
  (3168791, 4, 22),
  (3169608, 11, 22),
  (3170791, 10, 11),
  (3171870, 10, 11),
  (3172334, 10, 0),
  (3174195, 9, 7),
  (3174684, 5, 17),
  (3176257, 4, 17),
  (3176358, 7, 18),
  (3179982, 3, 7),
  (3180797, 8, 10),
  (3180846, 6, 10),
  (3182385, 11, 11),
  (3182843, 5, 10),
  (3185057, 4, 10),
  (3185416, 2, 5),
  (3187061, 11, 18),
  (3188598, 0, 18),
  (3189009, 2, 6),
  (3189523, 1, 0),
  (3190547, 3, 7),
  (3191062, 6, 8),
  (3191736, 9, 18),
  (3194463, 5, 9),
  (3196596, 0, 0),
  (3200054, 3, 7),
  (3201085, 7, 22),
  (3202990, 8, 13),
  (3203700, 7, 22),
  (3204512, 3, 12),
  (3212001, 7, 17),
  (3214257, 6, 22),
  (3215800, 8, 0),
  (3217211, 2, 7),
  (3218338, 1, 0),
  (3221123, 0, 0),
  (3224871, 11, 11),
  (3225024, 3, 18),
  (3226678, 11, 10),
  (3231713, 1, 11),
  (3232326, 3, 0),
  (3235350, 5, 2),
  (3237782, 4, 10),
  (3238006, 3, 2),
  (3239198, 5, 10),
  (3240264, 11, 0),
  (3240440, 1, 13),
  (3242633, 4, 10),
  (3245218, 9, 10),
  (3249233, 2, 8),
  (3254902, 0, 0),
  (3256977, 5, 2),
  (3258068, 6, 10),
  (3258365, 4, 10),
  (3259143, 0, 7),
  (3259337, 1, 0),
  (3259584, 9, 8),
  (3260048, 6, 10),
  (3261305, 2, 3),
  (3262357, 0, 0),
  (3262777, 5, 17),
  (3263410, 5, 5),
  (3267733, 10, 0),
  (3271310, 5, 17),
  (3271524, 1, 11),
  (3274591, 9, 7),
  (3274654, 4, 10),
  (3274763, 2, 7),
  (3275252, 2, 9),
  (3275403, 0, 11),
  (3275458, 2, 3),
  (3276237, 2, 11),
  (3276616, 6, 10),
  (3278591, 6, 10),
  (3280108, 8, 16),
  (3281761, 7, 12),
  (3283660, 5, 18),
  (3284583, 11, 18),
  (3285850, 11, 0),
  (3287721, 7, 10),
  (3287972, 1, 0),
  (3290778, 11, 10),
  (3292153, 4, 21),
  (3292614, 8, 0),
  (3294586, 0, 11),
  (3294965, 7, 10),
  (3297520, 8, 13),
  (3300090, 7, 10),
  (3300319, 8, 4),
  (3304465, 3, 18),
  (3307380, 9, 7),
  (3307870, 8, 0),
  (3308293, 4, 17),
  (3309105, 7, 2),
  (3309874, 9, 7),
  (3311319, 1, 11),
  (3320864, 10, 0),
  (3320916, 2, 13),
  (3322428, 5, 10),
  (3323187, 1, 0),
  (3324694, 8, 7),
  (3325184, 3, 13),
  (3325605, 7, 10),
  (3326125, 2, 12),
  (3326347, 8, 11),
  (3328667, 3, 16),
  (3332042, 6, 10),
  (3333425, 1, 0),
  (3334887, 4, 22),
  (3339467, 5, 10),
  (3339534, 3, 7),
  (3339787, 6, 18),
  (3341038, 8, 10),
  (3342529, 3, 3),
  (3342696, 6, 17),
  (3343229, 10, 0),
  (3344441, 0, 6),
  (3348948, 6, 17),
  (3350115, 6, 10),
  (3350795, 9, 10),
  (3350806, 0, 3),
  (3352927, 2, 18),
  (3353351, 1, 11),
  (3353839, 8, 7),
  (3355207, 11, 11),
  (3355399, 0, 18),
  (3356418, 7, 17),
  (3356699, 0, 0),
  (3357390, 3, 4),
  (3357635, 5, 10),
  (3359718, 3, 10),
  (3360879, 6, 3),
  (3362284, 9, 10),
  (3363196, 5, 14),
  (3363229, 9, 0),
  (3363248, 10, 17),
  (3367291, 7, 10),
  (3368129, 8, 7),
  (3372168, 2, 10),
  (3375694, 4, 11),
  (3377482, 11, 0),
  (3378671, 6, 21),
  (3379443, 2, 3),
  (3381054, 10, 11),
  (3383733, 8, 7),
  (3383838, 11, 0),
  (3385424, 4, 10),
  (3385654, 0, 0),
  (3387767, 0, 17),
  (3392518, 8, 13),
  (3394407, 3, 7),
  (3396971, 8, 10),
  (3397471, 10, 3),
  (3399552, 8, 7),
  (3400763, 6, 10),
  (3401799, 3, 11),
  (3403639, 3, 3),
  (3403844, 9, 0),
  (3405599, 10, 21),
  (3406930, 10, 0),
  (3408309, 9, 7),
  (3408479, 8, 4),
  (3411291, 8, 3),
  (3412316, 7, 17),
  (3413743, 5, 10),
  (3415048, 10, 19),
  (3415655, 1, 0),
  (3415656, 1, 0),
  (3418152, 8, 4),
  (3418263, 0, 8),
  (3419543, 11, 20),
  (3421133, 10, 11),
  (3421424, 8, 13),
  (3422882, 2, 6),
  (3423086, 0, 0),
  (3427055, 1, 7),
  (3429183, 2, 18),
  (3429509, 4, 9),
  (3429551, 10, 0),
  (3430236, 10, 0),
  (3434324, 2, 7),
  (3435323, 5, 6),
  (3437483, 10, 18),
  (3439036, 9, 7),
  (3440808, 7, 17),
  (3444548, 5, 13),
  (3445303, 6, 10),
  (3446565, 10, 0),
  (3447464, 1, 10),
  (3449051, 3, 16),
  (3449300, 10, 0),
  (3449445, 3, 7),
  (3453974, 11, 11),
  (3455734, 0, 0),
  (3456061, 10, 11),
  (3457649, 4, 14),
  (3459703, 9, 1),
  (3460692, 5, 10),
  (3461215, 3, 4),
  (3466433, 3, 1),
  (3467250, 8, 18),
  (3467346, 9, 4),
  (3468149, 0, 18),
  (3468419, 0, 0),
  (3469141, 5, 22),
  (3469662, 11, 22),
  (3471476, 6, 17),
  (3472579, 10, 13),
  (3472752, 5, 22),
  (3474767, 9, 4),
  (3475480, 9, 13),
  (3475497, 4, 10),
  (3477013, 6, 21),
  (3480958, 7, 10),
  (3482335, 0, 0),
  (3486981, 5, 10),
  (3488009, 5, 10),
  (3488718, 8, 7),
  (3489541, 8, 9),
  (3491708, 11, 11),
  (3492555, 5, 16),
  (3492970, 1, 11),
  (3495277, 0, 18),
  (3497390, 10, 0),
  (3498666, 11, 13),
  (3498693, 5, 3),
  (3499016, 11, 22),
  (3499909, 2, 8),
  (3500942, 8, 0),
  (3501347, 0, 0),
  (3502968, 2, 7),
  (3503937, 2, 13),
  (3504195, 10, 11),
  (3505411, 10, 7),
  (3507078, 4, 3),
  (3507998, 11, 21),
  (3508568, 3, 7),
  (3511763, 6, 17),
  (3511814, 1, 0),
  (3513321, 0, 0),
  (3515396, 8, 12),
  (3516571, 7, 10),
  (3517842, 1, 11),
  (3518159, 6, 10),
  (3518934, 10, 0),
  (3521695, 8, 3),
  (3522964, 5, 16),
  (3523020, 3, 4),
  (3523505, 9, 7),
  (3525545, 8, 7),
  (3528244, 9, 3),
  (3529533, 0, 18),
  (3530557, 5, 10),
  (3530682, 7, 3),
  (3531562, 5, 10),
  (3533890, 8, 17),
  (3535574, 6, 10),
  (3536333, 4, 21),
  (3537618, 3, 3),
  (3538548, 8, 0),
  (3539702, 9, 3),
  (3539755, 11, 0),
  (3545793, 5, 17),
  (3548242, 2, 7),
  (3549205, 9, 15),
  (3549302, 5, 2),
  (3549594, 11, 11),
  (3550390, 11, 11),
  (3551012, 10, 0),
  (3551313, 2, 16),
  (3554396, 0, 11),
  (3556356, 11, 0),
  (3556739, 2, 7),
  (3556904, 10, 0),
  (3556958, 7, 22),
  (3558045, 7, 9),
  (3558357, 0, 0),
  (3558508, 4, 17),
  (3559145, 9, 10),
  (3560861, 7, 17),
  (3562603, 1, 18),
  (3564940, 6, 10),
  (3565589, 2, 18),
  (3566192, 10, 0),
  (3567871, 3, 7),
  (3568962, 2, 8),
  (3570068, 6, 10),
  (3570264, 11, 0),
  (3573997, 5, 10),
  (3576357, 0, 0),
  (3577334, 6, 10),
  (3577348, 10, 13),
  (3581007, 1, 0),
  (3581756, 6, 10),
  (3581905, 8, 18),
  (3582835, 10, 2),
  (3585788, 8, 18),
  (3586477, 4, 10),
  (3588416, 0, 4),
  (3590902, 9, 6),
  (3591098, 4, 10),
  (3592894, 11, 11),
  (3597747, 7, 20),
])
