from util import *
schedule = deque([
  (458, 0, 10),
  (3950, 1, 0),
  (5934, 2, 7),
  (6123, 7, 17),
  (6256, 0, 11),
  (6336, 4, 18),
  (7367, 0, 0),
  (7795, 6, 10),
  (7908, 3, 7),
  (9422, 10, 11),
  (10555, 4, 17),
  (10660, 2, 17),
  (10889, 9, 13),
  (12152, 3, 12),
  (13867, 4, 10),
  (15569, 4, 10),
  (15713, 6, 10),
  (15874, 2, 3),
  (16314, 4, 10),
  (18202, 8, 7),
  (18931, 4, 10),
  (19061, 4, 10),
  (19301, 4, 17),
  (19937, 0, 22),
  (20183, 3, 7),
  (20645, 3, 7),
  (21070, 3, 4),
  (22102, 7, 17),
  (23061, 10, 7),
  (23285, 0, 0),
  (23315, 8, 11),
  (23628, 10, 0),
  (23667, 11, 11),
  (24039, 8, 7),
  (24716, 1, 0),
  (24971, 2, 3),
  (25764, 11, 0),
  (26613, 7, 9),
  (26638, 0, 0),
  (26731, 5, 10),
  (27371, 10, 6),
  (27835, 11, 11),
  (28377, 11, 18),
  (28694, 3, 18),
  (28719, 2, 7),
  (29118, 8, 8),
  (29264, 3, 4),
  (29498, 11, 0),
  (30686, 9, 3),
  (31068, 1, 3),
  (31683, 2, 12),
  (32008, 2, 11),
  (32304, 3, 18),
  (33211, 6, 22),
  (34279, 5, 10),
  (34373, 1, 0),
  (34917, 9, 18),
  (35052, 9, 11),
  (35556, 1, 0),
  (35958, 3, 13),
  (38309, 3, 3),
  (38656, 3, 2),
  (38715, 10, 0),
  (40079, 5, 10),
  (40827, 11, 0),
  (40829, 4, 10),
  (45129, 7, 17),
  (45306, 2, 7),
  (45631, 0, 10),
  (45728, 10, 0),
  (45919, 10, 11),
  (46740, 1, 0),
  (47210, 4, 10),
  (47314, 6, 17),
  (47624, 3, 0),
  (48053, 3, 12),
  (55017, 7, 10),
  (55342, 9, 5),
  (55969, 4, 10),
  (56113, 11, 4),
  (57121, 1, 13),
  (58967, 10, 0),
  (59117, 0, 11),
  (59519, 7, 10),
  (60142, 6, 10),
  (61114, 7, 9),
  (61533, 1, 0),
  (61541, 5, 10),
  (61570, 2, 8),
  (61991, 11, 0),
  (63815, 4, 10),
  (63907, 5, 10),
  (63982, 2, 10),
  (64116, 1, 10),
  (64229, 10, 0),
  (66162, 8, 14),
  (66405, 2, 3),
  (68366, 4, 10),
  (70081, 0, 22),
  (70876, 9, 5),
  (71128, 6, 21),
  (71236, 4, 10),
  (73006, 7, 10),
  (75337, 8, 0),
  (75338, 10, 19),
  (75557, 7, 10),
  (76809, 4, 10),
  (78807, 0, 0),
  (79527, 9, 4),
  (79721, 4, 21),
  (81749, 1, 0),
  (82241, 9, 18),
  (82495, 9, 3),
  (82694, 11, 0),
  (84458, 5, 10),
  (84657, 7, 10),
  (84701, 6, 10),
  (85076, 11, 0),
  (85419, 8, 4),
  (86522, 5, 10),
  (86749, 0, 0),
  (87093, 0, 11),
  (87229, 5, 10),
  (88101, 3, 3),
  (88274, 4, 22),
  (88328, 10, 10),
  (89176, 7, 10),
  (89867, 10, 7),
  (90745, 1, 5),
  (90907, 9, 4),
  (91109, 6, 18),
  (93340, 9, 7),
  (93498, 4, 10),
  (93883, 5, 10),
  (95283, 0, 18),
  (95855, 8, 7),
  (97082, 2, 3),
  (97931, 4, 13),
  (99891, 10, 0),
  (100360, 4, 17),
  (100884, 2, 13),
  (101896, 4, 22),
  (101924, 6, 18),
  (103780, 7, 9),
  (103953, 6, 21),
  (105510, 1, 19),
  (106830, 6, 17),
  (107099, 0, 0),
  (107315, 9, 7),
  (108323, 9, 4),
  (109474, 8, 11),
  (109824, 0, 0),
  (110468, 11, 18),
  (110599, 8, 4),
  (110658, 7, 10),
  (112456, 1, 0),
  (112741, 10, 0),
  (113084, 11, 0),
  (113216, 7, 10),
  (113779, 3, 7),
  (114132, 0, 10),
  (114779, 10, 0),
  (114828, 0, 22),
  (116343, 3, 7),
  (116911, 10, 16),
  (116980, 2, 10),
  (117046, 0, 11),
  (117427, 4, 2),
  (118957, 7, 5),
  (119541, 11, 22),
  (120171, 3, 3),
  (120969, 11, 0),
  (121623, 2, 18),
  (122179, 5, 17),
  (122326, 11, 0),
  (123010, 10, 11),
  (123440, 1, 0),
  (124330, 8, 1),
  (125926, 8, 3),
  (126177, 9, 14),
  (127353, 7, 10),
  (127388, 10, 0),
  (128774, 1, 0),
  (129891, 1, 11),
  (129911, 8, 8),
  (130421, 6, 12),
  (130815, 0, 22),
  (132159, 10, 11),
  (134382, 9, 9),
  (135003, 4, 10),
  (135061, 10, 22),
  (139316, 4, 10),
  (139560, 8, 13),
  (139893, 2, 4),
  (140215, 9, 7),
  (140422, 10, 0),
  (140430, 5, 22),
  (140629, 2, 0),
  (140664, 0, 0),
  (141899, 10, 19),
  (143177, 0, 0),
  (143573, 10, 13),
  (145444, 11, 14),
  (145487, 3, 10),
  (146837, 2, 10),
  (148666, 5, 10),
  (149370, 7, 10),
  (151614, 4, 17),
  (151651, 4, 22),
  (151751, 7, 17),
  (153533, 3, 14),
  (154184, 6, 10),
  (154455, 5, 17),
  (154772, 6, 10),
  (155696, 1, 22),
  (155885, 0, 19),
  (156092, 3, 8),
  (156333, 2, 3),
  (156509, 10, 10),
  (157325, 6, 10),
  (158226, 3, 3),
  (159574, 0, 22),
  (161214, 2, 3),
  (162834, 10, 11),
  (163227, 1, 18),
  (163556, 9, 2),
  (163702, 10, 0),
  (165559, 9, 4),
  (165628, 7, 10),
  (167188, 1, 22),
  (170095, 8, 7),
  (171607, 10, 16),
  (172913, 1, 0),
  (173169, 7, 10),
  (173312, 11, 9),
  (174042, 7, 21),
  (174213, 3, 13),
  (174786, 7, 10),
  (175188, 9, 7),
  (175494, 8, 3),
  (176235, 11, 11),
  (177434, 7, 10),
  (178659, 7, 10),
  (180090, 10, 19),
  (181157, 9, 7),
  (183890, 2, 7),
  (184701, 8, 3),
  (185298, 9, 7),
  (186396, 4, 18),
  (188179, 5, 21),
  (189996, 6, 21),
  (190587, 6, 3),
  (191857, 7, 21),
  (192742, 7, 12),
  (194069, 7, 10),
  (194869, 9, 7),
  (195134, 5, 5),
  (195767, 8, 18),
  (196418, 2, 0),
  (196791, 1, 18),
  (197286, 6, 22),
  (198785, 8, 8),
  (201368, 0, 0),
  (202214, 11, 0),
  (202380, 1, 0),
  (204499, 11, 11),
  (206315, 0, 0),
  (206472, 5, 10),
  (206606, 0, 18),
  (208521, 11, 10),
  (209722, 3, 0),
  (209787, 7, 4),
  (210825, 9, 13),
  (213035, 3, 0),
  (213810, 8, 7),
  (214109, 5, 14),
  (214620, 8, 13),
  (215531, 3, 5),
  (215670, 6, 10),
  (216736, 2, 7),
  (217942, 7, 17),
  (218460, 4, 9),
  (218548, 9, 4),
  (218738, 4, 10),
  (219261, 10, 0),
  (219729, 7, 10),
  (220928, 4, 10),
  (221266, 3, 14),
  (221631, 11, 0),
  (221969, 7, 10),
  (221970, 7, 10),
  (225243, 7, 10),
  (225571, 1, 20),
  (225964, 3, 0),
  (228289, 3, 0),
  (228813, 1, 0),
  (229933, 0, 3),
  (230171, 1, 6),
  (230204, 6, 17),
  (230772, 11, 0),
  (231082, 1, 11),
  (231380, 6, 10),
  (232709, 1, 0),
  (233294, 11, 14),
  (233473, 11, 11),
  (233541, 6, 10),
  (233713, 3, 16),
  (234185, 10, 22),
  (234957, 1, 7),
  (235302, 1, 6),
  (235538, 0, 0),
  (236377, 2, 7),
  (238490, 11, 18),
  (238765, 8, 3),
  (238944, 1, 0),
  (240865, 4, 10),
  (240899, 7, 10),
  (243439, 8, 3),
  (243499, 1, 11),
  (244442, 4, 16),
  (245328, 3, 0),
  (248229, 4, 1),
  (248374, 1, 10),
  (248702, 0, 16),
  (249408, 0, 0),
  (249627, 5, 5),
  (250449, 2, 3),
  (250786, 7, 22),
  (251114, 6, 10),
  (251345, 0, 0),
  (252067, 2, 15),
  (252086, 10, 0),
  (252582, 10, 19),
  (252772, 11, 11),
  (253735, 5, 17),
  (257645, 0, 18),
  (258115, 0, 0),
  (259819, 8, 0),
  (260225, 10, 6),
  (261259, 0, 11),
  (262062, 7, 10),
  (262242, 5, 10),
  (262876, 1, 0),
  (264293, 11, 11),
  (264404, 1, 19),
  (265516, 1, 22),
  (265797, 8, 4),
  (265823, 9, 7),
  (266172, 9, 1),
  (267720, 8, 5),
  (268185, 7, 22),
  (269921, 4, 10),
  (270666, 7, 17),
  (270813, 0, 0),
  (271293, 5, 17),
  (271411, 6, 10),
  (271534, 3, 3),
  (273605, 8, 7),
  (274458, 3, 3),
  (275438, 4, 17),
  (276445, 9, 7),
  (277751, 1, 0),
  (278240, 1, 0),
  (279111, 11, 0),
  (279146, 2, 10),
  (279774, 8, 18),
  (280494, 4, 19),
  (281310, 8, 3),
  (285101, 5, 18),
  (285729, 4, 10),
  (286904, 11, 11),
  (288256, 8, 9),
  (288571, 11, 6),
  (289122, 11, 22),
  (291414, 6, 21),
  (293261, 3, 18),
  (293629, 6, 21),
  (293710, 8, 0),
  (294115, 5, 15),
  (294444, 11, 18),
  (295138, 8, 3),
  (297570, 3, 7),
  (297918, 5, 10),
  (298654, 0, 11),
  (298937, 11, 0),
  (301027, 8, 3),
  (301369, 7, 17),
  (301391, 8, 14),
  (301528, 6, 10),
  (301864, 5, 7),
  (305455, 8, 2),
  (306540, 4, 10),
  (306540, 9, 11),
  (306645, 8, 4),
  (308223, 11, 0),
  (308795, 8, 3),
  (309195, 0, 3),
  (310825, 7, 10),
  (311117, 9, 3),
  (312159, 9, 15),
  (312583, 5, 10),
  (314630, 0, 0),
  (314855, 1, 18),
  (315679, 7, 10),
  (315889, 9, 0),
  (316298, 9, 7),
  (316755, 2, 9),
  (317481, 4, 9),
  (318052, 10, 0),
  (318759, 4, 14),
  (319042, 11, 18),
  (319182, 9, 6),
  (320021, 7, 10),
  (320147, 7, 10),
  (320631, 8, 5),
  (321296, 8, 7),
  (328432, 7, 6),
  (328616, 1, 0),
  (329627, 8, 7),
  (330832, 1, 11),
  (331172, 7, 21),
  (331370, 0, 11),
  (331752, 1, 0),
  (333532, 6, 17),
  (334191, 10, 0),
  (338584, 0, 19),
  (338972, 9, 7),
  (339359, 1, 15),
  (340471, 6, 10),
  (340788, 11, 0),
  (340812, 2, 5),
  (340935, 5, 10),
  (342564, 7, 10),
  (342667, 2, 16),
  (342807, 3, 13),
  (344077, 10, 21),
  (344223, 5, 10),
  (344301, 1, 0),
  (345394, 5, 4),
  (346912, 2, 2),
  (347761, 1, 3),
  (348338, 4, 21),
  (348799, 8, 0),
  (349158, 3, 5),
  (350129, 1, 0),
  (350954, 0, 0),
  (351339, 5, 17),
  (352791, 3, 6),
  (354752, 8, 7),
  (355502, 4, 10),
  (355612, 0, 0),
  (356174, 11, 20),
  (356582, 2, 7),
  (356672, 10, 10),
  (358548, 8, 4),
  (358551, 3, 7),
  (362479, 3, 7),
  (363985, 1, 10),
  (364361, 4, 1),
  (364685, 1, 0),
  (365673, 5, 5),
  (367115, 11, 10),
  (367595, 0, 11),
  (367799, 7, 10),
  (368302, 2, 10),
  (368371, 1, 10),
  (368742, 7, 9),
  (368975, 10, 11),
  (369132, 1, 6),
  (369801, 1, 18),
  (370197, 1, 11),
  (372145, 0, 11),
  (372810, 9, 7),
  (373055, 9, 3),
  (375662, 6, 15),
  (378713, 0, 6),
  (382095, 5, 9),
  (382137, 4, 9),
  (382741, 6, 18),
  (383716, 8, 10),
  (384490, 1, 0),
  (385355, 1, 0),
  (385545, 5, 17),
  (385915, 8, 6),
  (386444, 5, 22),
  (386825, 11, 0),
  (387044, 1, 6),
  (387231, 11, 0),
  (388524, 3, 9),
  (388759, 1, 2),
  (389548, 8, 3),
  (390176, 6, 22),
  (393304, 10, 7),
  (393777, 2, 7),
  (394410, 8, 7),
  (394743, 9, 18),
  (395545, 2, 18),
  (396586, 7, 10),
  (396882, 0, 0),
  (396934, 10, 21),
  (397073, 3, 12),
  (397110, 11, 0),
  (397354, 10, 11),
  (398563, 3, 18),
  (399195, 7, 20),
  (399304, 10, 0),
  (400295, 2, 16),
  (401112, 4, 10),
  (402121, 4, 10),
  (402694, 4, 21),
  (402804, 4, 10),
  (403691, 1, 22),
  (405392, 6, 21),
  (405794, 7, 10),
  (406061, 4, 10),
  (406453, 6, 17),
  (406703, 1, 18),
  (406785, 0, 22),
  (408582, 8, 14),
  (409731, 5, 9),
  (410388, 8, 4),
  (410946, 3, 18),
  (413413, 3, 4),
  (413612, 1, 0),
  (414020, 5, 12),
  (414252, 2, 5),
  (415022, 7, 10),
  (416123, 10, 0),
  (417419, 7, 3),
  (418591, 10, 5),
  (418881, 5, 10),
  (420047, 3, 7),
  (420527, 2, 3),
  (423215, 6, 10),
  (424410, 8, 7),
  (424420, 6, 21),
  (425140, 4, 17),
  (426311, 5, 10),
  (429434, 10, 0),
  (429535, 4, 17),
  (430765, 5, 10),
  (431219, 0, 0),
  (433278, 0, 0),
  (433338, 8, 18),
  (435513, 0, 0),
  (435803, 2, 13),
  (435865, 0, 10),
  (436320, 2, 6),
  (437020, 8, 13),
  (437661, 10, 3),
  (437903, 0, 0),
  (439344, 0, 10),
  (441666, 9, 17),
  (444171, 8, 7),
  (444831, 10, 0),
  (445917, 3, 6),
  (446236, 3, 7),
  (447407, 4, 4),
  (447493, 0, 0),
  (447688, 10, 0),
  (448440, 5, 10),
  (449741, 3, 7),
  (450232, 5, 10),
  (450293, 5, 3),
  (450431, 11, 18),
  (451490, 10, 0),
  (452649, 11, 18),
  (454418, 3, 18),
  (456226, 9, 7),
  (457547, 7, 10),
  (457817, 4, 2),
  (458301, 11, 0),
  (458464, 9, 14),
  (458475, 3, 17),
  (458950, 0, 0),
  (462999, 9, 10),
  (463703, 6, 17),
  (467359, 3, 18),
  (467433, 4, 10),
  (468809, 7, 10),
  (469449, 0, 11),
  (471329, 11, 0),
  (475972, 4, 10),
  (476921, 0, 0),
  (478121, 4, 10),
  (478641, 2, 18),
  (478844, 10, 11),
  (478877, 11, 0),
  (480119, 10, 0),
  (480228, 8, 3),
  (480307, 10, 0),
  (481645, 3, 18),
  (482490, 1, 0),
  (482761, 0, 0),
  (482788, 6, 18),
  (483089, 0, 0),
  (484497, 10, 11),
  (484524, 0, 0),
  (485096, 7, 17),
  (485494, 8, 11),
  (485595, 0, 0),
  (485863, 7, 13),
  (487539, 8, 13),
  (487579, 11, 11),
  (488626, 2, 18),
  (489274, 5, 10),
  (489866, 6, 10),
  (490311, 9, 5),
  (490615, 4, 10),
  (491217, 10, 0),
  (491307, 3, 7),
  (491993, 6, 10),
  (494443, 2, 7),
  (494491, 7, 18),
  (496713, 0, 13),
  (498033, 7, 10),
  (498063, 0, 11),
  (498624, 8, 13),
  (499123, 6, 6),
  (499420, 4, 6),
  (499735, 9, 4),
  (500591, 8, 13),
  (502359, 3, 5),
  (504291, 10, 0),
  (504366, 2, 3),
  (505016, 11, 0),
  (505296, 2, 4),
  (505749, 9, 13),
  (507283, 5, 15),
  (510004, 11, 0),
  (510098, 10, 0),
  (511904, 7, 10),
  (512290, 4, 9),
  (512505, 11, 18),
  (512552, 8, 7),
  (512839, 0, 14),
  (512906, 7, 10),
  (513008, 9, 3),
  (513134, 5, 14),
  (513702, 11, 0),
  (513994, 8, 18),
  (514275, 4, 17),
  (514936, 5, 10),
  (515246, 6, 10),
  (515564, 1, 6),
  (516349, 2, 3),
  (516495, 2, 3),
  (517348, 0, 10),
  (517478, 0, 0),
  (517569, 3, 13),
  (518003, 11, 0),
  (519173, 4, 2),
  (519844, 9, 3),
  (520242, 7, 10),
  (520427, 0, 22),
  (520939, 8, 16),
  (522562, 11, 10),
  (522681, 2, 3),
  (522700, 3, 7),
  (523842, 3, 0),
  (523875, 2, 4),
  (524333, 4, 10),
  (524652, 9, 7),
  (524854, 2, 10),
  (525141, 8, 3),
  (525782, 10, 11),
  (526174, 7, 9),
  (527185, 3, 4),
  (527383, 8, 6),
  (528104, 5, 10),
  (528580, 11, 17),
  (530147, 7, 18),
  (530301, 11, 10),
  (531160, 11, 11),
  (532097, 11, 0),
  (532863, 4, 10),
  (533018, 6, 10),
  (534649, 10, 11),
  (534735, 10, 0),
  (536483, 8, 3),
  (537580, 0, 0),
  (537904, 4, 17),
  (538570, 4, 17),
  (538618, 7, 17),
  (539440, 7, 17),
  (539900, 6, 22),
  (541985, 6, 9),
  (542496, 7, 10),
  (543086, 3, 18),
  (543601, 1, 3),
  (543842, 11, 0),
  (545011, 11, 10),
  (546161, 10, 11),
  (547518, 0, 0),
  (547904, 9, 4),
  (548141, 8, 3),
  (548427, 9, 10),
  (548640, 3, 6),
  (548905, 2, 3),
  (549033, 5, 10),
  (549653, 0, 1),
  (549658, 5, 9),
  (554959, 7, 21),
  (555450, 5, 10),
  (557598, 6, 21),
  (557820, 7, 10),
  (557981, 9, 18),
  (559594, 10, 3),
  (560196, 1, 22),
  (560238, 11, 0),
  (562810, 0, 18),
  (563461, 6, 10),
  (565750, 8, 7),
  (568168, 8, 0),
  (568457, 10, 0),
  (568716, 5, 10),
  (569191, 7, 17),
  (570553, 7, 9),
  (571255, 11, 11),
  (573594, 2, 0),
  (573620, 3, 12),
  (574997, 10, 0),
  (575128, 3, 18),
  (575471, 6, 10),
  (577084, 9, 7),
  (578026, 11, 11),
  (578269, 3, 0),
  (579719, 10, 0),
  (579905, 3, 7),
  (579916, 9, 7),
  (583428, 8, 7),
  (584759, 0, 22),
  (585170, 3, 12),
  (585346, 7, 22),
  (586342, 3, 7),
  (586821, 2, 6),
  (588332, 7, 10),
  (590358, 1, 22),
  (590476, 11, 0),
  (590518, 5, 10),
  (591304, 1, 11),
  (591838, 10, 0),
  (592213, 5, 11),
  (594518, 5, 10),
  (596757, 1, 14),
  (596825, 11, 0),
  (598004, 5, 17),
  (598744, 0, 19),
  (598847, 5, 10),
  (599561, 7, 10),
  (599696, 4, 10),
  (603577, 4, 10),
  (603683, 0, 0),
  (603861, 0, 12),
  (604431, 5, 10),
  (605013, 10, 0),
  (605706, 6, 17),
  (605791, 0, 0),
  (606196, 10, 10),
  (606423, 3, 10),
  (606930, 2, 3),
  (607080, 7, 10),
  (608222, 1, 0),
  (608845, 9, 7),
  (609203, 9, 3),
  (609400, 9, 7),
  (609851, 7, 10),
  (612039, 11, 0),
  (612790, 0, 0),
  (612990, 7, 17),
  (613339, 3, 3),
  (614424, 7, 10),
  (615832, 10, 0),
  (616160, 2, 4),
  (616953, 5, 18),
  (618481, 7, 21),
  (618632, 11, 3),
  (619148, 11, 0),
  (619966, 8, 17),
  (622123, 0, 0),
  (622886, 11, 7),
  (623256, 2, 3),
  (624436, 4, 9),
  (624694, 3, 8),
  (625314, 6, 17),
  (626191, 9, 2),
  (627422, 7, 10),
  (629439, 3, 5),
  (629456, 7, 10),
  (629783, 6, 10),
  (631269, 1, 11),
  (631502, 1, 6),
  (631653, 0, 10),
  (632311, 2, 0),
  (632641, 3, 3),
  (632713, 8, 7),
  (632731, 0, 11),
  (632954, 9, 9),
  (634202, 6, 10),
  (637310, 9, 13),
  (638189, 11, 0),
  (638797, 3, 4),
  (638895, 4, 10),
  (639560, 0, 11),
  (640221, 3, 10),
  (640842, 7, 22),
  (641469, 1, 0),
  (643244, 4, 10),
  (643416, 3, 3),
  (644042, 4, 10),
  (645937, 11, 0),
  (646675, 9, 3),
  (646802, 11, 11),
  (648197, 9, 7),
  (648801, 2, 7),
  (649887, 6, 17),
  (650831, 6, 10),
  (654135, 8, 13),
  (654192, 9, 17),
  (654300, 3, 0),
  (655387, 0, 10),
  (655644, 9, 8),
  (656128, 3, 3),
  (656831, 2, 13),
  (656855, 11, 10),
  (657598, 10, 0),
  (658123, 8, 3),
  (660302, 6, 10),
  (660621, 11, 0),
  (666107, 0, 11),
  (666911, 5, 8),
  (666995, 10, 22),
  (667086, 6, 10),
  (667162, 9, 0),
  (667614, 4, 17),
  (667717, 9, 13),
  (669100, 11, 0),
  (670152, 5, 12),
  (670405, 5, 10),
  (671292, 11, 19),
  (672997, 0, 11),
  (673822, 9, 1),
  (675210, 8, 3),
  (675734, 0, 18),
  (676621, 2, 7),
  (677417, 1, 0),
  (678461, 5, 21),
  (678513, 4, 22),
  (678861, 5, 10),
  (679133, 11, 17),
  (679296, 2, 16),
  (680392, 0, 0),
  (680880, 1, 0),
  (681271, 9, 3),
  (682795, 11, 10),
  (683781, 4, 22),
  (684409, 3, 12),
  (684491, 9, 4),
  (684549, 11, 1),
  (685004, 11, 0),
  (685715, 3, 7),
  (687637, 0, 0),
  (688238, 5, 16),
  (688744, 7, 7),
  (689294, 2, 15),
  (689526, 3, 3),
  (690380, 9, 4),
  (690878, 3, 5),
  (692658, 10, 0),
  (692922, 8, 2),
  (693332, 1, 0),
  (694721, 9, 0),
  (696040, 6, 2),
  (696615, 7, 17),
  (698178, 2, 18),
  (699578, 5, 10),
  (700124, 6, 12),
  (700687, 10, 0),
  (703697, 3, 7),
  (703898, 7, 10),
  (704006, 11, 14),
  (705966, 6, 10),
  (706659, 11, 0),
  (706966, 5, 17),
  (707047, 0, 0),
  (707594, 10, 17),
  (708014, 7, 10),
  (710836, 9, 0),
  (710930, 8, 3),
  (711455, 0, 3),
  (711807, 2, 14),
  (713355, 6, 10),
  (715229, 0, 11),
  (715278, 1, 0),
  (717382, 8, 4),
  (717753, 0, 0),
  (720038, 8, 3),
  (720106, 5, 10),
  (722391, 8, 3),
  (723201, 3, 13),
  (723870, 11, 10),
  (723975, 6, 10),
  (724790, 5, 2),
  (725519, 7, 10),
  (726702, 0, 0),
  (727155, 5, 9),
  (728374, 4, 10),
  (731588, 0, 0),
  (731917, 5, 10),
  (732831, 0, 0),
  (734201, 1, 11),
  (734800, 11, 0),
  (735021, 11, 0),
  (735270, 10, 0),
  (735315, 0, 3),
  (736074, 0, 10),
  (736234, 10, 0),
  (737325, 11, 0),
  (737398, 11, 0),
  (737569, 5, 10),
  (738703, 8, 10),
  (739647, 8, 2),
  (741329, 9, 3),
  (742001, 4, 17),
  (743214, 7, 17),
  (746190, 8, 7),
  (746343, 2, 7),
  (747959, 4, 17),
  (749715, 3, 3),
  (750815, 5, 6),
  (751159, 3, 10),
  (751228, 3, 9),
  (753548, 3, 7),
  (755724, 9, 3),
  (756163, 2, 4),
  (756185, 6, 14),
  (756786, 8, 3),
  (757382, 0, 0),
  (757516, 10, 0),
  (757977, 2, 3),
  (758175, 11, 4),
  (759249, 1, 0),
  (759845, 8, 10),
  (760034, 7, 5),
  (761000, 11, 11),
  (763192, 9, 11),
  (763204, 10, 0),
  (763980, 1, 0),
  (764213, 2, 13),
  (765722, 2, 13),
  (766038, 0, 0),
  (766761, 6, 12),
  (770126, 9, 3),
  (771097, 8, 3),
  (771914, 11, 19),
  (773276, 9, 7),
  (774269, 8, 3),
  (775207, 2, 7),
  (775749, 3, 13),
  (775833, 2, 10),
  (777715, 11, 2),
  (781783, 4, 10),
  (781871, 5, 2),
  (782983, 0, 0),
  (783878, 3, 7),
  (785075, 11, 0),
  (785976, 0, 0),
  (786139, 7, 13),
  (786534, 7, 10),
  (787256, 9, 7),
  (787470, 6, 17),
  (787694, 0, 13),
  (789522, 9, 4),
  (789659, 8, 17),
  (789798, 9, 3),
  (791039, 5, 8),
  (791248, 8, 4),
  (791526, 10, 3),
  (792980, 6, 10),
  (796041, 11, 0),
  (797023, 9, 0),
  (797785, 9, 3),
  (801137, 10, 6),
  (802136, 8, 2),
  (802324, 3, 10),
  (802355, 0, 11),
  (803285, 9, 17),
  (803787, 9, 13),
  (804947, 9, 10),
  (805087, 11, 11),
  (805846, 0, 11),
  (806125, 9, 7),
  (807775, 10, 1),
  (807966, 5, 9),
  (808422, 7, 17),
  (808494, 2, 13),
  (808804, 1, 11),
  (809402, 6, 10),
  (809726, 9, 3),
  (810065, 6, 21),
  (810589, 2, 8),
  (810728, 4, 10),
  (811352, 6, 10),
  (815138, 9, 18),
  (817004, 1, 11),
  (819359, 9, 7),
  (820687, 5, 10),
  (820768, 3, 4),
  (820942, 1, 8),
  (823230, 8, 5),
  (825208, 8, 7),
  (825220, 6, 19),
  (825914, 6, 10),
  (826110, 7, 10),
  (826193, 6, 22),
  (826714, 2, 3),
  (827285, 10, 0),
  (827631, 6, 18),
  (828724, 5, 10),
  (830152, 11, 0),
  (831683, 10, 10),
  (832389, 4, 21),
  (832864, 9, 18),
  (833606, 2, 7),
  (834344, 11, 11),
  (834444, 0, 19),
  (837427, 9, 13),
  (837543, 6, 17),
  (837626, 8, 3),
  (838488, 10, 0),
  (838621, 2, 2),
  (838851, 10, 21),
  (838952, 0, 22),
  (840560, 8, 4),
  (841652, 6, 21),
  (845206, 6, 10),
  (845880, 10, 0),
  (846392, 8, 0),
  (847678, 10, 0),
  (847855, 5, 10),
  (848336, 6, 10),
  (849062, 2, 7),
  (849555, 5, 21),
  (850955, 3, 3),
  (851779, 6, 10),
  (851825, 2, 11),
  (853492, 10, 0),
  (855438, 11, 0),
  (855536, 9, 7),
  (858405, 10, 11),
  (858956, 0, 0),
  (859288, 3, 4),
  (860512, 11, 0),
  (860754, 5, 20),
  (863119, 0, 0),
  (864865, 3, 3),
  (865372, 0, 11),
  (865580, 2, 0),
  (867173, 2, 7),
  (867969, 2, 3),
  (869029, 5, 17),
  (870417, 5, 22),
  (871164, 3, 13),
  (871525, 2, 10),
  (872143, 11, 11),
  (872302, 5, 10),
  (872787, 0, 11),
  (873219, 10, 0),
  (873375, 0, 20),
  (873991, 10, 11),
  (874001, 8, 7),
  (874402, 11, 0),
  (874447, 11, 22),
  (875103, 2, 4),
  (875108, 8, 7),
  (876029, 6, 2),
  (876140, 9, 8),
  (876635, 11, 11),
  (877737, 10, 0),
  (877975, 8, 0),
  (878880, 6, 22),
  (880732, 4, 10),
  (882065, 11, 6),
  (882418, 3, 4),
  (883768, 9, 17),
  (884064, 8, 13),
  (885704, 6, 10),
  (886049, 5, 10),
  (887052, 4, 9),
  (888699, 4, 22),
  (891021, 8, 7),
  (891180, 7, 10),
  (892199, 1, 0),
  (892461, 9, 4),
  (896088, 10, 4),
  (896517, 3, 18),
  (898176, 0, 0),
  (898633, 9, 3),
  (898670, 7, 10),
  (899150, 7, 5),
  (900494, 11, 0),
  (900684, 4, 10),
  (901114, 1, 0),
  (901292, 1, 0),
  (902807, 3, 3),
  (902888, 11, 11),
  (903610, 5, 17),
  (903721, 10, 3),
  (904624, 5, 2),
  (905998, 3, 5),
  (907503, 9, 3),
  (907906, 6, 10),
  (910628, 3, 7),
  (913114, 5, 10),
  (913284, 2, 0),
  (914010, 6, 10),
  (915336, 8, 18),
  (916098, 8, 4),
  (917307, 6, 10),
  (917976, 5, 9),
  (918602, 8, 12),
  (919799, 9, 7),
  (921101, 8, 7),
  (921832, 6, 13),
  (923073, 6, 17),
  (924850, 10, 0),
  (925491, 6, 10),
  (925976, 6, 10),
  (926110, 9, 4),
  (926361, 11, 0),
  (926653, 6, 22),
  (927254, 4, 17),
  (927705, 10, 14),
  (927934, 10, 0),
  (928714, 5, 18),
  (930185, 6, 10),
  (931615, 3, 7),
  (933250, 4, 6),
  (934050, 2, 13),
  (934396, 8, 3),
  (934446, 0, 0),
  (937294, 3, 3),
  (938770, 5, 10),
  (939808, 2, 3),
  (941093, 8, 10),
  (941122, 7, 10),
  (941194, 9, 10),
  (942275, 7, 10),
  (944266, 1, 0),
  (944699, 8, 10),
  (946045, 5, 10),
  (947635, 10, 11),
  (951224, 6, 10),
  (951829, 5, 10),
  (951844, 8, 6),
  (952372, 7, 10),
  (952855, 1, 0),
  (952921, 1, 0),
  (953835, 0, 0),
  (954319, 7, 21),
  (954541, 8, 18),
  (954953, 8, 3),
  (956371, 5, 22),
  (956732, 6, 10),
  (958702, 11, 22),
  (960890, 7, 10),
  (962080, 11, 22),
  (963923, 0, 10),
  (965203, 2, 11),
  (967882, 11, 0),
  (968468, 10, 1),
  (968715, 11, 0),
  (970961, 3, 6),
  (971886, 0, 0),
  (973917, 9, 8),
  (975534, 7, 10),
  (975888, 4, 21),
  (976509, 0, 7),
  (978245, 5, 10),
  (978455, 3, 18),
  (978609, 1, 0),
  (978966, 4, 10),
  (979164, 11, 0),
  (979624, 2, 7),
  (980755, 11, 11),
  (981802, 6, 11),
  (982412, 8, 1),
  (982793, 11, 22),
  (983454, 5, 17),
  (983515, 4, 10),
  (986170, 2, 4),
  (986460, 0, 0),
  (987108, 5, 16),
  (987197, 4, 10),
  (988185, 1, 13),
  (989929, 5, 10),
  (993612, 4, 6),
  (995682, 9, 10),
  (995797, 10, 22),
  (995909, 6, 11),
  (996386, 7, 17),
  (996842, 4, 13),
  (996849, 3, 3),
  (997614, 3, 0),
  (999091, 5, 10),
  (999314, 3, 17),
  (1000546, 5, 10),
  (1000714, 8, 4),
  (1001294, 8, 3),
  (1001378, 7, 17),
  (1001794, 7, 10),
  (1002346, 7, 10),
  (1003491, 10, 0),
  (1003520, 6, 10),
  (1004587, 0, 0),
  (1006144, 6, 10),
  (1006328, 6, 17),
  (1008820, 10, 4),
  (1009113, 8, 12),
  (1009264, 2, 4),
  (1009354, 10, 11),
  (1009425, 9, 8),
  (1010151, 6, 10),
  (1011503, 6, 10),
  (1013262, 3, 7),
  (1013701, 3, 7),
  (1016884, 0, 0),
  (1018230, 5, 10),
  (1018589, 7, 10),
  (1018654, 0, 14),
  (1019168, 11, 18),
  (1019955, 3, 3),
  (1021201, 6, 9),
  (1022903, 10, 0),
  (1024473, 8, 10),
  (1024565, 11, 3),
  (1025682, 4, 17),
  (1027878, 4, 17),
  (1030395, 10, 0),
  (1030910, 11, 11),
  (1031541, 9, 3),
  (1031724, 11, 0),
  (1031867, 9, 7),
  (1032487, 10, 18),
  (1032861, 6, 10),
  (1032877, 11, 22),
  (1033115, 7, 10),
  (1033568, 0, 0),
  (1033843, 0, 13),
  (1034224, 10, 0),
  (1036300, 5, 10),
  (1038906, 0, 11),
  (1039089, 4, 10),
  (1041331, 9, 7),
  (1044802, 9, 6),
  (1044946, 9, 9),
  (1045125, 7, 10),
  (1045641, 10, 11),
  (1045830, 9, 15),
  (1046701, 11, 14),
  (1046908, 6, 10),
  (1048975, 10, 0),
  (1049568, 0, 7),
  (1050326, 11, 7),
  (1051145, 10, 17),
  (1051176, 6, 4),
  (1052973, 3, 9),
  (1055392, 10, 0),
  (1057515, 2, 3),
  (1058434, 2, 10),
  (1059303, 2, 3),
  (1059671, 7, 10),
  (1060195, 4, 10),
  (1062552, 0, 0),
  (1065547, 5, 21),
  (1066041, 10, 11),
  (1066251, 2, 18),
  (1067242, 9, 15),
  (1067588, 9, 3),
  (1068586, 9, 10),
  (1069091, 2, 3),
  (1069478, 3, 3),
  (1070009, 0, 0),
  (1071086, 0, 14),
  (1072595, 3, 3),
  (1073386, 0, 13),
  (1074061, 11, 0),
  (1075244, 8, 4),
  (1075654, 11, 0),
  (1076378, 2, 0),
  (1077910, 3, 4),
  (1078160, 3, 3),
  (1078904, 7, 10),
  (1079359, 7, 5),
  (1079796, 11, 11),
  (1079863, 9, 7),
  (1082624, 0, 10),
  (1084715, 1, 0),
  (1085358, 7, 10),
  (1085463, 8, 7),
  (1085856, 8, 7),
  (1086394, 2, 7),
  (1087260, 5, 21),
  (1089839, 6, 21),
  (1090733, 5, 21),
  (1090769, 8, 9),
  (1093421, 1, 0),
  (1094295, 5, 10),
  (1094359, 8, 7),
  (1094550, 10, 0),
  (1094553, 8, 7),
  (1095290, 8, 3),
  (1095994, 5, 10),
  (1096678, 7, 10),
  (1097333, 8, 3),
  (1097699, 11, 0),
  (1097985, 2, 6),
  (1098129, 8, 3),
  (1099748, 1, 0),
  (1100004, 0, 21),
  (1101093, 2, 8),
  (1103675, 1, 0),
  (1104309, 0, 0),
  (1104499, 4, 9),
  (1105049, 0, 0),
  (1106045, 10, 0),
  (1106142, 2, 1),
  (1106235, 10, 11),
  (1106670, 10, 0),
  (1107238, 8, 3),
  (1108857, 0, 10),
  (1109512, 10, 18),
  (1111708, 0, 11),
  (1111875, 2, 10),
  (1111982, 11, 0),
  (1113445, 1, 10),
  (1113769, 9, 18),
  (1114428, 3, 17),
  (1116239, 8, 7),
  (1116753, 1, 10),
  (1118733, 6, 10),
  (1119438, 2, 3),
  (1119599, 2, 13),
  (1119815, 2, 3),
  (1121718, 2, 7),
  (1124041, 11, 0),
  (1124435, 10, 0),
  (1124794, 4, 13),
  (1126015, 3, 3),
  (1127242, 1, 10),
  (1127818, 3, 3),
  (1128535, 2, 17),
  (1128643, 1, 22),
  (1131362, 4, 21),
  (1131764, 11, 5),
  (1132094, 2, 7),
  (1132284, 1, 0),
  (1132389, 11, 11),
  (1132488, 1, 0),
  (1133713, 0, 0),
  (1134706, 7, 17),
  (1135592, 5, 10),
  (1135972, 1, 11),
  (1136515, 11, 0),
  (1136908, 0, 5),
  (1137700, 9, 6),
  (1140341, 10, 0),
  (1140604, 0, 0),
  (1141346, 3, 6),
  (1144773, 11, 11),
  (1145303, 6, 0),
  (1146565, 3, 12),
  (1146717, 1, 0),
  (1148864, 9, 3),
  (1149221, 0, 10),
  (1149829, 7, 9),
  (1152410, 10, 11),
  (1152661, 9, 4),
  (1152830, 7, 10),
  (1152914, 1, 0),
  (1152943, 1, 18),
  (1153093, 9, 13),
  (1153668, 2, 10),
  (1153938, 7, 10),
  (1154105, 11, 16),
  (1154989, 1, 0),
  (1156115, 6, 10),
  (1156277, 4, 10),
  (1156415, 1, 22),
  (1156941, 8, 7),
  (1158880, 7, 10),
  (1159647, 0, 0),
  (1160540, 2, 3),
  (1160847, 9, 2),
  (1160978, 7, 10),
  (1161070, 9, 3),
  (1163348, 11, 0),
  (1163366, 0, 0),
  (1163795, 8, 15),
  (1164208, 2, 3),
  (1165766, 1, 11),
  (1166118, 4, 2),
  (1166436, 0, 7),
  (1167458, 8, 4),
  (1168014, 7, 10),
  (1168529, 4, 10),
  (1169143, 10, 0),
  (1169742, 2, 3),
  (1169983, 0, 0),
  (1170461, 7, 10),
  (1170650, 3, 18),
  (1171908, 4, 17),
  (1172461, 1, 6),
  (1172595, 6, 10),
  (1172984, 5, 10),
  (1173105, 6, 1),
  (1173643, 0, 18),
  (1174864, 4, 10),
  (1175417, 4, 17),
  (1176511, 5, 10),
  (1177754, 4, 20),
  (1178199, 10, 0),
  (1181620, 4, 10),
  (1182160, 10, 0),
  (1182710, 4, 9),
  (1183047, 7, 2),
  (1184770, 0, 0),
  (1185502, 5, 10),
  (1186666, 4, 10),
  (1186743, 3, 15),
  (1186968, 1, 0),
  (1187129, 5, 4),
  (1188868, 2, 3),
  (1188929, 8, 3),
  (1189965, 1, 0),
  (1191402, 9, 13),
  (1192578, 7, 10),
  (1192704, 4, 10),
  (1192981, 3, 7),
  (1193110, 11, 0),
  (1193336, 3, 3),
  (1193475, 3, 3),
  (1195050, 3, 11),
  (1197385, 2, 13),
  (1197475, 6, 21),
  (1197512, 1, 0),
  (1199380, 9, 13),
  (1201002, 5, 17),
  (1201562, 7, 10),
  (1201996, 0, 11),
  (1202256, 7, 10),
  (1202266, 7, 10),
  (1202914, 4, 10),
  (1204386, 8, 13),
  (1204800, 1, 6),
  (1204812, 2, 5),
  (1207437, 10, 11),
  (1207850, 9, 0),
  (1209695, 10, 10),
  (1211698, 2, 7),
  (1213448, 6, 10),
  (1214033, 7, 17),
  (1214722, 5, 21),
  (1216377, 6, 21),
  (1216853, 7, 17),
  (1217670, 1, 0),
  (1219309, 3, 7),
  (1221559, 7, 10),
  (1221652, 8, 7),
  (1222623, 9, 18),
  (1222702, 1, 0),
  (1222886, 9, 13),
  (1224270, 1, 0),
  (1225211, 5, 17),
  (1227662, 8, 13),
  (1227726, 11, 0),
  (1228845, 8, 10),
  (1230702, 5, 10),
  (1231254, 3, 3),
  (1233944, 10, 0),
  (1234335, 7, 21),
  (1234359, 6, 10),
  (1234504, 8, 11),
  (1235158, 7, 10),
  (1237029, 7, 10),
  (1240688, 11, 0),
  (1241196, 11, 0),
  (1242687, 6, 10),
  (1245202, 2, 11),
  (1245608, 1, 11),
  (1245762, 2, 9),
  (1245863, 11, 0),
  (1247957, 10, 10),
  (1249352, 9, 0),
  (1249879, 6, 9),
  (1250294, 7, 8),
  (1250951, 9, 18),
  (1251499, 10, 19),
  (1254719, 3, 3),
  (1257602, 7, 13),
  (1258342, 7, 10),
  (1258417, 8, 3),
  (1259094, 9, 17),
  (1259790, 0, 0),
  (1260879, 1, 18),
  (1261551, 6, 10),
  (1262681, 9, 3),
  (1264510, 6, 2),
  (1265030, 5, 8),
  (1265409, 7, 11),
  (1266973, 3, 5),
  (1267992, 3, 4),
  (1268004, 1, 0),
  (1268828, 10, 0),
  (1269252, 9, 18),
  (1271165, 11, 10),
  (1271237, 5, 12),
  (1272542, 0, 0),
  (1273329, 5, 17),
  (1273412, 5, 10),
  (1273760, 11, 7),
  (1274661, 5, 21),
  (1274785, 5, 12),
  (1274969, 5, 10),
  (1275542, 4, 9),
  (1276153, 4, 10),
  (1276246, 2, 14),
  (1276368, 5, 10),
  (1280642, 1, 6),
  (1280787, 3, 10),
  (1286829, 7, 10),
  (1287212, 9, 8),
  (1287796, 9, 6),
  (1287845, 8, 3),
  (1289041, 5, 4),
  (1290962, 10, 22),
  (1291069, 7, 11),
  (1291438, 3, 4),
  (1293253, 0, 0),
  (1294494, 9, 18),
  (1295051, 6, 10),
  (1295452, 7, 17),
  (1296085, 11, 21),
  (1297143, 9, 3),
  (1299800, 8, 13),
  (1300982, 5, 10),
  (1301056, 5, 10),
  (1302207, 5, 10),
  (1302423, 3, 4),
  (1303248, 2, 5),
  (1303330, 11, 0),
  (1304149, 8, 4),
  (1304436, 0, 8),
  (1305566, 3, 3),
  (1306645, 2, 7),
  (1307173, 2, 7),
  (1307877, 11, 0),
  (1308831, 7, 10),
  (1309680, 8, 18),
  (1309895, 7, 10),
  (1309898, 1, 13),
  (1310359, 7, 10),
  (1311056, 2, 7),
  (1311333, 10, 12),
  (1311761, 2, 2),
  (1315670, 4, 21),
  (1317769, 11, 11),
  (1318072, 9, 4),
  (1319076, 3, 7),
  (1319116, 6, 10),
  (1319796, 11, 0),
  (1320546, 3, 3),
  (1321114, 10, 8),
  (1321314, 3, 7),
  (1321548, 8, 3),
  (1321664, 6, 13),
  (1321790, 9, 18),
  (1322363, 0, 0),
  (1322687, 4, 17),
  (1323362, 11, 0),
  (1323814, 1, 22),
  (1324205, 7, 10),
  (1324722, 8, 10),
  (1324791, 8, 7),
  (1325234, 2, 15),
  (1327051, 8, 0),
  (1327556, 0, 0),
  (1328362, 7, 17),
  (1329728, 4, 10),
  (1329908, 1, 0),
  (1332735, 10, 0),
  (1336079, 1, 0),
  (1336912, 8, 0),
  (1339490, 10, 10),
  (1339880, 8, 1),
  (1340060, 11, 11),
  (1341643, 0, 18),
  (1344818, 6, 9),
  (1345070, 6, 10),
  (1345242, 3, 18),
  (1345519, 5, 10),
  (1348031, 5, 21),
  (1349667, 1, 0),
  (1349908, 9, 8),
  (1350060, 3, 2),
  (1351103, 3, 3),
  (1351181, 4, 10),
  (1352387, 10, 0),
  (1353301, 9, 16),
  (1353307, 2, 3),
  (1354363, 4, 10),
  (1354604, 3, 13),
  (1355651, 6, 6),
  (1359918, 3, 0),
  (1360334, 8, 6),
  (1360639, 0, 0),
  (1360916, 9, 0),
  (1361014, 9, 15),
  (1362004, 11, 22),
  (1363767, 10, 11),
  (1364663, 10, 0),
  (1365524, 1, 19),
  (1366283, 5, 10),
  (1366529, 2, 4),
  (1367289, 11, 0),
  (1368522, 7, 10),
  (1369054, 11, 11),
  (1371183, 11, 0),
  (1371505, 0, 0),
  (1371715, 8, 7),
  (1374303, 9, 3),
  (1374547, 0, 0),
  (1374691, 11, 0),
  (1377268, 5, 10),
  (1377419, 4, 10),
  (1379460, 5, 10),
  (1380201, 6, 10),
  (1380317, 5, 10),
  (1382460, 0, 14),
  (1382738, 4, 1),
  (1384957, 4, 16),
  (1385066, 1, 0),
  (1385483, 8, 3),
  (1385921, 8, 0),
  (1388360, 9, 7),
  (1390488, 4, 9),
  (1391817, 9, 7),
  (1392028, 6, 10),
  (1393218, 8, 7),
  (1394759, 3, 18),
  (1394854, 9, 4),
  (1397114, 2, 0),
  (1397360, 8, 13),
  (1397633, 4, 10),
  (1399098, 10, 0),
  (1399332, 9, 18),
  (1399539, 7, 17),
  (1399552, 7, 22),
  (1402014, 4, 17),
  (1404089, 3, 18),
  (1404392, 1, 0),
  (1404430, 4, 17),
  (1405160, 10, 7),
  (1406459, 0, 0),
  (1407389, 8, 10),
  (1407733, 1, 5),
  (1409425, 5, 6),
  (1409591, 11, 0),
  (1411529, 5, 10),
  (1412411, 4, 10),
  (1412529, 10, 0),
  (1412856, 5, 10),
  (1413846, 7, 10),
  (1415190, 6, 10),
  (1415852, 6, 17),
  (1418007, 11, 10),
  (1419054, 0, 11),
  (1419119, 9, 8),
  (1419639, 4, 10),
  (1420872, 7, 17),
  (1421692, 6, 2),
  (1423403, 2, 0),
  (1424163, 11, 0),
  (1424495, 7, 9),
  (1425910, 6, 22),
  (1426266, 10, 11),
  (1426911, 1, 0),
  (1427280, 11, 0),
  (1429168, 6, 11),
  (1429332, 2, 3),
  (1430109, 11, 0),
  (1431958, 3, 13),
  (1432078, 5, 10),
  (1432520, 4, 10),
  (1432840, 4, 10),
  (1433494, 8, 3),
  (1434064, 3, 3),
  (1434302, 3, 3),
  (1434601, 1, 14),
  (1434605, 0, 11),
  (1435799, 6, 10),
  (1439167, 1, 0),
  (1439691, 10, 11),
  (1441753, 7, 22),
  (1446633, 1, 18),
  (1447507, 0, 0),
  (1447786, 5, 10),
  (1448639, 8, 7),
  (1450744, 0, 0),
  (1451113, 5, 10),
  (1451213, 3, 17),
  (1451612, 5, 2),
  (1453557, 10, 6),
  (1454459, 8, 4),
  (1455181, 0, 11),
  (1455376, 4, 10),
  (1456133, 9, 7),
  (1456686, 11, 0),
  (1457060, 8, 7),
  (1459372, 4, 12),
  (1459612, 3, 0),
  (1459880, 9, 10),
  (1460250, 0, 0),
  (1460279, 10, 14),
  (1460990, 4, 17),
  (1461341, 0, 0),
  (1462788, 2, 18),
  (1464019, 5, 10),
  (1465038, 9, 11),
  (1466131, 0, 0),
  (1467517, 2, 16),
  (1467591, 9, 16),
  (1469521, 0, 0),
  (1471343, 6, 21),
  (1473256, 0, 11),
  (1475317, 6, 10),
  (1476734, 4, 9),
  (1476739, 5, 10),
  (1477954, 11, 0),
  (1478192, 7, 17),
  (1478475, 0, 11),
  (1479628, 1, 11),
  (1480011, 0, 0),
  (1482145, 3, 7),
  (1482226, 1, 0),
  (1483998, 5, 10),
  (1484492, 10, 0),
  (1484843, 6, 9),
  (1485126, 8, 3),
  (1486498, 8, 4),
  (1488971, 4, 10),
  (1489101, 8, 18),
  (1489298, 6, 17),
  (1491368, 0, 0),
  (1491613, 4, 21),
  (1493495, 1, 0),
  (1494907, 4, 10),
  (1496209, 0, 0),
  (1496642, 7, 16),
  (1497685, 5, 5),
  (1497930, 7, 10),
  (1498138, 4, 10),
  (1498938, 0, 22),
  (1499414, 9, 10),
  (1499616, 9, 4),
  (1499688, 2, 2),
  (1499863, 9, 18),
  (1500271, 7, 10),
  (1500446, 3, 7),
  (1501994, 6, 14),
  (1502109, 4, 10),
  (1504020, 6, 17),
  (1504113, 4, 17),
  (1505383, 0, 0),
  (1505516, 4, 10),
  (1506153, 0, 10),
  (1507810, 4, 10),
  (1510899, 2, 4),
  (1512894, 6, 10),
  (1513019, 6, 10),
  (1513153, 8, 7),
  (1515955, 1, 0),
  (1516685, 1, 22),
  (1516830, 0, 11),
  (1518049, 10, 10),
  (1519277, 7, 17),
  (1519570, 1, 12),
  (1519890, 2, 10),
  (1521194, 0, 0),
  (1521460, 8, 10),
  (1521472, 5, 11),
  (1523355, 5, 9),
  (1523362, 9, 7),
  (1523370, 5, 10),
  (1524222, 5, 21),
  (1524714, 1, 19),
  (1528171, 0, 11),
  (1529270, 8, 10),
  (1529289, 10, 0),
  (1530233, 11, 0),
  (1531803, 9, 5),
  (1532800, 7, 10),
  (1533285, 4, 17),
  (1534045, 6, 16),
  (1534443, 1, 0),
  (1534903, 9, 13),
  (1535333, 9, 7),
  (1536170, 4, 10),
  (1536937, 6, 13),
  (1537271, 1, 10),
  (1540056, 9, 3),
  (1540642, 6, 10),
  (1540925, 10, 11),
  (1541312, 8, 4),
  (1541990, 10, 19),
  (1542029, 2, 10),
  (1544164, 6, 18),
  (1544989, 1, 11),
  (1547679, 0, 22),
  (1548477, 9, 8),
  (1548532, 3, 12),
  (1548630, 0, 11),
  (1550092, 9, 17),
  (1551273, 9, 3),
  (1552656, 6, 10),
  (1555362, 8, 0),
  (1556317, 9, 0),
  (1556430, 6, 9),
  (1560522, 2, 7),
  (1560792, 4, 17),
  (1561417, 0, 0),
  (1563027, 8, 0),
  (1563447, 11, 0),
  (1566049, 10, 17),
  (1568909, 10, 0),
  (1569244, 1, 0),
  (1569907, 0, 0),
  (1572222, 5, 9),
  (1573376, 11, 0),
  (1573777, 6, 10),
  (1573790, 11, 0),
  (1573870, 11, 11),
  (1575295, 10, 0),
  (1576627, 0, 21),
  (1577105, 5, 17),
  (1579695, 11, 0),
  (1580052, 8, 7),
  (1581315, 1, 0),
  (1581766, 5, 10),
  (1581809, 4, 10),
  (1582146, 7, 17),
  (1583597, 10, 1),
  (1583640, 11, 8),
  (1586125, 9, 5),
  (1587206, 0, 10),
  (1588361, 9, 8),
  (1588368, 7, 22),
  (1588475, 6, 10),
  (1592816, 1, 11),
  (1593024, 4, 17),
  (1593115, 6, 17),
  (1594037, 4, 10),
  (1594729, 1, 11),
  (1594761, 8, 0),
  (1596157, 1, 0),
  (1596541, 7, 10),
  (1596750, 9, 7),
  (1597023, 11, 22),
  (1597304, 7, 17),
  (1597696, 8, 16),
  (1597810, 1, 0),
  (1599329, 9, 10),
  (1600039, 7, 10),
  (1600661, 10, 11),
  (1600697, 11, 11),
  (1601599, 2, 18),
  (1601993, 9, 7),
  (1605904, 0, 14),
  (1605961, 5, 10),
  (1606266, 11, 10),
  (1607314, 4, 17),
  (1609077, 10, 22),
  (1610528, 2, 13),
  (1611104, 3, 7),
  (1611132, 3, 14),
  (1613312, 0, 11),
  (1613501, 1, 0),
  (1614210, 0, 0),
  (1614327, 9, 7),
  (1614826, 6, 10),
  (1616820, 8, 0),
  (1616864, 1, 11),
  (1618244, 11, 0),
  (1618332, 7, 10),
  (1618538, 3, 13),
  (1620022, 3, 7),
  (1621172, 9, 7),
  (1621291, 6, 22),
  (1622144, 3, 4),
  (1622365, 10, 0),
  (1624121, 7, 10),
  (1624254, 9, 18),
  (1625702, 10, 17),
  (1625736, 8, 7),
  (1626961, 8, 15),
  (1629779, 10, 1),
  (1630936, 0, 11),
  (1631003, 8, 10),
  (1632218, 7, 9),
  (1634197, 3, 13),
  (1634248, 10, 10),
  (1634646, 5, 2),
  (1634933, 6, 10),
  (1635762, 2, 7),
  (1636222, 6, 21),
  (1636652, 1, 18),
  (1637009, 3, 8),
  (1641974, 5, 17),
  (1642097, 11, 10),
  (1643659, 6, 18),
  (1644340, 2, 7),
  (1645247, 1, 3),
  (1645463, 5, 17),
  (1645587, 2, 3),
  (1646971, 10, 18),
  (1647496, 10, 0),
  (1650416, 10, 0),
  (1651632, 10, 0),
  (1653163, 2, 13),
  (1653384, 10, 18),
  (1654299, 9, 18),
  (1654615, 6, 22),
  (1656387, 8, 3),
  (1656755, 11, 0),
  (1657565, 5, 17),
  (1658074, 4, 22),
  (1658161, 1, 0),
  (1660970, 10, 0),
  (1661896, 2, 4),
  (1662346, 11, 0),
  (1663913, 10, 11),
  (1664324, 8, 7),
  (1664748, 11, 0),
  (1665331, 7, 10),
  (1668903, 4, 10),
  (1668978, 4, 10),
  (1669974, 7, 9),
  (1670830, 7, 10),
  (1671471, 10, 0),
  (1672519, 11, 18),
  (1672906, 10, 0),
  (1673053, 2, 3),
  (1673071, 10, 0),
  (1674276, 0, 11),
  (1675750, 11, 0),
  (1676122, 6, 10),
  (1676492, 3, 3),
  (1677813, 4, 17),
  (1678717, 0, 5),
  (1680124, 0, 18),
  (1680950, 1, 0),
  (1682361, 8, 17),
  (1683282, 0, 22),
  (1683759, 1, 0),
  (1684109, 9, 0),
  (1684434, 2, 13),
  (1685287, 3, 17),
  (1688501, 11, 10),
  (1689233, 4, 10),
  (1690009, 1, 11),
  (1691118, 7, 10),
  (1691787, 10, 0),
  (1691801, 8, 3),
  (1695535, 0, 6),
  (1695974, 1, 18),
  (1697351, 11, 22),
  (1697394, 7, 17),
  (1700333, 9, 3),
  (1700697, 10, 0),
  (1702272, 0, 0),
  (1702527, 4, 10),
  (1702903, 2, 11),
  (1702938, 7, 18),
  (1703294, 1, 0),
  (1703390, 6, 10),
  (1704006, 5, 10),
  (1706087, 6, 10),
  (1708388, 5, 22),
  (1708401, 3, 13),
  (1708416, 10, 10),
  (1708983, 10, 19),
  (1710668, 9, 7),
  (1712667, 2, 7),
  (1714108, 6, 16),
  (1716285, 0, 0),
  (1716552, 3, 10),
  (1717291, 2, 7),
  (1718314, 4, 10),
  (1719261, 6, 17),
  (1719527, 7, 9),
  (1720523, 9, 10),
  (1720557, 10, 11),
  (1722318, 11, 0),
  (1723919, 11, 0),
  (1726835, 10, 0),
  (1727033, 6, 10),
  (1727603, 3, 0),
  (1727734, 0, 12),
  (1728579, 3, 4),
  (1728734, 7, 9),
  (1728757, 1, 2),
  (1731828, 6, 10),
  (1732260, 2, 4),
  (1732445, 3, 0),
  (1732987, 2, 4),
  (1734496, 2, 14),
  (1735194, 0, 22),
  (1736489, 0, 0),
  (1736654, 0, 7),
  (1736821, 4, 15),
  (1738167, 4, 10),
  (1739625, 2, 3),
  (1739754, 4, 21),
  (1740201, 8, 4),
  (1742247, 2, 0),
  (1744154, 0, 11),
  (1744903, 3, 2),
  (1746192, 1, 18),
  (1747582, 5, 10),
  (1747872, 11, 0),
  (1749099, 9, 7),
  (1750872, 6, 17),
  (1752675, 6, 17),
  (1752690, 2, 7),
  (1754565, 4, 2),
  (1757369, 10, 0),
  (1759980, 10, 22),
  (1762046, 9, 16),
  (1762302, 3, 4),
  (1762515, 2, 7),
  (1764873, 9, 4),
  (1765106, 10, 7),
  (1765304, 7, 16),
  (1765721, 2, 10),
  (1770300, 3, 10),
  (1770465, 10, 10),
  (1770635, 1, 0),
  (1770992, 10, 0),
  (1771118, 0, 11),
  (1772042, 10, 17),
  (1772258, 4, 10),
  (1773332, 3, 7),
  (1773764, 3, 11),
  (1774406, 2, 7),
  (1775161, 8, 4),
  (1775209, 7, 17),
  (1775652, 7, 21),
  (1775825, 10, 18),
  (1776647, 11, 8),
  (1778036, 0, 11),
  (1779829, 6, 12),
  (1780222, 4, 22),
  (1781166, 11, 7),
  (1781466, 6, 10),
  (1782302, 11, 0),
  (1782799, 11, 10),
  (1783940, 10, 0),
  (1784814, 3, 3),
  (1785671, 7, 10),
  (1787451, 4, 9),
  (1788150, 11, 20),
  (1788622, 4, 17),
  (1788683, 6, 18),
  (1791986, 7, 10),
  (1792047, 1, 0),
  (1795193, 3, 12),
  (1795765, 9, 13),
  (1795808, 7, 10),
  (1796534, 3, 3),
  (1797366, 1, 0),
  (1798577, 3, 10),
  (1800601, 5, 3),
  (1800755, 1, 0),
  (1800937, 6, 10),
  (1801130, 3, 0),
  (1802704, 6, 10),
  (1803228, 8, 10),
  (1803459, 9, 12),
  (1804357, 4, 12),
  (1804864, 10, 0),
  (1805048, 10, 18),
  (1805163, 7, 1),
  (1806700, 6, 10),
  (1808045, 11, 3),
  (1809366, 2, 3),
  (1812836, 9, 10),
  (1813147, 9, 3),
  (1814446, 3, 10),
  (1814943, 3, 18),
  (1816002, 3, 16),
  (1816285, 0, 3),
  (1817169, 5, 22),
  (1817906, 2, 3),
  (1817928, 1, 0),
  (1818426, 7, 14),
  (1818643, 1, 0),
  (1818828, 5, 17),
  (1820429, 8, 2),
  (1823022, 6, 10),
  (1823916, 7, 7),
  (1824432, 3, 7),
  (1824780, 11, 0),
  (1824801, 10, 0),
  (1825273, 0, 0),
  (1825352, 4, 17),
  (1826400, 9, 13),
  (1826638, 5, 10),
  (1826656, 8, 3),
  (1826974, 4, 9),
  (1827146, 1, 3),
  (1827738, 6, 10),
  (1829135, 3, 8),
  (1829887, 6, 8),
  (1830016, 10, 22),
  (1831533, 7, 17),
  (1833482, 8, 7),
  (1833595, 10, 10),
  (1833952, 8, 2),
  (1837695, 2, 7),
  (1839153, 11, 0),
  (1840038, 1, 0),
  (1841630, 9, 3),
  (1844754, 6, 22),
  (1846296, 1, 0),
  (1846464, 5, 3),
  (1846939, 6, 17),
  (1847408, 3, 3),
  (1847703, 8, 5),
  (1848548, 2, 5),
  (1849205, 1, 10),
  (1849740, 1, 18),
  (1851131, 2, 3),
  (1851667, 4, 5),
  (1853429, 2, 17),
  (1853980, 9, 7),
  (1855548, 5, 10),
  (1855841, 5, 10),
  (1858113, 5, 9),
  (1859348, 0, 0),
  (1859356, 1, 0),
  (1859380, 2, 9),
  (1861426, 10, 0),
  (1861895, 4, 6),
  (1862147, 9, 12),
  (1862866, 7, 22),
  (1863060, 6, 10),
  (1863923, 11, 18),
  (1867812, 9, 18),
  (1868508, 3, 7),
  (1868816, 3, 7),
  (1869465, 8, 6),
  (1871120, 2, 0),
  (1872105, 4, 5),
  (1873762, 6, 10),
  (1874429, 9, 7),
  (1875898, 8, 3),
  (1875905, 4, 17),
  (1877128, 8, 9),
  (1877686, 6, 10),
  (1878928, 5, 22),
  (1879613, 6, 13),
  (1882106, 3, 8),
  (1884275, 5, 10),
  (1885231, 3, 0),
  (1886264, 7, 10),
  (1886678, 3, 1),
  (1887050, 10, 19),
  (1887461, 6, 9),
  (1888492, 9, 3),
  (1890232, 2, 4),
  (1890588, 6, 10),
  (1892132, 7, 10),
  (1892924, 9, 10),
  (1893611, 8, 14),
  (1895063, 9, 1),
  (1895478, 3, 10),
  (1896201, 0, 0),
  (1896421, 8, 3),
  (1898102, 8, 3),
  (1898580, 2, 7),
  (1899855, 3, 18),
  (1900929, 8, 18),
  (1902103, 3, 3),
  (1902276, 4, 10),
  (1902596, 2, 15),
  (1903543, 8, 7),
  (1905589, 9, 13),
  (1905819, 0, 10),
  (1907490, 9, 3),
  (1908063, 3, 13),
  (1908529, 5, 16),
  (1909203, 9, 10),
  (1910115, 9, 10),
  (1910192, 10, 0),
  (1913404, 5, 10),
  (1913684, 5, 10),
  (1914086, 11, 11),
  (1916616, 2, 18),
  (1917261, 11, 0),
  (1917658, 9, 4),
  (1918453, 3, 0),
  (1920079, 4, 9),
  (1920636, 4, 17),
  (1921870, 11, 0),
  (1922154, 4, 10),
  (1922476, 7, 10),
  (1923117, 2, 7),
  (1923597, 4, 10),
  (1925195, 3, 8),
  (1925771, 3, 7),
  (1926366, 0, 18),
  (1927541, 4, 10),
  (1929310, 7, 10),
  (1930097, 6, 10),
  (1930168, 9, 3),
  (1930694, 11, 0),
  (1930865, 7, 9),
  (1933852, 6, 10),
  (1934089, 0, 22),
  (1934180, 10, 0),
  (1934746, 1, 0),
  (1934751, 1, 0),
  (1935700, 9, 2),
  (1936029, 1, 0),
  (1936649, 11, 11),
  (1937053, 0, 11),
  (1937126, 8, 3),
  (1937533, 10, 20),
  (1938605, 7, 17),
  (1938811, 6, 10),
  (1939292, 0, 0),
  (1940601, 9, 18),
  (1941981, 4, 10),
  (1942509, 5, 18),
  (1942579, 1, 6),
  (1943678, 4, 10),
  (1947076, 3, 8),
  (1947539, 1, 0),
  (1951709, 0, 0),
  (1953097, 5, 16),
  (1953247, 10, 10),
  (1954072, 11, 22),
  (1956809, 1, 0),
  (1956922, 6, 10),
  (1959433, 7, 10),
  (1960669, 5, 13),
  (1962522, 6, 17),
  (1963161, 0, 18),
  (1964861, 1, 0),
  (1964947, 11, 0),
  (1965364, 9, 7),
  (1966037, 5, 17),
  (1966180, 2, 1),
  (1966932, 0, 11),
  (1967253, 8, 13),
  (1967561, 3, 3),
  (1967773, 8, 3),
  (1967887, 11, 0),
  (1968397, 1, 18),
  (1969946, 7, 2),
  (1970147, 11, 0),
  (1971566, 10, 0),
  (1972025, 10, 0),
  (1972150, 2, 7),
  (1974022, 3, 18),
  (1975436, 1, 0),
  (1976389, 0, 0),
  (1977007, 9, 14),
  (1977359, 1, 0),
  (1977384, 0, 11),
  (1977515, 7, 12),
  (1978410, 11, 14),
  (1978499, 4, 17),
  (1978619, 5, 21),
  (1979148, 11, 22),
  (1979562, 8, 3),
  (1980106, 2, 14),
  (1981494, 1, 18),
  (1982299, 1, 18),
  (1985605, 3, 7),
  (1986974, 0, 11),
  (1989236, 0, 0),
  (1990508, 9, 17),
  (1991165, 11, 11),
  (1992117, 0, 22),
  (1995627, 8, 14),
  (1995776, 11, 0),
  (1996893, 7, 10),
  (1997800, 7, 21),
  (1998831, 9, 0),
  (2001249, 3, 3),
  (2004154, 5, 22),
  (2004290, 3, 16),
  (2007509, 7, 10),
  (2009442, 8, 7),
  (2010341, 0, 11),
  (2010782, 6, 10),
  (2011133, 5, 10),
  (2012436, 6, 17),
  (2012990, 8, 2),
  (2014005, 11, 11),
  (2014561, 1, 22),
  (2015714, 9, 3),
  (2017290, 9, 10),
  (2018122, 8, 7),
  (2018353, 4, 2),
  (2020181, 5, 10),
  (2020690, 11, 10),
  (2020965, 1, 0),
  (2022924, 9, 0),
  (2025760, 1, 11),
  (2026681, 3, 7),
  (2026789, 6, 10),
  (2026880, 10, 10),
  (2029965, 10, 0),
  (2030861, 5, 10),
  (2031747, 4, 19),
  (2032075, 3, 0),
  (2032539, 11, 0),
  (2033564, 7, 5),
  (2033886, 4, 10),
  (2034888, 9, 7),
  (2036386, 11, 0),
  (2037203, 5, 10),
  (2037441, 8, 15),
  (2037527, 1, 3),
  (2037910, 1, 0),
  (2037927, 5, 10),
  (2038069, 8, 4),
  (2038907, 1, 11),
  (2043191, 3, 12),
  (2043781, 2, 4),
  (2050043, 11, 22),
  (2052276, 7, 10),
  (2052672, 11, 3),
  (2053485, 0, 4),
  (2053657, 10, 11),
  (2054282, 10, 11),
  (2054543, 9, 0),
  (2056507, 9, 17),
  (2057353, 10, 3),
  (2057670, 11, 11),
  (2059365, 11, 0),
  (2059529, 7, 10),
  (2061058, 11, 6),
  (2061539, 0, 11),
  (2063466, 5, 22),
  (2065739, 4, 17),
  (2067049, 0, 0),
  (2067174, 11, 0),
  (2067513, 0, 0),
  (2068267, 8, 2),
  (2068375, 11, 11),
  (2070366, 8, 3),
  (2070759, 5, 10),
  (2071641, 11, 18),
  (2071851, 0, 6),
  (2073105, 3, 10),
  (2073156, 2, 7),
  (2076223, 6, 22),
  (2076382, 10, 11),
  (2077421, 5, 10),
  (2078203, 0, 0),
  (2078215, 4, 13),
  (2078779, 11, 0),
  (2080202, 7, 17),
  (2083624, 9, 0),
  (2084188, 1, 0),
  (2085744, 6, 10),
  (2086855, 2, 13),
  (2087524, 4, 21),
  (2087573, 2, 7),
  (2088135, 1, 0),
  (2091993, 6, 10),
  (2092306, 8, 18),
  (2092728, 1, 2),
  (2093208, 9, 3),
  (2094587, 4, 10),
  (2095141, 4, 17),
  (2097178, 3, 3),
  (2097543, 1, 0),
  (2098993, 3, 18),
  (2099528, 7, 21),
  (2099754, 1, 6),
  (2101116, 2, 5),
  (2103230, 7, 6),
  (2105819, 0, 0),
  (2105939, 8, 8),
  (2106712, 7, 19),
  (2107743, 8, 3),
  (2108146, 2, 18),
  (2110013, 11, 0),
  (2111152, 0, 0),
  (2112745, 6, 22),
  (2113137, 6, 10),
  (2113248, 5, 22),
  (2113837, 4, 6),
  (2114278, 2, 7),
  (2116159, 5, 10),
  (2116581, 8, 7),
  (2118519, 7, 22),
  (2118905, 10, 11),
  (2119992, 11, 0),
  (2120628, 6, 10),
  (2121922, 0, 0),
  (2122828, 0, 0),
  (2123275, 8, 6),
  (2123956, 8, 13),
  (2124498, 11, 0),
  (2125857, 7, 22),
  (2126065, 1, 19),
  (2127043, 4, 1),
  (2127622, 11, 0),
  (2128939, 7, 10),
  (2129543, 0, 11),
  (2129958, 1, 0),
  (2130879, 10, 11),
  (2131414, 3, 11),
  (2133286, 6, 17),
  (2134590, 5, 10),
  (2134756, 4, 10),
  (2136215, 7, 10),
  (2136488, 5, 17),
  (2136575, 11, 0),
  (2136825, 3, 4),
  (2137170, 9, 5),
  (2137990, 0, 11),
  (2138679, 9, 8),
  (2139629, 10, 0),
  (2139853, 2, 14),
  (2139858, 3, 16),
  (2140784, 5, 22),
  (2141090, 11, 0),
  (2141321, 6, 18),
  (2142292, 0, 0),
  (2143916, 7, 17),
  (2144751, 2, 3),
  (2144907, 7, 10),
  (2145297, 11, 0),
  (2145488, 1, 11),
  (2145643, 10, 11),
  (2147077, 11, 0),
  (2147577, 7, 10),
  (2148017, 4, 19),
  (2149531, 7, 17),
  (2150054, 8, 7),
  (2150667, 2, 11),
  (2151257, 1, 11),
  (2153370, 9, 7),
  (2153776, 2, 2),
  (2154186, 3, 17),
  (2154419, 4, 22),
  (2155036, 1, 0),
  (2156835, 0, 0),
  (2158387, 7, 13),
  (2159155, 4, 2),
  (2159942, 2, 4),
  (2159996, 7, 9),
  (2160819, 8, 14),
  (2162332, 5, 10),
  (2162416, 1, 19),
  (2164566, 9, 8),
  (2164696, 11, 0),
  (2165044, 10, 11),
  (2166018, 5, 10),
  (2167014, 9, 7),
  (2167110, 0, 0),
  (2168425, 1, 0),
  (2170631, 1, 6),
  (2171217, 8, 14),
  (2172496, 5, 10),
  (2172589, 9, 11),
  (2173312, 11, 0),
  (2173492, 2, 0),
  (2174249, 3, 16),
  (2175069, 2, 3),
  (2175382, 5, 10),
  (2175903, 4, 17),
  (2176652, 2, 15),
  (2177380, 0, 0),
  (2178295, 3, 1),
  (2178827, 8, 7),
  (2180322, 9, 4),
  (2180517, 0, 0),
  (2181148, 5, 10),
  (2181209, 6, 17),
  (2181523, 11, 10),
  (2182745, 2, 12),
  (2183329, 9, 7),
  (2183435, 9, 12),
  (2183587, 3, 3),
  (2187709, 8, 7),
  (2188123, 7, 22),
  (2188299, 11, 11),
  (2189725, 6, 10),
  (2190677, 3, 13),
  (2192345, 7, 21),
  (2193132, 7, 10),
  (2193485, 6, 10),
  (2193959, 3, 7),
  (2194726, 10, 11),
  (2194891, 1, 0),
  (2195427, 4, 17),
  (2196643, 5, 17),
  (2197285, 11, 6),
  (2197903, 11, 18),
  (2198023, 0, 11),
  (2198717, 1, 0),
  (2200063, 8, 0),
  (2201926, 11, 0),
  (2203909, 6, 17),
  (2204751, 2, 5),
  (2206637, 6, 17),
  (2206654, 10, 11),
  (2206722, 7, 10),
  (2206884, 5, 17),
  (2208396, 5, 17),
  (2211656, 5, 10),
  (2212075, 10, 0),
  (2212705, 8, 4),
  (2214700, 2, 0),
  (2217350, 0, 11),
  (2217754, 4, 4),
  (2218265, 2, 7),
  (2219087, 9, 18),
  (2219333, 6, 10),
  (2219826, 1, 11),
  (2222332, 4, 22),
  (2223248, 1, 0),
  (2224301, 2, 13),
  (2224421, 0, 8),
  (2225497, 7, 5),
  (2227238, 3, 7),
  (2228020, 9, 7),
  (2228287, 9, 16),
  (2228647, 11, 11),
  (2230792, 4, 10),
  (2231448, 10, 18),
  (2232217, 8, 12),
  (2233328, 5, 15),
  (2233739, 6, 22),
  (2235707, 4, 10),
  (2236204, 2, 4),
  (2236362, 3, 10),
  (2237923, 10, 14),
  (2238241, 10, 19),
  (2239186, 11, 22),
  (2240234, 4, 10),
  (2242092, 0, 22),
  (2242511, 0, 11),
  (2243669, 7, 13),
  (2243700, 11, 0),
  (2246758, 9, 18),
  (2247096, 8, 3),
  (2247259, 8, 7),
  (2247681, 6, 17),
  (2250064, 9, 4),
  (2251321, 6, 10),
  (2251746, 9, 3),
  (2252341, 2, 13),
  (2253074, 1, 22),
  (2253150, 5, 10),
  (2253505, 6, 6),
  (2255303, 8, 7),
  (2255357, 1, 15),
  (2255690, 10, 0),
  (2256464, 5, 10),
  (2256905, 1, 0),
  (2257344, 4, 5),
  (2258571, 0, 0),
  (2259220, 11, 0),
  (2259310, 1, 0),
  (2259710, 11, 0),
  (2259831, 6, 17),
  (2260036, 10, 0),
  (2260525, 2, 13),
  (2260636, 11, 0),
  (2261149, 3, 3),
  (2261767, 7, 10),
  (2262534, 1, 0),
  (2262831, 4, 10),
  (2263446, 11, 0),
  (2263831, 0, 0),
  (2264565, 8, 10),
  (2265119, 9, 5),
  (2269012, 11, 11),
  (2269576, 9, 13),
  (2270922, 10, 6),
  (2271608, 7, 22),
  (2272335, 9, 14),
  (2272810, 9, 7),
  (2273190, 0, 0),
  (2273311, 8, 5),
  (2273377, 5, 10),
  (2276136, 9, 3),
  (2276312, 8, 7),
  (2281367, 2, 7),
  (2281601, 10, 11),
  (2282343, 9, 3),
  (2282819, 4, 10),
  (2283328, 11, 11),
  (2283619, 6, 14),
  (2283880, 1, 0),
  (2284541, 10, 22),
  (2284966, 5, 10),
  (2285187, 5, 17),
  (2285450, 4, 10),
  (2286042, 11, 0),
  (2286430, 9, 7),
  (2287315, 9, 4),
  (2287951, 2, 7),
  (2288101, 8, 9),
  (2288514, 5, 10),
  (2289048, 2, 3),
  (2289167, 9, 7),
  (2289438, 8, 3),
  (2290159, 6, 10),
  (2290586, 4, 10),
  (2291472, 9, 7),
  (2291689, 5, 10),
  (2292268, 11, 3),
  (2292363, 7, 21),
  (2292371, 0, 1),
  (2293413, 2, 13),
  (2293772, 7, 10),
  (2293981, 0, 0),
  (2294801, 0, 0),
  (2296997, 11, 18),
  (2297514, 7, 10),
  (2297656, 1, 0),
  (2298226, 6, 17),
  (2299060, 2, 3),
  (2299186, 9, 7),
  (2299365, 6, 17),
  (2301979, 2, 18),
  (2302488, 9, 7),
  (2305675, 7, 17),
  (2306561, 10, 0),
  (2307111, 1, 0),
  (2307681, 8, 0),
  (2308408, 10, 14),
  (2308798, 6, 22),
  (2309154, 2, 7),
  (2309477, 0, 0),
  (2310395, 10, 22),
  (2310665, 7, 17),
  (2311025, 4, 10),
  (2311165, 4, 17),
  (2311500, 2, 7),
  (2312384, 6, 2),
  (2312961, 8, 4),
  (2314134, 10, 0),
  (2316459, 3, 7),
  (2316655, 7, 19),
  (2317800, 0, 0),
  (2318084, 11, 0),
  (2318292, 10, 0),
  (2319048, 2, 7),
  (2319143, 3, 6),
  (2319872, 7, 11),
  (2319881, 3, 7),
  (2321014, 9, 14),
  (2321671, 10, 0),
  (2322767, 9, 7),
  (2323194, 3, 2),
  (2324701, 3, 7),
  (2328843, 5, 10),
  (2328900, 11, 0),
  (2329498, 9, 3),
  (2330254, 9, 1),
  (2332433, 10, 11),
  (2332630, 8, 8),
  (2332765, 7, 21),
  (2334222, 4, 10),
  (2335568, 5, 5),
  (2336848, 2, 11),
  (2339017, 11, 18),
  (2339651, 1, 0),
  (2339749, 4, 10),
  (2341737, 2, 0),
  (2341832, 7, 10),
  (2342026, 2, 13),
  (2343760, 4, 10),
  (2344490, 10, 18),
  (2344584, 0, 0),
  (2345736, 11, 10),
  (2346423, 7, 17),
  (2346843, 2, 15),
  (2346906, 2, 7),
  (2348364, 10, 0),
  (2348762, 6, 5),
  (2349809, 6, 18),
  (2351051, 4, 10),
  (2352145, 2, 3),
  (2352219, 10, 22),
  (2352697, 9, 10),
  (2353211, 0, 18),
  (2356130, 9, 7),
  (2356855, 9, 17),
  (2356986, 7, 10),
  (2357355, 3, 7),
  (2357690, 4, 10),
  (2358488, 7, 21),
  (2359174, 9, 3),
  (2360568, 9, 7),
  (2361632, 1, 0),
  (2362307, 5, 9),
  (2362642, 4, 2),
  (2364001, 9, 7),
  (2365416, 4, 2),
  (2366405, 7, 10),
  (2367519, 5, 10),
  (2367542, 7, 10),
  (2367768, 0, 0),
  (2368650, 7, 21),
  (2368963, 3, 7),
  (2370007, 5, 10),
  (2370128, 8, 0),
  (2371624, 10, 13),
  (2373619, 8, 4),
  (2376131, 0, 0),
  (2376572, 11, 3),
  (2378263, 4, 10),
  (2378433, 6, 10),
  (2380287, 4, 2),
  (2381691, 10, 3),
  (2381839, 4, 10),
  (2383036, 6, 17),
  (2385803, 6, 10),
  (2386899, 8, 13),
  (2387443, 11, 0),
  (2387769, 3, 13),
  (2390021, 11, 21),
  (2390900, 0, 11),
  (2391748, 2, 8),
  (2392211, 4, 10),
  (2392902, 5, 10),
  (2393963, 9, 13),
  (2394770, 2, 3),
  (2395306, 0, 0),
  (2398535, 3, 3),
  (2400069, 10, 0),
  (2401311, 0, 11),
  (2401376, 9, 7),
  (2404739, 3, 10),
  (2404827, 11, 0),
  (2405369, 9, 18),
  (2406651, 8, 8),
  (2407075, 4, 10),
  (2407481, 3, 6),
  (2408366, 6, 10),
  (2408731, 11, 3),
  (2409560, 11, 11),
  (2410015, 1, 0),
  (2411129, 4, 10),
  (2411466, 11, 0),
  (2412149, 0, 10),
  (2413312, 9, 6),
  (2413925, 8, 7),
  (2414118, 10, 11),
  (2414663, 4, 10),
  (2414776, 9, 4),
  (2415613, 11, 11),
  (2415891, 0, 0),
  (2416432, 11, 0),
  (2416834, 1, 21),
  (2418748, 0, 0),
  (2419039, 3, 14),
  (2419969, 7, 18),
  (2420078, 6, 6),
  (2420465, 9, 3),
  (2420651, 2, 7),
  (2421329, 8, 9),
  (2422173, 7, 10),
  (2422838, 10, 0),
  (2423251, 2, 7),
  (2423959, 4, 10),
  (2424463, 1, 19),
  (2426783, 9, 17),
  (2428435, 4, 10),
  (2428645, 3, 18),
  (2428731, 3, 3),
  (2429837, 10, 0),
  (2430208, 2, 12),
  (2430349, 9, 3),
  (2430490, 11, 22),
  (2431792, 11, 14),
  (2432258, 8, 0),
  (2434212, 1, 0),
  (2435552, 8, 7),
  (2435706, 7, 10),
  (2436959, 4, 16),
  (2437935, 5, 10),
  (2438795, 6, 10),
  (2439487, 1, 11),
  (2441717, 7, 5),
  (2444300, 1, 5),
  (2444310, 9, 18),
  (2445484, 6, 17),
  (2446319, 11, 18),
  (2448459, 0, 0),
  (2449751, 9, 3),
  (2449862, 11, 10),
  (2450188, 2, 7),
  (2450241, 2, 0),
  (2452369, 6, 17),
  (2452661, 3, 3),
  (2453431, 5, 17),
  (2453534, 2, 3),
  (2454934, 4, 10),
  (2455740, 8, 1),
  (2458537, 8, 7),
  (2458684, 8, 2),
  (2459868, 1, 0),
  (2459890, 6, 10),
  (2460077, 8, 7),
  (2460318, 5, 10),
  (2460392, 8, 4),
  (2460694, 4, 17),
  (2461967, 3, 14),
  (2463468, 1, 0),
  (2463528, 5, 17),
  (2464491, 2, 4),
  (2465351, 4, 22),
  (2466204, 7, 10),
  (2466372, 11, 0),
  (2467149, 11, 22),
  (2469101, 5, 10),
  (2470062, 4, 9),
  (2470190, 2, 11),
  (2470233, 8, 18),
  (2470527, 8, 13),
  (2471376, 7, 10),
  (2471973, 3, 10),
  (2472304, 4, 17),
  (2473427, 5, 10),
  (2474584, 11, 22),
  (2475140, 10, 11),
  (2475384, 1, 18),
  (2475640, 8, 1),
  (2475961, 0, 0),
  (2476024, 3, 4),
  (2476400, 10, 0),
  (2476758, 11, 0),
  (2477737, 8, 11),
  (2477926, 7, 10),
  (2478387, 2, 3),
  (2478593, 1, 0),
  (2480391, 4, 17),
  (2481918, 1, 0),
  (2483156, 1, 0),
  (2483807, 0, 11),
  (2484445, 9, 5),
  (2484712, 0, 0),
  (2484870, 1, 0),
  (2485049, 6, 10),
  (2485329, 2, 8),
  (2485689, 2, 7),
  (2485713, 4, 10),
  (2486875, 7, 10),
  (2487546, 4, 17),
  (2488299, 5, 10),
  (2488522, 9, 4),
  (2489100, 11, 22),
  (2489173, 4, 10),
  (2489526, 9, 3),
  (2489792, 3, 3),
  (2490506, 4, 11),
  (2490717, 1, 11),
  (2491319, 9, 3),
  (2491621, 6, 17),
  (2491641, 4, 10),
  (2492000, 7, 10),
  (2492265, 1, 0),
  (2492878, 11, 18),
  (2493539, 6, 10),
  (2493913, 8, 0),
  (2496097, 8, 7),
  (2496631, 4, 10),
  (2497580, 6, 10),
  (2498216, 6, 22),
  (2498654, 1, 11),
  (2498945, 3, 7),
  (2498959, 10, 0),
  (2499710, 0, 11),
  (2499955, 11, 3),
  (2500711, 10, 0),
  (2500751, 1, 19),
  (2501303, 0, 0),
  (2501477, 5, 22),
  (2502230, 2, 4),
  (2504267, 8, 2),
  (2504808, 11, 8),
  (2505655, 2, 7),
  (2507798, 11, 0),
  (2508473, 0, 0),
  (2510624, 7, 10),
  (2510970, 4, 10),
  (2511789, 5, 10),
  (2512023, 6, 10),
  (2512143, 9, 3),
  (2517202, 3, 7),
  (2517615, 9, 5),
  (2517850, 2, 16),
  (2518895, 8, 3),
  (2519670, 4, 17),
  (2520399, 2, 0),
  (2520448, 9, 1),
  (2521600, 2, 16),
  (2522258, 2, 2),
  (2522328, 8, 4),
  (2523810, 9, 2),
  (2524046, 9, 8),
  (2525896, 11, 0),
  (2526018, 11, 0),
  (2526560, 3, 7),
  (2526987, 1, 11),
  (2528226, 2, 13),
  (2528750, 3, 7),
  (2528901, 6, 10),
  (2528949, 7, 19),
  (2530175, 8, 2),
  (2531855, 4, 17),
  (2532245, 9, 6),
  (2534731, 9, 7),
  (2535200, 0, 7),
  (2535202, 7, 4),
  (2535477, 0, 5),
  (2535842, 0, 0),
  (2535952, 1, 0),
  (2536118, 9, 7),
  (2536391, 2, 4),
  (2537416, 7, 17),
  (2537643, 4, 17),
  (2539026, 1, 0),
  (2539461, 0, 4),
  (2540289, 3, 7),
  (2540302, 11, 7),
  (2540629, 2, 4),
  (2540783, 2, 0),
  (2541685, 9, 3),
  (2541868, 7, 10),
  (2541877, 6, 20),
  (2545194, 8, 16),
  (2546141, 6, 3),
  (2546190, 10, 0),
  (2546262, 8, 7),
  (2547369, 0, 6),
  (2547944, 1, 0),
  (2548377, 2, 3),
  (2548692, 6, 10),
  (2548778, 6, 5),
  (2550988, 4, 16),
  (2551255, 8, 13),
  (2551551, 9, 4),
  (2552834, 8, 7),
  (2553456, 10, 0),
  (2553681, 11, 11),
  (2554477, 7, 0),
  (2554965, 7, 17),
  (2557681, 7, 10),
  (2557800, 11, 0),
  (2557955, 8, 10),
  (2561351, 2, 7),
  (2561868, 3, 7),
  (2562662, 4, 17),
  (2562787, 9, 4),
  (2563170, 11, 0),
  (2564742, 6, 5),
  (2566170, 1, 20),
  (2566201, 10, 19),
  (2566359, 8, 12),
  (2566791, 4, 17),
  (2567610, 9, 10),
  (2568388, 10, 0),
  (2569763, 11, 2),
  (2570058, 11, 11),
  (2571546, 8, 3),
  (2572754, 1, 10),
  (2573663, 7, 21),
  (2573729, 4, 17),
  (2574029, 8, 3),
  (2576221, 1, 22),
  (2576478, 10, 0),
  (2577720, 11, 11),
  (2578884, 0, 0),
  (2581322, 5, 10),
  (2581557, 4, 21),
  (2582157, 4, 10),
  (2582269, 4, 10),
  (2582429, 3, 7),
  (2584284, 5, 17),
  (2584499, 7, 17),
  (2586775, 6, 22),
  (2588914, 0, 19),
  (2591675, 4, 5),
  (2591738, 4, 10),
  (2592016, 0, 19),
  (2592696, 3, 6),
  (2594081, 7, 10),
  (2594628, 9, 13),
  (2595114, 2, 3),
  (2595312, 6, 17),
  (2596039, 0, 0),
  (2596111, 5, 17),
  (2596879, 2, 3),
  (2597019, 1, 3),
  (2598532, 1, 0),
  (2599128, 3, 7),
  (2600062, 3, 7),
  (2602228, 11, 0),
  (2604179, 0, 0),
  (2604221, 6, 10),
  (2607371, 2, 4),
  (2608097, 6, 14),
  (2609236, 2, 4),
  (2610809, 1, 3),
  (2611551, 11, 11),
  (2611923, 1, 11),
  (2612645, 11, 11),
  (2612741, 0, 14),
  (2613574, 7, 17),
  (2614739, 8, 0),
  (2615131, 3, 3),
  (2615180, 0, 20),
  (2615219, 0, 10),
  (2616745, 10, 22),
  (2616879, 5, 13),
  (2617782, 9, 15),
  (2618056, 9, 7),
  (2618254, 0, 0),
  (2618650, 4, 10),
  (2618843, 9, 3),
  (2619417, 6, 22),
  (2620409, 2, 3),
  (2620831, 8, 3),
  (2621337, 11, 10),
  (2622861, 6, 22),
  (2623321, 1, 0),
  (2623567, 6, 17),
  (2628705, 6, 5),
  (2631998, 5, 10),
  (2632649, 0, 11),
  (2633227, 3, 7),
  (2634486, 11, 21),
  (2634814, 9, 4),
  (2635753, 7, 15),
  (2638845, 10, 0),
  (2639239, 5, 10),
  (2640157, 2, 3),
  (2640553, 10, 11),
  (2641687, 8, 12),
  (2642764, 0, 0),
  (2645089, 2, 4),
  (2645587, 10, 8),
  (2645873, 1, 0),
  (2646612, 9, 7),
  (2647047, 3, 12),
  (2647883, 3, 7),
  (2647973, 7, 10),
  (2648058, 5, 13),
  (2648625, 3, 12),
  (2648758, 6, 10),
  (2648800, 4, 10),
  (2648965, 4, 17),
  (2650502, 8, 10),
  (2650558, 1, 0),
  (2652021, 5, 17),
  (2652666, 11, 4),
  (2655012, 7, 10),
  (2655054, 7, 17),
  (2656828, 4, 10),
  (2656956, 1, 11),
  (2658604, 2, 3),
  (2663467, 10, 11),
  (2665609, 10, 11),
  (2665713, 9, 0),
  (2665818, 2, 10),
  (2666050, 5, 16),
  (2669251, 0, 0),
  (2669506, 0, 3),
  (2670023, 8, 3),
  (2670104, 10, 0),
  (2670523, 9, 3),
  (2671130, 2, 10),
  (2671814, 10, 11),
  (2672508, 7, 10),
  (2675003, 0, 0),
  (2675739, 10, 0),
  (2676242, 11, 18),
  (2676834, 9, 3),
  (2678014, 9, 4),
  (2680168, 0, 0),
  (2680779, 9, 3),
  (2681458, 3, 7),
  (2682790, 0, 11),
  (2683804, 8, 7),
  (2684072, 8, 5),
  (2684455, 11, 22),
  (2685250, 6, 17),
  (2685290, 5, 9),
  (2688138, 9, 7),
  (2688404, 7, 21),
  (2689459, 2, 13),
  (2690530, 7, 10),
  (2691443, 10, 14),
  (2691633, 10, 9),
  (2695565, 2, 7),
  (2696039, 4, 7),
  (2696586, 0, 11),
  (2697215, 4, 18),
  (2697571, 11, 11),
  (2697744, 4, 10),
  (2697890, 9, 3),
  (2699182, 5, 10),
  (2700349, 2, 14),
  (2701524, 11, 17),
  (2701848, 6, 22),
  (2702019, 3, 3),
  (2704454, 10, 22),
  (2704589, 2, 4),
  (2705268, 4, 3),
  (2705366, 8, 3),
  (2707443, 5, 10),
  (2707657, 4, 2),
  (2707887, 8, 0),
  (2707965, 5, 10),
  (2708107, 4, 13),
  (2708186, 6, 10),
  (2708414, 6, 17),
  (2708962, 9, 18),
  (2709888, 2, 0),
  (2710231, 7, 10),
  (2710402, 5, 10),
  (2711723, 10, 0),
  (2712261, 3, 0),
  (2713773, 8, 3),
  (2713914, 1, 0),
  (2714524, 1, 2),
  (2714566, 6, 10),
  (2714874, 8, 10),
  (2715072, 2, 7),
  (2716658, 2, 14),
  (2717019, 0, 0),
  (2717572, 9, 4),
  (2718442, 6, 20),
  (2720318, 8, 11),
  (2721321, 0, 11),
  (2722523, 9, 13),
  (2723990, 1, 1),
  (2724343, 8, 4),
  (2724677, 10, 0),
  (2724952, 8, 13),
  (2725759, 7, 7),
  (2729319, 3, 7),
  (2729349, 3, 18),
  (2729993, 10, 0),
  (2730155, 5, 17),
  (2730374, 6, 13),
  (2731497, 6, 2),
  (2731877, 11, 0),
  (2733663, 4, 17),
  (2734230, 7, 10),
  (2734268, 10, 10),
  (2734709, 4, 10),
  (2735327, 11, 10),
  (2737916, 6, 5),
  (2740052, 4, 10),
  (2741132, 5, 10),
  (2741785, 2, 3),
  (2742823, 3, 3),
  (2743050, 3, 10),
  (2743870, 1, 0),
  (2746006, 10, 11),
  (2746096, 5, 10),
  (2746729, 4, 16),
  (2748144, 5, 6),
  (2750456, 11, 0),
  (2751364, 11, 2),
  (2752972, 6, 10),
  (2753363, 4, 10),
  (2754865, 11, 0),
  (2755677, 5, 9),
  (2755704, 3, 0),
  (2757083, 0, 11),
  (2758591, 9, 7),
  (2759715, 7, 10),
  (2764732, 1, 18),
  (2765075, 6, 17),
  (2765860, 3, 11),
  (2766202, 4, 10),
  (2766778, 2, 4),
  (2768529, 0, 10),
  (2770985, 4, 10),
  (2771224, 0, 12),
  (2772091, 6, 9),
  (2772891, 3, 7),
  (2774651, 7, 9),
  (2774716, 2, 3),
  (2775249, 0, 12),
  (2775879, 1, 0),
  (2777245, 4, 10),
  (2777651, 6, 22),
  (2778651, 2, 3),
  (2778904, 0, 0),
  (2779120, 0, 11),
  (2779979, 6, 17),
  (2780696, 11, 11),
  (2781145, 11, 20),
  (2781427, 0, 18),
  (2781784, 11, 0),
  (2782517, 9, 3),
  (2784082, 1, 18),
  (2784209, 0, 10),
  (2786774, 9, 3),
  (2789287, 10, 12),
  (2791600, 8, 3),
  (2792995, 7, 8),
  (2796443, 11, 3),
  (2796617, 2, 3),
  (2796926, 11, 0),
  (2797162, 5, 10),
  (2800956, 10, 14),
  (2801930, 10, 22),
  (2807623, 8, 18),
  (2808694, 0, 11),
  (2809117, 11, 22),
  (2810102, 10, 11),
  (2810231, 4, 22),
  (2810938, 8, 7),
  (2811913, 6, 21),
  (2812150, 8, 10),
  (2812251, 3, 11),
  (2813113, 6, 9),
  (2813195, 8, 3),
  (2813227, 9, 18),
  (2814937, 3, 3),
  (2815714, 3, 3),
  (2817078, 10, 11),
  (2818691, 10, 22),
  (2819135, 8, 0),
  (2819614, 4, 10),
  (2820008, 5, 10),
  (2820769, 10, 0),
  (2821100, 8, 7),
  (2821184, 1, 10),
  (2821398, 2, 15),
  (2822698, 6, 9),
  (2823702, 1, 22),
  (2824865, 1, 0),
  (2825248, 1, 11),
  (2825670, 3, 0),
  (2825899, 7, 1),
  (2825956, 4, 10),
  (2827951, 1, 0),
  (2829053, 1, 11),
  (2829283, 4, 7),
  (2831262, 7, 17),
  (2831504, 5, 10),
  (2832591, 2, 3),
  (2833433, 11, 0),
  (2833670, 8, 14),
  (2833930, 10, 18),
  (2834323, 3, 5),
  (2835183, 0, 11),
  (2836203, 9, 3),
  (2837976, 3, 0),
  (2838379, 8, 18),
  (2838997, 10, 12),
  (2839807, 9, 3),
  (2841109, 11, 0),
  (2841842, 11, 0),
  (2843235, 3, 0),
  (2847144, 7, 10),
  (2847287, 2, 3),
  (2847992, 11, 11),
  (2849437, 4, 10),
  (2850882, 9, 13),
  (2851496, 3, 3),
  (2852598, 6, 17),
  (2852809, 1, 11),
  (2852843, 6, 9),
  (2852959, 1, 10),
  (2854033, 0, 0),
  (2855079, 4, 10),
  (2856091, 5, 17),
  (2856710, 4, 10),
  (2857275, 4, 10),
  (2859446, 9, 18),
  (2859503, 11, 0),
  (2860132, 4, 15),
  (2860932, 3, 7),
  (2862112, 2, 8),
  (2862696, 2, 13),
  (2865023, 2, 13),
  (2865445, 2, 0),
  (2866529, 6, 10),
  (2868882, 6, 10),
  (2871047, 3, 7),
  (2873266, 1, 0),
  (2873819, 11, 10),
  (2874615, 1, 0),
  (2874702, 4, 18),
  (2874824, 1, 10),
  (2874983, 8, 9),
  (2875025, 4, 10),
  (2875108, 7, 5),
  (2875629, 1, 19),
  (2876047, 2, 15),
  (2878297, 3, 10),
  (2878631, 10, 0),
  (2879112, 9, 10),
  (2879194, 3, 7),
  (2879772, 10, 0),
  (2880080, 0, 11),
  (2880464, 2, 13),
  (2881047, 3, 14),
  (2882233, 11, 0),
  (2885106, 8, 7),
  (2887410, 2, 3),
  (2887420, 6, 16),
  (2887559, 10, 0),
  (2888260, 2, 18),
  (2888836, 9, 11),
  (2889551, 6, 17),
  (2890017, 3, 15),
  (2890251, 0, 5),
  (2891878, 10, 0),
  (2891893, 0, 0),
  (2892329, 6, 10),
  (2893157, 0, 0),
  (2894391, 9, 10),
  (2895208, 11, 11),
  (2895225, 5, 2),
  (2895362, 2, 7),
  (2896081, 8, 3),
  (2896432, 2, 7),
  (2897875, 9, 13),
  (2898809, 8, 3),
  (2899145, 3, 2),
  (2899527, 0, 18),
  (2900289, 9, 0),
  (2900347, 3, 11),
  (2901035, 1, 0),
  (2902877, 7, 10),
  (2904173, 9, 10),
  (2905613, 7, 17),
  (2905999, 2, 0),
  (2906668, 3, 7),
  (2908078, 2, 10),
  (2908337, 5, 18),
  (2908925, 5, 17),
  (2911232, 7, 10),
  (2912989, 6, 10),
  (2913381, 6, 17),
  (2913394, 8, 7),
  (2913943, 6, 17),
  (2915184, 6, 10),
  (2916998, 5, 22),
  (2917335, 1, 19),
  (2918393, 5, 14),
  (2918459, 3, 7),
  (2918869, 4, 10),
  (2919665, 5, 2),
  (2919811, 7, 10),
  (2921423, 10, 18),
  (2921442, 8, 7),
  (2922003, 8, 7),
  (2922909, 0, 0),
  (2923676, 2, 6),
  (2925180, 8, 17),
  (2925612, 8, 3),
  (2926650, 5, 17),
  (2926802, 8, 7),
  (2927709, 10, 9),
  (2927791, 11, 19),
  (2928843, 7, 21),
  (2929881, 3, 13),
  (2929959, 10, 0),
  (2931058, 11, 0),
  (2931347, 7, 10),
  (2933449, 10, 11),
  (2934116, 1, 0),
  (2935135, 9, 14),
  (2935893, 2, 7),
  (2936287, 8, 8),
  (2936425, 1, 0),
  (2936577, 10, 22),
  (2938745, 5, 10),
  (2940372, 0, 0),
  (2940876, 11, 11),
  (2941508, 6, 17),
  (2941680, 6, 0),
  (2941744, 2, 0),
  (2942959, 7, 17),
  (2943493, 6, 10),
  (2943513, 2, 3),
  (2943602, 11, 11),
  (2944913, 7, 5),
  (2948162, 0, 0),
  (2948421, 6, 10),
  (2948962, 8, 18),
  (2949013, 10, 0),
  (2949361, 1, 12),
  (2950464, 10, 11),
  (2950700, 8, 10),
  (2951190, 11, 0),
  (2951863, 7, 10),
  (2952277, 8, 17),
  (2952435, 4, 21),
  (2953528, 10, 0),
  (2953862, 11, 11),
  (2954561, 0, 14),
  (2956669, 2, 3),
  (2956764, 8, 6),
  (2957280, 6, 10),
  (2957323, 3, 4),
  (2958714, 0, 0),
  (2960535, 1, 0),
  (2960965, 9, 7),
  (2961070, 6, 10),
  (2961745, 4, 10),
  (2963707, 9, 3),
  (2965193, 2, 18),
  (2965491, 10, 11),
  (2965616, 6, 10),
  (2966000, 6, 17),
  (2966866, 4, 9),
  (2967870, 6, 10),
  (2968686, 3, 13),
  (2969133, 7, 10),
  (2970612, 7, 7),
  (2970744, 11, 0),
  (2970798, 2, 7),
  (2971482, 6, 10),
  (2971801, 2, 3),
  (2972542, 0, 10),
  (2973709, 5, 1),
  (2974357, 5, 9),
  (2975238, 0, 0),
  (2976217, 2, 1),
  (2976735, 2, 7),
  (2978255, 8, 3),
  (2978272, 7, 21),
  (2980094, 11, 6),
  (2980443, 8, 14),
  (2980671, 11, 18),
  (2980847, 6, 10),
  (2982405, 7, 16),
  (2983413, 5, 7),
  (2984386, 9, 4),
  (2985044, 11, 10),
  (2985579, 11, 9),
  (2986970, 4, 10),
  (2987130, 8, 7),
  (2987269, 1, 10),
  (2987875, 4, 9),
  (2988223, 3, 7),
  (2988429, 7, 13),
  (2989347, 0, 0),
  (2992624, 4, 10),
  (2992923, 5, 10),
  (2992934, 6, 15),
  (2995169, 9, 10),
  (2995386, 5, 10),
  (2996078, 9, 3),
  (2997229, 1, 14),
  (2997573, 10, 0),
  (2998740, 2, 14),
  (2999646, 4, 9),
  (3000747, 2, 11),
  (3001405, 1, 10),
  (3001925, 11, 11),
  (3003807, 1, 18),
  (3003936, 4, 16),
  (3004129, 1, 18),
  (3005828, 7, 10),
  (3006274, 0, 0),
  (3006508, 1, 11),
  (3008452, 0, 7),
  (3009474, 11, 0),
  (3009488, 4, 10),
  (3010156, 11, 0),
  (3011345, 3, 18),
  (3011797, 3, 3),
  (3015314, 8, 15),
  (3015768, 11, 22),
  (3015782, 0, 7),
  (3017942, 3, 12),
  (3018981, 5, 10),
  (3021298, 3, 14),
  (3022410, 9, 10),
  (3023732, 5, 10),
  (3026039, 1, 0),
  (3026115, 4, 17),
  (3026298, 3, 10),
  (3027717, 5, 15),
  (3028595, 10, 7),
  (3029064, 6, 10),
  (3030342, 11, 0),
  (3030954, 2, 4),
  (3031407, 5, 17),
  (3032051, 3, 13),
  (3032327, 4, 10),
  (3033244, 11, 2),
  (3033360, 3, 7),
  (3033600, 9, 13),
  (3035281, 3, 4),
  (3035314, 11, 0),
  (3035598, 5, 13),
  (3036786, 7, 10),
  (3038531, 11, 2),
  (3039501, 9, 1),
  (3041934, 9, 10),
  (3042587, 8, 0),
  (3042643, 7, 17),
  (3043164, 10, 18),
  (3043578, 7, 5),
  (3043980, 7, 5),
  (3045572, 1, 0),
  (3046825, 0, 0),
  (3046992, 0, 22),
  (3047289, 8, 1),
  (3049119, 0, 11),
  (3049170, 4, 22),
  (3049547, 11, 0),
  (3049616, 7, 21),
  (3050971, 8, 7),
  (3051150, 1, 0),
  (3051939, 2, 7),
  (3052037, 11, 0),
  (3053351, 10, 11),
  (3053377, 9, 17),
  (3053484, 9, 3),
  (3053988, 9, 7),
  (3054474, 6, 17),
  (3054828, 10, 0),
  (3056107, 4, 22),
  (3056247, 10, 3),
  (3057215, 3, 3),
  (3058370, 10, 11),
  (3059616, 5, 10),
  (3060849, 0, 0),
  (3062120, 5, 11),
  (3063993, 2, 10),
  (3064350, 0, 11),
  (3065371, 6, 10),
  (3065598, 7, 1),
  (3066020, 4, 10),
  (3066893, 9, 16),
  (3067666, 4, 10),
  (3067689, 8, 0),
  (3068650, 1, 0),
  (3069445, 6, 10),
  (3070728, 2, 18),
  (3070983, 10, 0),
  (3072848, 9, 10),
  (3074452, 7, 10),
  (3075079, 3, 3),
  (3076153, 2, 4),
  (3076358, 3, 9),
  (3077411, 3, 7),
  (3077851, 5, 21),
  (3078667, 11, 3),
  (3079512, 0, 9),
  (3079942, 6, 10),
  (3080072, 9, 3),
  (3080671, 0, 16),
  (3081182, 8, 3),
  (3081265, 1, 19),
  (3081465, 7, 17),
  (3081497, 0, 18),
  (3082091, 8, 7),
  (3083352, 6, 10),
  (3083699, 7, 18),
  (3083796, 0, 14),
  (3083925, 3, 7),
  (3084271, 11, 18),
  (3084517, 8, 7),
  (3084883, 3, 18),
  (3086085, 1, 18),
  (3087107, 4, 10),
  (3087432, 8, 3),
  (3087483, 6, 22),
  (3089128, 0, 11),
  (3089521, 2, 0),
  (3090453, 11, 0),
  (3092406, 0, 0),
  (3092860, 2, 18),
  (3093076, 11, 18),
  (3094466, 7, 10),
  (3094525, 5, 21),
  (3095189, 4, 10),
  (3095626, 4, 10),
  (3096252, 4, 10),
  (3096978, 7, 10),
  (3097423, 1, 0),
  (3097517, 5, 5),
  (3099327, 4, 6),
  (3099890, 3, 17),
  (3099896, 0, 11),
  (3102850, 2, 15),
  (3104038, 3, 7),
  (3104362, 9, 18),
  (3105593, 6, 22),
  (3105874, 8, 8),
  (3107014, 0, 0),
  (3108156, 9, 18),
  (3110844, 2, 10),
  (3112032, 0, 11),
  (3113324, 10, 18),
  (3115208, 8, 7),
  (3115517, 2, 7),
  (3115810, 0, 0),
  (3116200, 5, 22),
  (3116212, 3, 7),
  (3117095, 8, 7),
  (3118678, 0, 10),
  (3118700, 0, 0),
  (3120100, 4, 22),
  (3121589, 2, 4),
  (3121803, 5, 10),
  (3121977, 2, 4),
  (3123952, 8, 10),
  (3124851, 3, 4),
  (3127121, 8, 3),
  (3128486, 8, 7),
  (3128499, 4, 10),
  (3128535, 5, 10),
  (3128832, 3, 16),
  (3129102, 4, 5),
  (3130737, 0, 7),
  (3131546, 3, 4),
  (3134031, 3, 14),
  (3135769, 5, 17),
  (3135785, 10, 0),
  (3136189, 6, 10),
  (3137330, 6, 5),
  (3139078, 0, 6),
  (3139163, 4, 10),
  (3139459, 11, 18),
  (3140621, 4, 21),
  (3142814, 3, 18),
  (3145055, 9, 4),
  (3145702, 7, 17),
  (3145963, 4, 22),
  (3148650, 9, 13),
  (3149573, 1, 0),
  (3149668, 8, 3),
  (3150509, 9, 4),
  (3154478, 9, 14),
  (3155332, 4, 10),
  (3156161, 5, 17),
  (3156273, 9, 18),
  (3156477, 5, 10),
  (3156568, 9, 3),
  (3157601, 9, 3),
  (3158266, 1, 11),
  (3159024, 5, 10),
  (3159294, 5, 17),
  (3159364, 3, 4),
  (3159937, 7, 2),
  (3159974, 1, 0),
  (3160352, 7, 10),
  (3160529, 7, 10),
  (3160548, 3, 6),
  (3160600, 4, 10),
  (3160678, 11, 0),
  (3161827, 0, 22),
  (3162201, 7, 21),
  (3162311, 4, 21),
  (3162680, 0, 0),
  (3163203, 0, 0),
  (3164733, 2, 7),
  (3165282, 4, 10),
  (3165881, 4, 17),
  (3167113, 11, 3),
  (3167189, 10, 11),
  (3168005, 10, 11),
  (3168798, 8, 16),
  (3169827, 1, 22),
  (3169922, 4, 10),
  (3170771, 7, 10),
  (3171166, 7, 10),
  (3171325, 2, 7),
  (3172556, 5, 10),
  (3173960, 11, 11),
  (3174644, 9, 13),
  (3176031, 9, 7),
  (3176520, 6, 10),
  (3176778, 11, 6),
  (3178350, 7, 10),
  (3178419, 4, 17),
  (3180828, 2, 3),
  (3180858, 7, 21),
  (3181914, 6, 21),
  (3181942, 0, 0),
  (3183794, 11, 0),
  (3184925, 11, 21),
  (3185357, 7, 17),
  (3185628, 11, 0),
  (3187399, 0, 0),
  (3188372, 1, 0),
  (3188566, 6, 10),
  (3188984, 5, 21),
  (3190416, 9, 10),
  (3190932, 10, 11),
  (3191197, 0, 4),
  (3192282, 5, 22),
  (3195099, 2, 7),
  (3196310, 11, 16),
  (3196748, 6, 10),
  (3197359, 6, 10),
  (3197596, 3, 7),
  (3197648, 5, 10),
  (3198294, 8, 3),
  (3198549, 3, 11),
  (3198562, 0, 0),
  (3199072, 10, 0),
  (3200879, 5, 10),
  (3201631, 10, 6),
  (3203270, 5, 10),
  (3203290, 3, 8),
  (3204900, 1, 10),
  (3205339, 0, 0),
  (3207071, 9, 18),
  (3208820, 9, 7),
  (3210444, 4, 6),
  (3210472, 0, 0),
  (3210667, 3, 7),
  (3211767, 11, 0),
  (3212201, 4, 6),
  (3212224, 11, 10),
  (3212304, 10, 0),
  (3212384, 9, 5),
  (3212524, 1, 17),
  (3214275, 7, 10),
  (3214553, 4, 9),
  (3216411, 0, 0),
  (3216834, 0, 0),
  (3217033, 3, 3),
  (3219564, 6, 10),
  (3221742, 2, 3),
  (3222572, 7, 10),
  (3223034, 8, 7),
  (3223284, 8, 4),
  (3223675, 9, 3),
  (3225623, 3, 2),
  (3226042, 3, 2),
  (3228246, 10, 0),
  (3228545, 3, 4),
  (3229226, 8, 7),
  (3229607, 7, 10),
  (3229712, 11, 0),
  (3231737, 1, 0),
  (3234304, 7, 2),
  (3234363, 2, 18),
  (3234679, 9, 0),
  (3235003, 3, 4),
  (3235257, 7, 9),
  (3235560, 5, 17),
  (3237591, 7, 10),
  (3237656, 9, 7),
  (3237969, 4, 9),
  (3238085, 0, 0),
  (3238660, 6, 17),
  (3238719, 4, 10),
  (3238831, 6, 10),
  (3239010, 3, 4),
  (3240908, 5, 21),
  (3240992, 10, 11),
  (3243182, 6, 10),
  (3243767, 6, 7),
  (3244428, 8, 7),
  (3246280, 11, 11),
  (3246855, 2, 7),
  (3247568, 7, 22),
  (3247863, 3, 7),
  (3251293, 9, 3),
  (3251325, 5, 10),
  (3253537, 1, 1),
  (3254433, 5, 10),
  (3254483, 8, 10),
  (3256140, 6, 10),
  (3256196, 10, 22),
  (3256640, 10, 0),
  (3257195, 5, 10),
  (3259548, 1, 1),
  (3261000, 10, 0),
  (3261287, 11, 0),
  (3261898, 10, 0),
  (3262222, 3, 3),
  (3263005, 1, 11),
  (3263232, 0, 11),
  (3263453, 5, 10),
  (3263983, 2, 7),
  (3264167, 11, 8),
  (3264667, 7, 2),
  (3264777, 7, 17),
  (3265619, 6, 17),
  (3266267, 6, 6),
  (3266393, 3, 3),
  (3269932, 4, 17),
  (3270882, 5, 10),
  (3271820, 3, 3),
  (3272127, 8, 16),
  (3273325, 7, 17),
  (3273506, 0, 22),
  (3273566, 0, 18),
  (3276319, 1, 18),
  (3276475, 9, 0),
  (3276690, 1, 0),
  (3276776, 10, 17),
  (3277163, 7, 10),
  (3277735, 2, 10),
  (3278499, 8, 3),
  (3278829, 6, 22),
  (3281515, 2, 7),
  (3281777, 7, 9),
  (3281995, 3, 3),
  (3282290, 3, 7),
  (3283254, 0, 0),
  (3283525, 0, 11),
  (3285309, 10, 0),
  (3286002, 3, 2),
  (3291874, 8, 10),
  (3293203, 11, 6),
  (3294620, 6, 22),
  (3295152, 8, 7),
  (3295453, 3, 7),
  (3295583, 11, 0),
  (3296196, 0, 11),
  (3296943, 7, 10),
  (3297099, 8, 18),
  (3297135, 8, 9),
  (3297869, 10, 6),
  (3298301, 4, 10),
  (3300001, 1, 8),
  (3300335, 0, 1),
  (3302834, 10, 0),
  (3304108, 1, 22),
  (3304344, 0, 7),
  (3304638, 0, 0),
  (3305356, 9, 2),
  (3306073, 3, 3),
  (3307647, 6, 9),
  (3308522, 2, 0),
  (3309444, 10, 0),
  (3310474, 8, 13),
  (3311739, 0, 0),
  (3311860, 4, 17),
  (3312202, 9, 9),
  (3313847, 4, 17),
  (3313954, 3, 18),
  (3314251, 3, 8),
  (3316087, 0, 0),
  (3316800, 3, 3),
  (3317537, 11, 11),
  (3319022, 0, 2),
  (3319024, 10, 0),
  (3319098, 11, 0),
  (3319413, 6, 9),
  (3322386, 7, 10),
  (3323739, 5, 17),
  (3324440, 6, 21),
  (3325820, 5, 17),
  (3326542, 6, 10),
  (3327828, 6, 16),
  (3328415, 10, 0),
  (3329291, 9, 7),
  (3329441, 1, 0),
  (3329903, 6, 10),
  (3331281, 3, 7),
  (3331301, 5, 10),
  (3331383, 7, 6),
  (3331723, 3, 4),
  (3331968, 8, 3),
  (3333062, 3, 9),
  (3334396, 1, 0),
  (3334826, 10, 0),
  (3335682, 2, 10),
  (3336695, 3, 13),
  (3336766, 10, 0),
  (3337225, 0, 11),
  (3337347, 3, 7),
  (3338719, 7, 10),
  (3339200, 7, 9),
  (3339404, 11, 0),
  (3340027, 9, 3),
  (3340239, 8, 5),
  (3341024, 11, 11),
  (3345177, 3, 3),
  (3346300, 3, 3),
  (3346712, 0, 0),
  (3346928, 9, 7),
  (3347602, 0, 0),
  (3350556, 3, 11),
  (3350622, 5, 17),
  (3353298, 8, 13),
  (3353874, 6, 21),
  (3353928, 3, 10),
  (3355516, 9, 13),
  (3359907, 5, 10),
  (3361833, 4, 17),
  (3362661, 7, 17),
  (3363581, 2, 12),
  (3364660, 5, 10),
  (3370703, 4, 17),
  (3371583, 5, 17),
  (3371625, 6, 16),
  (3371959, 4, 17),
  (3372476, 5, 17),
  (3373188, 10, 0),
  (3374420, 0, 0),
  (3374500, 5, 10),
  (3374742, 8, 9),
  (3375162, 4, 20),
  (3375191, 4, 10),
  (3375288, 3, 13),
  (3377262, 4, 10),
  (3377567, 9, 0),
  (3377731, 6, 10),
  (3379279, 2, 7),
  (3384226, 2, 11),
  (3384555, 6, 10),
  (3386019, 6, 10),
  (3386311, 10, 0),
  (3387880, 2, 9),
  (3388651, 11, 11),
  (3388762, 8, 8),
  (3389970, 11, 11),
  (3391554, 11, 0),
  (3394960, 4, 21),
  (3395382, 3, 3),
  (3397323, 2, 4),
  (3397655, 3, 3),
  (3398769, 6, 10),
  (3401038, 10, 0),
  (3401092, 9, 9),
  (3401331, 11, 10),
  (3401886, 7, 10),
  (3401944, 0, 0),
  (3402159, 11, 0),
  (3402187, 2, 3),
  (3402847, 6, 10),
  (3403142, 8, 7),
  (3403174, 7, 10),
  (3403901, 10, 0),
  (3405358, 8, 3),
  (3405513, 2, 4),
  (3406368, 7, 10),
  (3406777, 9, 3),
  (3407093, 10, 0),
  (3407107, 11, 11),
  (3408086, 2, 18),
  (3408957, 5, 10),
  (3409733, 5, 17),
  (3409774, 5, 22),
  (3409996, 5, 10),
  (3412503, 3, 18),
  (3413723, 1, 14),
  (3414060, 7, 20),
  (3414727, 3, 18),
  (3414945, 9, 18),
  (3415476, 2, 4),
  (3419811, 7, 17),
  (3420787, 3, 15),
  (3421604, 10, 11),
  (3422880, 5, 13),
  (3423727, 6, 22),
  (3424490, 5, 10),
  (3425469, 10, 0),
  (3427004, 10, 11),
  (3427570, 3, 4),
  (3428201, 1, 0),
  (3428917, 9, 4),
  (3429586, 0, 0),
  (3431393, 11, 19),
  (3432895, 6, 17),
  (3434246, 9, 3),
  (3434637, 7, 10),
  (3435698, 4, 10),
  (3436452, 10, 10),
  (3437252, 8, 7),
  (3437335, 0, 0),
  (3438913, 5, 10),
  (3439914, 0, 0),
  (3440672, 4, 17),
  (3441397, 4, 10),
  (3441507, 0, 0),
  (3441888, 5, 17),
  (3444021, 5, 10),
  (3448460, 5, 10),
  (3449344, 1, 11),
  (3449393, 6, 10),
  (3449781, 7, 18),
  (3449867, 1, 18),
  (3450229, 4, 16),
  (3451381, 3, 16),
  (3451403, 10, 0),
  (3452146, 9, 10),
  (3452226, 4, 10),
  (3452745, 5, 10),
  (3453535, 5, 6),
  (3456079, 6, 5),
  (3457349, 9, 7),
  (3458689, 9, 3),
  (3459040, 11, 3),
  (3459416, 7, 10),
  (3460166, 6, 10),
  (3461585, 10, 0),
  (3461595, 7, 10),
  (3463850, 0, 0),
  (3468496, 6, 2),
  (3469287, 11, 22),
  (3469551, 1, 0),
  (3469987, 9, 13),
  (3470782, 9, 3),
  (3471436, 10, 21),
  (3472117, 6, 17),
  (3473915, 1, 0),
  (3474564, 1, 22),
  (3474871, 0, 0),
  (3475766, 3, 11),
  (3475857, 11, 0),
  (3476236, 4, 10),
  (3479008, 7, 21),
  (3479946, 9, 7),
  (3479948, 8, 13),
  (3480062, 1, 0),
  (3480126, 9, 10),
  (3480669, 7, 17),
  (3481480, 1, 0),
  (3481620, 3, 0),
  (3482653, 5, 10),
  (3482678, 7, 10),
  (3484894, 3, 5),
  (3485669, 1, 13),
  (3485902, 1, 10),
  (3486030, 3, 9),
  (3487294, 2, 4),
  (3487538, 10, 17),
  (3488686, 7, 17),
  (3489335, 2, 0),
  (3489651, 8, 10),
  (3489853, 2, 0),
  (3490845, 9, 3),
  (3490952, 8, 10),
  (3491093, 5, 22),
  (3492579, 8, 3),
  (3492822, 11, 9),
  (3494167, 5, 10),
  (3494340, 5, 17),
  (3494542, 3, 3),
  (3496506, 1, 0),
  (3497018, 8, 2),
  (3497030, 2, 18),
  (3497378, 5, 10),
  (3497772, 4, 3),
  (3498326, 9, 7),
  (3499237, 10, 0),
  (3499712, 3, 7),
  (3500374, 2, 13),
  (3500720, 11, 0),
  (3500739, 3, 7),
  (3501469, 3, 13),
  (3501649, 0, 0),
  (3501694, 11, 0),
  (3502438, 3, 0),
  (3502478, 0, 0),
  (3502511, 8, 2),
  (3502685, 9, 4),
  (3503080, 3, 16),
  (3503152, 3, 4),
  (3503907, 11, 0),
  (3503988, 6, 10),
  (3506793, 10, 10),
  (3507656, 7, 17),
  (3507893, 6, 17),
  (3508786, 7, 14),
  (3509392, 6, 10),
  (3511965, 9, 3),
  (3512042, 8, 7),
  (3512501, 6, 10),
  (3512850, 7, 10),
  (3514146, 0, 0),
  (3514426, 1, 0),
  (3514952, 3, 18),
  (3516176, 0, 0),
  (3519434, 10, 18),
  (3520356, 3, 3),
  (3520786, 4, 10),
  (3521348, 7, 21),
  (3522557, 1, 0),
  (3522999, 0, 0),
  (3524237, 7, 10),
  (3525280, 1, 0),
  (3527102, 11, 13),
  (3530167, 4, 14),
  (3531099, 8, 11),
  (3532095, 6, 10),
  (3534266, 9, 3),
  (3535770, 4, 10),
  (3535795, 8, 16),
  (3535968, 2, 4),
  (3536536, 1, 10),
  (3539023, 9, 16),
  (3540020, 1, 6),
  (3540312, 6, 21),
  (3542449, 6, 10),
  (3542503, 10, 7),
  (3542692, 3, 7),
  (3545244, 0, 10),
  (3545315, 2, 3),
  (3546154, 4, 10),
  (3546992, 0, 0),
  (3547441, 6, 10),
  (3547449, 3, 7),
  (3548124, 11, 0),
  (3548841, 6, 2),
  (3549168, 6, 9),
  (3549189, 8, 0),
  (3551360, 6, 18),
  (3552058, 11, 0),
  (3552678, 8, 13),
  (3555600, 10, 19),
  (3555792, 5, 10),
  (3555852, 6, 10),
  (3556536, 11, 0),
  (3557009, 1, 0),
  (3557892, 4, 9),
  (3558803, 2, 0),
  (3559019, 2, 3),
  (3559884, 4, 10),
  (3559900, 0, 0),
  (3560375, 6, 10),
  (3560647, 10, 11),
  (3562577, 6, 17),
  (3562864, 10, 0),
  (3563294, 6, 10),
  (3563686, 4, 10),
  (3564311, 2, 7),
  (3564613, 11, 0),
  (3565413, 2, 9),
  (3565557, 3, 1),
  (3565657, 0, 0),
  (3566557, 7, 10),
  (3566741, 1, 0),
  (3567463, 10, 0),
  (3568442, 2, 5),
  (3568687, 4, 4),
  (3569880, 3, 14),
  (3569900, 9, 12),
  (3570496, 7, 10),
  (3571132, 1, 11),
  (3571505, 7, 10),
  (3572561, 10, 18),
  (3573705, 6, 9),
  (3574830, 5, 10),
  (3575108, 6, 10),
  (3576255, 11, 6),
  (3576301, 11, 19),
  (3577255, 11, 0),
  (3577920, 5, 10),
  (3578329, 9, 6),
  (3580443, 3, 18),
  (3581515, 7, 5),
  (3581570, 0, 15),
  (3582168, 4, 17),
  (3582515, 2, 6),
  (3582546, 7, 10),
  (3584786, 10, 0),
  (3587199, 0, 0),
  (3587877, 9, 10),
  (3588251, 6, 15),
  (3588911, 0, 18),
  (3589338, 1, 0),
  (3589861, 0, 0),
  (3590443, 4, 17),
  (3591382, 4, 10),
  (3591844, 8, 3),
  (3592298, 0, 0),
  (3593243, 0, 0),
  (3593318, 0, 0),
  (3594311, 6, 17),
  (3594497, 7, 17),
  (3594534, 2, 1),
  (3595641, 6, 17),
  (3599095, 10, 0),
  (3599899, 5, 10),
])
