14.682 6.241 6.274 6.274
6.604 6.63 6.663 6.663
16.801 6.609 6.642 6.642
11.13 6.252 6.285 6.285
7.506 10.858 6.637 6.637
14.158 9.739 10.924 10.924
6.306 14.948 14.981 14.981
14.001 6.626 6.659 6.659
29.897 6.603 6.65 6.65
27.152 8.993 6.636 6.636
26.252 6.246 10.953 10.953
5.949 12.966 6.279 6.279
26.308 14.481 10.93 10.95
28.407 11.405 13.887 10.93
21.099 15.748 10.811 14.375
26.387 11.001 11.628 11.628
6.321 12.832 12.04 12.04
15.474 10.376 14.504 14.504
37.65 11.382 10.442 10.442
21.662 19.883 11.481 11.481
20.889 11.922 6.378 6.378
12.362 7.008 6.651 6.651
6.455 10.857 6.645 6.645
30.883 15.972 10.923 10.923
6.12 11.535 15.576 15.576
33.017 10.704 10.928 10.928
20.135 8.831 6.29 6.29
13.985 14.789 10.44 10.44
7.166 6.824 6.659 6.659
21.627 15.036 6.29 6.29
5.97 10.481 12.594 12.594
21.685 6.902 6.318 6.318
34.617 10.08 14.689 14.689
32.088 10.798 10.435 10.435
22.124 11.63 10.937 10.937
30.051 19.144 18.697 18.697
23.965 8.544 7.224 7.224
13.058 23.053 12.083 12.083
5.943 16.677 14.763 14.763
5.946 13.795 12.497 12.497
29.371 20.846 11.172 11.172
32.226 18.857 11.136 11.136
32.223 12.134 6.293 6.293
52.489 10.952 14.963 14.963
37.997 21.93 15.412 15.412
45.948 21.894 10.952 10.952
41.636 17.681 16.295 16.295
13.986 6.24 6.273 6.273
6.061 6.243 6.276 6.276
6.377 10.881 10.947 10.947
6.383 6.264 6.297 6.297
11.874 10.923 10.923 10.923
43.787 13.806 13.872 13.872
29.25 6.259 6.292 6.292
48.602 6.693 6.278 6.278
14.496 9.149 6.66 6.66
42.099 9.188 6.383 6.383
36.96 13.124 10.814 11.048
21.946 13.292 11.048 14.465
27.698 13.861 10.968 10.968
10.314 17.07 14.595 14.595
33.818 10.854 13.96 13.96
28.152 19.514 17.138 14.576
33.375 18.69 10.722 10.722
18.82 16.871 14.363 13.467
17.499 14.952 13.467 17.894
29.711 6.618 6.651 6.651
35.208 6.609 14.465 6.642
37.793 10.933 6.642 10.933
41.933 10.765 11.557 18.161
21.459 22.022 10.932 10.435
21.023 14.43 15.19 14.562
22.537 13.862 10.925 14.027
16.028 6.26 6.293 6.293
6.335 10.859 17.356 10.925
5.968 11.753 11.918 16.993
30.695 18.676 13.796 11.918
31.121 10.872 10.938 10.938
43.732 13.794 12.243 11.484
32.883 10.728 10.794 10.794
32.571 6.632 6.665 6.665
30.231 7.684 6.298 6.298
11.508 10.725 10.791 10.791
11.555 6.624 6.657 6.657
6.443 6.605 6.638 6.638
27.39 6.607 6.64 6.64
14.857 6.608 6.641 6.641
5.961 7.117 7.249 7.249
22.066 10.86 10.926 10.926
14.183 10.859 10.925 10.925
15.903 6.659 6.791 6.791
35.478 13.202 6.291 6.291
34.817 8.007 13.169 13.631
17.06 13.428 10.821 14.474
16.246 15.976 15.877 14.953
33.449 13.969 14.002 14.134
5.972 15.686 15.719 15.851
10.265 22.361 22.526 17.586
17.212 6.247 6.28 6.28
5.969 9.338 9.437 9.569
43.232 11.46 10.932 10.932
10.267 6.619 14.455 14.455
37.894 16.864 6.652 6.652
39.611 6.631 6.664 6.664
21.283 6.98 6.65 6.65
19.784 6.269 6.302 6.302
15.45 10.859 10.925 10.925
48.481 8.619 8.916 8.916
33.537 10.857 6.299 6.299
5.941 7.223 10.923 10.923
22.726 13.204 10.96 10.96
17.568 15.671 6.655 6.655
21.362 10.186 15.539 15.539
54.847 9.515 14.669 14.669
14.499 6.249 6.282 6.282
10.109 14.359 11.495 11.495
36.02 21.071 14.458 14.458
43.197 10.893 13.305 13.305
27.624 13.305 14.094 14.094
17.444 6.612 6.645 6.645
42.764 9.142 9.142 9.142
29.508 6.255 6.479 6.479
19.446 6.611 6.279 6.279
19.158 10.241 6.288 6.644
9.178 8.061 6.644 11.044
24.398 11.108 10.456 10.972
20.987 10.13 15.4 10.456
11.561 13.639 10.438 15.233
32.818 16.198 14.936 15.264
52.375 19.387 16.978 11.087
12.457 24.673 13.958 7.759
12.068 10.861 14.614 14.614
35.188 12.511 10.102 20.932
41.371 12.683 10.927 10.927
27.924 18.354 10.373 13.668
20.769 13.872 15.978 9.713
18.116 25.735 11.529 10.737
27.295 12.787 10.84 10.807
14.1 12.365 10.913 10.88
45.502 16.03 10.922 10.922
15.926 11.289 14.71 14.71
6.325 18.314 14.421 14.421
30.528 10.871 6.279 6.279
49.165 15.552 10.932 10.932
29.907 13.176 12.972 12.972
40.689 15.712 10.937 10.937
42.265 25.509 15.217 15.217
24.773 15.299 10.943 10.943
14.495 11.276 10.946 10.946
34.235 6.622 6.655 6.655
16.234 6.697 6.301 6.301
14.894 6.611 6.644 6.644
6.435 10.754 10.457 10.457
21.38 12.152 11.294 11.294
12.269 10.34 9.581 9.581
22.154 6.614 14.467 14.467
15.623 16.414 6.647 6.647
5.94 6.692 6.659 6.659
24.21 11.208 6.27 6.27
21.934 8.679 11.307 11.307
35.389 11.287 10.924 10.924
60.328 12.991 12.628 12.628
20.644 7.675 6.289 6.289
16.267 10.727 10.793 10.793
6.682 6.237 6.27 6.27
22.309 10.927 10.927 10.927
26.548 6.601 6.634 6.634
41.317 6.628 6.661 6.661
36.962 13.678 10.807 10.807
25.471 10.934 10.954 10.954
17.152 14.617 12.584 12.584
24.171 14.023 14.089 14.089
37.129 13.093 14.601 14.601
29.071 13.058 6.649 6.649
19.526 15.295 11.047 11.047
30.998 10.363 10.946 10.946
7.396 25.062 14.955 14.955
9.063 18.552 10.429 10.429
20.824 10.873 12.82 12.82
8.733 6.241 6.274 6.274
19.717 6.258 6.291 6.291
19.96 8.601 6.324 6.324
16.404 10.951 10.951 10.951
6.321 10.93 10.93 10.93
30.367 13.797 13.83 13.83
29.552 16.583 15.329 15.329
5.957 10.886 10.952 10.952
5.955 9.555 9.588 9.588
6.374 10.438 10.438 10.438
32.435 10.756 10.822 10.822
25.276 11.282 10.952 10.952
20.588 6.254 6.287 6.287
13.659 10.727 10.793 10.793
19.769 6.252 6.285 6.285
6.335 7.001 6.638 6.638
67.095 10.887 10.953 10.953
33.571 6.698 6.665 10.928
15.376 13.436 13.502 10.46
12.157 6.631 6.664 6.664
10.281 6.613 6.646 6.646
24.675 10.881 10.947 10.947
38.912 10.925 10.925 10.925
21.638 10.393 10.459 10.459
16.269 10.863 10.995 10.995
27.784 6.237 10.941 10.941
5.969 14.934 15.17 15.17
6.331 20.054 6.27 6.27
26.382 13.52 10.946 10.946
35.796 12.417 10.932 16.392
44.519 19.527 10.437 10.437
31.755 13.407 18.339 15.354
37.94 6.266 12.258 14.502
42.741 18.363 6.299 6.299
36.87 10.771 10.804 10.804
24.708 10.815 10.815 10.815
14.491 7.024 6.661 6.661
19.468 10.873 10.939 10.939
8.6 7.027 6.664 6.664
6.787 15.95 14.597 14.597
40.108 12.63 12.927 12.927
10.135 6.604 6.637 6.637
14.549 14.885 14.951 14.951
34.001 6.62 6.653 6.653
16.988 6.622 6.655 6.655
38.23 11.363 11.183 11.183
35.444 11.147 10.454 10.454
34.806 13.427 14.432 14.432
21.428 16.206 11.488 11.488
6.792 12.313 18.285 18.285
14.423 8.12 12.184 12.184
7.126 13.669 7.328 7.328
5.972 14.138 13.478 13.478
5.967 6.66 6.297 6.297
32.908 11.074 10.81 10.81
15.652 12.881 12.386 12.386
13.633 6.631 6.664 6.664
41.253 7.567 6.874 6.874
34.004 6.665 6.302 6.302
30.412 6.66 6.297 6.297
29.81 6.685 6.652 6.652
19.986 17.135 17.102 17.102
5.941 13.633 13.732 13.732
26.089 10.713 10.449 10.449
7.487 13.452 14.605 14.605
33.302 12.38 12.875 12.875
45.614 19.39 11.033 11.033
33.516 15.455 15.861 15.861
31.13 14.924 14.0 13.109
26.784 13.815 10.791 10.791
31.589 15.972 10.548 6.271
28.479 8.812 10.924 14.536
26.038 16.765 6.271 13.498
20.071 12.899 14.536 16.158
38.86 13.176 11.084 10.435
20.25 14.098 10.435 11.744
16.917 6.522 12.496 10.932
19.485 24.766 12.66 12.66
17.857 6.615 13.459 14.047
9.095 18.37 13.968 6.291
16.466 10.345 6.291 10.932
22.918 6.967 7.276 6.648
9.943 19.267 6.648 17.947
13.426 6.269 6.637 6.637
44.599 16.608 13.506 11.038
21.055 18.138 14.937 6.302
33.14 25.035 6.302 18.389
16.801 6.247 21.623 18.732
32.646 10.489 14.586 7.75
23.094 13.96 10.924 10.924
35.265 28.388 11.709 14.95
41.008 21.021 6.742 7.28
41.028 17.781 7.28 14.547
41.938 21.319 11.347 19.008
31.449 14.408 10.927 10.927
21.232 18.649 17.788 12.088
13.671 18.196 12.85 14.434
9.994 6.972 12.362 12.362
35.707 21.696 6.279 6.279
20.768 18.038 17.967 17.967
8.815 6.265 8.822 8.822
32.723 10.869 6.298 6.298
24.432 12.584 10.935 10.935
20.561 14.658 10.929 10.929
11.238 11.387 11.585 11.585
6.399 6.241 6.274 6.274
32.214 6.618 6.651 6.651
51.066 6.626 6.659 6.659
22.301 8.973 6.729 6.729
17.354 10.869 10.935 10.935
9.104 8.147 8.411 8.411
7.895 10.859 10.925 10.925
6.318 6.695 10.453 10.453
28.161 6.245 6.278 6.278
13.256 13.885 9.005 9.005
25.237 7.011 6.648 6.648
5.958 11.045 10.451 10.451
12.19 12.425 12.222 12.222
6.519 13.311 12.458 12.458
6.313 10.937 10.937 14.483
29.618 17.453 17.519 14.402
44.057 6.613 6.646 6.646
30.966 20.589 6.288 6.288
28.328 9.522 20.787 20.787
6.321 6.956 10.446 10.446
23.514 6.618 10.534 10.534
23.14 6.973 6.296 6.296
15.667 15.429 6.651 6.651
37.649 15.154 10.433 10.433
39.168 12.809 6.643 6.643
24.314 6.618 10.453 10.453
13.601 12.763 6.651 6.651
29.87 10.382 10.448 10.448
5.97 6.242 6.275 6.275
9.462 10.889 10.955 10.955
35.924 10.888 10.954 10.954
33.56 6.261 6.294 6.294
17.699 6.663 6.3 6.3
21.533 14.365 14.464 14.464
25.121 10.874 10.94 10.94
13.168 10.373 10.439 10.439
5.941 10.865 10.931 10.931
5.95 14.553 10.824 10.824
46.792 13.124 13.553 13.553
32.67 11.122 10.792 10.792
22.005 18.815 10.799 16.76
35.894 18.509 18.311 17.99
33.496 11.115 10.95 14.979
32.447 10.957 20.597 9.901
23.32 16.959 10.825 14.66
18.534 18.488 17.52 15.966
43.961 6.238 11.168 6.271
7.715 13.247 6.271 6.28
15.079 6.577 6.28 10.945
5.945 11.209 10.945 15.755
40.934 12.313 12.115 12.115
66.67 9.657 10.548 10.548
53.885 18.864 9.525 9.525
30.056 14.744 10.817 10.817
54.843 6.268 6.301 6.301
42.937 11.757 10.8 10.8
41.007 6.626 6.659 6.659
20.33 10.86 10.926 10.926
30.699 10.364 10.43 10.43
24.298 10.768 6.275 6.275
14.791 8.816 6.676 12.154
33.109 10.88 10.946 10.946
20.39 10.471 13.738 11.025
32.066 14.909 11.025 11.362
31.815 11.439 14.48 14.48
27.378 6.97 6.64 13.485
8.011 21.618 10.82 10.82
44.553 11.777 16.356 10.105
36.491 13.824 13.395 13.395
28.212 10.431 10.431 10.431
20.298 6.988 12.167 12.167
20.087 10.861 7.12 7.12
22.333 15.467 10.927 10.927
14.526 13.135 13.399 13.399
10.395 10.865 10.931 10.931
10.7 14.38 14.479 14.479
9.007 6.632 12.931 12.931
29.114 10.944 10.428 10.428
32.74 16.792 8.15 8.15
17.788 11.257 10.944 10.944
17.949 10.741 13.8 13.8
20.387 15.054 10.927 10.927
22.406 16.269 10.642 10.642
25.497 13.457 10.923 10.923
38.314 10.073 13.424 13.424
25.645 8.479 14.208 14.208
25.195 16.765 10.832 10.832
29.106 16.926 9.205 9.205
22.653 6.249 13.413 13.413
35.833 21.648 14.615 14.615
28.893 6.261 17.557 17.557
7.48 26.319 17.85 17.85
5.964 6.259 6.282 6.282
17.832 25.458 6.294 6.294
19.593 26.924 10.946 10.946
9.21 13.85 6.292 6.292
17.0 6.261 6.638 6.638
40.652 10.004 6.294 6.294
14.547 6.24 6.273 6.273
23.374 13.705 10.933 10.933
20.851 11.248 10.95 10.95
34.772 13.458 11.38 11.38
19.951 6.683 6.65 6.65
5.944 12.955 13.153 13.153
5.961 11.473 17.64 17.64
23.216 11.096 10.436 10.436
36.582 22.821 14.773 14.773
20.88 17.25 14.478 14.478
13.723 6.258 11.868 11.868
5.94 15.531 6.274 6.274
32.282 8.815 6.291 6.291
29.391 13.917 13.62 13.62
28.477 16.3 14.98 14.98
21.112 10.766 10.453 10.453
35.827 14.314 10.436 10.436
27.299 6.605 12.073 12.073
22.709 12.66 10.812 10.812
13.192 16.066 6.638 6.638
8.883 6.732 6.27 6.27
13.462 14.411 10.946 10.946
24.018 14.703 14.472 14.472
32.759 6.625 6.658 6.658
58.401 6.664 6.301 6.301
42.228 11.709 10.929 10.818
26.811 13.866 13.92 10.929
31.356 7.893 10.806 6.639
14.725 14.702 6.639 14.471
33.149 15.558 14.471 15.987
42.621 10.733 10.799 10.799
19.275 17.559 15.645 15.645
14.39 10.365 6.277 6.277
20.308 8.818 6.646 6.646
36.671 6.602 10.431 10.431
40.329 11.002 6.635 6.635
17.06 13.992 14.025 10.923
5.963 17.027 10.945 10.945
5.949 11.275 17.06 14.606
40.755 14.969 14.606 17.885
31.075 10.806 10.806 10.806
34.472 10.704 10.803 10.803
12.864 6.26 6.293 6.293
11.104 6.246 6.279 6.279
37.668 7.023 6.66 6.66
41.559 14.494 14.593 14.593
13.099 6.979 6.649 6.649
40.762 11.269 10.939 10.939
28.783 14.386 14.485 14.485
31.3 14.362 10.928 10.928
7.461 11.687 14.461 14.461
24.254 13.667 6.829 6.829
33.632 11.779 12.446 12.446
39.895 17.446 10.955 10.955
28.353 15.12 16.456 16.456
31.372 14.057 15.021 15.021
5.95 10.389 10.455 10.455
23.949 6.624 6.657 6.657
6.515 16.05 15.951 15.951
44.06 6.603 6.636 6.636
21.279 10.435 10.435 10.435
28.911 16.041 14.457 14.457
41.013 6.247 10.441 10.441
29.476 13.26 10.95 10.95
13.692 13.345 6.28 6.28
10.574 14.7 14.898 14.898
33.475 6.614 6.647 6.647
23.85 14.067 10.8 10.8
20.987 12.24 10.458 10.458
12.887 14.808 14.478 14.478
6.279 11.334 10.938 10.938
43.146 14.357 14.027 14.027
62.415 6.251 6.284 6.284
36.342 16.796 16.532 16.532
33.51 10.808 10.445 10.445
21.88 10.363 10.429 10.429
10.003 12.358 10.939 10.939
23.314 14.817 6.279 6.279
37.589 12.153 13.365 13.365
5.944 17.979 15.603 15.603
5.964 10.867 10.933 10.933
5.946 11.851 10.432 10.432
7.847 15.01 14.482 14.482
38.544 13.868 13.967 13.967
30.817 6.637 6.274 6.274
5.972 11.134 10.804 10.804
21.36 6.261 6.294 6.294
35.65 6.626 6.342 6.342
46.359 11.889 6.659 6.659
25.027 8.553 11.328 11.328
31.886 6.629 6.662 10.93
10.053 6.269 6.302 6.302
9.77 13.471 13.933 10.061
22.04 6.258 6.291 6.291
10.497 10.735 10.801 10.801
17.598 6.603 6.636 6.636
38.155 10.43 10.43 10.43
31.228 10.734 10.8 10.8
15.626 6.608 10.436 10.436
12.129 10.898 6.641 6.641
26.606 12.702 10.953 10.953
17.869 6.254 6.287 6.287
21.849 6.999 6.636 6.636
26.441 8.631 6.288 6.288
36.297 11.797 11.203 11.203
22.46 10.385 10.451 10.451
17.969 10.877 11.735 11.735
23.813 13.845 10.448 10.941
26.984 15.596 13.944 10.448
24.992 13.733 14.003 14.003
17.244 18.92 10.928 10.928
6.078 11.271 14.603 10.935
14.608 20.213 10.935 10.941
43.05 19.591 10.941 14.476
36.157 13.857 14.476 19.487
19.471 15.934 10.953 12.271
42.575 21.429 12.271 12.768
35.305 10.945 10.934 14.366
40.8 14.382 10.818 10.438
22.388 9.312 10.438 6.276
29.842 15.949 6.276 13.717
37.584 22.946 13.915 10.924
31.113 15.247 10.924 17.121
35.387 14.171 10.442 10.442
15.809 12.498 6.282 6.282
19.944 8.889 10.815 10.815
16.074 11.77 14.458 14.458
5.95 16.207 10.945 10.945
32.692 9.243 6.273 6.273
36.324 9.737 7.13 7.13
18.998 18.436 13.057 13.057
27.509 12.395 10.811 10.811
15.498 10.859 10.925 10.925
43.465 10.88 10.946 10.946
39.424 10.865 10.955 10.955
26.138 11.015 10.931 10.931
21.416 14.783 10.949 10.949
20.699 15.267 6.28 6.28
16.525 6.601 15.201 15.201
17.668 10.735 6.634 6.634
21.847 12.829 12.796 12.796
7.122 10.798 10.798 10.812
29.226 12.058 13.386 10.937
22.808 16.719 11.795 10.798
27.734 15.194 10.936 14.797
28.684 13.7 10.443 12.842
42.035 10.443 10.454 10.443
24.798 12.896 11.427 11.427
25.007 17.04 17.007 12.335
26.706 13.935 18.023 17.007
5.966 17.896 6.726 17.302
5.965 14.564 17.731 6.726
30.744 14.184 14.972 14.972
46.113 13.452 10.812 10.812
33.869 25.268 14.663 14.663
28.902 14.648 10.952 10.952
21.971 14.382 13.92 10.818
13.157 12.958 10.945 6.395
49.576 6.23 6.395 14.344
45.86 10.86 10.926 10.926
35.207 12.929 11.052 11.052
27.459 8.539 11.114 11.114
31.24 17.058 10.932 9.331
27.321 15.486 9.331 16.757
26.195 19.529 16.757 12.945
5.951 15.764 16.08 10.814
16.94 6.611 12.794 19.941
5.966 25.056 6.644 6.644
38.52 10.857 10.923 10.923
23.457 10.884 6.347 6.347
48.288 10.571 10.95 11.035
26.479 13.18 13.675 10.95
17.121 15.708 15.807 15.807
29.931 6.263 6.296 6.296
16.155 12.772 13.102 10.455
29.422 10.455 10.455 16.567
47.883 6.255 6.288 6.288
32.881 11.878 10.43 19.621
39.139 11.649 21.04 10.43
29.665 24.571 10.428 14.566
27.117 14.687 17.272 10.428
19.909 19.45 10.815 10.428
6.309 13.521 15.244 15.145
31.911 14.751 12.144 14.511
30.954 10.798 11.989 11.989
36.401 14.728 10.798 10.798
22.711 15.266 18.566 18.566
7.409 14.385 17.619 17.619
5.972 6.672 6.639 6.639
7.674 6.254 6.287 6.287
24.693 13.308 13.341 13.341
36.858 11.597 10.937 10.937
11.075 7.754 6.302 6.302
10.115 14.364 10.95 10.95
47.045 13.326 14.463 14.463
18.755 6.618 6.651 6.651
26.922 6.63 6.663 6.663
11.277 6.98 10.439 10.439
26.76 10.877 6.65 6.65
21.166 15.653 10.844 10.844
14.623 14.404 14.041 14.041
5.947 10.727 6.646 6.646
44.069 7.339 10.793 10.793
29.834 11.351 11.021 11.021
29.468 14.631 15.275 15.275
26.808 13.086 12.096 12.096
21.045 18.08 15.093 15.093
18.586 10.927 7.099 7.099
30.213 14.412 10.93 13.422
49.839 15.138 15.666 14.858
40.639 12.349 10.934 15.666
35.9 10.868 16.524 11.759
15.207 6.64 6.277 6.277
23.111 21.755 19.214 17.464
16.352 6.677 10.803 10.803
38.654 11.001 6.644 6.644
26.032 6.363 6.297 6.297
21.987 11.584 10.924 14.818
36.055 6.683 6.848 18.301
31.367 18.499 18.334 10.951
50.135 6.609 6.642 6.642
30.082 10.876 10.942 10.942
30.532 13.063 13.514 13.679
41.361 16.121 12.679 12.788
28.78 15.319 10.795 16.969
39.898 13.204 17.419 13.633
29.572 10.861 10.927 10.927
15.711 10.382 10.448 10.448
40.082 10.882 10.948 10.948
32.804 17.03 17.888 14.456
33.652 12.45 10.563 10.955
28.224 11.186 13.308 16.509
25.842 14.425 12.011 14.226
16.375 13.599 14.458 14.721
6.541 6.602 11.322 18.352
33.004 18.945 6.635 6.635
26.468 11.161 10.633 10.633
22.324 7.012 6.649 10.925
41.546 14.027 14.06 6.649
36.962 12.761 10.451 10.451
32.891 13.412 11.267 12.059
33.674 14.507 14.474 6.277
34.406 7.993 6.277 17.84
17.25 13.708 13.774 13.774
28.484 14.383 14.482 14.482
5.946 14.426 14.459 14.459
19.448 8.299 6.294 6.294
21.066 12.709 8.695 8.695
26.02 10.221 6.645 6.645
38.59 14.685 13.501 13.501
32.373 13.653 11.31 11.31
33.763 11.826 14.058 14.058
17.545 12.749 10.686 10.686
31.572 13.656 13.937 13.937
42.532 6.622 6.655 6.655
31.806 9.741 6.276 6.276
36.299 19.766 15.542 15.542
11.985 13.256 10.946 10.946
9.852 6.615 6.648 6.648
26.679 18.888 14.466 14.466
14.991 10.834 14.971 14.971
13.039 11.652 7.005 13.474
38.006 21.802 10.926 10.926
34.728 18.094 14.479 14.479
21.948 12.096 16.873 10.305
20.066 17.218 12.253 10.974
25.197 14.364 10.974 8.452
27.697 12.379 14.13 12.674
12.291 6.625 11.865 15.388
39.379 17.228 12.313 6.658
44.143 23.898 14.654 18.684
7.715 21.501 6.658 16.353
26.656 7.954 8.119 14.803
22.309 22.69 17.014 8.119
8.888 16.548 11.763 11.763
14.202 11.376 14.966 14.966
47.908 18.792 14.964 14.964
36.253 16.854 14.379 14.379
17.778 6.248 6.281 6.281
22.087 12.354 11.463 11.463
27.645 11.015 14.643 14.643
37.043 26.285 10.438 10.438
18.116 13.375 11.178 11.178
15.711 16.142 10.937 10.937
7.669 14.93 10.718 10.718
42.684 16.194 14.459 14.459
30.77 12.44 6.273 6.273
11.706 6.24 10.448 10.448
9.734 10.382 14.288 14.288
9.318 11.094 10.948 10.948
7.555 12.409 10.929 10.929
28.914 15.733 14.793 14.793
49.821 13.402 13.96 13.96
41.783 6.624 6.283 14.293
36.551 8.329 6.657 6.657
35.467 22.647 16.867 9.583
33.169 15.546 14.457 14.457
25.012 6.579 6.282 6.282
34.783 13.297 8.216 8.216
26.605 8.777 12.901 12.901
21.845 6.598 6.301 6.301
21.005 17.629 16.54 16.54
34.455 8.689 6.28 6.28
19.282 10.373 12.209 19.39
29.445 18.225 11.534 17.136
25.271 13.028 6.69 11.675
23.487 10.056 10.439 10.439
17.692 19.403 18.885 18.569
55.02 18.596 21.238 10.815
33.68 25.561 20.285 18.248
38.192 17.823 13.556 15.975
47.935 24.674 17.823 17.507
34.534 7.462 6.274 6.274
47.048 16.85 11.51 14.507
31.805 15.767 15.097 14.051
41.649 19.816 18.467 17.539
16.616 6.606 6.639 6.639
18.172 10.885 10.951 10.951
26.901 6.254 6.287 6.287
14.847 11.282 10.952 10.952
30.323 10.879 10.945 10.945
13.509 7.026 10.925 10.925
16.797 13.961 6.663 6.663
42.235 11.858 10.439 10.439
32.21 10.857 14.646 14.646
29.051 11.254 10.923 10.923
18.586 18.804 10.429 10.429
9.93 6.31 6.277 6.277
9.522 15.522 15.753 15.753
28.843 10.784 15.205 15.205
26.228 20.023 10.43 10.43
35.071 6.267 10.817 10.817
43.752 14.951 6.3 6.3
15.591 18.605 16.922 16.922
33.95 11.25 6.354 6.354
34.223 10.578 11.382 11.382
26.694 6.615 6.648 6.648
13.174 10.376 10.442 10.442
23.609 6.244 6.277 6.277
6.036 10.389 10.455 10.455
21.171 10.875 10.941 10.941
20.153 11.177 10.814 10.814
30.651 14.367 14.466 14.466
20.433 6.333 6.3 6.3
18.019 12.183 12.15 12.15
36.015 6.238 6.271 6.271
16.547 11.202 10.938 10.938
18.97 6.614 6.647 6.647
34.005 14.446 14.479 14.479
13.632 10.39 13.883 10.814
24.646 16.358 10.951 10.456
10.322 13.459 10.456 14.284
36.82 13.462 10.954 10.954
12.525 10.728 10.431 10.431
14.659 6.64 6.277 6.277
10.734 6.651 6.288 6.288
5.962 6.576 14.608 14.608
46.817 18.601 10.685 10.685
14.57 14.315 8.82 8.82
41.611 11.711 10.952 10.952
30.653 10.723 10.459 10.459
28.345 16.691 14.381 14.381
20.52 15.054 11.787 11.787
19.995 10.94 6.292 6.292
6.327 7.942 14.075 14.075
5.957 10.389 10.455 10.455
43.335 6.63 6.663 6.663
57.31 14.498 14.597 14.597
33.737 13.249 10.807 10.807
47.81 10.95 10.95 10.95
20.65 10.75 12.796 12.796
5.961 6.69 14.965 14.965
31.179 7.277 6.657 6.657
34.666 20.146 6.287 6.287
19.188 11.565 11.928 11.928
15.197 6.687 6.291 6.291
5.949 6.254 6.287 6.287
17.404 14.864 14.963 14.963
15.902 6.613 6.646 6.646
10.263 6.266 6.299 6.299
26.131 13.096 10.984 10.984
50.077 14.632 13.972 13.972
43.772 6.246 6.279 6.279
16.26 6.581 6.284 6.284
38.689 10.888 10.935 10.935
25.193 14.598 10.954 10.954
28.774 11.286 14.474 14.474
38.556 15.2 10.947 10.947
28.615 10.881 14.157 14.157
17.869 10.771 10.441 10.441
21.298 10.993 10.898 10.898
32.782 12.119 13.567 13.567
31.989 15.192 13.146 13.146
25.016 10.804 10.804 10.804
33.14 13.697 13.796 13.796
46.979 11.368 11.467 11.467
18.301 6.256 6.289 6.289
12.917 10.858 10.924 10.924
5.942 6.251 6.284 6.284
10.294 10.743 10.809 10.809
8.139 6.305 6.272 6.272
31.714 10.869 10.935 10.935
26.319 10.987 11.185 11.185
17.858 12.248 6.654 6.654
27.699 9.195 11.027 11.027
18.247 10.768 16.269 16.269
24.816 19.899 14.607 14.607
23.088 12.939 10.438 11.845
10.078 13.848 13.561 10.926
8.233 23.814 13.962 10.438
6.317 13.577 19.834 18.184
26.645 20.821 10.937 10.937
28.929 25.081 10.445 10.445
27.088 14.141 10.951 10.951
24.622 9.253 6.283 6.283
38.547 7.243 17.531 15.894
42.967 18.574 16.356 11.026
37.993 6.68 11.026 19.544
39.617 18.253 8.332 8.332
17.798 28.454 6.647 6.647
11.089 10.373 10.439 10.439
18.177 14.873 14.972 14.972
54.491 15.029 6.825 6.825
27.692 13.713 15.161 15.161
20.908 10.323 12.842 12.842
28.75 6.667 13.35 13.35
19.843 14.032 10.468 10.468
32.82 17.429 6.634 6.634
20.036 18.281 10.81 10.81
38.162 12.54 14.981 14.981
13.803 11.425 10.937 10.937
35.804 13.577 12.022 12.022
29.648 19.72 13.794 13.794
18.58 14.129 12.91 12.91
21.628 6.613 9.188 9.188
26.414 17.368 6.646 6.646
11.536 14.633 6.51 15.614
26.648 9.81 18.584 6.51
27.191 13.531 12.091 10.449
60.215 14.108 10.808 11.65
31.536 12.704 10.449 11.12
43.824 17.998 12.112 14.24
42.742 15.564 11.12 17.107
18.268 15.759 13.713 14.856
17.747 8.269 13.734 9.457
37.171 18.201 9.457 18.696
29.739 18.948 10.447 10.447
15.47 12.361 14.484 14.484
46.614 17.289 19.884 19.884
19.868 14.744 10.454 10.454
44.37 11.408 10.793 10.793
33.893 11.17 10.819 10.819
35.63 16.832 13.19 13.19
18.098 19.003 11.17 11.17
36.151 12.821 10.949 10.949
38.407 10.727 13.052 13.052
26.249 16.064 10.793 10.793
48.738 16.316 10.805 10.805
11.87 16.427 10.817 10.817
19.566 16.107 10.959 10.959
6.32 6.267 10.937 10.937
46.58 16.712 6.3 6.3
26.126 13.023 10.449 10.814
41.309 13.916 10.812 10.449
19.434 10.923 13.982 10.812
41.088 8.721 10.923 11.766
18.276 9.098 11.766 7.25
20.238 16.851 7.283 14.289
24.354 12.553 11.085 12.691
23.542 11.643 11.46 11.46
26.584 18.399 13.681 13.857
22.789 15.573 11.695 13.378
31.338 7.772 10.818 12.534
19.348 6.643 6.65 9.29
19.127 20.446 6.28 6.28
39.489 6.257 15.496 15.496
36.351 18.895 10.458 10.458
6.306 15.474 8.237 8.237
6.304 19.025 12.788 12.788
33.149 14.987 10.45 10.45
39.564 17.145 16.612 16.612
32.659 17.168 13.779 13.779
32.081 13.827 12.581 12.581
31.754 21.175 6.636 6.636
27.852 6.601 6.634 6.634
16.675 7.692 20.3 20.3
13.357 27.139 19.338 19.338
44.497 11.263 10.933 10.933
49.155 23.387 22.925 22.925
43.781 7.153 6.559 6.559
21.325 10.844 14.615 14.615
13.163 18.113 10.448 10.448
13.384 10.864 7.3 7.3
20.995 14.892 10.44 10.44
29.588 13.24 10.93 10.93
28.854 16.809 10.457 10.457
22.568 10.886 20.403 17.895
37.616 11.14 11.216 14.681
10.146 16.265 10.81 14.77
45.813 10.742 10.808 14.089
29.5 10.954 10.954 14.933
18.568 14.117 14.183 17.351
30.476 10.379 10.445 10.445
26.987 11.834 12.76 12.76
17.001 15.532 10.83 10.83
20.972 13.272 12.065 12.065
23.259 13.38 10.806 10.806
19.207 11.478 10.95 10.95
9.5 6.601 6.634 6.634
38.069 16.908 14.598 14.598
17.267 10.513 10.447 10.792
24.586 12.673 13.267 10.447
21.607 9.731 11.082 14.844
20.471 15.24 9.764 9.764
28.11 6.603 10.446 13.472
10.065 16.673 6.636 10.981
35.032 17.475 13.845 10.446
28.266 16.822 13.39 6.636
6.299 18.498 11.019 11.099
26.925 18.194 14.465 14.34
5.97 17.157 19.478 10.953
26.238 18.736 14.842 14.05
35.203 8.613 6.303 6.303
53.01 10.748 14.464 14.464
17.791 16.675 10.814 10.814
20.572 10.876 6.728 6.728
44.304 9.104 6.3 6.3
29.063 7.554 10.942 10.942
30.544 15.596 10.927 10.927
33.35 14.656 10.441 10.441
26.96 8.315 14.969 14.969
9.408 17.008 13.021 13.021
13.959 16.255 11.945 11.945
25.825 17.761 14.956 14.956
24.558 11.206 10.81 10.81
19.653 7.776 6.654 6.654
23.934 11.589 6.27 12.051
23.451 10.932 10.932 6.27
17.328 9.801 10.809 14.966
43.282 12.36 16.242 10.809
57.265 21.335 10.894 10.894
25.117 21.551 20.444 20.33
11.957 10.167 20.693 8.385
5.944 13.93 9.111 20.04
20.562 15.348 14.028 13.566
47.89 11.833 6.273 6.273
18.148 10.299 14.462 14.462
13.469 11.389 10.942 10.942
5.961 20.699 10.431 10.431
31.859 14.402 11.323 11.323
39.41 6.268 13.643 13.643
34.207 17.13 11.877 11.877
29.598 12.188 8.822 8.822
19.479 6.605 6.301 6.301
18.633 18.873 10.448 10.448
55.787 10.38 12.415 12.415
56.069 18.916 11.558 11.558
38.646 18.092 6.307 6.307
18.678 18.5 6.638 6.638
33.139 13.897 13.96 13.96
38.185 12.042 10.446 10.446
22.932 21.484 12.945 12.945
32.216 6.258 12.099 12.099
26.781 11.385 10.428 10.428
32.374 18.555 13.659 13.659
37.838 17.676 6.291 6.291
21.431 6.581 6.284 6.284
16.34 11.758 10.933 10.933
11.032 6.687 17.304 17.304
22.626 18.164 14.963 14.963
35.023 21.0 6.836 6.836
20.461 11.423 9.195 9.195
21.686 7.072 6.841 6.841
40.437 11.192 10.928 10.928
15.3 10.858 10.924 10.924
14.942 6.258 6.291 6.291
8.236 6.263 6.296 6.296
15.703 6.694 6.298 6.298
21.901 10.747 10.793 10.793
59.282 13.301 10.813 10.813
18.788 6.619 6.652 6.652
31.154 10.439 14.473 14.473
16.815 6.255 10.439 10.439
16.404 21.106 6.288 6.288
43.744 8.583 6.306 6.306
31.735 17.842 16.885 14.377
17.514 10.865 14.599 10.931
32.221 15.457 10.931 17.932
22.668 10.749 10.815 10.815
32.744 12.174 12.405 14.418
5.948 14.575 14.608 17.875
10.28 8.762 8.993 10.792
24.602 13.432 13.663 11.567
13.208 10.87 10.936 14.472
5.953 14.373 14.472 14.401
31.252 6.993 6.663 6.663
39.622 6.608 6.641 6.641
29.515 11.254 10.924 10.924
21.48 6.377 6.278 6.278
23.342 10.874 10.94 10.94
19.238 10.868 10.934 10.934
18.61 10.658 6.283 6.283
11.107 6.25 10.757 10.757
10.294 10.756 10.437 10.437
20.914 12.351 10.822 10.822
14.004 6.625 6.658 6.658
5.966 14.504 14.603 14.603
13.014 6.256 6.289 6.289
44.815 6.249 6.282 6.282
55.029 10.518 10.617 10.617
5.963 9.516 9.549 9.549
35.063 10.362 10.428 10.428
40.5 11.35 10.954 10.954
25.707 6.263 6.296 6.296
29.493 11.272 10.942 10.942
21.205 6.264 6.297 6.297
12.28 6.26 6.293 6.293
18.738 10.985 10.937 10.937
9.45 11.78 10.81 10.81
21.45 15.326 10.941 10.941
14.627 14.308 10.823 10.823
29.95 14.538 10.721 10.721
30.854 12.907 12.903 12.903
34.085 16.929 11.554 11.554
39.416 18.707 6.282 6.282
38.694 11.067 18.344 18.344
21.171 13.67 10.931 10.931
40.124 11.139 10.932 10.932
20.859 6.251 10.941 10.941
17.339 16.674 6.284 6.284
8.824 13.876 10.752 10.939
23.908 12.963 13.414 10.752
5.945 12.84 14.456 14.456
10.807 18.086 16.965 16.965
18.627 22.509 6.648 6.648
9.607 14.628 6.283 14.034
10.663 9.154 14.034 17.46
9.706 6.241 18.813 20.108
38.85 22.442 20.174 10.837
19.739 15.657 15.404 6.274
30.528 18.339 6.274 21.716
36.558 10.906 21.716 17.613
37.985 9.607 10.796 6.274
31.524 9.013 17.613 9.982
26.137 9.872 6.274 8.65
21.068 28.391 10.708 13.37
22.604 26.36 6.275 6.275
10.142 14.005 9.574 21.773
38.073 22.676 10.442 10.442
14.764 6.562 17.359 17.392
5.953 20.639 10.804 10.804
16.701 15.839 17.06 16.202
20.026 27.325 6.712 6.712
7.365 23.726 6.298 6.636
33.64 10.365 6.636 14.948
53.759 12.718 6.281 16.696
11.742 12.353 16.696 11.635
20.224 19.307 16.499 11.512
20.079 27.454 17.057 11.058
36.166 20.981 12.196 18.113
6.333 14.657 11.586 11.787
59.015 28.706 11.787 14.48
23.006 21.522 15.107 15.941
54.245 20.005 10.951 13.574
30.267 24.142 17.723 10.951
28.717 23.664 10.955 6.283
25.409 15.622 16.639 11.621
33.448 11.419 9.352 13.034
39.137 6.63 12.974 16.672
21.913 16.506 8.718 8.817
39.437 19.266 19.538 19.604
6.344 28.045 10.0 17.736
13.583 26.712 13.524 13.524
6.329 10.751 6.663 6.663
25.703 14.661 21.564 12.574
21.193 31.253 10.454 11.15
49.427 14.054 14.43 10.454
22.764 29.996 14.054 14.43
29.775 25.394 6.29 24.866
17.052 9.458 25.394 6.29
54.123 13.557 10.95 17.418
50.063 16.645 14.104 10.815
61.97 18.619 14.455 16.81
22.347 12.81 6.641 9.578
16.902 11.624 6.725 9.233
11.055 11.345 11.457 13.206
8.55 16.722 20.929 18.778
18.845 10.133 17.907 7.328
38.471 6.749 15.402 10.936
24.235 25.035 10.936 23.404
12.449 19.441 10.83 20.415
19.982 28.645 14.59 12.645
10.903 6.636 11.123 17.956
7.792 18.222 6.65 6.98
42.913 13.84 10.799 12.685
19.167 14.759 12.685 13.142
28.19 20.308 6.273 6.273
25.321 11.89 10.933 10.933
62.255 14.751 14.025 14.025
17.296 6.25 7.829 7.829
50.755 10.898 6.283 6.283
35.455 13.227 10.851 10.851
20.525 8.683 10.457 10.457
29.036 13.628 6.802 6.802
11.935 12.346 10.531 10.823
32.724 10.944 14.552 10.531
65.724 17.585 10.944 14.478
32.429 16.788 10.946 14.508
60.13 10.873 17.547 14.246
5.969 22.991 10.939 10.939
41.274 7.282 10.437 10.437
33.742 18.33 10.448 10.448
32.982 22.119 7.414 7.414
26.031 20.414 14.486 11.247
26.361 15.575 14.283 21.63
5.942 16.791 10.448 14.811
39.246 14.342 22.521 14.486
37.541 17.149 15.537 10.448
5.96 22.467 13.288 16.852
28.697 8.444 6.299 6.299
41.546 10.86 10.926 10.926
28.977 6.239 6.272 6.272
15.335 6.257 6.29 6.29
20.497 11.257 10.446 10.446
21.27 11.969 10.927 10.927
45.133 18.165 14.469 14.469
8.697 15.66 11.936 11.936
12.704 14.559 11.687 11.687
41.463 13.568 14.592 14.592
32.609 11.322 11.388 11.388
34.623 13.485 10.449 10.449
12.319 7.028 6.302 6.302
34.62 10.864 10.93 10.93
31.899 6.618 6.651 6.651
22.933 13.834 10.798 10.798
25.549 13.971 10.935 10.935
16.33 13.495 10.558 10.558
27.232 11.59 10.699 10.699
42.478 6.265 10.801 10.801
41.196 16.939 6.298 6.298
26.307 14.366 14.465 14.465
30.559 10.858 10.924 10.924
25.476 10.731 10.797 10.797
39.842 11.22 11.022 11.022
16.67 6.308 6.275 6.275
13.642 11.8 10.447 10.447
38.068 10.895 10.928 10.928
31.124 14.875 14.974 14.974
21.325 6.613 6.646 6.646
36.457 10.369 14.611 14.611
14.67 15.238 10.435 10.435
20.056 13.127 10.817 10.817
10.373 13.149 11.103 11.103
9.769 6.255 6.288 6.288
10.424 14.928 10.935 10.935
5.957 14.372 6.291 6.291
19.689 17.251 13.984 13.984
34.148 12.462 14.471 14.471
34.203 17.51 14.969 14.969
43.915 11.198 14.49 14.49
9.575 11.943 6.662 6.662
26.265 12.008 11.0 11.0
38.523 22.212 10.429 10.429
6.151 9.587 6.287 6.287
39.65 17.128 14.154 14.154
39.405 10.004 6.638 6.638
29.772 6.97 16.902 16.902
5.952 10.887 6.64 6.64
22.348 14.0 11.162 11.162
10.266 14.022 10.953 10.953
5.941 24.624 12.042 12.042
7.078 6.25 10.925 10.925
7.847 13.433 8.89 13.341
10.888 10.872 13.042 13.042
30.72 14.362 10.938 10.938
29.796 17.268 16.476 6.636
24.691 9.106 6.829 11.695
30.494 6.616 6.649 6.829
57.77 10.011 9.318 6.711
30.732 7.129 10.695 6.659
15.617 14.82 6.337 6.649
39.773 12.434 8.276 6.271
29.055 12.881 12.932 12.932
10.39 12.389 11.858 11.858
6.339 14.648 11.465 11.465
6.31 12.383 10.436 10.436
16.109 13.132 10.822 10.822
6.31 6.265 6.298 6.298
28.488 15.587 6.374 6.374
15.672 11.526 14.133 14.133
11.067 7.067 6.273 6.273
40.271 6.24 19.349 19.349
39.878 11.278 10.436 10.436
42.368 11.195 10.948 10.948
27.827 6.607 6.64 6.64
28.57 6.63 6.663 6.663
39.895 10.387 10.453 10.453
22.95 10.74 10.443 10.443
23.917 6.607 6.64 6.64
12.832 6.612 6.645 6.645
44.858 6.265 10.932 10.932
20.003 11.592 6.298 6.298
6.313 10.862 10.928 10.928
29.94 12.293 12.524 12.524
17.114 10.874 10.94 10.94
23.48 6.973 6.643 6.643
26.846 13.847 14.111 14.111
23.811 13.022 10.811 10.811
14.809 17.112 14.472 14.472
5.954 11.49 10.797 10.797
32.657 6.625 6.658 6.658
28.617 11.617 10.924 10.924
23.692 10.393 10.927 10.927
14.809 11.191 10.446 10.446
14.52 13.614 10.459 10.459
29.734 6.251 6.284 6.284
26.932 11.575 14.596 14.596
32.061 18.655 11.872 11.872
5.947 10.868 11.517 11.517
19.556 13.2 10.934 10.934
38.686 7.082 10.99 10.99
12.243 15.874 10.586 10.586
22.676 15.206 8.138 8.138
37.362 18.948 17.001 17.001
25.002 6.244 6.277 6.277
38.852 11.621 13.848 10.944
38.479 11.137 13.535 13.535
37.877 15.366 10.807 11.55
16.468 10.725 11.55 14.404
36.844 6.605 15.078 17.652
31.243 12.829 6.638 6.638
27.263 10.746 12.466 12.466
31.032 22.239 6.634 6.634
24.826 8.812 10.812 10.812
33.813 13.443 10.935 10.935
9.778 14.299 10.438 10.438
25.197 14.877 10.446 10.446
5.971 11.271 14.976 14.976
13.799 16.087 15.46 15.46
40.87 12.307 12.67 12.67
25.091 11.265 10.935 10.935
66.987 10.636 10.438 10.438
44.181 11.082 17.393 17.393
35.044 19.505 10.455 10.455
33.111 15.191 14.861 14.861
30.651 6.268 6.301 6.301
20.408 8.123 7.001 7.001
40.757 15.45 15.747 15.747
29.284 11.531 10.937 10.937
26.019 13.873 14.933 14.933
21.973 19.487 12.751 12.751
22.352 11.133 10.938 10.938
11.603 14.964 6.644 6.644
41.949 9.713 11.199 11.199
41.267 14.449 10.951 10.951
32.187 6.686 6.29 6.29
16.527 12.735 10.792 10.792
15.979 13.3 10.821 10.821
23.75 10.907 10.958 10.958
22.982 11.148 10.451 10.451
27.523 15.677 10.442 10.442
27.161 14.757 8.927 8.927
26.417 8.581 10.818 10.818
21.451 13.339 12.546 12.546
11.633 19.988 6.271 6.271
19.822 19.22 10.93 10.93
23.58 9.196 6.981 6.981
42.765 11.601 12.045 12.045
39.738 12.557 10.953 10.953
27.587 13.463 10.926 10.926
27.341 11.338 6.287 6.287
20.143 16.239 11.126 11.126
11.58 18.081 12.011 12.011
34.155 21.813 10.942 10.942
34.482 16.34 14.405 14.405
33.234 6.326 14.047 14.047
33.368 14.24 10.804 10.804
32.854 14.467 6.392 6.392
26.687 13.299 10.923 10.923
26.11 10.864 6.64 6.64
22.931 10.336 10.93 10.93
16.344 15.903 12.24 12.24
5.969 10.746 10.812 10.812
44.847 10.756 10.822 10.822
41.851 11.279 10.949 10.949
32.536 14.516 14.615 14.615
36.981 14.364 14.463 14.463
31.31 6.62 6.299 6.299
5.96 7.751 6.653 6.653
18.785 6.971 6.641 6.641
21.998 10.766 10.799 10.799
19.907 11.261 10.931 10.931
6.309 6.257 6.29 6.29
26.87 10.884 10.95 10.95
5.943 10.877 10.943 10.943
21.444 12.532 12.928 12.928
16.624 6.614 12.199 12.199
15.961 9.939 6.647 6.647
23.12 6.999 6.273 6.273
11.925 17.578 10.863 10.863
6.992 10.87 10.936 10.936
25.259 6.909 6.678 6.678
12.152 13.012 10.438 10.438
9.46 11.595 10.942 10.942
10.366 6.74 10.935 10.935
29.746 14.11 12.5 12.5
14.499 14.862 14.961 14.961
6.307 16.658 7.268 7.268
31.459 6.629 11.246 11.246
29.712 7.602 6.662 6.662
25.212 15.246 6.292 6.292
32.168 11.143 14.124 14.124
32.425 11.224 7.767 7.767
26.921 22.07 14.754 14.754
12.839 6.317 10.795 10.795
39.282 17.172 12.948 12.948
23.048 11.203 16.003 16.003
37.269 8.056 6.284 6.284
38.509 7.163 6.637 6.637
30.984 8.997 10.939 10.939
34.596 27.921 10.452 10.452
18.7 25.078 6.272 6.272
25.068 20.604 16.281 16.281
19.001 18.081 6.654 6.654
16.282 17.382 16.332 16.332
14.132 12.959 10.484 10.484
20.578 6.613 16.936 14.461
47.886 11.341 6.646 6.383
34.641 19.609 10.949 6.646
30.185 10.447 10.945 10.945
37.999 6.971 9.452 6.641
16.425 15.734 6.641 10.447
25.886 12.62 10.447 16.724
13.137 10.881 10.442 10.442
24.533 16.481 10.947 16.097
16.953 20.618 17.714 10.947
12.532 6.24 10.941 6.372
47.923 15.858 6.372 15.693
20.159 11.97 10.452 10.932
41.969 13.506 6.295 11.64
30.105 10.886 13.638 6.295
38.727 14.227 12.591 12.129
11.255 15.429 12.742 10.952
34.621 13.324 10.952 14.656
9.805 11.775 16.823 14.876
25.866 10.883 10.95 10.95
18.046 14.443 10.949 10.949
44.304 10.859 14.476 14.476
28.829 6.635 10.925 10.925
12.231 24.05 6.272 6.272
38.57 6.331 6.298 6.298
35.048 14.309 11.693 11.693
47.942 13.376 14.012 14.012
34.76 6.241 6.274 6.274
22.412 6.621 6.654 6.654
18.475 10.862 10.928 10.928
46.783 6.265 6.298 6.298
5.959 14.035 13.705 10.933
5.946 11.72 11.423 10.947
26.424 11.077 10.813 14.624
33.373 10.881 10.947 14.542
31.091 11.133 10.44 10.44
29.811 6.256 10.457 10.457
35.761 10.688 6.289 6.289
27.155 14.942 14.975 14.975
12.763 9.246 10.972 10.972
33.356 13.645 9.312 9.312
5.949 10.857 10.923 10.923
30.137 12.647 10.799 10.799
33.726 6.658 6.295 6.295
28.265 11.401 10.94 10.94
16.395 12.755 10.972 10.972
43.576 14.021 11.447 11.447
31.28 6.246 6.279 6.279
33.841 12.105 12.336 12.336
13.689 14.371 10.437 10.437
26.673 12.11 14.47 14.47
24.997 12.714 12.638 12.638
19.233 6.264 6.297 6.297
42.041 10.741 10.807 10.807
15.814 14.702 14.471 14.471
47.107 16.727 16.265 16.265
32.522 10.752 10.818 10.818
19.419 10.387 10.453 10.453
25.567 6.252 6.285 6.285
7.237 10.369 10.435 10.435
48.506 10.883 10.949 10.949
20.252 17.344 14.999 16.651
21.726 14.966 20.644 10.814
12.549 10.748 10.814 6.643
28.407 7.006 6.643 15.627
5.954 15.825 13.383 22.787
6.326 17.436 14.466 10.95
18.349 12.727 10.95 16.71
17.833 15.339 10.945 10.945
48.932 6.246 6.279 6.279
45.624 6.238 6.271 6.271
37.114 6.613 6.646 6.646
23.614 10.876 10.942 10.942
54.568 6.251 6.284 6.284
6.204 6.623 6.656 6.656
20.507 10.89 11.022 11.022
27.159 15.436 14.479 14.479
72.881 12.356 10.442 10.442
29.513 16.462 16.693 16.693
10.593 14.894 14.597 14.597
35.932 10.886 10.952 10.952
32.501 6.237 6.27 6.27
45.334 6.6 6.633 6.633
15.774 6.237 6.27 6.27
9.847 6.265 6.298 6.298
20.554 10.879 10.945 10.945
8.516 8.626 8.725 8.725
18.206 6.239 6.272 6.272
18.46 14.609 14.609 14.609
10.836 14.995 14.962 14.962
21.265 12.586 12.685 12.685
27.049 6.612 6.645 6.645
21.604 11.152 11.218 11.218
13.883 14.773 14.773 14.773
19.369 12.695 10.451 10.451
25.468 13.589 10.949 10.949
29.472 10.783 11.916 11.916
32.234 14.952 10.816 10.816
11.729 12.571 10.954 10.954
30.622 11.309 10.814 10.814
12.721 14.625 13.965 13.965
15.083 14.658 14.361 14.361
21.132 11.267 10.937 10.937
38.864 6.612 6.305 6.305
28.407 6.899 6.645 6.645
30.03 6.649 6.286 6.286
25.616 11.616 15.259 15.259
25.219 11.134 10.818 10.818
25.786 19.12 11.365 11.365
25.676 10.372 14.817 14.223
47.13 15.273 10.438 10.438
35.983 11.986 13.868 13.339
32.416 11.178 13.339 10.947
22.798 17.894 10.947 16.838
17.924 18.856 12.982 12.982
10.823 18.779 14.522 14.522
44.508 16.072 14.356 14.356
30.036 17.933 17.372 17.372
24.922 13.36 14.466 14.466
62.277 20.175 10.929 10.929
41.515 13.346 16.79 16.79
63.769 18.75 10.447 10.447
28.156 14.23 16.957 16.957
24.651 16.703 12.083 12.083
31.534 16.778 12.026 12.026
45.653 14.197 11.689 11.689
32.981 16.948 6.665 6.665
42.266 13.068 12.316 12.316
26.682 12.539 15.623 15.623
38.657 32.267 10.428 10.428
48.852 15.186 14.472 14.472
17.783 18.003 14.955 14.955
28.247 10.79 10.823 10.823
18.432 6.629 6.662 6.662
10.145 10.875 10.941 10.941
23.129 10.768 10.9 10.9
20.286 11.975 12.206 12.206
8.448 6.426 6.294 6.294
5.957 10.882 10.948 10.948
5.942 12.158 12.323 12.323
19.233 8.079 8.475 8.475
22.379 6.237 6.27 6.27
15.843 11.368 10.939 10.939
67.029 10.73 10.796 10.796
44.758 6.65 6.287 6.287
40.384 6.305 6.272 6.272
11.454 10.8 6.642 6.642
26.558 15.536 14.457 14.457
5.946 17.163 15.602 15.602
26.97 14.864 11.046 11.046
5.945 13.29 6.273 6.273
5.943 8.22 17.471 17.471
47.272 11.137 10.807 10.807
25.525 6.243 6.276 6.276
14.183 6.62 6.653 6.653
13.814 6.242 6.275 6.275
11.943 6.207 6.372 6.372
38.987 10.751 10.817 10.817
38.172 13.857 6.657 6.657
10.736 16.305 14.088 14.088
22.959 11.178 16.107 16.107
17.463 6.314 6.281 6.281
15.088 16.865 6.639 6.639
36.632 8.982 16.007 16.007
30.951 6.244 10.953 10.953
17.056 14.088 6.277 6.277
34.11 16.158 15.564 15.564
25.107 11.28 15.965 15.965
44.52 19.595 14.48 14.48
21.18 10.453 14.052 14.052
34.214 6.693 6.297 6.297
26.26 15.851 10.453 10.453
20.822 20.064 14.949 10.456
5.952 15.868 12.964 14.949
20.265 26.888 12.272 14.95
27.19 16.199 6.302 14.795
34.646 11.416 16.445 6.302
14.121 10.691 6.273 15.044
15.276 10.134 12.67 12.67
43.956 22.408 18.679 10.954
54.641 19.501 15.071 13.045
37.676 21.275 12.979 17.645
29.291 19.876 14.353 12.477
42.053 15.497 11.702 10.943
18.801 7.026 6.663 6.663
38.41 6.843 6.282 6.282
6.484 10.386 10.452 10.452
21.896 9.983 9.422 9.422
41.59 8.387 6.374 17.124
18.485 14.701 18.048 11.357
13.234 19.632 16.318 16.318
29.597 14.516 14.021 14.021
24.245 18.92 14.696 14.465
22.933 10.18 17.687 17.687
65.902 16.919 7.969 7.969
37.999 15.574 14.114 14.114
23.447 17.293 15.36 15.096
31.398 20.574 14.749 14.749
37.136 30.524 10.94 10.94
30.8 15.56 15.115 15.115
22.518 16.61 14.069 14.069
20.766 12.516 10.932 10.932
19.309 13.905 10.44 10.44
6.776 9.084 6.642 6.642
26.182 7.594 14.47 14.47
9.6 12.157 6.637 6.637
61.874 20.938 11.002 11.002
38.751 18.563 14.636 14.636
22.44 13.242 10.932 10.932
21.285 6.248 10.943 10.943
31.887 11.682 10.428 10.428
40.672 12.791 6.281 6.281
38.297 11.177 10.923 10.923
13.465 11.957 10.814 10.814
23.567 13.233 12.056 12.056
29.843 6.927 7.191 7.191
11.564 11.423 12.71 12.71
6.335 6.238 6.271 6.271
40.841 13.459 13.492 13.492
39.227 14.426 14.459 14.459
13.641 13.099 6.647 6.647
30.424 7.01 13.297 13.297
22.981 10.771 10.474 10.474
36.163 10.735 10.801 10.801
12.741 7.028 6.665 6.665
12.907 13.039 11.686 11.686
13.142 11.183 10.943 10.943
27.599 14.474 14.598 14.598
31.832 10.769 10.944 10.944
31.173 16.96 10.82 10.82
52.442 20.472 6.273 6.273
18.54 11.685 10.802 10.802
5.955 6.608 11.055 11.055
40.369 10.762 18.808 18.808
27.093 17.028 6.641 10.431
38.35 24.969 10.498 10.498
38.113 12.402 15.088 15.088
28.251 11.59 13.5 10.007
31.687 10.456 10.917 10.435
23.536 22.711 10.435 14.283
37.319 13.83 10.456 10.819
20.151 23.004 12.708 6.291
25.642 8.386 6.291 6.284
18.979 6.252 12.056 14.655
21.009 15.3 6.284 6.274
20.111 12.957 6.274 10.944
28.276 12.026 10.944 13.409
15.615 19.151 17.557 17.557
17.504 12.766 6.285 6.285
39.768 25.081 10.984 10.984
38.06 6.614 6.647 6.647
21.172 6.606 6.639 6.639
36.163 11.206 10.942 10.942
22.268 10.388 6.288 6.288
23.151 8.631 10.454 10.454
28.079 10.886 10.952 10.952
6.329 6.811 6.283 6.283
23.146 10.368 10.434 10.434
6.308 10.86 12.176 12.176
26.465 10.994 11.448 11.448
24.291 15.443 10.926 10.926
24.425 14.863 11.225 11.225
14.026 17.586 18.361 18.361
25.902 13.444 13.444 10.804
18.328 7.065 6.636 6.636
12.18 10.884 10.792 10.792
36.438 12.574 10.95 10.95
15.514 10.685 12.886 11.213
38.722 13.414 10.784 9.872
18.801 9.278 9.377 14.503
21.026 7.166 10.436 10.436
5.952 15.252 14.425 14.821
8.589 15.283 10.947 10.947
26.539 13.58 15.45 15.912
36.36 13.735 14.603 13.481
28.76 14.94 11.72 12.116
12.087 18.158 13.768 13.768
35.582 16.365 17.124 15.969
37.593 6.675 15.61 14.818
22.846 21.847 6.642 6.642
44.929 9.084 6.282 6.282
13.683 12.906 6.642 6.642
6.003 11.76 12.913 12.913
13.114 18.49 13.797 13.797
13.682 16.683 14.472 14.472
28.039 8.7 6.291 6.291
50.949 13.519 10.945 10.945
37.275 11.679 10.458 10.458
49.369 10.938 13.782 13.782
28.797 13.812 12.492 12.492
38.448 7.29 11.761 11.761
13.119 6.62 12.093 12.093
31.809 6.811 6.283 6.283
29.286 20.448 6.653 6.653
31.83 16.414 9.336 9.336
31.495 14.644 13.423 13.423
45.334 10.941 14.97 14.97
25.197 10.869 10.941 10.941
17.862 22.923 14.961 12.255
9.485 12.492 10.809 14.406
35.916 6.609 6.642 6.642
45.792 6.578 6.281 6.281
12.539 6.614 10.441 10.441
16.514 12.949 6.647 6.647
24.761 11.77 10.945 10.945
17.588 15.008 13.478 13.478
10.14 13.925 12.803 12.803
21.777 11.404 10.447 10.447
42.649 20.276 18.77 17.582
32.722 10.731 7.257 10.434
39.985 14.382 14.459 13.194
29.925 12.768 13.194 12.339
27.594 17.726 13.14 10.823
35.744 11.648 10.889 19.838
5.95 6.605 6.638 6.638
47.513 10.936 10.936 10.936
25.712 10.785 10.455 10.455
33.376 16.575 14.618 14.618
33.215 18.149 16.245 16.245
28.356 14.174 13.877 13.877
37.35 7.138 10.456 10.456
30.19 16.541 15.122 15.122
40.919 17.65 8.953 8.953
23.516 17.466 15.552 15.552
48.617 13.841 10.805 10.805
19.44 14.724 14.46 14.46
19.455 10.93 10.93 10.93
13.561 10.382 10.448 10.448
39.02 19.116 12.681 12.681
20.559 15.316 11.057 11.057
39.574 19.01 17.296 17.296
21.433 10.86 10.926 10.926
23.1 10.875 11.106 11.106
35.281 10.824 10.428 10.428
40.731 14.155 14.586 11.566
37.523 13.439 15.361 14.586
18.392 21.318 12.647 11.284
15.133 19.783 16.069 17.564
7.545 11.544 10.95 10.95
26.946 12.426 7.766 7.766
16.512 8.921 12.789 12.789
61.617 8.995 6.652 6.652
19.116 6.695 6.662 13.962
17.453 10.734 10.8 10.8
17.648 17.295 16.47 20.281
15.145 23.977 20.281 10.391
40.928 15.39 11.727 11.727
36.096 14.348 10.982 10.982
23.0 14.834 10.94 13.628
36.27 12.264 9.558 14.405
5.942 16.013 17.291 11.637
6.329 17.521 16.896 18.414
6.711 23.165 18.181 18.785
38.594 22.803 18.785 19.633
49.981 10.735 11.1 10.938
36.341 6.625 13.578 10.999
22.813 11.383 6.658 13.476
10.696 18.264 10.954 10.954
17.251 15.226 15.685 9.199
30.903 6.626 14.962 6.659
45.507 9.869 6.659 9.506
30.735 19.746 9.539 6.645
26.53 9.582 6.645 18.757
24.938 13.996 15.797 16.787
19.251 10.44 10.795 11.034
35.554 24.674 10.44 17.428
13.683 10.871 10.937 10.937
28.922 10.383 10.449 10.449
17.808 10.862 10.928 10.928
11.141 10.876 10.942 10.942
18.621 13.32 13.386 10.812
15.791 10.936 10.936 10.936
11.025 10.948 10.948 6.29
39.044 6.257 6.29 14.677
26.986 12.025 10.955 10.955
35.857 13.885 14.017 14.017
36.841 11.351 13.411 13.411
32.254 6.999 16.113 16.113
38.14 16.839 6.636 6.636
32.075 16.55 13.283 13.283
24.44 11.603 10.791 10.791
15.35 18.81 10.943 10.943
34.023 14.776 14.479 14.479
14.462 6.242 6.275 6.275
8.713 10.37 10.436 10.436
12.134 6.689 14.455 14.455
15.617 15.148 6.656 6.656
10.388 10.832 9.743 9.743
11.605 6.667 6.634 6.634
10.725 9.002 6.659 14.486
6.366 18.677 14.469 14.469
17.67 13.348 16.697 10.718
24.749 12.001 12.258 13.381
20.973 14.472 13.381 11.671
17.081 11.253 11.671 14.304
45.598 22.191 10.956 10.956
34.354 6.63 14.406 16.419
29.517 10.511 6.663 6.663
18.109 22.356 9.95 11.93
30.376 11.436 13.979 15.959
25.757 17.18 10.813 10.813
26.356 11.209 13.383 13.383
6.693 18.373 14.479 14.479
23.38 13.315 10.807 10.807
22.81 16.969 12.382 12.382
33.678 11.057 11.42 11.42
21.089 6.254 6.287 6.287
17.738 6.627 6.66 6.66
14.739 10.742 6.291 6.291
15.008 6.743 10.808 10.808
5.961 6.659 6.281 6.281
14.766 9.294 6.296 6.296
20.768 11.32 10.924 10.924
26.913 6.615 6.648 6.648
29.008 15.655 16.513 11.535
6.316 16.287 15.561 16.513
22.397 12.807 12.048 6.291
38.924 12.145 11.452 16.173
29.802 6.258 6.291 11.144
29.206 14.675 11.177 15.478
5.949 10.869 10.935 10.935
27.039 17.751 17.802 14.484
19.152 8.395 16.464 18.033
16.683 16.968 6.646 6.646
16.28 7.568 14.658 14.724
6.375 14.796 10.44 10.44
6.314 14.345 12.035 12.431
51.79 12.261 10.43 10.43
38.508 29.946 10.941 10.941
40.506 16.568 11.957 11.957
7.362 16.555 6.279 6.279
32.726 6.606 10.929 10.929
30.065 10.041 15.565 15.565
41.256 17.397 6.639 6.639
21.726 8.987 6.644 6.644
35.86 14.763 12.717 12.717
19.311 6.626 6.659 6.659
22.796 6.603 6.636 6.636
20.38 6.85 6.916 6.916
22.335 11.523 11.655 11.655
43.203 11.207 10.811 10.811
17.85 10.884 10.95 10.95
30.354 14.613 14.316 14.316
25.75 6.63 6.663 6.663
32.327 13.111 10.867 10.867
14.923 10.392 10.458 10.458
16.261 11.828 10.442 10.442
28.212 6.328 6.295 6.295
26.612 10.444 14.61 14.61
5.952 8.686 10.444 10.444
6.317 17.514 6.277 6.277
5.957 14.723 10.928 10.928
35.664 10.868 10.934 10.934
37.306 6.678 13.396 10.492
25.157 6.68 14.468 11.038
21.402 15.706 10.446 14.468
38.318 13.02 12.292 10.044
24.634 8.894 10.77 7.046
26.794 19.783 7.739 9.617
14.224 6.238 12.026 16.341
8.261 19.179 11.377 16.188
9.233 23.543 17.496 6.271
6.332 15.106 6.271 15.337
42.98 6.248 6.281 6.281
10.507 6.263 6.296 6.296
38.998 10.642 10.444 10.444
21.532 6.629 6.662 6.662
46.932 10.87 10.942 10.942
29.053 13.483 10.936 10.936
15.911 11.035 10.969 10.969
24.646 11.197 10.933 10.933
44.14 10.945 10.945 10.945
39.313 10.753 10.819 10.819
34.111 13.64 13.673 13.673
39.611 16.473 13.173 13.173
10.275 20.798 17.564 17.564
44.919 17.693 14.492 14.492
19.128 10.868 10.934 10.934
29.282 12.688 12.754 12.754
23.809 10.749 10.815 10.815
11.893 14.211 13.716 10.812
21.309 10.87 10.821 11.793
54.161 18.398 16.611 14.471
21.925 19.152 17.639 14.286
31.522 12.204 13.114 18.256
25.866 13.774 16.573 11.973
40.917 18.048 10.804 15.193
31.358 24.889 10.587 13.048
50.441 10.733 12.97 14.752
38.38 16.534 10.436 10.436
31.221 13.335 10.794 10.794
46.365 13.761 10.923 10.923
6.677 6.677 6.644 10.933
17.401 13.342 13.309 10.604
17.611 10.384 10.45 10.45
5.954 10.945 10.945 10.945
6.309 6.631 6.664 6.664
7.104 14.134 10.808 10.808
21.955 6.251 13.705 13.705
17.983 6.606 6.284 6.284
28.798 13.184 6.738 6.738
23.612 14.775 14.478 14.478
16.76 9.546 9.084 9.084
13.66 12.767 12.173 12.173
32.958 6.909 13.933 13.933
15.253 17.761 6.645 6.645
14.407 15.805 14.617 14.617
21.132 9.313 14.462 14.462
5.959 8.665 8.224 8.224
20.791 18.125 7.411 7.411
13.617 10.924 10.924 10.924
38.848 10.825 10.99 10.99
31.038 6.256 17.709 17.709
30.136 19.587 16.023 16.023
39.641 13.586 15.187 15.187
26.258 18.817 6.289 6.289
34.717 11.274 13.817 13.817
19.142 24.54 12.924 12.924
14.398 6.569 6.272 6.272
10.442 6.247 15.039 15.039
6.31 20.253 6.28 6.28
51.27 16.983 14.475 14.475
41.637 10.457 10.457 10.457
35.826 10.871 10.937 10.937
19.104 6.706 6.838 6.838
25.406 14.451 14.121 14.121
5.962 14.968 14.605 14.605
11.468 10.819 10.819 10.819
34.339 6.254 6.287 6.287
17.936 10.389 10.455 10.455
17.225 11.264 10.934 10.934
24.218 6.259 6.292 7.475
21.26 7.97 7.475 14.962
30.75 14.516 16.678 13.031
35.371 21.331 13.031 10.153
35.783 13.067 10.469 10.469
12.728 15.848 10.955 10.955
9.619 10.872 10.938 10.938
5.956 6.26 6.293 6.293
5.962 11.591 10.931 10.931
20.342 6.253 6.286 6.286
12.938 11.502 10.446 10.446
18.948 11.564 6.286 6.286
31.226 6.259 11.663 11.663
53.308 11.632 6.292 6.292
39.681 14.942 14.361 14.361
14.57 11.156 15.173 15.173
33.348 16.836 10.793 10.793
29.759 6.254 8.332 8.332
6.834 11.038 6.287 13.627
22.918 16.3 14.287 6.287
5.964 12.964 10.951 11.021
32.995 11.021 10.941 10.941
22.875 11.007 13.826 17.287
42.436 10.885 10.954 10.951
33.183 6.57 6.273 6.273
34.946 14.551 13.426 14.617
30.685 10.929 10.929 10.929
24.415 11.347 10.476 10.476
36.298 6.261 11.545 11.545
29.253 13.578 6.294 6.294
9.69 18.08 12.892 12.892
11.36 15.631 18.212 18.212
9.576 11.378 11.411 11.411
16.889 11.589 10.818 10.818
35.629 11.841 6.291 6.291
31.277 6.258 15.549 15.549
23.8 6.608 6.641 6.641
32.598 10.369 10.559 10.559
40.794 12.968 10.435 10.435
32.273 7.002 11.279 11.279
27.91 15.903 6.639 6.639
51.872 16.889 10.948 10.948
15.748 14.479 18.543 18.543
7.599 6.608 6.641 6.641
6.03 6.629 6.662 6.662
15.015 7.729 6.277 6.277
23.438 6.237 10.948 10.948
23.129 15.634 6.27 6.27
31.309 11.056 10.429 10.429
48.771 6.642 6.279 6.279
28.711 6.591 6.294 6.294
22.939 10.432 10.432 10.432
9.775 6.245 10.926 10.926
19.214 14.382 6.278 6.278
18.057 13.434 14.481 14.481
5.968 10.93 10.93 10.93
6.861 10.763 10.433 10.433
15.654 9.84 9.906 9.906
8.082 10.435 10.435 10.435
11.428 11.164 10.431 10.431
10.639 13.467 10.801 10.801
28.354 6.76 10.803 10.803
19.744 6.63 6.298 6.298
38.967 15.423 6.663 6.663
39.537 10.062 10.933 10.933
31.421 10.803 9.27 9.27
25.149 14.464 10.936 10.936
19.456 6.629 10.803 10.803
5.989 18.856 6.662 17.344
18.179 19.324 20.017 10.292
39.876 6.253 6.286 6.286
20.536 10.362 10.428 10.428
11.002 11.263 10.933 10.933
26.957 11.216 10.82 10.82
18.876 13.519 14.483 14.483
29.304 17.816 13.123 13.123
9.324 10.428 10.447 10.447
15.987 13.527 10.098 10.098
37.814 10.375 12.438 12.438
32.106 10.782 10.441 10.441
26.443 11.143 10.452 10.452
30.153 16.981 11.308 11.308
21.83 11.296 10.933 10.933
32.065 7.674 6.288 6.288
20.305 13.314 9.717 9.717
43.219 11.138 10.458 10.458
38.266 14.121 13.972 10.953
22.602 15.193 15.626 15.16
24.978 11.04 10.941 15.626
20.113 7.449 15.111 10.939
20.744 10.365 10.646 16.147
28.723 15.233 13.936 18.069
22.014 22.536 10.431 14.67
21.078 21.361 18.069 10.353
16.62 13.878 9.957 14.292
5.963 20.971 17.176 17.675
15.674 20.398 12.492 14.46
10.175 13.087 14.46 10.936
6.977 29.586 10.936 15.264
36.12 20.433 10.449 10.449
30.741 18.658 10.452 11.508
28.69 17.214 11.833 20.728
44.106 17.047 12.658 14.704
29.719 18.55 12.033 15.727
25.992 19.065 14.469 12.033
36.735 13.562 26.305 14.469
31.699 16.917 11.813 20.398
31.341 8.702 20.035 6.293
41.419 10.802 6.293 15.872
37.327 7.704 6.878 6.878
36.348 24.633 10.802 13.046
22.125 11.234 7.539 9.783
22.562 14.736 14.485 16.069
15.137 18.775 14.472 14.472
36.562 12.695 11.936 11.936
27.776 18.126 17.532 17.334
35.088 7.085 10.946 13.619
13.306 16.721 6.656 10.088
28.563 14.571 10.941 15.09
29.214 13.252 14.463 14.67
42.06 6.244 12.955 12.955
5.952 24.033 6.277 6.277
14.704 6.619 12.657 12.657
15.734 13.152 6.652 6.652
25.577 12.575 10.944 10.944
15.923 6.249 11.287 11.287
36.945 16.191 11.618 11.618
30.097 10.949 6.282 6.282
48.1 15.445 12.485 12.485
48.069 16.379 11.015 11.015
45.221 14.452 10.954 10.954
39.862 11.138 10.808 10.808
34.663 10.87 10.936 10.936
20.524 10.888 10.954 10.954
15.844 6.616 6.649 6.649
15.734 11.617 11.914 11.914
24.964 6.472 6.652 6.652
5.94 8.995 6.604 6.604
26.683 12.379 10.927 10.927
5.957 7.55 6.296 6.296
31.189 14.506 14.704 14.704
28.518 15.681 10.929 10.929
5.965 20.056 14.974 14.974
22.728 11.211 10.452 10.452
42.274 13.996 10.927 10.927
22.795 11.278 6.27 6.27
22.735 11.119 10.948 10.948
26.503 9.339 11.152 11.152
17.156 6.254 10.436 10.436
23.117 13.472 6.287 6.287
42.1 10.886 10.952 10.952
27.728 11.168 6.295 6.295
10.804 7.615 16.616 16.616
16.109 20.378 13.742 13.742
23.196 8.948 6.638 6.638
15.033 6.679 12.385 12.385
28.654 15.223 6.283 6.283
34.499 11.286 10.953 10.953
17.867 14.875 11.08 11.08
27.093 18.359 14.861 14.861
25.766 16.398 11.187 11.187
31.111 12.698 10.949 10.949
64.27 13.794 10.941 10.941
35.453 13.971 11.022 11.022
22.56 17.31 10.937 10.937
18.145 9.328 14.602 16.407
11.804 9.209 18.651 14.602
27.819 23.865 6.655 6.655
25.498 22.489 16.116 16.116
25.379 22.784 12.022 6.734
25.523 22.989 6.734 17.709
41.266 12.695 21.108 14.482
47.295 14.963 16.792 10.451
22.921 22.615 11.069 22.12
31.313 12.163 10.451 15.854
45.618 28.045 14.384 14.384
41.59 17.109 10.942 10.942
20.213 22.832 14.535 14.535
8.828 11.765 10.94 10.94
18.799 6.457 6.292 6.292
11.514 11.18 12.073 12.073
17.05 15.142 14.117 14.117
30.307 6.551 17.14 17.14
5.962 10.889 14.617 14.617
44.235 8.47 6.287 10.804
33.356 6.663 10.955 10.955
26.539 21.397 10.458 10.458
31.48 13.312 6.333 6.333
26.1 18.874 12.982 10.549
16.736 14.418 10.549 12.419
29.414 15.356 15.092 12.557
40.618 19.279 16.573 16.573
22.439 6.259 6.292 6.292
35.738 10.945 13.991 13.991
48.391 17.225 10.928 10.928
35.926 16.34 13.651 13.651
30.447 10.733 10.799 10.799
30.467 11.175 10.944 10.944
16.732 10.779 10.449 10.449
26.124 11.075 10.943 10.943
26.355 11.835 11.34 11.34
29.753 10.858 10.924 10.924
20.831 6.687 6.654 6.654
22.032 14.363 14.462 14.462
16.698 16.673 14.462 14.462
37.372 10.197 6.633 6.633
18.472 14.536 11.005 11.005
53.138 17.986 14.95 14.95
39.362 14.508 14.607 14.607
42.888 14.711 16.46 16.46
29.42 10.387 10.453 10.453
16.74 10.907 10.929 11.072
55.771 10.863 13.943 10.929
30.003 14.235 10.935 14.466
28.788 11.097 10.932 10.932
13.867 10.882 10.948 10.948
12.879 10.796 6.279 6.279
17.105 10.798 10.796 10.796
28.352 9.414 10.435 10.435
24.902 11.363 8.294 8.294
25.006 17.614 17.647 17.647
29.032 15.497 13.484 13.484
27.956 12.928 12.347 12.347
38.107 14.855 10.453 10.453
30.961 16.804 13.966 13.966
27.697 16.657 13.753 13.753
31.19 16.774 12.611 12.611
21.208 20.366 10.933 10.933
9.192 12.166 10.945 10.945
41.836 6.268 6.301 6.301
17.191 15.061 13.378 13.378
5.957 6.628 15.753 15.753
15.319 6.255 6.288 10.946
24.382 18.558 9.301 6.288
18.608 14.279 13.883 9.301
37.831 6.607 6.64 6.64
31.967 11.672 12.2 6.662
31.406 6.926 7.916 6.287
25.376 6.584 6.287 16.226
40.998 10.394 10.46 10.46
18.698 14.817 15.345 15.279
20.878 11.757 11.988 11.988
10.064 6.259 6.292 6.292
36.045 6.257 6.29 6.29
5.97 10.886 10.952 10.952
28.409 11.885 10.809 10.809
44.022 13.053 14.475 14.475
23.382 17.214 10.928 10.928
10.719 12.209 10.931 10.931
21.26 13.571 10.46 10.46
13.81 6.465 6.3 6.3
24.92 17.629 14.956 14.956
29.523 14.574 10.944 10.944
6.331 9.202 10.8 10.8
5.942 16.245 10.95 10.95
23.161 19.156 6.661 6.661
10.548 18.738 16.384 16.384
30.963 11.871 10.98 10.98
31.482 15.774 16.566 16.566
41.436 14.935 14.968 14.968
32.595 6.694 6.661 6.661
6.069 8.139 14.961 14.961
28.331 15.819 8.304 8.304
26.591 6.635 6.272 6.272
35.091 11.891 11.633 11.633
22.356 12.863 11.0 11.0
11.867 17.639 11.058 11.058
11.17 16.074 10.817 10.817
8.392 15.173 12.995 12.995
38.951 12.154 6.648 6.648
38.778 9.651 10.876 10.876
37.943 14.308 10.933 10.933
35.725 18.281 15.74 15.74
34.924 15.685 13.474 13.474
15.296 6.62 10.457 10.457
32.515 6.564 6.3 6.3
25.685 11.282 6.653 6.653
70.726 11.0 6.649 11.231
55.954 14.823 13.998 13.998
19.004 10.609 13.409 10.906
44.153 15.238 6.28 6.28
32.6 15.096 14.512 14.512
30.682 9.745 14.502 14.502
30.573 6.621 11.895 11.895
26.52 13.941 6.654 6.654
12.56 13.811 12.095 12.062
6.755 15.176 14.483 14.483
21.718 9.376 12.05 12.05
20.53 13.337 11.968 12.985
47.889 8.155 9.376 11.968
31.927 13.387 8.155 12.016
20.591 17.176 17.209 10.828
18.548 15.013 14.98 14.98
34.351 6.725 6.857 15.694
47.634 16.189 16.255 6.857
32.399 9.095 9.095 14.975
34.801 11.278 10.955 11.516
25.47 7.25 10.948 11.735
40.484 14.882 19.925 10.818
54.125 12.006 13.062 14.743
32.684 10.455 10.286 10.488
54.043 12.94 13.326 10.112
27.876 10.079 10.112 13.355
42.925 13.862 13.895 13.895
40.617 6.987 6.657 6.657
24.347 29.066 16.108 16.471
19.601 17.972 11.603 15.266
26.965 10.883 14.976 18.639
12.684 10.883 10.949 10.949
41.303 21.51 13.49 14.216
8.831 14.227 14.359 14.359
5.964 11.325 10.929 10.929
23.498 11.169 14.255 10.806
59.536 6.602 12.819 13.76
46.358 17.258 10.955 6.635
38.328 6.249 6.635 6.282
20.253 13.958 6.282 16.829
23.592 6.257 6.29 6.29
27.987 11.531 10.937 10.937
60.813 12.444 6.294 11.454
24.35 10.755 10.821 10.821
50.067 9.495 15.678 8.637
29.245 12.894 11.046 11.046
13.965 15.319 12.91 14.395
5.96 17.255 14.978 14.978
17.636 6.614 6.647 6.647
5.943 10.368 10.434 10.434
58.112 10.371 10.437 10.437
48.227 6.257 6.29 6.29
13.513 6.735 6.273 6.273
26.541 10.735 10.801 10.801
5.995 14.934 14.967 14.967
22.907 11.533 11.797 11.797
19.305 8.057 8.222 8.222
36.937 13.394 13.559 13.559
44.37 15.847 14.461 14.461
41.411 6.963 6.633 6.633
28.818 12.614 11.987 11.987
33.8 15.146 14.486 14.486
16.556 10.741 10.444 10.444
33.709 11.229 10.932 10.932
5.957 6.259 6.292 6.292
6.355 6.26 6.293 6.293
6.325 6.615 6.648 6.648
13.153 6.256 6.289 6.289
24.732 10.869 10.935 10.935
6.469 6.254 6.287 6.287
55.414 6.652 6.784 6.784
10.947 6.622 6.655 6.655
7.054 6.601 6.634 6.634
52.799 6.617 6.65 6.65
12.854 10.725 10.791 10.791
27.204 11.112 6.658 11.31
25.889 6.625 11.666 6.658
19.876 11.864 14.016 11.666
37.521 14.429 10.799 14.594
33.932 9.448 9.085 9.712
18.503 14.859 13.637 14.958
24.179 14.033 18.093 14.33
33.404 14.411 14.477 14.477
35.979 14.378 14.477 14.477
5.942 10.73 10.796 10.796
9.769 11.236 11.434 11.434
5.965 8.74 8.872 8.872
16.132 16.681 6.272 6.272
20.788 13.693 13.759 17.407
20.432 10.232 18.991 13.759
20.765 6.262 13.469 13.469
21.131 15.68 13.835 13.835
31.553 16.013 14.333 14.333
29.782 16.412 6.295 6.295
19.64 15.709 13.993 13.993
13.671 12.545 14.471 18.612
37.471 19.206 12.163 14.605
29.502 16.123 10.433 12.974
17.217 21.104 10.817 19.289
14.557 14.381 6.279 6.279
40.046 9.447 21.351 14.513
21.539 11.469 6.657 6.657
38.035 13.871 11.396 11.396
24.011 10.122 10.941 10.941
19.185 7.297 6.637 6.637
40.814 16.827 10.946 10.946
34.701 14.312 10.943 16.299
36.146 10.872 19.269 11.004
21.825 18.137 11.004 14.507
18.941 6.696 11.829 14.865
27.603 18.396 10.44 10.44
17.329 13.707 6.663 6.663
11.443 13.919 16.043 13.787
6.395 18.617 14.994 6.274
24.945 10.545 6.274 18.03
23.844 8.683 10.446 10.446
15.739 21.561 16.196 20.201
35.138 12.08 10.925 10.925
43.245 12.874 17.786 17.819
30.263 21.779 10.795 10.795
42.377 10.585 6.295 6.295
14.326 14.504 10.94 10.94
26.161 11.536 10.81 10.81
31.466 11.416 13.308 13.308
33.433 15.7 12.004 12.004
28.564 18.324 9.365 9.365
59.034 6.805 12.703 12.703
31.029 14.348 6.64 6.64
27.133 14.369 10.927 10.927
16.931 16.204 13.762 13.762
36.347 17.197 15.042 15.042
33.685 13.504 18.164 18.164
16.956 18.538 15.469 15.469
40.888 20.982 13.372 13.372
35.529 13.881 13.782 13.782
18.171 11.57 11.636 11.636
44.359 10.1 9.638 9.638
37.871 14.942 14.975 14.975
36.524 17.879 14.48 14.48
13.047 10.752 10.818 10.818
16.114 11.483 10.823 10.823
26.953 10.73 10.796 10.796
22.747 11.416 10.459 10.459
22.471 13.027 15.003 15.003
34.682 7.192 10.816 10.816
45.896 9.415 6.664 6.664
34.391 22.692 6.28 18.368
35.143 21.833 6.645 11.659
25.272 10.242 18.533 15.511
23.377 18.547 15.511 11.791
68.997 17.599 13.936 15.018
35.179 13.114 18.318 12.882
42.26 21.948 10.837 10.837
17.573 17.253 13.59 16.164
6.021 6.254 6.287 6.287
22.009 14.755 14.458 14.458
53.364 10.885 10.951 10.951
28.607 11.713 15.158 15.158
24.225 18.755 11.317 11.317
24.725 11.298 10.935 10.935
33.952 7.539 6.285 6.285
12.051 11.322 14.615 14.615
40.271 18.245 10.436 10.436
23.308 12.944 10.926 10.926
18.682 10.869 13.969 13.969
15.616 6.243 6.276 6.276
45.816 18.028 11.793 11.793
60.229 6.604 6.637 6.637
19.738 13.641 11.595 11.595
22.103 11.229 10.437 10.437
18.437 11.212 10.453 10.453
34.53 11.71 12.007 12.007
23.397 10.388 10.454 10.454
27.943 11.425 11.623 11.623
13.825 7.646 11.88 11.88
43.044 15.151 8.075 8.075
33.042 16.203 16.669 16.669
26.291 17.313 10.94 10.94
13.882 14.042 14.774 14.774
10.545 19.13 8.182 8.182
36.684 12.332 19.425 19.425
25.051 12.835 10.946 10.946
43.72 13.225 10.795 10.795
34.535 13.928 10.816 10.816
21.811 15.745 12.377 12.377
26.269 11.242 10.924 10.924
31.088 11.68 9.757 9.757
26.118 11.367 10.822 10.822
14.334 14.389 10.542 10.542
41.108 14.578 14.966 14.966
32.761 18.398 13.225 13.225
19.237 12.921 9.093 9.093
24.591 12.721 10.434 10.434
30.013 13.454 15.097 15.097
17.319 10.822 11.936 11.936
17.836 17.067 10.459 10.459
50.779 14.202 11.562 11.562
35.234 6.627 6.66 6.66
25.493 10.775 10.874 10.874
12.644 12.391 10.807 10.807
50.672 16.734 14.457 14.457
28.152 13.205 10.796 10.796
21.108 10.994 10.928 14.475
10.601 13.228 13.261 13.261
10.23 17.511 17.478 14.426
11.997 6.245 6.377 6.377
6.305 10.864 10.93 10.93
18.856 8.316 11.605 11.605
42.245 10.804 8.415 8.415
26.686 14.806 10.804 10.804
40.354 6.602 13.581 13.581
34.327 6.254 6.635 6.635
20.444 16.452 6.287 6.287
18.326 10.943 10.943 10.943
38.069 10.378 10.444 10.444
15.597 10.868 10.934 10.934
37.801 10.769 10.439 10.439
9.789 10.863 10.929 10.929
28.221 14.672 14.804 14.804
38.951 10.878 10.944 10.944
11.45 11.269 10.939 10.939
30.609 10.875 10.941 10.941
48.464 11.076 10.449 10.449
35.194 6.335 6.302 10.808
21.052 13.11 13.382 10.932
32.819 19.091 13.011 10.031
24.332 14.6 14.342 10.934
18.531 16.817 10.934 15.953
32.547 11.911 15.392 18.17
15.335 15.884 11.416 14.122
45.692 6.26 10.941 10.941
20.481 13.251 6.293 6.293
17.792 11.263 14.808 14.808
46.214 10.84 10.933 10.933
36.291 16.953 10.444 10.444
24.471 6.605 6.638 12.768
34.204 16.959 14.385 6.638
32.172 13.419 10.812 14.472
42.877 14.769 14.472 15.63
30.722 17.126 14.651 13.628
5.972 6.6 6.633 6.633
19.437 6.837 10.804 10.804
26.677 13.741 6.969 6.969
23.667 16.59 12.927 12.927
23.384 15.067 14.836 14.836
14.607 14.507 6.302 6.302
33.09 7.292 14.606 14.606
21.466 8.629 6.286 6.286
5.943 11.736 10.449 10.449
26.52 15.52 15.784 15.784
45.955 15.828 14.145 14.145
29.674 10.859 10.925 10.925
36.904 18.949 17.959 17.959
30.428 10.985 10.952 10.952
20.136 6.24 6.273 6.273
29.168 11.325 11.358 11.358
10.017 6.241 6.274 6.274
16.537 10.752 10.818 10.818
17.645 10.87 10.936 10.936
23.942 6.255 6.288 6.288
31.561 11.342 11.078 11.078
17.872 10.874 10.94 10.94
36.03 10.527 10.725 10.725
31.779 10.876 10.942 10.942
20.675 10.379 10.445 10.445
8.821 10.732 10.798 10.798
5.964 6.247 6.28 6.28
21.161 10.766 10.799 10.799
10.295 10.737 10.803 10.803
10.416 10.885 6.294 6.294
13.67 6.261 10.951 10.951
20.455 11.681 6.294 6.294
28.293 11.604 10.955 10.955
33.997 9.198 11.274 11.274
6.369 10.028 14.594 14.594
18.801 9.405 9.302 9.302
20.588 18.026 8.745 6.288
19.998 6.255 6.288 17.791
15.891 15.786 18.517 7.557
10.384 22.411 10.443 17.601
8.058 14.883 10.924 17.688
15.945 12.21 19.581 15.874
29.217 8.586 14.322 6.276
24.355 11.605 9.603 11.022
38.02 20.824 7.645 18.099
21.78 10.448 6.276 18.613
29.781 16.407 17.854 14.592
18.586 22.078 11.655 23.265
31.054 14.032 14.223 16.093
6.39 26.349 10.448 11.296
36.795 19.47 10.933 14.296
24.209 18.222 15.318 18.552
16.576 10.883 14.098 17.147
6.334 6.412 10.952 13.889
34.943 21.757 11.378 12.005
17.982 9.096 7.27 8.524
43.368 25.67 6.291 6.291
23.038 24.327 15.186 15.78
32.833 13.468 14.485 14.485
41.887 13.989 10.795 10.795
41.111 11.722 10.953 10.953
24.468 9.865 11.98 11.98
27.325 16.765 10.452 10.452
27.645 18.114 14.517 14.517
19.2 32.008 9.489 9.489
20.731 12.017 6.638 9.304
14.293 19.824 9.304 13.438
26.682 20.683 6.277 17.185
24.656 16.815 17.185 16.614
6.312 20.706 14.758 10.453
35.901 15.319 17.67 11.588
35.614 8.98 10.519 11.214
31.875 10.376 11.214 12.844
40.78 22.338 14.913 14.913
22.322 21.708 6.274 6.472
30.525 18.381 10.428 10.428
60.891 23.785 10.943 10.943
14.606 14.672 12.455 12.455
39.559 7.005 14.74 14.74
24.331 11.131 6.642 6.642
9.779 21.01 10.438 10.438
31.034 11.498 10.805 10.805
42.887 12.317 11.492 11.492
34.955 11.042 10.448 10.448
29.529 10.733 10.799 10.799
22.825 16.56 10.455 10.455
22.168 10.439 10.439 10.439
51.997 10.861 10.927 10.927
32.547 12.265 12.628 14.463
30.001 14.677 17.301 14.311
17.824 19.776 16.03 16.393
19.51 6.241 6.274 6.274
5.944 6.244 6.277 6.277
17.028 11.466 10.448 10.448
5.949 14.111 12.489 13.38
51.422 6.6 6.633 6.633
25.245 10.725 10.791 10.791
37.899 6.241 6.274 6.274
15.537 9.084 6.279 6.279
39.851 10.818 10.818 10.818
5.972 10.867 10.933 10.933
5.97 6.996 6.633 6.633
19.668 19.52 15.824 15.824
6.349 6.269 15.356 15.356
5.957 16.891 14.515 14.515
6.5 23.111 14.515 14.515
13.392 17.98 6.302 6.302
22.214 11.679 8.247 8.247
38.422 17.891 15.911 15.911
14.827 6.797 7.24 7.24
40.013 9.191 13.384 13.384
26.98 11.629 6.287 6.287
24.725 17.707 11.785 11.785
5.971 10.801 10.95 10.95
10.282 15.485 8.414 8.414
53.867 18.781 13.307 13.307
48.769 18.606 10.438 10.438
13.94 10.879 10.945 10.945
55.996 6.268 6.301 6.301
48.349 10.739 10.805 10.805
16.507 13.394 10.985 10.985
9.779 10.838 11.107 11.107
5.95 14.572 10.805 10.805
15.604 10.435 10.435 10.435
35.852 12.953 12.953 12.953
15.506 6.628 6.661 6.661
46.189 11.198 10.439 10.439
48.572 7.666 6.28 6.28
40.046 10.886 10.952 10.952
21.627 10.374 10.44 10.44
5.971 14.878 14.977 14.977
12.32 11.26 10.93 10.93
6.332 10.364 10.43 10.43
28.915 6.611 6.644 6.644
29.438 10.375 10.441 10.441
42.301 6.268 10.439 10.439
30.076 11.066 6.301 6.301
28.721 11.091 11.223 11.223
15.47 6.629 6.662 6.662
17.96 12.39 12.423 12.423
24.542 10.748 10.814 10.814
32.916 9.974 6.641 6.641
42.441 17.318 17.516 14.612
9.775 10.883 10.949 14.608
6.533 14.575 14.608 14.546
26.465 10.882 10.948 10.948
10.135 6.632 6.665 6.665
49.097 14.612 10.444 10.444
42.328 14.965 14.381 14.381
37.942 14.425 14.458 14.458
10.121 10.435 10.435 10.435
35.227 6.632 6.665 6.665
20.373 6.315 6.282 6.282
16.58 9.299 6.659 6.659
26.69 12.225 10.938 10.938
6.737 11.125 10.795 10.795
54.278 7.472 7.901 7.901
15.799 10.805 10.937 10.937
22.404 12.992 12.992 12.992
36.183 6.828 7.026 7.026
33.515 14.837 14.969 14.969
34.961 15.47 15.701 15.701
55.015 10.87 10.948 10.948
22.603 9.872 10.936 10.936
36.854 13.918 9.872 9.872
14.75 11.273 12.164 12.164
5.957 13.99 15.022 15.022
38.795 19.576 14.023 14.023
34.387 16.04 12.575 12.575
33.253 13.993 10.792 10.792
47.104 10.747 10.453 10.453
43.793 10.387 6.665 6.665
34.411 6.632 12.628 12.628
51.751 11.396 11.627 11.627
34.958 11.262 10.932 10.932
22.14 6.584 6.32 6.32
15.023 10.862 10.928 10.928
14.761 11.277 10.947 10.947
14.928 11.797 13.989 13.989
10.293 6.247 15.038 15.038
25.783 12.542 14.976 14.976
19.814 11.327 6.28 6.28
19.256 14.2 11.197 11.197
38.021 10.954 10.469 10.469
31.201 23.42 13.8 13.8
32.012 22.731 17.869 17.869
30.3 24.186 11.218 11.218
39.624 12.497 10.451 10.451
27.413 21.225 18.647 18.647
19.956 15.753 11.135 11.135
49.806 17.537 11.199 11.199
19.694 14.347 7.35 7.35
5.947 12.63 14.603 14.603
32.041 19.619 6.296 6.296
26.867 15.21 13.522 13.522
5.966 13.622 10.951 14.591
16.423 16.033 10.952 10.951
14.01 15.473 17.396 10.952
38.668 13.863 10.431 16.53
59.456 21.488 16.53 14.16
58.767 6.574 6.277 10.937
14.963 10.865 14.468 6.277
26.744 11.267 10.931 10.937
41.443 10.747 10.937 10.813
40.85 16.877 10.813 7.575
39.306 10.545 7.113 6.296
29.873 8.54 6.296 14.858
35.555 19.503 14.355 18.876
18.526 10.802 10.802 10.802
19.223 11.135 10.802 10.802
41.349 12.749 10.805 10.805
15.781 6.254 6.287 6.287
14.811 7.009 7.108 7.108
34.265 10.863 10.929 10.929
35.222 12.717 10.407 10.407
34.194 12.091 10.947 10.947
31.725 13.224 11.926 11.926
29.592 9.181 10.54 10.54
33.772 8.178 9.643 9.643
32.023 16.48 8.772 8.772
19.816 11.051 10.952 10.952
5.961 6.253 6.286 6.286
5.948 10.373 10.439 10.439
23.667 10.869 10.935 10.935
30.636 10.866 6.639 10.932
41.015 6.672 10.932 11.299
35.486 14.071 14.071 10.236
33.702 10.879 10.945 10.945
33.937 11.309 12.521 11.234
27.841 6.586 12.123 11.067
26.522 7.611 6.291 6.291
22.558 16.217 6.289 16.054
17.998 15.918 18.511 18.577
32.486 15.858 10.938 10.938
10.742 6.74 18.463 6.278
13.463 6.25 6.278 9.919
5.944 13.512 6.283 17.711
6.323 22.537 18.998 6.283
41.4 23.314 22.425 21.138
11.866 11.232 10.803 10.803
44.034 12.608 10.925 10.925
32.154 10.934 6.287 6.287
6.33 6.269 10.934 10.934
49.417 9.389 6.302 6.302
44.664 11.328 10.965 10.965
54.514 6.241 6.274 6.274
41.912 6.62 6.653 6.653
26.207 6.968 6.638 6.638
25.886 13.648 13.384 13.384
50.93 6.627 6.66 6.66
43.107 10.871 10.937 10.937
24.873 14.511 14.61 14.61
6.551 11.548 11.647 11.647
30.84 10.743 10.809 10.809
28.515 10.728 10.794 10.794
20.354 10.911 11.01 11.01
21.719 6.254 6.287 6.287
33.912 12.038 11.411 11.411
5.959 11.852 10.82 10.82
50.224 11.15 13.865 12.479
6.927 10.946 10.946 10.946
5.947 13.881 11.0 17.567
26.507 13.88 12.461 14.541
37.61 18.491 13.518 14.606
37.235 11.667 10.941 10.931
40.982 11.327 10.931 6.289
39.422 6.256 6.289 6.3
37.275 6.267 6.3 18.828
44.109 6.244 6.277 6.277
24.729 10.44 10.44 10.44
5.971 11.062 10.435 10.803
6.542 11.538 13.377 10.435
17.318 13.971 11.637 11.637
17.196 11.991 11.133 11.034
11.809 12.943 10.93 10.93
36.741 15.404 13.787 13.688
33.521 7.121 14.48 6.659
13.302 12.555 6.659 10.936
35.727 20.486 10.936 11.004
28.789 17.47 11.136 19.034
17.708 13.458 6.334 6.334
36.161 9.7 13.062 10.794
38.221 12.227 10.794 14.976
36.142 9.017 14.976 14.943
26.988 19.077 13.448 13.448
38.523 22.83 7.565 7.565
21.422 6.603 13.7 13.502
25.46 15.051 10.794 10.794
31.806 18.716 15.332 15.332
37.404 14.805 10.845 10.845
6.307 22.846 17.929 17.731
9.766 22.592 14.911 14.713
27.228 23.228 15.803 15.605
9.93 20.419 8.616 8.616
14.035 24.25 18.835 18.637
30.863 18.846 17.625 17.625
29.829 12.21 10.795 10.795
38.466 21.821 19.412 19.511
27.984 20.787 18.345 18.444
46.111 6.604 13.662 13.662
29.374 18.781 6.637 6.637
18.552 9.436 6.829 6.928
44.282 13.012 11.989 15.2
24.704 12.834 9.105 11.989
41.605 11.866 10.995 10.995
25.926 14.691 10.447 11.514
16.529 22.889 19.193 10.447
10.837 6.629 15.234 14.376
17.752 18.864 6.662 6.662
6.308 11.675 14.028 13.83
54.486 16.422 10.812 10.812
20.797 20.958 10.949 10.949
11.592 12.357 10.443 10.443
36.352 13.528 6.283 6.283
30.447 10.87 10.954 10.954
28.307 10.954 11.392 11.392
36.666 14.329 10.954 10.954
28.098 6.968 12.969 12.969
6.668 16.137 13.446 13.446
5.955 16.515 17.057 17.057
6.33 11.427 12.751 12.751
9.659 16.743 6.638 6.638
35.19 18.625 14.565 14.565
40.161 15.232 10.932 10.932
40.572 24.581 11.635 11.635
36.385 12.175 12.906 12.906
30.396 10.749 10.954 10.954
45.8 17.163 10.815 10.815
25.154 10.964 10.931 10.931
29.467 6.8 6.272 6.272
46.297 6.318 6.285 6.285
43.936 9.296 6.656 6.656
6.286 9.201 13.961 13.961
27.029 10.451 9.201 9.201
27.578 18.581 10.451 10.451
9.33 6.564 6.729 10.435
23.983 10.816 10.435 9.765
10.305 18.568 6.286 14.476
26.76 11.29 10.816 6.286
46.62 16.804 17.38 10.816
13.742 12.655 14.605 17.707
32.776 11.178 10.927 14.227
35.083 10.955 6.657 12.036
30.604 24.868 14.467 14.467
17.309 17.326 17.557 17.557
23.263 9.601 13.133 13.133
15.996 6.716 16.059 16.059
49.354 11.839 9.007 6.65
24.846 17.607 6.65 15.066
21.083 19.512 10.948 10.948
18.071 27.634 17.937 19.446
34.173 21.497 19.446 13.363
44.221 25.695 11.912 6.393
11.56 9.759 11.052 21.167
56.551 14.351 6.393 15.542
29.237 11.339 21.167 10.844
24.308 20.657 10.811 15.21
45.066 14.936 11.084 11.084
36.886 15.728 8.039 8.039
29.456 20.358 11.603 11.603
22.07 10.603 7.006 10.435
11.322 16.709 13.376 13.376
49.565 16.243 13.405 9.943
29.839 16.856 13.127 13.127
11.62 12.163 10.924 10.924
7.13 16.039 10.942 10.942
24.336 11.223 10.431 10.431
32.194 13.38 10.806 10.806
20.766 13.873 10.936 10.936
24.149 11.84 10.949 10.949
17.605 11.038 10.947 10.947
18.801 16.113 10.807 14.467
47.795 13.897 17.697 17.697
43.726 14.247 6.635 6.635
17.827 6.541 6.277 6.277
9.904 20.605 13.897 14.206
17.446 10.694 17.965 17.164
5.946 20.603 14.615 18.359
23.942 15.679 14.458 14.458
19.896 7.513 21.923 14.143
46.708 14.638 10.973 9.097
28.688 14.834 14.143 14.419
30.82 6.241 9.196 20.489
27.658 17.488 14.584 6.274
36.964 14.227 16.115 17.798
21.824 25.538 14.484 17.177
21.479 18.939 6.274 17.404
38.771 23.408 15.193 17.032
19.074 13.409 12.537 19.5
19.384 12.965 16.702 6.276
35.703 23.146 11.363 18.543
39.949 20.853 11.084 13.871
5.968 11.193 6.276 13.559
5.941 12.256 6.613 10.428
5.949 13.835 10.428 10.573
62.449 19.943 14.036 10.955
30.764 11.365 10.955 10.854
37.532 15.771 10.854 17.105
34.812 22.143 10.799 11.789
36.53 18.908 10.936 10.936
69.212 6.463 6.298 6.298
55.75 14.676 6.345 6.345
15.542 8.49 14.973 14.973
15.636 8.944 9.406 9.406
10.955 15.233 14.474 14.474
38.227 6.665 6.302 6.302
14.514 6.693 6.429 6.429
47.082 6.631 6.664 6.664
13.931 8.711 6.302 6.302
24.682 11.349 6.66 6.66
26.694 9.399 10.953 10.953
45.131 10.869 10.935 10.935
22.675 16.448 15.887 15.887
28.887 11.291 13.369 13.369
7.546 17.065 14.03 14.03
23.964 10.071 16.526 16.526
5.948 22.829 10.005 10.005
39.626 6.63 6.663 6.663
5.951 18.549 14.589 14.589
22.781 8.701 6.292 6.292
24.879 10.745 10.934 10.934
18.373 12.518 10.939 10.939
20.04 15.295 11.669 11.669
25.657 6.245 11.537 11.537
35.445 13.819 11.856 11.856
51.857 15.585 6.278 6.278
24.506 18.038 13.786 13.786
18.594 6.248 10.476 10.476
28.961 12.222 6.281 6.281
14.29 6.249 11.1 11.1
5.952 17.274 10.429 10.429
12.903 6.621 6.282 6.282
16.598 6.243 6.654 6.654
11.236 18.685 14.197 14.197
10.427 9.405 6.27 6.27
20.637 13.232 10.922 10.922
15.153 21.418 6.276 6.276
21.471 14.367 10.935 10.935
31.159 11.053 13.982 13.982
34.233 8.625 6.649 6.649
16.756 19.526 6.665 6.665
16.173 10.332 6.282 6.282
19.498 14.107 6.636 6.636
24.212 13.298 10.459 10.459
29.415 6.626 11.309 11.309
27.19 16.756 11.38 11.38
33.947 18.013 11.476 11.476
14.491 12.107 6.659 6.659
6.99 21.935 12.536 12.536
5.942 13.646 10.973 10.973
26.195 9.937 6.769 6.769
18.652 7.003 10.796 10.796
7.922 13.304 10.951 10.951
6.304 7.356 10.511 10.511
21.447 14.515 6.663 6.663
35.471 10.374 6.297 6.297
33.776 8.64 10.402 10.402
26.379 18.299 10.44 10.44
35.546 10.397 6.272 6.272
34.909 9.341 6.635 6.635
33.512 14.396 10.7 10.7
16.204 6.668 7.954 7.954
12.625 6.606 7.3 6.635
28.388 12.079 6.635 10.941
6.786 12.624 6.271 13.822
23.201 11.491 6.738 12.277
23.106 13.432 10.941 10.791
20.395 12.508 14.218 11.386
5.947 18.343 13.696 7.741
14.806 8.995 10.791 15.231
26.275 13.992 8.434 15.088
31.137 12.937 9.901 15.318
16.622 22.392 19.422 12.64
36.064 6.258 19.831 19.138
31.68 14.505 16.319 7.051
35.262 22.589 10.186 7.091
37.786 16.126 6.291 6.291
21.653 16.1 10.16 14.604
41.149 29.302 14.604 22.655
40.508 21.522 10.814 11.423
14.997 17.711 16.836 10.806
20.542 7.672 11.423 9.841
35.999 19.376 9.841 17.744
17.188 16.647 6.286 23.898
8.313 19.888 17.215 19.393
46.977 8.661 14.766 10.708
27.805 18.355 6.318 6.318
38.955 10.873 10.939 10.939
11.113 11.536 13.615 11.305
44.407 14.361 14.46 16.09
20.405 17.311 14.209 14.46
35.857 10.934 17.578 15.136
54.984 6.63 10.934 14.482
35.095 17.254 6.663 6.663
34.903 22.99 16.924 14.63
17.822 6.239 6.272 6.272
15.188 10.744 10.948 10.948
42.279 18.373 10.81 10.81
17.84 12.093 10.436 10.436
28.861 14.495 11.796 14.474
18.0 11.062 10.93 11.796
28.486 22.13 16.949 10.93
11.162 16.091 10.943 14.804
35.061 10.74 10.806 10.806
10.733 10.875 6.278 6.278
15.341 7.268 10.941 10.941
18.663 6.684 14.363 14.363
50.972 6.662 6.299 6.299
14.789 14.519 7.532 7.532
32.513 17.63 14.618 14.618
23.186 11.459 9.621 9.621
35.559 16.85 13.616 13.616
20.32 10.387 10.453 10.453
21.434 12.71 12.116 12.116
6.257 17.503 13.554 14.962
22.899 6.673 17.503 13.554
17.183 16.161 13.349 6.64
22.513 13.626 6.64 14.055
23.731 16.385 12.9 16.781
52.667 13.997 6.293 14.822
18.03 8.636 13.997 16.719
23.715 12.94 16.158 10.927
14.631 12.051 10.927 9.263
42.264 11.57 6.29 6.29
38.136 10.803 11.853 12.216
21.26 26.19 10.812 10.812
38.714 13.353 10.804 10.804
29.574 14.863 10.803 10.803
49.018 16.013 16.173 16.173
12.536 8.767 14.462 14.759
6.506 20.595 6.655 6.655
9.776 10.951 11.034 11.034
23.914 16.743 6.299 11.578
16.591 9.5 13.195 10.226
19.651 10.44 10.44 10.44
17.568 9.298 6.275 6.275
12.202 11.533 9.298 9.298
42.946 9.905 13.249 12.16
43.827 6.608 6.641 6.641
9.775 6.625 6.658 11.925
25.235 14.136 13.74 14.477
35.206 10.906 10.939 10.939
31.824 6.255 16.754 10.684
15.792 21.011 10.447 10.447
11.962 13.45 6.288 6.288
21.747 7.458 6.27 6.27
34.563 10.77 10.944 10.44
29.687 14.112 10.44 14.013
19.642 11.458 10.435 10.435
45.127 10.345 10.448 9.289
41.83 12.581 9.289 13.01
31.408 14.05 10.931 13.814
40.38 15.464 13.06 13.06
33.635 14.857 13.833 13.833
23.662 17.232 12.751 12.751
11.962 16.051 14.956 14.956
13.355 7.261 6.271 6.271
18.589 11.332 10.804 10.804
35.398 11.392 10.534 10.534
30.908 13.336 10.927 10.927
34.241 13.024 10.813 10.813
39.736 22.447 14.461 14.461
42.583 16.52 13.913 13.913
53.928 6.253 6.28 6.28
18.594 6.623 14.375 14.375
52.78 12.736 10.954 10.954
43.468 17.114 6.286 6.286
55.678 13.969 6.656 6.656
38.014 21.393 14.463 14.463
22.417 6.621 6.654 6.654
17.888 10.869 6.28 6.28
26.784 7.93 10.935 10.935
5.949 12.588 12.885 12.885
5.956 6.239 6.272 6.272
15.842 10.741 10.807 10.807
49.971 10.755 10.821 10.821
33.049 13.33 10.954 10.954
30.687 13.195 6.635 10.456
30.16 9.275 14.464 6.635
29.017 10.86 13.327 14.464
15.131 17.137 10.926 14.523
30.652 6.246 6.279 6.279
48.555 6.253 6.286 6.286
33.003 11.959 12.124 12.124
27.257 11.138 10.808 10.808
27.966 10.726 10.792 10.792
24.445 11.153 10.823 10.823
34.321 10.377 10.443 10.443
30.219 10.947 11.112 11.112
49.909 11.773 11.377 11.377
20.172 6.246 14.583 14.583
6.33 17.949 6.279 6.279
43.029 8.643 6.333 6.333
18.551 10.871 6.66 6.66
26.562 7.914 10.937 10.937
15.948 10.873 14.591 14.591
12.586 6.246 10.939 10.939
32.217 18.353 14.595 14.595
31.498 15.222 6.279 6.279
5.947 11.253 10.428 10.428
20.122 6.625 6.658 6.658
41.759 6.613 6.646 6.646
36.102 10.987 11.086 11.086
27.454 10.372 10.438 10.438
24.092 6.673 6.277 6.277
28.621 14.522 13.499 13.499
6.311 10.859 10.925 10.925
10.298 10.883 10.949 10.949
5.953 6.602 6.635 6.635
18.619 12.283 10.93 10.93
26.261 9.842 9.182 9.182
36.83 6.25 6.283 6.283
22.293 15.281 14.357 14.357
10.149 10.866 14.505 14.505
6.31 19.125 10.932 10.932
21.891 11.334 10.955 10.955
29.814 15.212 13.512 13.512
34.527 13.212 13.179 13.179
45.08 14.636 14.603 14.603
36.464 6.624 6.657 6.657
20.033 6.239 6.272 6.272
11.954 6.607 10.842 10.842
24.156 15.594 6.64 10.428
23.52 14.619 13.563 9.379
6.312 6.245 6.278 14.964
16.934 13.114 11.002 9.182
40.772 17.934 17.505 14.764
10.162 15.809 14.951 14.951
27.37 12.215 10.796 6.642
11.954 9.183 6.807 14.888
11.373 13.886 10.817 10.949
36.392 10.733 10.799 10.799
26.98 11.119 10.822 10.822
32.539 6.619 6.652 6.652
62.418 11.188 10.924 10.924
56.3 10.779 10.449 10.449
33.384 6.258 6.291 6.291
11.174 10.934 10.934 10.934
18.436 13.318 13.384 13.384
12.904 7.513 11.681 11.681
17.877 17.357 8.404 8.404
6.309 6.634 6.657 6.657
39.256 8.934 6.271 6.271
37.619 15.654 14.961 14.961
31.68 15.822 15.36 15.36
28.653 11.385 10.448 10.448
45.98 13.286 10.791 10.791
21.029 10.932 10.932 10.932
21.36 6.606 6.639 6.639
38.526 11.162 10.931 10.931
29.596 20.026 19.036 19.036
44.166 12.879 12.417 12.417
17.157 13.503 13.338 13.338
5.946 12.445 12.379 12.379
20.375 6.614 10.989 10.989
15.026 11.254 6.647 6.647
5.956 14.487 6.3 6.3
10.479 13.209 10.932 10.932
34.584 11.778 10.927 10.927
33.273 6.677 13.003 13.003
26.162 18.022 10.445 10.445
15.051 14.108 6.743 6.743
28.1 14.645 10.949 10.949
43.203 16.656 12.928 12.928
42.178 11.361 14.61 14.61
20.059 17.152 6.276 6.276
37.558 9.51 13.991 13.991
26.145 6.253 14.142 14.142
30.319 19.323 6.271 6.271
14.866 20.195 10.456 10.456
19.603 15.538 15.717 15.717
41.416 14.721 6.286 6.286
32.259 14.175 10.926 10.926
21.039 15.742 13.911 10.809
36.53 17.046 10.444 10.444
46.191 15.856 13.977 13.977
19.753 18.305 14.477 17.81
20.346 20.234 14.954 14.954
36.092 13.549 10.942 10.942
27.959 10.879 10.446 10.446
14.595 16.386 16.541 16.541
14.851 21.326 10.945 10.945
23.592 7.698 6.663 6.663
20.233 8.742 6.279 6.279
37.015 8.944 6.271 6.271
55.841 7.066 14.971 14.971
26.848 10.876 10.931 10.931
11.483 15.848 6.637 6.637
13.55 14.925 10.942 10.942
31.787 20.969 17.075 17.075
21.716 28.105 14.595 14.595
28.57 15.106 10.453 10.453
44.737 17.597 10.799 10.799
45.021 18.647 10.892 10.892
40.598 13.352 10.943 10.943
12.22 18.552 10.46 10.46
18.078 12.803 21.918 21.918
13.606 16.95 14.475 14.475
28.764 10.884 10.95 10.95
58.622 11.527 10.801 10.801
5.968 14.497 14.596 14.596
9.453 10.883 10.949 10.949
13.717 6.582 6.285 6.285
31.739 6.265 6.298 6.298
67.854 10.784 10.454 10.454
26.063 13.195 13.195 13.195
11.44 15.128 14.6 14.6
31.939 11.249 10.44 10.44
16.277 6.696 10.82 10.82
24.696 13.869 6.696 6.696
26.838 11.308 13.968 13.968
23.856 15.093 6.278 6.278
42.551 7.4 11.506 11.506
32.963 6.259 6.292 6.292
14.664 13.528 11.614 11.614
18.765 11.307 10.944 10.944
18.426 11.133 11.034 11.034
37.948 16.743 10.803 10.803
19.03 14.099 10.438 10.438
16.56 12.106 14.726 14.726
13.18 15.235 10.45 10.45
25.075 12.732 10.951 10.951
21.702 18.82 10.455 10.455
35.978 12.19 7.636 7.636
13.68 17.049 11.637 11.637
34.396 10.888 10.954 10.954
5.954 10.886 8.225 8.225
26.375 11.888 10.952 10.952
5.952 14.28 15.257 15.257
10.823 21.527 13.587 13.587
9.539 16.584 12.987 12.987
37.352 10.88 10.946 10.946
19.699 10.954 10.954 10.954
27.901 9.221 14.614 14.614
43.452 14.998 6.284 6.284
31.249 7.008 7.226 7.226
15.063 19.069 6.282 6.282
5.984 12.803 6.635 6.635
49.795 11.519 15.163 15.163
36.125 13.759 11.835 11.835
28.698 6.252 13.198 13.198
53.372 18.6 6.285 6.285
10.849 14.994 10.792 10.792
47.02 11.2 11.121 11.121
16.353 14.323 13.906 13.906
12.755 14.223 20.736 20.736
38.424 6.644 8.69 8.69
34.386 10.876 11.866 11.866
25.726 9.001 6.658 6.658
35.74 11.598 10.938 10.938
22.356 11.601 10.809 10.809
14.839 15.341 14.615 14.615
41.593 6.602 10.441 10.441
17.99 13.477 6.635 6.635
16.142 6.655 6.998 6.998
27.997 6.242 6.292 6.292
22.838 10.496 6.275 6.275
25.28 13.43 10.955 10.955
24.902 16.781 12.92 12.92
25.096 9.19 6.649 6.649
42.434 10.791 14.657 14.657
27.753 21.719 11.174 11.174
21.549 13.479 12.743 12.743
33.401 17.891 10.948 10.948
27.009 19.226 12.258 12.258
31.045 17.482 16.896 16.896
44.384 16.665 11.187 11.187
15.463 18.328 14.599 14.599
18.653 23.009 18.488 18.488
11.575 6.256 20.331 20.331
42.517 10.804 6.289 6.289
30.317 6.608 10.441 10.441
26.451 13.454 6.641 6.641
46.236 27.987 10.946 14.953
32.716 20.629 18.22 14.213
55.283 6.625 6.658 6.658
22.153 18.432 14.868 15.099
17.31 21.22 14.917 18.91
18.243 10.384 13.969 13.969
10.17 18.424 10.45 10.45
46.63 8.532 6.651 6.651
5.952 8.277 6.759 6.759
6.332 15.124 14.469 14.469
26.78 15.327 14.464 14.464
27.403 12.524 11.303 11.303
34.863 11.508 10.452 10.452
64.288 14.104 13.477 13.477
38.335 14.231 14.33 14.33
33.057 11.127 10.797 10.797
9.825 6.315 6.282 6.282
6.307 10.858 6.662 6.662
50.302 9.203 10.924 10.924
21.016 6.426 11.343 11.343
29.262 12.86 12.315 12.315
39.146 15.351 6.294 6.294
22.555 16.524 12.992 12.992
35.179 9.565 9.796 9.796
31.851 20.91 19.623 19.623
18.624 12.82 11.863 11.863
33.518 16.421 14.837 14.837
28.961 13.218 13.02 13.02
18.153 10.737 10.946 10.946
10.471 11.474 10.803 10.803
26.687 7.0 6.67 6.67
8.619 9.007 6.664 6.664
41.304 14.16 13.599 13.599
5.965 13.674 13.245 13.245
25.804 12.167 11.903 18.537
22.742 13.632 13.5 13.5
12.976 15.326 20.55 6.276
43.182 10.763 6.276 16.985
31.166 23.388 15.953 15.953
37.842 8.322 11.864 12.319
21.018 18.372 10.796 10.796
10.669 17.168 13.771 15.6
36.732 17.639 16.227 14.587
31.73 19.075 14.851 14.528
33.199 8.836 15.056 6.295
41.13 14.781 6.295 16.847
39.722 12.349 11.382 11.382
37.05 25.915 8.059 10.93
35.945 10.782 10.933 13.177
24.859 20.272 10.815 10.815
30.351 14.068 13.441 13.441
19.732 10.934 10.934 10.934
18.296 13.462 13.495 13.495
24.503 15.215 12.557 12.557
28.844 13.844 14.951 14.951
33.143 14.831 14.587 14.587
17.248 15.907 14.6 14.6
37.984 13.978 11.866 11.866
18.258 7.005 10.45 10.45
17.72 10.456 7.5 7.5
6.525 10.298 10.456 10.456
32.359 16.423 10.628 10.628
22.172 14.204 13.79 12.074
21.775 14.912 14.534 14.534
28.87 12.172 10.951 10.441
28.745 12.19 10.54 15.872
29.878 16.235 15.872 14.466
11.678 17.205 14.466 8.518
25.876 9.079 8.518 17.914
15.678 10.88 6.954 10.946
42.32 10.419 10.946 11.037
18.919 13.215 11.037 10.881
29.989 14.314 10.816 14.743
16.61 6.603 6.636 6.636
35.63 6.61 6.643 6.643
35.391 8.015 6.299 6.299
9.785 15.592 14.965 14.464
5.943 17.17 17.533 14.965
51.459 11.169 10.806 10.802
5.971 13.97 14.399 14.139
33.874 11.188 10.924 10.924
6.571 10.877 10.943 10.943
10.279 10.379 10.445 10.445
35.344 6.24 6.273 6.273
13.536 10.882 10.948 10.948
43.344 6.268 6.301 6.301
53.008 6.241 6.274 6.274
37.805 10.844 10.811 10.811
23.557 10.847 11.012 11.012
35.632 10.364 10.43 10.43
25.907 14.746 12.766 12.766
6.311 10.434 10.434 10.434
29.161 12.853 13.414 13.414
7.585 13.519 11.605 11.605
29.329 13.72 11.74 11.74
40.676 14.361 11.523 11.523
40.712 6.608 6.641 6.641
25.68 6.767 6.866 6.866
13.353 9.763 9.796 9.796
13.384 10.926 10.449 10.449
5.957 11.307 10.926 10.926
27.392 10.968 6.685 6.685
12.515 8.236 11.001 11.001
20.16 7.254 6.663 6.663
19.712 7.026 7.716 7.716
16.211 13.94 6.677 13.28
25.041 11.561 15.392 10.934
23.858 6.245 6.278 7.433
32.748 8.06 8.819 6.278
22.675 13.133 13.76 13.76
40.791 11.026 12.379 10.795
37.271 6.749 9.158 6.518
21.82 10.885 10.794 14.461
21.366 12.167 11.309 11.045
27.162 15.095 10.951 10.951
21.851 13.765 14.237 13.874
30.572 16.284 12.907 12.445
29.143 14.787 19.081 13.5
10.275 20.896 16.086 7.562
12.286 12.644 10.862 20.211
29.068 13.61 12.191 11.993
24.475 12.883 10.443 10.443
22.026 13.875 11.035 10.936
33.749 23.518 18.106 17.644
26.678 11.824 13.125 12.927
22.068 12.354 10.801 10.801
5.941 17.054 10.935 10.935
19.673 18.636 16.427 16.427
19.917 10.149 10.433 10.433
21.501 9.324 8.235 8.235
25.57 20.678 6.651 16.85
15.957 14.704 17.675 6.651
42.22 14.02 11.635 10.975
29.488 16.043 10.951 14.679
14.521 19.178 14.745 13.205
34.721 8.152 13.205 15.4
27.081 22.264 11.11 18.772
45.5 17.214 6.271 10.198
25.005 28.605 14.475 14.475
20.69 8.975 13.119 6.302
20.484 13.214 6.302 15.033
5.966 14.912 10.805 11.795
20.084 6.657 11.249 11.777
24.087 10.623 14.478 14.478
49.192 19.857 6.663 6.663
30.622 23.382 11.221 11.353
60.476 13.693 6.294 6.294
39.548 10.448 10.952 10.952
5.971 19.339 6.389 6.389
56.655 18.905 10.921 10.921
11.626 15.213 10.956 10.956
19.501 19.748 10.929 10.929
17.754 16.776 15.656 15.788
36.347 15.557 10.935 10.935
43.622 18.948 10.442 10.442
38.771 6.263 6.296 6.296
33.732 14.881 10.954 10.954
34.254 12.606 10.939 10.939
32.913 11.269 13.86 13.86
31.661 11.606 11.177 11.177
20.377 6.664 10.933 10.933
12.84 10.867 8.017 8.017
16.716 13.54 13.738 13.738
29.252 15.26 16.118 12.983
30.766 11.262 10.932 6.651
34.64 6.618 10.432 13.506
27.432 6.603 13.506 14.965
21.625 16.542 6.636 12.973
10.668 15.25 9.555 16.674
31.656 20.773 18.793 10.867
30.199 15.223 10.939 10.266
23.447 14.602 14.233 10.939
24.781 10.558 7.126 7.126
17.397 13.342 10.933 10.933
15.98 11.82 14.471 14.471
19.678 16.913 10.929 10.929
26.942 7.167 12.549 12.549
46.117 10.362 7.365 7.365
41.557 17.631 10.428 10.428
58.261 11.663 11.234 11.234
41.058 11.835 11.307 11.307
34.353 11.259 10.929 10.929
31.899 11.428 11.23 11.23
14.865 13.142 14.481 14.481
27.053 13.127 12.995 12.995
7.038 17.913 16.178 16.178
30.102 16.378 16.543 16.543
9.318 6.648 6.285 6.285
15.136 11.538 6.279 6.279
12.843 10.87 11.736 11.736
9.492 8.688 10.936 10.936
16.891 8.889 13.519 13.519
26.949 11.061 11.034 11.034
47.349 16.489 9.252 9.252
27.336 14.103 6.291 6.291
28.327 8.898 11.292 11.292
48.421 12.469 10.951 10.951
24.301 16.208 10.796 10.796
11.305 10.375 14.975 14.975
8.729 17.78 10.441 10.441
15.877 6.604 6.637 6.637
6.317 11.339 14.476 14.476
40.133 16.456 10.943 10.943
28.664 9.193 6.289 6.289
34.672 6.614 6.287 6.287
47.018 11.765 12.12 12.12
17.874 15.816 7.109 7.109
10.126 10.734 10.8 10.8
25.693 10.887 10.953 10.953
27.684 6.621 6.654 6.654
22.055 6.611 6.644 6.644
41.919 12.163 11.932 11.932
5.959 11.275 10.945 10.945
37.101 10.865 10.931 10.931
22.422 10.41 10.476 10.476
27.148 7.09 6.661 6.661
27.431 13.388 12.86 12.86
13.437 6.256 10.923 10.923
6.328 10.879 6.289 6.289
10.237 14.487 10.945 10.945
23.899 6.243 10.796 10.796
33.517 14.327 6.276 6.276
42.395 10.864 10.93 10.93
38.478 14.922 17.529 17.529
36.668 10.882 10.948 10.948
25.138 6.607 10.924 10.924
24.85 7.912 6.988 6.988
25.75 13.828 6.64 6.64
16.184 7.022 10.999 10.999
23.654 12.748 6.659 6.659
13.503 10.767 10.8 10.8
48.912 10.376 10.442 10.442
24.99 6.573 6.276 6.276
29.707 10.369 10.435 10.435
22.575 10.392 10.458 10.458
19.891 10.86 10.926 10.926
19.356 6.592 6.295 6.295
12.126 15.075 14.613 14.613
29.499 6.622 6.288 6.655
12.397 12.225 6.655 11.4
5.958 11.007 13.413 10.182
26.785 12.516 10.932 10.932
15.619 8.958 6.285 6.285
17.792 14.82 10.448 16.161
16.086 7.15 10.927 10.448
12.952 14.111 14.457 10.927
41.211 8.029 6.886 14.457
19.13 17.81 12.135 6.886
5.961 15.699 10.874 7.138
31.953 25.236 22.134 16.754
34.113 14.306 16.787 14.643
29.159 6.387 11.126 13.349
28.074 13.388 11.296 6.715
30.581 8.398 11.936 6.288
26.681 20.464 6.748 14.657
41.793 17.198 10.938 19.4
34.422 15.558 6.288 14.444
31.585 22.436 20.06 14.007
19.301 6.258 6.291 6.291
5.975 11.381 10.955 11.351
6.169 14.387 11.447 11.447
5.965 6.272 6.404 10.923
11.741 6.499 6.73 6.404
45.173 11.608 14.124 6.73
33.428 14.091 7.319 7.319
23.917 10.948 10.948 10.949
27.357 9.035 14.116 14.116
21.728 12.533 6.295 14.598
19.179 6.658 13.028 6.295
29.099 17.273 13.28 11.564
7.574 13.866 19.119 18.043
15.036 19.613 14.861 11.853
5.942 14.698 14.394 15.653
5.96 13.314 6.423 6.291
5.942 26.346 14.368 15.721
29.286 8.436 13.677 14.799
28.527 12.489 13.017 10.82
42.067 6.584 6.287 8.729
6.313 16.54 10.82 20.013
44.892 14.186 17.497 18.982
34.3 6.239 14.965 6.272
26.99 17.638 6.272 6.29
33.337 6.653 6.29 6.272
50.468 6.305 6.272 21.565
18.969 8.125 6.64 6.64
19.786 6.61 10.942 10.942
20.746 13.153 6.643 6.643
15.751 6.655 6.292 6.292
27.232 7.081 7.246 7.246
13.351 10.389 10.455 10.455
23.017 11.526 11.724 11.724
10.273 6.247 6.28 6.28
35.329 11.335 11.787 11.787
26.703 16.11 10.939 10.939
29.247 10.81 6.652 6.652
14.51 18.519 14.658 14.658
26.175 6.61 6.643 6.643
18.241 11.278 10.948 10.948
55.654 13.058 6.274 12.431
20.167 11.145 10.815 10.815
10.559 9.838 14.015 9.31
10.143 10.723 10.808 11.81
27.978 12.866 10.82 10.459
32.171 11.247 10.459 15.659
38.865 18.53 10.818 10.818
38.33 6.83 6.302 6.302
34.516 10.391 10.457 10.457
25.674 20.546 16.916 17.84
28.772 13.332 10.923 10.923
14.827 7.107 6.645 6.645
5.962 14.447 14.48 14.48
24.578 10.949 12.308 12.308
5.962 15.476 10.949 10.949
14.358 12.757 10.942 10.942
6.325 13.507 13.144 13.144
17.589 13.06 13.192 13.192
21.167 6.647 6.911 6.911
23.192 14.337 6.636 14.469
38.18 6.603 6.292 6.636
35.461 11.167 10.933 6.292
28.555 12.715 17.043 10.933
35.533 12.368 11.497 11.497
37.646 9.79 12.071 6.292
29.383 7.249 6.292 12.731
58.76 6.688 10.923 10.923
36.975 10.865 14.963 17.779
24.633 17.622 14.479 11.096
41.77 22.256 9.757 20.705
9.179 24.148 11.096 12.991
32.366 12.038 6.648 14.472
42.545 12.39 15.627 11.235
52.187 21.996 10.949 12.467
26.277 16.149 10.446 10.578
34.536 14.901 16.017 14.961
22.912 14.034 10.932 10.932
10.716 10.268 10.933 10.933
23.65 10.791 9.872 9.872
14.462 6.622 10.428 10.428
12.108 20.041 6.655 6.655
9.216 6.261 6.294 6.294
30.878 17.744 15.137 15.137
14.628 6.608 17.381 17.381
61.167 6.63 6.641 6.641
21.345 10.378 17.266 17.266
23.875 22.166 6.663 6.663
22.942 10.831 11.071 11.071
60.699 24.196 10.818 10.818
41.514 10.932 11.656 11.656
39.722 6.625 6.642 6.642
14.565 20.718 14.487 14.487
18.105 16.905 10.8 10.8
26.293 21.219 6.658 6.658
19.679 14.293 10.795 10.795
43.098 6.909 6.282 6.282
36.502 7.017 6.654 6.654
56.371 11.295 10.932 10.932
36.705 9.383 9.086 9.086
10.242 14.871 14.97 14.97
5.952 10.885 10.951 10.951
7.076 12.207 12.405 12.405
6.964 11.687 11.786 11.786
9.529 6.315 6.282 10.813
25.861 12.661 12.628 9.978
15.811 6.251 6.284 6.284
36.363 6.249 6.282 6.282
31.289 15.094 12.388 12.388
43.687 11.336 6.271 6.271
52.656 7.723 10.973 10.973
21.24 11.125 10.795 10.795
35.851 9.298 8.836 8.836
25.104 6.591 6.294 6.294
5.967 11.553 10.794 10.794
10.283 19.486 14.107 14.107
12.542 13.654 13.518 10.944
43.577 11.013 10.453 12.077
41.068 21.834 12.077 14.347
33.296 16.73 10.947 10.947
31.11 14.756 10.928 14.475
22.143 21.042 17.61 10.928
33.351 13.035 10.819 10.791
37.117 12.873 10.791 14.119
42.837 19.201 10.926 10.926
29.101 6.242 6.635 7.196
33.434 10.686 8.706 8.706
24.621 11.273 6.275 6.275
19.013 13.928 10.943 10.943
5.968 19.158 10.94 18.498
5.95 6.629 18.993 10.94
6.303 16.121 6.662 6.662
5.964 14.344 14.598 14.598
38.331 11.683 16.716 16.716
22.436 11.546 11.188 11.188
25.571 10.257 15.664 15.664
21.642 9.823 12.158 12.158
33.54 8.245 11.612 11.612
21.142 25.56 6.298 6.298
20.96 25.653 12.171 12.171
39.255 6.666 6.28 6.28
31.747 10.471 11.737 11.737
23.756 20.375 6.633 6.633
40.244 14.69 10.796 10.796
40.381 19.807 16.078 16.078
37.436 16.958 13.988 13.988
6.939 10.122 6.294 6.294
23.271 11.262 6.639 6.639
31.161 7.827 10.932 10.932
22.835 12.6 10.95 10.95
51.223 12.751 10.804 14.475
37.68 18.336 17.016 14.236
13.328 10.757 10.823 10.823
13.183 6.246 6.279 6.279
16.858 6.266 6.299 6.299
10.288 6.265 6.298 6.298
51.031 10.378 6.385 6.385
55.065 10.947 10.947 10.947
27.942 14.774 14.477 14.477
15.708 6.66 6.297 6.297
26.786 11.088 11.22 11.22
20.025 11.136 10.938 10.938
17.807 12.037 11.806 14.471
12.207 18.332 17.507 14.314
6.751 14.463 10.932 10.932
29.346 14.507 12.758 12.098
5.95 16.974 14.565 13.988
21.474 18.575 17.057 14.466
18.255 7.378 10.458 10.458
40.374 19.094 6.652 6.652
23.716 16.458 14.478 10.929
50.342 13.239 10.929 16.194
41.51 17.322 19.094 19.325
21.407 18.39 14.608 14.608
22.428 6.621 10.792 11.485
5.968 20.878 16.245 13.572
45.197 7.085 13.572 18.456
38.487 19.009 7.996 7.996
19.452 19.908 6.656 6.654
22.687 13.21 6.654 7.118
36.334 14.86 10.603 11.692
50.139 13.216 14.604 14.604
33.513 10.872 6.649 6.979
14.816 16.399 10.954 10.954
28.394 15.92 10.938 10.938
33.097 6.331 14.6 14.6
48.519 31.203 6.298 6.298
41.722 6.616 6.647 6.647
10.37 10.889 6.649 6.649
10.844 6.848 10.955 10.955
22.126 18.899 6.287 12.264
14.398 15.003 12.264 17.414
20.609 16.019 18.503 11.204
25.886 13.858 10.459 10.459
30.492 9.745 6.278 6.278
35.76 11.657 6.752 6.752
13.603 12.098 14.454 14.454
16.731 15.289 9.778 9.778
33.262 15.29 10.951 10.951
29.629 24.255 13.969 13.969
20.585 19.3 13.937 13.937
13.802 14.381 10.454 10.454
22.918 13.893 10.923 10.923
46.949 18.232 14.965 14.965
8.716 14.0 10.804 10.804
13.514 14.863 15.418 15.418
15.868 12.893 10.814 10.814
24.581 6.628 10.952 10.952
46.177 13.262 14.231 14.231
46.178 7.739 6.661 6.661
21.814 21.655 6.287 6.287
35.785 7.0 6.637 6.637
33.815 12.376 10.934 10.934
43.307 13.442 10.429 10.429
