from util import *
schedule = deque([
  (4597, 7, 7),
  (6054, 5, 2),
  (7426, 0, 7),
  (16743, 3, 3),
  (18056, 6, 0),
  (18430, 3, 3),
  (19363, 6, 0),
  (25740, 0, 0),
  (35534, 3, 6),
  (41633, 7, 2),
  (46651, 5, 7),
  (50527, 1, 0),
  (51846, 5, 3),
  (60990, 0, 5),
  (64142, 5, 4),
  (67599, 4, 0),
  (71159, 0, 4),
  (76512, 1, 0),
  (93139, 2, 0),
  (93222, 2, 0),
  (96658, 0, 5),
  (98801, 4, 7),
  (99886, 1, 4),
  (102394, 7, 0),
  (105939, 0, 2),
  (106389, 7, 3),
  (110019, 0, 7),
  (110245, 5, 3),
  (112098, 2, 3),
  (116309, 2, 0),
  (137333, 6, 0),
  (137799, 3, 3),
  (145084, 6, 7),
  (145258, 2, 3),
  (165834, 4, 2),
  (166617, 2, 3),
  (172754, 0, 0),
  (180430, 5, 3),
  (181517, 3, 6),
  (183068, 0, 4),
  (184384, 0, 4),
  (193368, 2, 3),
  (196959, 4, 7),
  (198166, 5, 3),
  (202742, 2, 3),
  (203648, 0, 0),
  (213934, 1, 0),
  (216898, 3, 6),
  (222085, 4, 0),
  (223573, 1, 4),
  (236708, 1, 0),
  (236802, 4, 7),
  (237189, 0, 0),
  (254884, 7, 4),
  (256033, 0, 4),
  (257525, 2, 1),
  (267980, 2, 0),
  (272930, 0, 0),
  (280043, 7, 0),
  (280916, 3, 3),
  (291209, 5, 3),
  (291578, 3, 3),
  (295748, 3, 3),
  (296383, 0, 0),
  (303281, 5, 3),
  (304664, 3, 3),
  (308612, 2, 6),
  (310815, 3, 1),
  (310924, 1, 3),
  (315500, 3, 3),
  (318596, 2, 3),
  (320711, 5, 3),
  (337134, 2, 3),
  (340115, 0, 5),
  (342369, 0, 3),
  (346685, 3, 7),
  (356148, 7, 7),
  (356294, 5, 7),
  (358535, 0, 3),
  (370206, 3, 3),
  (375592, 0, 7),
  (379986, 5, 4),
  (380998, 1, 7),
  (406542, 1, 3),
  (407916, 5, 7),
  (409949, 6, 7),
  (412892, 3, 6),
  (425709, 4, 3),
  (431445, 1, 4),
  (437959, 6, 4),
  (443899, 0, 7),
  (448530, 2, 3),
  (450405, 7, 7),
  (452360, 6, 7),
  (453914, 3, 3),
  (456025, 5, 6),
  (457642, 5, 1),
  (457785, 6, 5),
  (458807, 4, 6),
  (463606, 2, 3),
  (464205, 1, 0),
  (464745, 3, 0),
  (472753, 0, 3),
  (479502, 0, 0),
  (484348, 4, 7),
  (497874, 2, 4),
  (500523, 7, 3),
  (506948, 1, 7),
  (536503, 1, 0),
  (537705, 5, 3),
  (548662, 5, 3),
  (554355, 7, 0),
  (563344, 2, 2),
  (572398, 2, 3),
  (585695, 7, 7),
  (597684, 4, 3),
  (599364, 4, 3),
  (600245, 6, 1),
  (620259, 5, 7),
  (620968, 6, 0),
  (624034, 4, 7),
  (638609, 0, 5),
  (642198, 2, 2),
  (643660, 0, 2),
  (645215, 4, 2),
  (647750, 2, 1),
  (660751, 4, 2),
  (663822, 3, 2),
  (674400, 1, 2),
  (684792, 5, 2),
  (685023, 3, 7),
  (685060, 1, 5),
  (685780, 3, 7),
  (695570, 5, 6),
  (696097, 4, 2),
  (701812, 6, 4),
  (704210, 4, 3),
  (706705, 4, 3),
  (708429, 4, 3),
  (711068, 7, 0),
  (717240, 0, 3),
  (717352, 4, 4),
  (725516, 7, 4),
  (729377, 3, 6),
  (745819, 0, 1),
  (746342, 7, 7),
  (752030, 0, 6),
  (761371, 2, 3),
  (773759, 5, 3),
  (776324, 5, 2),
  (783267, 4, 6),
  (796307, 1, 2),
  (798990, 6, 0),
  (809455, 2, 4),
  (812035, 5, 7),
  (822153, 4, 3),
  (822629, 6, 6),
  (825335, 7, 0),
  (827320, 4, 3),
  (827516, 7, 0),
  (830981, 7, 0),
  (834421, 1, 4),
  (838009, 0, 3),
  (851231, 1, 7),
  (854575, 1, 2),
  (860235, 5, 2),
  (869986, 7, 5),
  (893119, 3, 3),
  (896853, 1, 0),
  (902698, 7, 1),
  (913548, 1, 4),
  (918813, 6, 7),
  (920540, 6, 0),
  (926038, 0, 0),
  (929835, 4, 7),
  (930238, 3, 7),
  (931950, 0, 3),
  (940738, 5, 3),
  (952214, 5, 3),
  (957851, 6, 2),
  (970334, 1, 2),
  (971223, 3, 2),
  (972719, 2, 0),
  (980494, 7, 3),
  (991539, 7, 0),
  (994030, 1, 0),
  (997373, 2, 7),
  (998474, 1, 0),
  (1001584, 4, 2),
  (1006110, 7, 0),
  (1017628, 7, 7),
  (1030613, 5, 5),
  (1031421, 3, 7),
  (1033001, 4, 1),
  (1071288, 2, 3),
  (1074031, 4, 3),
  (1074358, 2, 3),
  (1092011, 2, 3),
  (1092364, 5, 1),
  (1103158, 7, 3),
  (1108614, 6, 0),
  (1112058, 2, 1),
  (1112875, 7, 3),
  (1117021, 1, 0),
  (1120806, 1, 4),
  (1137552, 5, 0),
  (1144280, 3, 3),
  (1151785, 6, 0),
  (1152017, 1, 6),
  (1156620, 6, 4),
  (1165311, 3, 7),
  (1182744, 3, 3),
  (1183051, 2, 5),
  (1196906, 0, 0),
  (1205729, 7, 3),
  (1221957, 7, 0),
  (1226916, 4, 3),
  (1229888, 4, 1),
  (1233356, 0, 0),
  (1239301, 2, 3),
  (1244847, 2, 3),
  (1247786, 3, 6),
  (1254841, 1, 1),
  (1268805, 1, 7),
  (1273258, 4, 7),
  (1283440, 5, 2),
  (1299389, 2, 2),
  (1313760, 4, 3),
  (1316384, 6, 0),
  (1326067, 3, 3),
  (1333736, 6, 0),
  (1336143, 1, 4),
  (1345123, 6, 0),
  (1347670, 1, 0),
  (1353630, 2, 6),
  (1356613, 0, 4),
  (1366630, 4, 3),
  (1387359, 5, 4),
  (1391541, 7, 1),
  (1396502, 0, 4),
  (1416229, 4, 1),
  (1426710, 3, 7),
  (1427986, 4, 6),
  (1429852, 7, 7),
  (1461789, 3, 3),
  (1466735, 2, 3),
  (1488824, 1, 2),
  (1489575, 2, 6),
  (1491180, 0, 2),
  (1504059, 0, 3),
  (1509168, 3, 3),
  (1512191, 5, 2),
  (1519825, 2, 2),
  (1537326, 4, 6),
  (1539726, 2, 6),
  (1541319, 6, 0),
  (1541727, 5, 3),
  (1552333, 1, 0),
  (1573429, 1, 1),
  (1573468, 6, 0),
  (1573653, 2, 7),
  (1574109, 7, 7),
  (1576320, 7, 0),
  (1587951, 6, 7),
  (1592682, 3, 7),
  (1600028, 3, 6),
  (1611328, 3, 3),
  (1623354, 1, 7),
  (1632052, 7, 3),
  (1657223, 2, 2),
  (1663167, 7, 0),
  (1664124, 3, 3),
  (1664369, 2, 3),
  (1670657, 2, 3),
  (1675311, 5, 6),
  (1687785, 1, 7),
  (1698677, 4, 4),
  (1703851, 4, 0),
  (1712422, 0, 2),
  (1712777, 6, 0),
  (1718168, 3, 4),
  (1719237, 1, 0),
  (1721894, 6, 4),
  (1722678, 3, 5),
  (1725714, 2, 5),
  (1733499, 2, 6),
  (1744592, 0, 0),
  (1746211, 6, 4),
  (1749183, 3, 5),
  (1758111, 0, 1),
  (1766613, 6, 3),
  (1774396, 1, 7),
  (1777203, 0, 7),
  (1779168, 4, 2),
  (1790685, 0, 4),
  (1791175, 4, 2),
  (1802086, 6, 7),
  (1810014, 0, 5),
  (1812505, 0, 4),
  (1815993, 4, 2),
  (1817060, 3, 3),
  (1820627, 3, 4),
  (1827775, 3, 3),
  (1828324, 5, 6),
  (1833217, 2, 5),
  (1844772, 4, 6),
  (1847818, 7, 3),
  (1849312, 1, 0),
  (1850177, 1, 6),
  (1850698, 4, 3),
  (1851311, 6, 4),
  (1856946, 4, 3),
  (1860326, 2, 3),
  (1869178, 0, 0),
  (1872241, 6, 0),
  (1876225, 6, 2),
  (1879489, 4, 2),
  (1882520, 7, 0),
  (1903998, 6, 4),
  (1917047, 4, 6),
  (1920656, 1, 4),
  (1931707, 2, 3),
  (1933592, 2, 7),
  (1945903, 6, 0),
  (1952445, 6, 4),
  (1958520, 3, 3),
  (1964619, 0, 3),
  (1975193, 1, 4),
  (1977508, 3, 4),
  (1979860, 7, 0),
  (1980311, 4, 4),
  (1981454, 4, 3),
  (1988788, 4, 3),
  (1989337, 1, 7),
  (1989511, 7, 0),
  (1995696, 4, 2),
  (1995846, 4, 6),
  (1998580, 0, 0),
  (2003007, 0, 7),
  (2005693, 0, 0),
  (2013478, 3, 3),
  (2014606, 1, 7),
  (2024055, 6, 0),
  (2025096, 7, 6),
  (2029639, 1, 0),
  (2039165, 7, 4),
  (2042793, 1, 4),
  (2044212, 5, 3),
  (2050973, 7, 0),
  (2057743, 7, 7),
  (2066974, 6, 0),
  (2069916, 4, 2),
  (2073505, 3, 7),
  (2078518, 5, 1),
  (2088396, 4, 2),
  (2112194, 6, 3),
  (2121171, 4, 6),
  (2124837, 7, 0),
  (2131049, 6, 3),
  (2138903, 1, 0),
  (2152632, 1, 0),
  (2152704, 4, 3),
  (2153792, 4, 0),
  (2158742, 7, 0),
  (2160911, 3, 3),
  (2170240, 3, 2),
  (2180682, 7, 7),
  (2182041, 4, 0),
  (2188946, 4, 7),
  (2190703, 0, 0),
  (2192800, 7, 3),
  (2214645, 5, 6),
  (2215034, 5, 6),
  (2217813, 4, 3),
  (2230490, 3, 2),
  (2241655, 7, 7),
  (2255160, 6, 7),
  (2286960, 1, 7),
  (2293885, 0, 4),
  (2297210, 4, 7),
  (2303409, 3, 7),
  (2316125, 0, 5),
  (2318503, 0, 3),
  (2319804, 5, 3),
  (2338510, 0, 0),
  (2339358, 2, 3),
  (2343667, 7, 1),
  (2365186, 6, 0),
  (2372009, 2, 7),
  (2402172, 4, 2),
  (2408042, 1, 4),
  (2412209, 2, 3),
  (2420367, 5, 6),
  (2420482, 7, 6),
  (2428684, 6, 0),
  (2438212, 2, 4),
  (2440977, 2, 3),
  (2444136, 5, 2),
  (2446701, 7, 0),
  (2449686, 4, 7),
  (2455026, 4, 5),
  (2462478, 1, 5),
  (2467739, 2, 7),
  (2470094, 5, 3),
  (2478581, 2, 4),
  (2481717, 1, 2),
  (2502713, 0, 4),
  (2511091, 7, 0),
  (2525262, 2, 7),
  (2538380, 6, 0),
  (2546850, 4, 0),
  (2551020, 5, 0),
  (2551987, 5, 7),
  (2558863, 7, 4),
  (2569140, 3, 6),
  (2571988, 3, 5),
  (2587174, 7, 1),
  (2587352, 6, 3),
  (2592398, 2, 2),
  (2593257, 6, 4),
  (2599093, 5, 3),
  (2603667, 3, 6),
  (2604458, 3, 6),
  (2606062, 2, 5),
  (2606494, 3, 3),
  (2614543, 0, 4),
  (2615257, 7, 1),
  (2620520, 1, 7),
  (2625355, 4, 3),
  (2634428, 1, 3),
  (2645174, 6, 0),
  (2649065, 7, 4),
  (2654877, 1, 4),
  (2659467, 3, 3),
  (2659670, 5, 3),
  (2659695, 5, 3),
  (2665360, 5, 2),
  (2668434, 2, 6),
  (2672498, 7, 0),
  (2683215, 2, 1),
  (2684005, 7, 0),
  (2685100, 4, 2),
  (2699367, 3, 2),
  (2702420, 4, 7),
  (2713046, 2, 3),
  (2717498, 3, 3),
  (2720008, 4, 7),
  (2727807, 2, 6),
  (2729982, 6, 7),
  (2734646, 7, 0),
  (2751280, 4, 3),
  (2755115, 7, 4),
  (2759257, 4, 2),
  (2765045, 2, 7),
  (2771565, 4, 6),
  (2773360, 0, 4),
  (2775446, 7, 3),
  (2780936, 5, 5),
  (2783300, 4, 3),
  (2784760, 2, 3),
  (2801138, 6, 0),
  (2808619, 6, 7),
  (2813194, 5, 3),
  (2814098, 1, 0),
  (2818513, 2, 3),
  (2832155, 1, 0),
  (2832830, 0, 7),
  (2835365, 3, 3),
  (2835618, 5, 3),
  (2838356, 6, 3),
  (2851687, 6, 6),
  (2861782, 7, 7),
  (2864853, 0, 0),
  (2877233, 4, 5),
  (2884755, 0, 4),
  (2885829, 7, 0),
  (2891443, 3, 0),
  (2908504, 3, 6),
  (2913128, 2, 3),
  (2913440, 3, 4),
  (2929722, 3, 3),
  (2932021, 2, 2),
  (2939058, 4, 3),
  (2948568, 3, 0),
  (2956221, 4, 7),
  (2981134, 2, 2),
  (2984432, 5, 3),
  (2988918, 0, 3),
  (2989985, 5, 2),
  (2995962, 4, 7),
  (3002013, 2, 5),
  (3005185, 1, 5),
  (3010972, 1, 7),
  (3017587, 5, 7),
  (3022783, 5, 7),
  (3026620, 5, 1),
  (3032110, 5, 3),
  (3045848, 6, 0),
  (3046057, 4, 0),
  (3046191, 6, 4),
  (3050571, 6, 3),
  (3062556, 6, 4),
  (3104900, 4, 4),
  (3125723, 7, 2),
  (3127130, 5, 2),
  (3132188, 6, 0),
  (3135317, 6, 2),
  (3137047, 7, 0),
  (3141612, 2, 0),
  (3145950, 2, 4),
  (3155457, 0, 0),
  (3157277, 5, 2),
  (3161934, 7, 0),
  (3164213, 2, 1),
  (3168946, 6, 4),
  (3185651, 0, 1),
  (3185865, 4, 6),
  (3186958, 0, 2),
  (3187749, 2, 3),
  (3205437, 3, 4),
  (3206041, 6, 0),
  (3206789, 7, 6),
  (3207512, 3, 2),
  (3213887, 2, 2),
  (3215200, 5, 3),
  (3217223, 0, 3),
  (3239918, 6, 3),
  (3241458, 5, 2),
  (3248819, 0, 0),
  (3249473, 0, 0),
  (3251405, 4, 7),
  (3258032, 6, 0),
  (3260711, 5, 2),
  (3262436, 6, 0),
  (3286149, 4, 3),
  (3291003, 6, 4),
  (3303351, 3, 3),
  (3314999, 6, 4),
  (3315258, 7, 0),
  (3315729, 1, 0),
  (3324288, 2, 6),
  (3328794, 5, 3),
  (3331733, 0, 0),
  (3340833, 6, 7),
  (3344054, 3, 1),
  (3348343, 3, 2),
  (3349153, 5, 6),
  (3352196, 5, 3),
  (3353542, 0, 4),
  (3360511, 0, 3),
  (3368861, 2, 3),
  (3371254, 3, 1),
  (3372673, 5, 7),
  (3372872, 5, 3),
  (3377460, 4, 4),
  (3379906, 0, 5),
  (3380484, 4, 7),
  (3380969, 1, 7),
  (3382769, 1, 0),
  (3388370, 3, 3),
  (3393392, 3, 0),
  (3394236, 1, 7),
  (3400587, 5, 3),
  (3404766, 4, 3),
  (3406403, 1, 0),
  (3406780, 0, 0),
  (3409173, 0, 0),
  (3410130, 0, 7),
  (3413512, 4, 3),
  (3416724, 7, 7),
  (3426351, 4, 3),
  (3428138, 5, 7),
  (3446885, 1, 4),
  (3452858, 7, 7),
  (3460543, 4, 4),
  (3461990, 7, 3),
  (3462051, 1, 0),
  (3473509, 2, 1),
  (3473842, 6, 0),
  (3484843, 4, 3),
  (3495595, 1, 0),
  (3497909, 4, 7),
  (3507164, 2, 3),
  (3512198, 1, 0),
  (3512429, 5, 7),
  (3518576, 7, 4),
  (3523694, 4, 3),
  (3531941, 0, 0),
  (3544583, 5, 3),
  (3544700, 7, 0),
  (3550243, 6, 0),
  (3553354, 6, 0),
  (3568838, 5, 3),
  (3570129, 2, 7),
  (3580012, 1, 3),
  (3590444, 3, 6),
  (3595105, 4, 7),
  (3595751, 6, 4),
  (3597658, 4, 5),
  (3598714, 6, 0),
])
