718 11649 10931
3159 14619 11460
5060 17160 12100
6120 17226 11106
2578 20889 18311
4365 21021 16656
5172 21417 16245
5414 23529 18115
9854 24453 14599
7616 24519 16903
10325 29040 18715
12694 30723 18029
14812 31251 16439
15692 31845 16153
2236 32274 30038
8487 32670 24183
20027 33660 13633
12825 35871 23046
21069 36102 15033
20476 36861 16385
16600 38247 21647
21445 38775 17330
23126 39897 16771
19140 41184 22044
33350 45408 12058
38457 45738 7281
18754 47817 29063
24116 48609 24493
23785 48675 24890
26036 48972 22936
26418 49368 22950
29128 49533 20405
27911 49797 21886
27750 50094 22344
35562 50424 14862
28354 51018 22664
33394 51579 18185
23032 51810 28778
26563 52371 25808
29651 52932 23281
29941 53295 23354
31313 53493 22180
33224 53856 20632
45668 59829 14161
23789 60885 37096
25657 61446 35789
37937 61545 23608
36605 62007 25402
49823 62898 13075
49211 63426 14215
50678 63525 12847
57860 65604 7744
49222 66231 17009
49567 66660 17093
50665 68409 17744
48593 69432 20839
51658 69729 18071
40558 69993 29435
48038 70026 21988
38408 71610 33202
58396 72732 14336
58818 74712 15894
70176 77187 7011
66180 77814 11634
72970 79431 6461
40351 80652 40301
66083 81213 15130
70198 82632 12434
62522 85800 23278
63496 86394 22898
72523 87648 15125
71667 88176 16509
73656 89133 15477
73286 89298 16012
75751 91806 16055
85626 92235 6609
79394 94281 14887
79641 94512 14871
88071 95106 7035
78435 95865 17430
82567 96393 13826
82582 96888 14306
74405 99066 24661
83713 100914 17201
82410 101871 19461
88401 102333 13932
91572 105171 13599
89059 107415 18356
98659 110055 11396
89450 110418 20968
91691 111837 20146
91832 112332 20500
95135 113289 18154
95328 113850 18522
102252 113850 11598
101650 114279 12629
100009 114378 14369
89343 115566 26223
92803 116094 23291
110955 118404 7449
106166 118833 12667
100895 120021 19126
100963 120153 19190
95892 121638 25746
107570 122166 14596
103345 125103 21758
105502 125367 19865
111104 125895 14791
99347 127446 28099
109241 128106 18865
113971 128106 14135
109209 128304 19095
111959 128865 16906
110524 131307 20783
111766 131901 20135
113016 132429 19413
111448 132528 21080
111924 133056 21132
125328 133188 7860
112764 135861 23097
114954 136521 21567
119680 136818 17138
119017 137115 18098
119785 138270 18485
118090 140316 22226
123206 140844 17638
125197 140844 15647
124843 140976 16133
128349 142131 13782
100132 142296 42164
126702 143121 16419
120741 145431 24690
138830 145893 7063
125434 148566 23132
129743 148632 18889
143372 150777 7405
125502 151470 25968
135709 151998 16289
127261 152955 25694
133402 153219 19817
130164 153516 23352
132047 153978 21931
134569 154110 19541
123569 154506 30937
137752 154506 16754
140875 156354 15479
140271 157245 16974
151479 159456 7977
142416 160380 17964
146623 161337 14714
148261 161667 13406
139391 163680 24289
151087 164604 13517
152558 165231 12673
145690 165594 19904
137064 166254 29190
155783 167310 11527
146174 167805 21631
139880 168300 28420
150122 168432 18310
152163 169323 17160
147729 170808 23079
148409 175758 27349
150979 176913 25934
155829 177903 22074
153229 179817 26588
159396 180675 21279
164393 183480 19087
149046 184173 35127
167038 186813 19775
157192 187374 30182
175643 188166 12523
152790 188661 35871
154282 189387 35105
157226 189948 32722
159347 190014 30667
174783 190443 15660
170510 191037 20527
180422 193083 12661
165238 193182 27944
177936 194238 16302
184001 195789 11788
174430 197208 22778
183664 198297 14633
186388 200475 14087
181660 201234 19574
183963 201762 17799
187322 204138 16816
198351 204666 6315
187519 205227 17708
187161 207438 20277
194213 207636 13423
196994 210045 13051
190248 210144 19896
184619 211299 26680
189123 211365 22242
195429 211596 16167
201192 217272 16080
203466 217767 14301
197294 222717 25423
203611 222717 19106
202848 223278 20430
205713 223410 17697
203483 223872 20389
207130 223971 16841
203888 224433 20545
198869 224763 25894
208199 224994 16795
209016 225291 16275
207359 228492 21133
208746 229053 20307
201819 229119 27300
204623 229680 25057
211565 229746 18181
212190 230439 18249
213778 232848 19070
214708 236808 22100
219892 236940 17048
222544 239217 16673
217364 239448 22084
213769 240768 26999
223936 241329 17393
225213 242022 16809
234547 245751 11204
226783 245784 19001
227537 245916 18379
219187 247236 28049
220374 247698 27324
221095 248919 27824
233258 249711 16453
220812 251955 31143
243832 252318 8486
239847 254892 15045
234584 255189 20605
238341 255750 17409
233516 256146 22630
235440 256707 21267
218321 258984 40663
227886 259512 31626
226626 259941 33315
229171 259941 30770
230485 260007 29522
242631 260073 17442
231638 261096 29458
250472 261162 10690
238946 261657 22711
230456 264363 33907
240020 267597 27577
248486 268422 19936
246944 268488 21544
246037 268653 22616
246948 270699 23751
251678 271557 19879
243735 272217 28482
254968 273900 18932
249464 275418 25954
251788 275880 24092
251289 278289 27000
260282 279081 18799
264063 279609 15546
265817 281490 15673
273983 282810 8827
264654 283338 18684
270663 285978 15315
264104 288684 24580
265403 289212 23809
273860 289212 15352
272165 290796 18631
277735 292446 14711
270330 293733 23403
268629 295482 26853
279234 296142 16908
280979 296439 15460
275700 296736 21036
282061 297000 14939
283002 298716 15714
280334 299970 19636
280176 301752 21576
293528 302610 9082
292927 305184 12257
279794 306207 26413
290514 307626 17112
283141 308418 25277
295348 308913 13565
285905 308979 23074
293742 309573 15831
298389 312279 13890
303099 315810 12711
297239 315843 18604
292966 316338 23372
296213 319539 23326
298004 320100 22096
295352 321354 26002
300273 321783 21510
299952 321882 21930
305735 322311 16576
302866 322476 19610
304519 323037 18518
307095 323301 16206
306575 325512 18937
292693 326238 33545
314276 326271 11995
295294 326766 31472
312590 327162 14572
299733 327327 27594
305879 327789 21910
309560 327855 18295
301290 329637 28347
309112 331287 22175
314215 331683 17468
317274 334224 16950
307598 335973 28375
308508 336600 28092
327373 336930 9557
328994 338481 9487
322206 339108 16902
316818 339636 22818
330432 339636 9204
324974 339669 14695
318292 340164 21872
321106 340692 19586
318928 342738 23810
328398 343926 15528
328464 345114 16650
312533 345939 33406
330844 346203 15359
316412 346500 30088
322637 346599 23962
302942 346896 43954
334766 347490 12724
337353 353430 16077
329240 353826 24586
337142 353859 16717
335838 354519 18681
346607 356136 9529
343283 357027 13744
340819 358182 17363
345045 359238 14193
344207 360822 16615
329790 361086 31296
344319 362274 17955
339262 364716 25454
348568 366498 17930
335259 367752 32493
339476 368313 28837
345346 368313 22967
340012 368874 28862
349191 369237 20046
345438 369402 23964
347813 369897 22084
341143 369930 28787
350738 370590 19852
361601 372636 11035
360074 374385 14311
364007 375705 11698
348432 377586 29154
362083 377718 15635
365200 380787 15587
364247 380820 16573
369243 384318 15075
365550 388740 23190
369663 389268 19605
372112 389367 17255
376586 390588 14002
366352 393228 26876
365865 393657 27792
365327 393954 28627
377734 394152 16418
368814 394350 25536
375010 394911 19901
375178 395505 20327
385131 395670 10539
379228 397287 18059
367377 398376 30999
379418 398706 19288
372947 398904 25957
377657 399267 21610
381534 399927 18393
384284 400125 15841
386318 402633 16315
383606 405636 22030
388003 406527 18524
393374 407055 13681
382619 408342 25723
384561 409002 24441
384218 413985 29767
399783 414876 15093
401960 414942 12982
405284 415305 10021
394002 417219 23217
395824 417780 21956
390262 418407 28145
393005 418473 25468
401692 421278 19586
405655 424644 18989
408023 424776 16753
407078 425040 17962
409950 425667 15717
414351 426162 11811
418431 427515 9084
418965 428043 9078
407619 429825 22206
415675 430716 15041
412887 431277 18390
405943 431805 25862
418120 432663 14543
422798 433092 10294
421881 433785 11904
414610 435039 20429
416035 435600 19565
418993 435666 16673
412440 436557 24117
420109 439032 18923
421331 439725 18394
427923 439725 11802
428442 440385 11943
426878 444708 17830
428886 445236 16350
420742 446193 25451
430916 447381 16465
431294 447909 16615
423845 449394 25549
428000 449922 21922
429355 449922 20567
432848 450483 17635
432990 451110 18120
433305 451539 18234
434518 451671 17153
438295 452661 14366
434038 454740 20702
420881 454872 33991
432843 455400 22557
448443 457413 8970
438563 458997 20434
451279 460152 8873
443413 461670 18257
433072 463353 30281
447525 463815 16290
440443 463914 23471
445529 465432 19903
437327 465993 28666
454467 466455 11988
441635 467148 25513
455114 468699 13585
447965 468930 20965
438806 469953 31147
441032 470481 29449
459628 471240 11612
457679 473748 16069
440314 475563 35249
465556 475926 10370
440536 476058 35522
444207 476784 32577
435363 477312 41949
443104 477873 34769
447187 480051 32864
448658 481074 32416
461569 481965 20396
457146 482724 25578
459878 483384 23506
468068 483780 15712
450137 483945 33808
463942 484605 20663
462939 485199 22260
464595 485265 20670
467137 487014 19877
471541 487575 16034
470639 488202 17563
467792 488499 20707
474092 488730 14638
476555 490017 13462
484854 491766 6912
467536 491865 24329
463845 491931 28086
477830 492558 14728
480549 498927 18378
455245 499521 44276
485286 500049 14763
470660 501633 30973
472832 502722 29890
473842 503250 29408
473734 503481 29747
486819 504042 17223
490154 505461 15307
481089 506781 25692
492746 510048 17302
494533 510609 16076
482758 513810 31052
488679 514074 25395
486904 514338 27434
479820 514602 34782
499708 516648 16940
489948 516879 26931
486430 517572 31142
496928 518067 21139
491522 518100 26578
497253 518628 21375
496830 518661 21831
497398 519156 21758
495115 519882 24767
498089 520443 22354
497728 521004 23276
497773 522357 24584
509790 522390 12600
497060 523017 25957
490025 523644 33619
516984 524700 7716
519204 527604 8400
504539 527901 23362
509314 528396 19082
513871 529452 15581
504306 531003 26697
513992 531201 17209
494400 532950 38550
496776 533313 36537
507774 533313 25539
504997 533511 28514
512689 533808 21119
512112 534039 21927
516350 534600 18250
494383 536514 42131
515269 537801 22532
515598 537900 22302
529612 538032 8420
523392 538923 15531
521635 539682 18047
521907 541266 19359
528424 541794 13370
524550 544467 19917
506487 544995 38508
543280 551133 7853
533583 551958 18375
539980 554895 14915
526929 555159 28230
542566 555423 12857
537333 555555 18222
539421 557436 18015
544350 557964 13614
529564 558294 28730
548643 558294 9651
544877 558492 13615
545057 558690 13633
531843 559350 27507
536361 561693 25332
550934 561825 10891
537874 562287 24413
541049 562914 21865
528285 565554 37269
549547 566115 16568
542841 568458 25617
544786 568788 24002
554375 568821 14446
543113 569184 26071
551213 569316 18103
538021 569745 31724
551226 569910 18684
551728 569976 18248
557626 570999 13373
543803 572517 28714
531278 572946 41668
558529 573507 14978
554706 573705 18999
565008 578391 13383
550846 579348 28502
548759 582252 33493
561687 582549 20862
556489 582780 26291
555185 583077 27892
564106 583209 19103
569015 584100 15085
566861 585420 18559
571416 588291 16875
576061 590337 14276
574474 590865 16391
571669 590997 19328
571801 593538 21737
575687 593703 18016
577485 594132 16647
569222 597333 28111
574214 602778 28564
579482 604098 24616
590097 605649 15552
583041 606804 23763
587965 607332 19367
584217 608652 24435
573756 608949 35193
586308 609378 23070
587678 610104 22426
588958 610731 21773
587277 611886 24609
583647 612150 28503
584415 612744 28329
592311 614295 21984
592644 614889 22245
585509 615450 29941
602458 620631 18173
605982 621159 15177
607217 621687 14470
607746 622248 14502
610847 622248 11401
610694 622776 12082
596667 623568 26901
598271 624228 25957
596493 625614 29121
597985 625614 27629
606358 626142 19784
609377 626208 16831
591199 627462 36263
595492 628023 32531
606539 628584 22045
595351 628914 33563
611523 629112 17589
596491 629343 32852
613108 629640 16532
604478 629904 25426
595406 630003 34597
598647 630597 31950
599752 631125 31373
621482 632643 11161
615439 633831 18392
625072 635448 10376
622561 637758 15197
617445 638088 20643
629073 639639 10566
622511 640233 17722
599095 641982 42887
588636 642510 53874
624121 643104 18983
615475 643467 27992
631548 643896 12348
620472 644028 23556
622876 646305 23429
615297 646833 31536
604569 647262 42693
610314 647823 37509
631889 647823 15934
621068 648450 27382
620636 648747 28111
625571 648978 23407
621226 649308 28082
625848 651849 26001
623124 652542 29418
636917 655050 18133
636133 655248 19115
625251 657129 31878
632325 657657 25332
632796 658020 25224
638244 658350 20106
631162 660759 29597
628032 660891 32859
632482 661320 28838
639908 661452 21544
631214 661551 30337
636993 661848 24855
637018 662112 25094
643089 662244 19155
626107 664554 38447
638721 664686 25965
639516 665280 25764
652232 665313 13081
641435 665577 24142
649822 665907 16085
638040 666138 28098
656043 668580 12537
667672 675180 7508
664363 678249 13886
658907 678447 19540
658707 678645 19938
664508 678810 14302
661061 684519 23458
673668 684651 10983
665392 685839 20447
670565 687489 16924
662255 687720 25465
671460 688083 16623
666257 688281 22024
669774 690888 21114
679185 691020 11835
680085 691350 11265
677753 695541 17788
685613 697323 11710
669815 698940 29125
679940 699204 19264
691616 699567 7951
688862 701481 12619
685811 701844 16033
689232 702735 13503
675794 706134 30340
680365 706662 26297
691745 708114 16369
694437 708609 14172
691721 709269 17548
705853 712866 7013
692087 712998 20911
696281 713361 17080
698704 715077 16373
700535 715935 15400
704335 716133 11798
701422 716529 15107
702250 719367 17117
702728 719928 17200
704613 719994 15381
698473 720390 21917
699843 720951 21108
699821 724185 24364
696728 724713 27985
714280 725076 10796
703879 725241 21362
712061 725307 13246
710582 725769 15187
707276 727254 19978
714772 727518 12746
712855 731379 18524
716464 732072 15608
724313 733293 8980
714521 733920 19399
721858 734250 12392
719528 734844 15316
717749 737022 19273
725632 739728 14096
726082 740916 14834
721919 741741 19822
730010 743622 13612
730027 743820 13793
725298 743985 18687
726756 744546 17790
723086 747021 23935
723797 747516 23719
730840 748242 17402
735393 750849 15456
736864 751971 15107
727939 754809 26870
740765 755205 14440
728622 755403 26781
736299 757119 20820
740065 757680 17615
734049 758142 24093
742963 758241 15278
729938 758406 28468
736279 759594 23315
740337 761442 21105
741542 762003 20461
742427 762564 20137
748427 764313 15886
750988 765270 14282
752443 767382 14939
742665 768240 25575
742875 768339 25464
747101 769560 22459
748318 770154 21836
735559 771045 35486
733328 772068 38740
747152 772662 25510
739976 772827 32851
749168 772860 23692
752405 773289 20884
753849 773784 19935
746208 776490 30282
751954 776985 25031
767084 777612 10528
761962 777645 15683
745678 777777 32099
754026 778305 24279
755440 778668 23228
756838 778899 22061
761983 779328 17345
772734 781836 9102
769358 782562 13204
763895 784014 20119
773792 785268 11476
755697 786720 31023
760184 787809 27625
764401 787908 23507
770387 788436 18049
757821 791241 33420
751757 791637 39880
773708 791769 18061
763669 792330 28661
780198 794145 13947
780937 795498 14561
778128 797148 19020
776252 797808 21556
779083 799161 20078
780650 799788 19138
772105 801504 29399
787543 801867 14324
777449 802362 24913
780886 802890 22004
800132 807840 7708
795934 808038 12104
787916 811602 23686
791592 812625 21033
792130 813219 21089
785382 814506 29124
800182 815397 15215
800387 817113 16726
802959 818598 15639
799318 819588 20270
804395 819852 15457
804649 820842 16193
797841 821799 23958
815060 825792 10732
801883 826716 24833
808238 827178 18940
813498 827442 13944
800589 828828 28239
802810 829356 26546
805823 829455 23632
816566 830082 13516
803720 832722 29002
814294 833250 18956
822729 834438 11709
815837 836484 20647
815923 836550 20627
813318 837177 23859
823509 837441 13932
821470 837573 16103
813334 837771 24437
826530 838002 11472
828175 843315 15140
833295 846780 13485
825369 847176 21807
833397 847836 14439
814424 850377 35953
827223 850938 23715
831224 852060 20836
836168 853083 16915
829952 853611 23659
840676 853776 13100
835086 854271 19185
836436 854832 18396
836260 858066 21806
839244 860541 21297
839220 861168 21948
852673 862521 9848
847898 864237 16339
850019 866118 16099
848560 866415 17855
837502 866646 29144
845060 867240 22180
853324 867372 14048
840829 867438 26609
848956 867999 19043
855142 868032 12890
856726 875358 18632
856783 875886 19103
847026 876843 29817
860492 877965 17473
860639 878229 17590
861959 878493 16534
864993 879021 14028
860107 879549 19442
867583 879549 11966
860157 880110 19953
861921 880704 18783
858341 881430 23089
859826 881793 21967
873264 884499 11235
878938 885192 6254
877817 890208 12391
867033 891231 24198
868986 891726 22740
880453 892122 11669
871683 892254 20571
875903 892650 16747
872776 892914 20138
864658 893013 28355
876267 893277 17010
879795 893805 14010
877791 893838 16047
869060 896511 27451
885350 896544 11194
882678 899217 16539
885444 900306 14862
891646 901923 10277
895485 907137 11652
881046 907467 26421
891481 909414 17933
897899 911889 13990
885686 912615 26929
904022 913671 9649
883646 913704 30058
895080 914232 19152
905951 914694 8743
892299 915255 22956
903971 917466 13495
879227 918588 39361
903588 920832 17244
900462 922251 21789
907543 923538 15995
903181 924363 21182
901005 924891 23886
902040 924891 22851
901610 925353 23743
904025 928125 24100
904211 928554 24343
913223 928686 15463
909496 929709 20213
921848 932019 10171
905981 934692 28711
918207 935847 17640
918115 939906 21791
920398 940302 19904
921404 940335 18931
925138 940962 15824
925579 941094 15515
926171 941193 15022
928681 941358 12677
916402 943503 27101
920155 944295 24140
920368 944889 24521
933749 946209 12460
935566 948354 12788
919683 949509 29826
932881 950334 17453
926475 951720 25245
927476 952281 24805
916037 952875 36838
936217 953436 17219
927641 954789 27148
931901 955317 23416
933706 955614 21908
936065 956142 20077
934933 956637 21704
946831 957561 10730
945881 958551 12670
937884 959310 21426
942767 959838 17071
943872 960366 16494
941296 963039 21743
947333 965943 18610
948342 967197 18855
949369 968220 18851
955401 968748 13347
956317 969672 13355
953324 971355 18031
961807 973863 12056
962508 974391 11883
960018 974655 14637
959835 976866 17031
962486 977460 14974
968622 977559 8937
967250 980661 13411
963595 980694 17099
964095 981222 17127
968573 981222 12649
962162 983862 21700
969795 987624 17829
964318 988185 23867
981467 991254 9787
970122 991419 21297
975060 991881 16821
974940 992046 17106
962964 992409 29445
981310 995610 14300
981217 999009 17792
981016 1001979 20963
982187 1002210 20023
987724 1002507 14783
983868 1003365 19497
989990 1005543 15553
986837 1005708 18871
996953 1006104 9151
990841 1006269 15428
990930 1006863 15933
994101 1007490 13389
1005470 1012803 7333
998300 1013397 15097
1003315 1016565 13250
997577 1016829 19252
1003472 1017093 13621
997415 1018182 20767
995460 1018215 22755
992676 1018314 25638
1003406 1018875 15469
993746 1019040 25294
998313 1019535 21222
1005153 1020294 15141
1006281 1025046 18765
1017799 1025640 7841
1009334 1028445 19111
1013852 1030887 17035
1013825 1031679 17854
1015429 1032438 17009
1023451 1033956 10505
1017278 1034385 17107
1020364 1035639 15275
1010204 1036299 26095
1007962 1036827 28865
1017481 1037751 20270
1018677 1038345 19668
1022620 1038345 15725
1026383 1039962 13579
1023088 1040919 17831
1023167 1041447 18280
1035119 1041744 6625
1025677 1042437 16760
1024167 1043922 19755
1025103 1044417 19314
1026417 1045671 19254
1022878 1047948 25070
1023096 1048509 25413
1020330 1049400 29070
1017937 1050819 32882
1018898 1051380 32482
1023589 1051743 28154
1020670 1051842 31172
1033161 1052337 19176
1034769 1052502 17733
1036642 1052898 16256
1024189 1053195 29006
1025984 1053756 27772
1026444 1055703 29259
1031703 1056990 25287
1016860 1057518 40658
1040508 1058046 17538
1042017 1058541 16524
1034399 1059036 24637
1034693 1059630 24937
1044637 1060191 15554
1036525 1060323 23798
1046753 1062600 15847
1037651 1062864 25213
1050519 1063392 12873
1040818 1065108 24290
1038521 1068903 30382
1041389 1069431 28042
1048020 1070025 22005
1049142 1070586 21444
1056282 1070586 14304
1046373 1070982 24609
1053798 1073325 19527
1049287 1073787 24500
1052277 1074348 22071
1058558 1074876 16318
1059535 1075404 15869
1061258 1075899 14641
1061893 1076493 14600
1055633 1076988 21355
1055869 1077582 21713
1053951 1078242 24291
1054253 1078341 24088
1061016 1079232 18216
1067949 1083060 15111
1050685 1084116 33431
1061116 1084644 23528
1064364 1085238 20874
1067671 1085832 18161
1071416 1086030 14614
1051810 1087911 36101
1063361 1089033 25672
1068006 1089561 21555
1069344 1090155 20811
1058921 1090617 31696
1062067 1091145 29078
1066720 1092135 25415
1064507 1092201 27694
1062336 1092432 30096
1069066 1092696 23630
1072348 1092762 20414
1072639 1093323 20684
1067327 1095930 28603
1068433 1096524 28091
1071485 1097085 25600
1090820 1098702 7882
1088104 1099362 11258
1073789 1100319 26530
1078320 1100880 22560
1082446 1101276 18830
1080716 1101474 20758
1095886 1102563 6677
1085876 1104510 18634
1077066 1104675 27609
1079454 1106424 26970
1078041 1107810 29769
1073460 1109625 36165
1097435 1110516 13081
1099872 1110780 10908
1090134 1112958 22824
1098980 1113057 14077
1090414 1113486 23072
1089289 1113618 24329
1094259 1114014 19755
1086915 1116819 29904
1073460 1116951 43491
1095339 1117215 21876
1085427 1117413 31986
1094664 1118106 23442
1107317 1119525 12208
1097061 1121307 24246
1108236 1124013 15777
1111590 1127709 16119
1104144 1128303 24159
1090726 1128468 37742
1107864 1128600 20736
1099218 1129029 29811
1113504 1129128 15624
1111268 1132263 20995
1108774 1132362 23588
1113287 1132824 19537
1114496 1132923 18427
1104938 1133517 28579
1109297 1133913 24616
1108033 1133979 25946
1123299 1134441 11142
1113957 1134705 20748
1114145 1135233 21088
1106299 1137642 31343
1106371 1138236 31865
1109989 1138863 28874
1127332 1139391 12059
1117344 1141470 24126
1131773 1142724 10951
1136928 1143384 6456
1126783 1144209 17426
1118972 1144638 25666
1134490 1145331 10841
1129010 1145892 16882
1126367 1148367 22000
1124523 1148499 23976
1125332 1149027 23695
1140376 1149060 8684
1130896 1149456 18560
1134207 1152228 18021
1139122 1152888 13766
1131840 1153284 21444
1140422 1155792 15370
1121194 1156485 35291
1135264 1156881 21617
1137071 1157013 19942
1138408 1157508 19100
1142262 1158036 15774
1148846 1158564 9718
1131438 1158861 27423
1142144 1160082 17938
1140690 1160742 20052
1145468 1162590 17122
1151701 1163316 11615
1148461 1165791 17330
1149953 1166319 16366
1139540 1170378 30838
1157212 1171137 13925
1154545 1171368 16823
1152273 1172259 19986
1153783 1174305 20522
1147320 1174833 27513
1163923 1175031 11108
1160912 1175394 14482
1166504 1177572 11068
1163267 1178232 14965
1144840 1179750 34910
1156674 1180278 23604
1169176 1180674 11498
1159042 1181433 22391
1167085 1182555 15470
1170980 1182753 11773
1171410 1183116 11706
1166859 1184139 17280
1171186 1185459 14273
1163418 1186482 23064
1162907 1191762 28855
1169211 1192389 23178
1174972 1192686 17714
1183124 1194600 11476
1174176 1195590 21414
1182296 1196151 13855
1186186 1198560 12374
1181337 1198890 17553
1184546 1202685 18139
1183198 1204038 20840
1192008 1206183 14175
1194550 1206513 11963
1185743 1207932 22189
1188557 1208460 19903
1196207 1209351 13144
1190007 1211694 21687
1191042 1211826 20784
1185657 1212552 26895
1191108 1212882 21774
1197553 1212948 15395
1198742 1213080 14338
1201992 1215885 13893
1202043 1216083 14040
1189156 1217865 28709
1212611 1219218 6607
1207969 1220703 12734
1195625 1222452 26827
1197417 1222980 25563
1195331 1223706 28375
1184335 1224201 39866
1203107 1224366 21259
1192340 1224729 32389
1216347 1225719 9372
1190787 1227303 36516
1203658 1230900 27242
1209559 1232022 22463
1213987 1232418 18431
1216934 1233045 16111
1224007 1235751 11744
1228818 1236246 7428
1213805 1236708 22903
1215060 1237269 22209
1216922 1237863 20941
1219654 1238259 18605
1217181 1239810 22629
1218500 1240635 22135
1222304 1241163 18859
1215665 1241493 25828
1224281 1241691 17410
1226323 1242087 15764
1226788 1242516 15728
1215759 1242648 26889
1227793 1242714 14921
1228515 1243242 14727
1226381 1243968 17587
1224390 1245123 20733
1224213 1245915 21702
1238209 1251921 13712
1231133 1252119 20986
1227705 1253274 25569
1243172 1253472 10300
1238109 1255320 17211
1224611 1256475 31864
1228578 1257003 28425
1233794 1257729 23935
1238480 1258059 19579
1244292 1260732 16440
1251924 1263867 11943
1245933 1264560 18627
1251602 1266540 14938
1253094 1267035 13941
1241270 1267761 26491
1248251 1268322 20071
1234347 1269774 35427
1249590 1270269 20679
1234421 1270335 35914
1253142 1270830 17688
1248393 1270929 22536
1253299 1270929 17630
1245233 1271193 25960
1252990 1271457 18467
1246830 1271721 24891
1248318 1271919 23601
1267335 1273998 6663
1248334 1274658 26324
1256526 1275219 18693
1260306 1275714 15408
1255273 1278882 23609
1251500 1278915 27415
1259192 1279377 20185
1248765 1279443 30678
1256146 1281984 25838
1270249 1282182 11933
1261574 1282578 21004
1269968 1283601 13633
1270849 1284129 13280
1277556 1284822 7266
1278381 1286076 7695
1233078 1288056 54978
1251523 1288617 37094
1266525 1289277 22752
1267071 1289871 22800
1261864 1290729 28865
1264864 1291290 26426
1266287 1291851 25564
1264936 1291917 26981
1266967 1292412 25445
1258052 1293105 35053
1271070 1295118 24048
1271669 1295646 23977
1286846 1297296 10450
1290678 1298352 7674
1287583 1298682 11099
1280232 1300068 19836
1280620 1301091 20471
1273392 1301553 28161
1284618 1301586 16968
1285717 1303269 17552
1288648 1303797 15149
1282930 1304754 21824
1295218 1305414 10196
1295263 1308219 12956
1296341 1311123 14782
1294971 1311453 16482
1297288 1311618 14330
1305044 1314489 9445
1296709 1314951 18242
1295422 1315083 19661
1306058 1315182 9124
1295438 1315644 20206
1300473 1315710 15237
1294026 1318878 24852
1301551 1318944 17393
1304697 1319373 14676
1297943 1319406 21463
1307831 1322244 14413
1305916 1322475 16559
1306863 1323036 16173
1298839 1325709 26870
1310091 1326963 16872
1310844 1328019 17175
1307384 1328547 21163
1296095 1328844 32749
1315393 1329042 13649
1299630 1329405 29775
1308880 1329999 21119
1315781 1332045 16264
1313318 1332606 19288
1315149 1332804 17655
1307068 1333233 26165
1321495 1335543 14048
1307714 1335840 28126
1316969 1335939 18970
1313431 1336368 22937
1320326 1336896 16570
1324110 1336896 12786
1316144 1337523 21379
1324573 1338513 13940
1312878 1338942 26064
1327169 1342143 14974
1319350 1344453 25103
1317353 1348050 30697
1338239 1349337 11098
1328284 1351548 23264
1328643 1352109 23466
1331036 1352538 21502
1338940 1352703 13763
1331454 1353099 21645
1336852 1353627 16775
1332986 1353660 20674
1340388 1355772 15384
1325505 1355904 30399
1334062 1356432 22370
1334226 1357059 22833
1336334 1358742 22408
1350718 1361976 11258
1336882 1362108 25226
1336375 1363890 27515
1349275 1364517 15242
1354968 1364814 9846
1340126 1365078 24952
1347860 1365474 17614
1343164 1367751 24587
1344826 1368279 23453
1348005 1368312 20307
1347021 1368378 21357
1351555 1368807 17252
1345483 1370985 25502
1358585 1371018 12433
1338981 1371645 32664
1350502 1374384 23882
1355767 1374615 18848
1359538 1375176 15638
1352600 1375539 22939
1356363 1376298 19935
1371738 1378311 6573
1363454 1379499 16045
1355889 1379598 23709
1362134 1383492 21358
1361968 1385043 23075
1372301 1385472 13171
1363965 1385736 21771
1377771 1386198 8427
1363447 1386330 22883
1363210 1387914 24704
1369844 1388343 18499
1381347 1388772 7425
1352340 1389531 37191
1359273 1390059 30786
1363518 1390653 27135
1366666 1391049 24383
1364615 1391214 26599
1366151 1391280 25129
1371323 1392006 20683
1358206 1392138 33932
1371807 1392633 20826
1373856 1393128 19272
1376081 1394019 17938
1385293 1394844 9551
1372489 1396362 23873
1386912 1397913 11001
1381533 1399497 17964
1351475 1401114 49639
1383711 1402731 19020
1379361 1403094 23733
1356648 1406295 49647
1387806 1406493 18687
1381257 1406823 25566
1388907 1406889 17982
1387303 1407252 19949
1390204 1407417 17213
1402909 1409562 6653
1383158 1409991 26833
1391703 1410123 18420
1382300 1413225 30925
1385862 1413786 27924
1396760 1414908 18148
1376300 1415271 38971
1384587 1415403 30816
1397120 1416360 19240
1403943 1417383 13440
1391674 1418538 26864
1405670 1420584 14914
1393607 1423785 30178
1416764 1426491 9727
1408067 1426689 18622
1403690 1426755 23065
1410034 1427580 17546
1408240 1429956 21716
1419714 1430352 10638
1420543 1432728 12185
1412518 1434576 22058
1416247 1435929 19682
1415658 1437447 21789
1415989 1438008 22019
1416178 1438569 22391
1420850 1438635 17785
1432028 1438701 6673
1419203 1439130 19927
1421173 1439691 18518
1426505 1442430 15925
1426503 1443189 16686
1434986 1445499 10513
1421060 1446390 25330
1422866 1447479 24613
1427659 1447578 19919
1435811 1448469 12658
1432576 1450251 17675
1434240 1451307 17067
1448034 1455102 7068
1422744 1456554 33810
1434471 1457016 22545
1438355 1457544 19189
1447406 1460283 12877
1429904 1460778 30874
1444315 1460910 16595
1440706 1463616 22910
1429553 1463979 34426
1432261 1464507 32246
1443580 1464672 21092
1439667 1466586 26919
1455792 1467807 12015
1452370 1467906 15536
1449505 1468170 18665
1436953 1469787 32834
1442416 1470315 27899
1457317 1470876 13559
1454947 1471866 16919
1445588 1474077 28489
1468109 1474737 6628
1448132 1475925 27793
1449895 1476486 26591
1455503 1477113 21610
1448369 1477278 28909
1459337 1477476 18139
1460657 1478565 17908
1469714 1479819 10105
1464943 1480413 15470
1461370 1482921 21551
1469208 1485627 16419
1479086 1485693 6607
1467927 1487244 19317
1468689 1487838 19149
1473901 1488366 14465
1475609 1488861 13252
1477872 1488861 10989
1478362 1489884 11522
1464168 1493250 29082
1478169 1493382 15213
1472799 1494438 21639
1473343 1495032 21689
1481897 1495197 13300
1483531 1495494 11963
1473379 1495659 22280
1466287 1498233 31946
1477865 1499058 21193
1478118 1499652 21534
1479523 1500279 20756
1489253 1500807 11554
1486409 1502589 16180
1483852 1503579 19727
1491007 1503579 12572
1498320 1504965 6645
1482424 1505790 23366
1490261 1506813 16552
1488949 1507902 18953
1473938 1508991 35053
1486334 1513512 27178
1508668 1514931 6263
1495810 1516449 20639
1497244 1516515 19271
1507261 1518726 11465
1502647 1519782 17135
1511941 1519848 7907
1499489 1520178 20689
1503667 1521696 18029
1504427 1523313 18886
1512118 1524402 12284
1518981 1525986 7005
1511016 1526250 15234
1510495 1529187 18692
1502556 1529451 26895
1511019 1529649 18630
1515501 1529781 14280
1518433 1529814 11381
1513739 1532157 18418
1510453 1532355 21902
1511593 1532916 21323
1519495 1533972 14477
1513151 1535589 22438
1519731 1536117 16386
1518789 1539285 20496
1525587 1539747 14160
1522458 1540143 17685
1526078 1540275 14197
1521730 1541166 19436
1528465 1543278 14813
1527860 1543872 16012
1523839 1546479 22640
1534787 1547535 12748
1516541 1548723 32182
1520157 1549284 29127
1522074 1551429 29355
1519515 1551858 32343
1525984 1552947 26963
1532423 1554498 22075
1531926 1555059 23133
1538919 1555488 16569
1533555 1556181 22626
1534746 1556247 21501
1543643 1556709 13066
1531479 1557039 25560
1533301 1557534 24233
1537880 1558062 20182
1549616 1559085 9469
1536301 1560306 24005
1538118 1560999 22881
1545113 1561593 16480
1531787 1561791 30004
1531744 1562319 30575
1529396 1562352 32956
1546234 1564200 17966
1544162 1564497 20335
1544354 1565058 20704
1557870 1566411 8541
1548452 1567401 18949
1542194 1569612 27418
1557256 1569909 12653
1550030 1570140 20110
1548351 1570206 21855
1529702 1573374 43672
1555125 1573902 18777
1558614 1574496 15882
1556183 1574727 18544
1553629 1574991 21362
1558640 1575057 16417
1553811 1575420 21609
1563687 1577598 13911
1572763 1580733 7970
1574957 1582284 7327
1565536 1582812 17276
1576329 1582944 6615
1571512 1585056 13544
1567060 1585386 18326
1562996 1585914 22918
1560430 1588785 28355
1565524 1591590 26066
1577186 1592415 15229
1578754 1592943 14189
1567411 1595418 28007
1579582 1596144 16562
1583122 1596804 13682
1586571 1598718 12147
1576072 1600071 23999
1576459 1600632 24173
1586874 1601160 14286
1580586 1601424 20838
1578758 1601952 23194
1579682 1602513 22831
1590636 1602843 12207
1580953 1603107 22154
1582211 1604394 22183
1589798 1604922 15124
1588312 1610433 22121
1593969 1610433 16464
1591149 1610928 19779
1604577 1613964 9387
1583659 1614360 30701
1585985 1614360 28375
1606841 1615053 8212
1588935 1617066 28131
1595194 1617429 22235
1594544 1617561 23017
1594556 1618089 23533
1598106 1618089 19983
1609864 1620498 10634
1602495 1621059 18564
1603978 1621653 17675
1613406 1622049 8643
1613945 1622643 8698
1610547 1622775 12228
1589778 1625118 35340
1595516 1625679 30163
1600743 1626306 25563
1609585 1626339 16754
1614136 1629408 15272
1609437 1631916 22479
1606680 1632576 25896
1609412 1633071 23659
1613570 1634259 20689
1611340 1635117 23777
1611902 1635711 23809
1612683 1636272 23589
1619631 1636635 17004
1619783 1639836 20053
1605074 1640100 35026
1621751 1640562 18811
1621894 1641222 19328
1624824 1641783 16959
1625006 1642179 17173
1636638 1648581 11943
1625080 1649373 24293
1628128 1649835 21707
1626297 1650429 24132
1643131 1650528 7397
1619314 1653036 33722
1643567 1653333 9766
1639455 1653663 14208
1646224 1654917 8693
1632003 1656237 24234
1637657 1656567 18910
1634819 1656765 21946
1650812 1657062 6250
1635149 1658118 22969
1641956 1658184 16228
1642059 1659207 17148
1632941 1659240 26299
1642162 1660395 18233
1642569 1660956 18387
1647049 1661913 14864
1637470 1663662 26192
1649591 1663992 14401
1641533 1664058 22525
1648830 1664883 16053
1638091 1667160 29069
1653098 1667292 14194
1650922 1669998 19076
1651936 1670493 18557
1653498 1671021 17523
1667045 1673298 6253
1657658 1673760 16102
1655434 1676697 21263
1660292 1677357 17065
1658647 1677390 18743
1670457 1679271 8814
1662502 1680624 18122
1663535 1680954 17419
1676282 1684188 7906
1670540 1684683 14143
1654535 1686960 32425
1670725 1687389 16664
1660784 1687488 26704
1655815 1687884 32069
1671597 1687950 16353
1664724 1688412 23688
1674126 1688511 14385
1667276 1689303 22027
1670644 1690722 20078
1672732 1691250 18518
1671500 1691712 20212
1666681 1694847 28166
1669430 1695375 25945
1688211 1695606 7395
1669992 1695969 25977
1678864 1697091 18227
1686921 1698279 11358
1685474 1699995 14521
1685031 1702305 17274
1684545 1702701 18156
1688698 1703262 14564
1687177 1704120 16943
1679147 1704285 25138
1675753 1705308 29555
1686978 1705341 18363
1680814 1705869 25055
1689575 1708212 18637
1675347 1708344 32997
1689487 1714020 24533
1698414 1714317 15903
1692135 1714548 22413
1691748 1715109 23361
1674054 1715175 41121
1696794 1715835 19041
1692093 1717023 24930
1699137 1718046 18909
1700243 1718541 18298
1701516 1718607 17091
1695054 1719036 23982
1704273 1719069 14796
1703168 1719597 16429
1699574 1721511 21937
1691891 1722303 30412
1693820 1722402 28582
1715575 1723128 7553
1701046 1723557 22511
1703022 1725999 22977
1706871 1726362 19491
1721638 1728276 6638
1701677 1729002 27325
1718861 1730025 11164
1723875 1730487 6612
1717290 1733094 15804
1712283 1733358 21075
1707292 1736559 29267
1713744 1737153 23409
1714172 1737285 23113
1719409 1737846 18437
1716595 1740222 23627
1717614 1740816 23202
1724772 1741080 16308
1728910 1741344 12434
1722833 1741443 18610
1725242 1741443 16201
1726912 1742004 15092
1714070 1744380 30310
1723560 1745106 21546
1739872 1747581 7709
1728211 1748307 20096
1731521 1748835 17314
1724719 1749264 24545
1733082 1752366 19284
1733227 1752399 19172
1732235 1752465 20230
1737825 1753587 15762
1731204 1753620 22416
1732684 1754610 21926
1731840 1756887 25047
1721225 1757811 36586
1724967 1757844 32877
1735760 1758405 22645
1750388 1759725 9337
1746746 1761144 14398
1747201 1763454 16253
1740080 1763619 23539
1741035 1764246 23211
1743703 1767447 23744
1744487 1767975 23488
1747636 1768008 20372
1733655 1768536 34881
1749874 1768569 18695
1742628 1769889 27261
1749667 1770450 20783
1736540 1771275 34735
1761754 1772364 10610
1756853 1773354 16501
1763130 1773453 10323
1760847 1774245 13398
1763516 1776621 13105
1757584 1777446 19862
1757731 1777677 19946
1756384 1777809 21425
1762922 1779822 16900
1748121 1779888 31767
1756378 1780449 24071
1753962 1780515 26553
1757201 1781571 24370
1774573 1781967 7394
1762681 1782132 19451
1762104 1785168 23064
1775025 1787313 12288
1778736 1787841 9105
1772383 1788963 16580
1777820 1790052 12232
1772526 1791372 18846
1778326 1791405 13079
1773227 1792164 18937
1779340 1793022 13682
1774419 1795959 21540
1775830 1796586 20756
1782667 1797147 14480
1783517 1797378 13861
1786235 1798005 11770
1771810 1800381 28571
1795440 1801833 6393
1786541 1803648 17107
1791468 1804176 12708
1792260 1805265 13005
1797760 1806915 9155
1792904 1807443 14539
1791546 1809225 17679
1781791 1810116 28325
1788081 1810644 22563
1782964 1810677 27713
1786954 1811271 24317
1798791 1811535 12744
1791543 1811700 20157
1792473 1811832 19359
1794715 1812360 17645
1784849 1815066 30217
1797452 1815330 17878
1798128 1816122 17994
1788529 1816419 27890
1806308 1816452 10144
1792645 1816617 23972
1799744 1816716 16972
1793949 1817970 24021
1806692 1820874 14182
1807250 1821435 14185
1802685 1822821 20136
1798187 1827639 29452
1807032 1827936 20904
1804229 1828134 23905
1812620 1828299 15679
1807868 1828530 20662
1810897 1828662 17765
1808309 1828794 20485
1813587 1829289 15702
1816045 1831731 15686
1810366 1833282 22916
1804974 1835064 30090
1796640 1835988 39348
1817593 1837044 19451
1827854 1838034 10180
1831695 1839420 7725
1832501 1839948 7447
1825628 1840146 14518
1817212 1842852 25640
1819363 1843413 24050
1820317 1844007 23690
1824384 1844106 19722
1826904 1844634 17730
1826127 1846845 20718
1824155 1847208 23053
1828673 1847373 18700
1824435 1847736 23301
1816479 1847868 31389
1829214 1848297 19083
1827309 1849254 21945
1839437 1854369 14932
1843434 1855524 12090
1841454 1856910 15456
1839173 1858164 18991
1839453 1858692 19239
1845462 1859814 14352
1837078 1859913 22835
1831770 1861893 30123
1842098 1862190 20092
1841540 1862421 20881
1847390 1862850 15460
1847712 1863378 15666
1849716 1863741 14025
1847332 1865094 17762
1838228 1865160 26932
1840817 1866216 25399
1829869 1866315 36446
1831150 1866876 35726
1851607 1867239 15632
1834994 1867470 32476
1852009 1867569 15560
1854802 1871661 16859
1862703 1875555 12852
1861420 1876380 14960
1856984 1878624 21640
1861317 1878723 17406
1859691 1879251 19560
1858586 1879548 20962
1860889 1879746 18857
1869412 1882452 13040
1859356 1882650 23294
1863678 1883343 19665
1856782 1885917 29135
1868449 1886577 18128
1881211 1888920 7709
1864490 1890471 25981
1873843 1892121 18278
1873253 1892319 19066
1874584 1892682 18098
1868928 1892847 23919
1877546 1893441 15895
1877840 1893672 15832
1875829 1893870 18041
1874552 1894200 19648
1876950 1895916 18966
1879695 1896477 16782
1871102 1896642 25540
1876409 1899678 23269
1891223 1903473 12250
1896703 1903671 6968
1884891 1904463 19572
1898219 1904529 6310
1893698 1906575 12877
1874846 1906674 31828
1891991 1908225 16234
1884493 1910469 25976
1897154 1911327 14173
1890946 1911459 20513
1902847 1911756 8909
1886265 1913538 27273
1891804 1914528 22724
1895300 1916772 21472
1896198 1917135 20937
1877893 1917729 39836
1911110 1920105 8995
1902598 1921128 18530
1903509 1923174 19665
1906483 1923702 17219
1904087 1926078 21991
1908664 1926606 17942
1909147 1929312 20165
1909086 1929510 20424
1914746 1929807 15061
1915041 1930203 15162
1918082 1930830 12748
1914820 1932711 17891
1925942 1932810 6868
1914920 1933272 18352
1917073 1933833 16760
1906542 1934097 27555
1924941 1937067 12126
1921975 1940136 18161
1914765 1940565 25800
1919164 1941093 21929
1927799 1942116 14317
1922240 1942512 20272
1929124 1944327 15203
1914085 1944624 30539
1920747 1945185 24438
1934427 1945218 10791
1921978 1945317 23339
1923391 1945647 22256
1922101 1946307 24206
1926493 1946802 20309
1926238 1947429 21191
1931221 1947957 16736
1929338 1950036 20698
1930706 1950069 19363
1943297 1951554 8257
1935624 1951587 15963
1934103 1953039 18936
1940344 1954788 14444
1939914 1955745 15831
1934620 1956042 21422
1936114 1958979 22865
1939186 1959771 20585
1937412 1960233 22821
1942445 1960299 17854
1942963 1963434 20471
1956644 1966668 10024
1952350 1967295 14945
1944418 1969473 25055
1949521 1970100 20579
1936351 1970661 34310
1955149 1970793 15644
1957487 1970826 13339
1956149 1971387 15238
1960143 1971420 11277
1956879 1973862 16983
1950586 1974093 23507
1957887 1974126 16239
1956998 1974588 17590
1954002 1975314 21312
1955956 1977789 21833
1963751 1980495 16744
1957711 1981584 23873
1952287 1984026 31739
1951000 1984257 33257
1961066 1984554 23488
1968655 1986600 17945
1971615 1987128 15513
1973060 1987623 14563
1963810 1987788 23978
1958008 1988382 30374
1970320 1988910 18590
1972993 1989372 16379
1969180 1992573 23393
1982973 1992639 9666
1963453 1993101 29648
1977368 1993695 16327
1982526 1994982 12456
1979875 1995873 15998
1980819 1995906 15087
1981363 1996929 15566
1962212 1999074 36862
1988827 1999635 10808
1985114 2001054 15940
1979731 2001714 21983
1971553 2002275 30722
1978996 2002902 23906
1991552 2006169 14617
1985422 2007126 21704
1999620 2007885 8265
1984605 2007984 23379
1989206 2008314 19108
1994723 2008512 13789
1990657 2010393 19736
1989647 2011746 22099
1988987 2011977 22990
2003532 2013066 9534
2000164 2013627 13463
1989051 2016135 27084
1985895 2016762 30867
2000775 2017389 16614
2001161 2017752 16591
1998554 2019567 21013
1997088 2019996 22908
2001385 2020062 18677
1997340 2020590 23250
1992933 2020953 28020
2003699 2021151 17452
1994941 2024154 29213
1996970 2024715 27745
2001061 2024979 23918
2020585 2027883 7298
2010041 2031117 21076
2011611 2031249 19638
1996900 2031645 34745
2010165 2033691 23526
2019230 2034153 14923
2007736 2034747 27011
2019891 2034813 14922
2025171 2034912 9741
2010434 2035308 24874
2013110 2035935 22825
2001545 2038014 36469
2010502 2038047 27545
2004071 2039136 35065
2014180 2039136 24956
2011122 2039697 28575
2012531 2039697 27166
2011286 2039730 28444
2016522 2040291 23769
2014581 2040324 25743
2021581 2041479 19898
2034246 2041644 7398
2019159 2042007 22848
2026190 2042568 16378
2026283 2043228 16945
2012608 2043525 30917
2013083 2044086 31003
2015006 2044152 29146
2018296 2049069 30773
2025809 2049696 23887
2026962 2050224 23262
2027390 2050752 23362
2034205 2051544 17339
2038278 2051544 13266
2031442 2052798 21356
2031845 2054679 22834
2024969 2055438 30469
2031522 2055999 24477
2025470 2056032 30562
2034545 2057880 23335
2039007 2058441 19434
2040274 2058870 18596
2034646 2059266 24620
2036262 2061015 24753
2033069 2061675 28606
2048054 2064381 16327
2045158 2065074 19916
2042264 2068572 26308
2050264 2068638 18374
2043682 2069166 25484
2063204 2071443 8239
2056903 2073786 16883
2058550 2074314 15764
2050517 2074644 24127
2059164 2074875 15711
2052828 2075040 22212
2060135 2075634 15499
2050615 2076756 26141
2060126 2079132 19006
2070833 2081178 10345
2051186 2082036 30850
2056983 2082465 25482
2066625 2083191 16566
2066735 2085567 18832
2080737 2087646 6909
2054554 2088768 34214
2070431 2089296 18865
2066891 2089824 22933
2074351 2089923 15572
2074099 2090880 16781
2075928 2091408 15480
2072033 2092794 20761
2074008 2093652 19644
2080687 2096919 16232
2084870 2097183 12313
2090370 2097447 7077
2079605 2099790 20185
2086840 2100879 14039
2092758 2101473 8715
2070556 2101605 31049
2077852 2102166 24314
2066887 2102496 35609
2078182 2103585 25403
2091178 2104113 12935
2082043 2104179 22136
2086635 2104905 18270
2081502 2105400 23898
2081993 2105499 23506
2083533 2106621 23088
2073105 2107380 34275
2079208 2107611 28403
2080279 2107941 27662
2080095 2108700 28605
2101414 2112165 10751
2086098 2113716 27618
2102510 2116620 14110
2095220 2118732 23512
2083916 2119854 35938
2093728 2120382 26654
2098643 2120976 22333
2088708 2121438 32730
2097526 2122098 24572
2100594 2122659 22065
2102411 2123220 20809
2100655 2123913 23258
2105202 2124177 18975
2102896 2124474 21578
2108261 2125068 16807
2097592 2125629 28037
2109837 2129490 19653
2105776 2132031 26255
2110212 2132526 22314
2114529 2133021 18492
2085055 2133186 48131
2118964 2133549 14585
2121803 2135166 13363
2123289 2135694 12405
2110785 2136387 25602
2108699 2136750 28051
2122075 2136849 14774
2113884 2136948 23064
2122434 2137575 15141
2111829 2140050 28221
2133480 2142096 8616
2134813 2142624 7811
2133690 2144934 11244
2137135 2145528 8393
2115715 2145726 30011
2137387 2146188 8801
2118828 2146452 27624
2127819 2147112 19293
2139921 2147244 7323
2132006 2147640 15634
2131831 2149686 17855
2117680 2150478 32798
2130117 2151039 20922
2127031 2153019 25988
2146437 2154966 8529
2136771 2159388 22617
2125395 2159454 34059
2139703 2160015 20312
2136266 2161401 25135
2141297 2162160 20863
2142195 2162655 20460
2141302 2162688 21386
2143543 2162754 19211
2138496 2163051 24555
2141517 2163579 22062
2142137 2164074 21937
2138699 2164602 25903
2147056 2164767 17711
2132809 2165163 32354
2151216 2165460 14244
2124957 2165757 40800
2148961 2166285 17324
2135088 2167968 32880
2135096 2168067 32971
2136582 2169189 32607
2137295 2169750 32455
2142568 2174832 32264
2143382 2175360 31978
2147877 2175987 28110
2155587 2176119 20532
2162903 2176119 13216
2148601 2176548 27947
2161237 2179749 18512
2159339 2179848 20509
2161258 2180310 19052
2152104 2180409 28305
2165251 2181465 16214
2161399 2183313 21914
2177385 2184072 6687
2163796 2186283 22487
2177863 2191299 13436
2160765 2193444 32679
2167879 2193543 25664
2180853 2194929 14076
2180384 2196645 16261
2186051 2199186 13135
2188984 2200638 11654
2187779 2201991 14212
2184471 2202915 18444
2180923 2204169 23246
2187672 2204598 16926
2180855 2206809 25954
2197528 2206875 9347
2191550 2207337 15787
2189290 2211627 22337
2192197 2211759 19562
2199399 2211858 12459
2201000 2211924 10924
2200342 2214531 14189
2185415 2214960 29545
2186528 2215488 28960
2209104 2216808 7704
2202715 2217237 14522
2198737 2221230 22493
2202393 2221395 19002
2205334 2225025 19691
2202331 2225817 23486
2211068 2227896 16828
2206327 2228259 21932
2213544 2229018 15474
2218353 2231064 12711
2203224 2231097 27873
2204288 2231460 27172
2213273 2233770 20497
2205125 2236872 31747
2223959 2239083 15124
2209589 2239116 29527
2224216 2239578 15362
2217800 2239644 21844
2224224 2240106 15882
2225040 2240634 15594
2215494 2242185 26691
2224769 2242878 18109
2214578 2243076 28498
2223362 2243604 20242
2235185 2244000 8815
2227042 2244759 17717
2219350 2247201 27851
2229348 2247729 18381
2230490 2248224 17734
2221055 2249280 28225
2228019 2251425 23406
2223781 2251953 28172
2233350 2252580 19230
2234296 2253141 18845
2236781 2253669 16888
2232779 2255121 22342
2221883 2255748 33865
2233628 2258982 25354
2242684 2260632 17948
2247261 2261622 14361
2248700 2262150 13450
2235602 2262744 27142
2236821 2263272 26451
2237903 2263866 25963
2250374 2264757 14383
2253325 2264889 11564
2229930 2267166 37236
2236148 2267991 31843
2236328 2268288 31960
2239793 2268618 28825
2240879 2268816 27937
2246648 2269344 22696
2250456 2269707 19251
2248863 2269905 21042
2244668 2270235 25567
2254084 2270829 16745
2260879 2271852 10973
2245618 2272248 26630
2242332 2273535 31203
2238249 2273568 35319
2254515 2275053 20538
2232398 2275152 42754
2259663 2275614 15951
2261444 2276010 14566
2251201 2279211 28010
2251602 2279838 28236
2252993 2279871 26878
2270322 2282544 12222
2247381 2282775 35394
2248523 2282841 34318
2267239 2283402 16163
2257215 2284755 27540
2259661 2285316 25655
2268412 2285877 17465
2265791 2285943 20152
2242765 2286636 43871
2255283 2287197 31914
2278747 2289672 10925
2274370 2289936 15566
2270208 2291718 21510
2277772 2294061 16289
2274652 2294259 19607
2271352 2296635 25283
2278843 2297295 18452
2284570 2298516 13946
2270539 2299341 28802
2287056 2300001 12945
2273960 2300496 26536
2279605 2301156 21551
2271728 2301222 29494
2276826 2302278 25452
2281114 2302443 21329
2279002 2303103 24101
2286318 2305413 19095
2296917 2305809 8892
2288233 2306304 18071
2291321 2306832 15511
2294919 2309274 14355
2283777 2309538 25761
2278211 2309571 31360
2292363 2310033 17670
2292599 2312376 19777
2289962 2312739 22777
2291833 2313135 21302
2297962 2313663 15701
2276991 2314521 37530
2299819 2316435 16616
2298939 2317491 18552
2273772 2317722 43950
2280820 2318250 37430
2293639 2318778 25139
2311512 2319108 7596
2310872 2320560 9688
2304864 2324058 19194
2301641 2325345 23704
2302531 2325873 23342
2315013 2326236 11223
2315032 2326731 11699
2311941 2328315 16374
2312722 2328876 16154
2324550 2331186 6636
2300358 2331450 31092
2305398 2332011 26613
2305902 2332572 26670
2316011 2333166 17155
2308183 2333694 25511
2309812 2334255 24443
2319170 2334552 15382
2314422 2334849 20427
2311019 2335476 24457
2317005 2336103 19098
2308566 2337621 29055
2318489 2337720 19231
2317515 2338149 20634
2311144 2338743 27599
2318867 2339304 20437
2315374 2340921 25547
2335462 2346135 10673
2333780 2347851 14071
2323459 2349897 26438
2323569 2350458 26889
2333408 2350524 17116
2339194 2350788 11594
2334515 2351019 16504
2325487 2351514 26027
2335636 2351547 15911
2329911 2352075 22164
2332045 2353725 21680
2331076 2354748 23672
2333600 2355276 21676
2340006 2355837 15831
2345124 2358807 13683
2347909 2361117 13208
2350293 2362074 11781
2348993 2362404 13411
2332246 2362635 30389
2357872 2364483 6611
2321883 2365275 43392
2350257 2365341 15084
2338847 2365836 26989
2347028 2366298 19270
2341921 2366397 24476
2346918 2366892 19974
2358673 2366892 8219
2359047 2369532 10485
2347394 2370093 22699
2348570 2370126 21556
2342684 2373261 30577
2350395 2373822 23427
2363576 2376594 13018
2363047 2376627 13580
2352611 2379630 27019
2358605 2380158 21553
2364339 2380686 16347
2367523 2381214 13691
2358900 2381775 22875
2367374 2382732 15358
2359046 2384976 25930
2359824 2385009 25185
2369999 2385537 15538
2370212 2386527 16315
2357561 2387616 30055
2366765 2388342 21577
2355340 2391081 35741
2375133 2391741 16608
2370664 2392104 21440
2373969 2392665 18696
2372768 2394942 22174
2370486 2397252 26766
2374897 2397813 22916
2383384 2398374 14990
2380283 2398935 18652
2371181 2399661 28480
2384520 2400585 16065
2372508 2402697 30189
2373333 2403423 30090
2390916 2404974 14058
2388998 2406591 17593
2375574 2406756 31182
2400561 2407185 6624
2384197 2407878 23681
2387648 2408208 20560
2396074 2408406 12332
2392417 2408736 16319
2385639 2409627 23988
2388365 2409792 21427
2387836 2410155 22319
2378330 2412993 34663
2400818 2418504 17686
2403995 2418537 14542
2384272 2418735 34463
2400108 2419758 19650
2406613 2420649 14036
2405632 2421441 15809
2384495 2421738 37243
2410060 2422497 12437
2404710 2424939 20229
2414687 2427645 12958
2408983 2430186 21203
2405531 2432628 27097
2410175 2432892 22717
2405966 2433156 27190
2416283 2433684 17401
2413204 2433948 20744
2413263 2434575 21312
2406230 2434806 28576
2413586 2435169 21583
2408431 2435334 26903
2410234 2435433 25199
2413018 2436159 23141
2421162 2437875 16713
2417196 2438535 21339
2412199 2439360 27161
2414815 2439921 25106
2420528 2440482 19954
2425311 2440977 15666
2415135 2441142 26007
2426295 2441175 14880
2419129 2441241 22112
2418358 2441703 23345
2430229 2443452 13223
2413986 2444178 30192
2424276 2450349 26073
2428504 2450448 21944
2418489 2451900 33411
2431975 2452428 20453
2436592 2452923 16331
2429388 2453451 24063
2438196 2453451 15255
2446145 2453550 7405
2419867 2453649 33782
2420160 2454177 34017
2428266 2454771 26505
2430792 2456751 25959
2439021 2457213 18192
2432141 2457246 25105
2441501 2457477 15976
2432882 2457873 24991
2450262 2458632 8370
2427889 2460711 32822
2439753 2465067 25314
2441102 2466222 25120
2444332 2466849 22517
2451442 2467377 15935
2454610 2467773 13163
2449278 2469423 20145
2452528 2470413 17885
2447797 2472063 24266
2448556 2473779 25223
2454119 2474835 20716
2454343 2475264 20921
2468884 2475396 6512
2448786 2476980 28194
2449785 2477475 27690
2453558 2478201 24643
2456220 2478663 22443
2457277 2479356 22079
2465321 2479917 14596
2457949 2481666 23717
2455008 2483151 28143
2464201 2483679 19478
2470184 2483745 13561
2470173 2493612 23439
2484675 2493876 9201
2473690 2494140 20450
2470826 2496054 25228
2478532 2496846 18314
2479357 2497605 18248
2477123 2497902 20779
2480064 2499288 19224
2481600 2499321 17721
2474673 2500311 25638
2483461 2501301 17840
2479989 2501367 21378
2486675 2502027 15352
2490406 2502555 12149
2496315 2503710 7395
2490155 2504106 13951
2484039 2504502 20463
2466936 2508066 41130
2473497 2508660 35163
2473981 2509221 35240
2486526 2510640 24114
2486696 2511036 24340
2488749 2511597 22848
2486759 2512422 25663
2484903 2513346 28443
2486520 2514402 27882
2486963 2514435 27472
2494916 2514831 19915
2509365 2516481 7116
2488020 2517636 29616
2499094 2518197 19103
2498689 2519946 21257
2499828 2521662 21834
2499968 2523048 23080
2489199 2523675 34476
2504500 2524104 19604
2499512 2524236 24724
2504951 2524467 19516
2509899 2525127 15228
2498215 2526117 27902
2506579 2526183 19604
2497685 2526678 28993
2499958 2527272 27314
2512155 2527800 15645
2501865 2528328 26463
2522474 2529615 7141
2525425 2534070 8645
2520412 2535918 15506
2517555 2536149 18594
2515408 2537832 22424
2525039 2538624 13585
2520024 2539284 19260
2514205 2544663 30458
2517530 2545752 28222
2534091 2546148 12057
2518888 2546346 27458
2521558 2546478 24920
2506331 2546907 40576
2510867 2547435 36568
2526445 2547930 21485
2532736 2548359 15623
2533518 2548458 14940
2543301 2550933 7632
2531208 2552187 20979
2524652 2552220 27568
2548841 2556741 7900
2537969 2558523 20554
2528156 2559117 30961
2543180 2559942 16762
2545264 2560470 15206
2549058 2561361 12303
2543220 2562417 19197
2548200 2562582 14382
2536137 2563077 26940
2541746 2563440 21694
2520337 2563671 43334
2532514 2564199 31685
2540216 2566311 26095
2545902 2566674 20772
2549430 2566872 17442
2539765 2567202 27437
2559626 2570700 11074
2563113 2572845 9732
2562201 2573901 11700
2557798 2574627 16829
2558525 2575122 16597
2563131 2576574 13443
2563405 2577168 13763
2546949 2578026 31077
2559838 2578323 18485
2554410 2578686 24276
2558585 2579148 20563
2561318 2579247 17929
2561404 2579841 18437
2569327 2581623 12296
2562133 2583042 20909
2559709 2583570 23861
2570459 2583669 13210
2575465 2586408 10943
2570632 2586870 16238
2572051 2589345 17294
2582727 2589345 6618
2574910 2589939 15029
2573373 2590401 17028
2570396 2590995 20599
2577353 2594295 16942
2588034 2597232 9198
2579827 2600499 20672
2584885 2600994 16109
2593509 2602743 9234
2589222 2603205 13983
2578991 2606604 27613
2586260 2607792 21532
2590176 2608980 18804
2592097 2610663 18566
2586685 2610993 24308
2595734 2611191 15457
2587693 2611521 23828
2594620 2612181 17561
2598403 2614623 16220
2599603 2614887 15284
2595227 2615349 20122
2597759 2615910 18151
2600719 2617593 16874
2597407 2617824 20417
2595379 2618154 22775
2589269 2619144 29875
2587731 2619705 31974
2604056 2620266 16210
2600232 2621784 21552
2613564 2622378 8814
2610313 2622675 12362
2612489 2623896 11407
2610551 2627592 17041
2615816 2628417 12601
2615041 2629110 14069
2617472 2629407 11935
2623675 2629935 6260
2618862 2631123 12261
2625317 2631915 6598
2626283 2637030 10747
2627412 2640660 13248
2629272 2641056 11784
2629515 2641716 12201
2630771 2644455 13684
2634446 2648217 13771
2634723 2649537 14814
2639649 2650560 10911
2638806 2655939 17133
2641319 2655939 14620
2635912 2657853 21941
2637439 2658414 20975
2646952 2658942 11990
2631671 2659140 27469
2640796 2659965 19169
2645437 2661846 16409
2643545 2665047 21502
2656683 2666235 9552
2644953 2668149 23196
2650363 2669799 19436
2646530 2670360 23830
2650198 2670921 20723
2645309 2671977 26668
2647055 2672538 25483
2651687 2672901 21214
2657447 2673561 16114
2657765 2673957 16192
2665650 2674023 8373
2648364 2674155 25791
2653440 2674716 21276
2649961 2674815 24854
2653306 2677851 24545
2659335 2677917 18582
2664316 2678412 14096
2665277 2678742 13465
2666671 2679270 12599
2667145 2681349 14204
2664770 2682174 17404
2660475 2685375 24900
2660715 2685903 25188
2668980 2686431 17451
2667892 2686662 18770
2672890 2686827 13937
2669940 2686860 16920
2673567 2687355 13788
2671917 2687487 15570
2671014 2689863 18849
2674911 2690094 15183
2684089 2693328 9239
2686044 2697222 11178
2687860 2698245 10385
2688246 2699103 10857
2686588 2700291 13703
2690185 2702898 12713
2680203 2703822 23619
2695651 2704086 8435
2694566 2705637 11071
2694459 2705736 11277
2691407 2708145 16738
2686544 2711346 24802
2695617 2711544 15927
2705642 2712336 6694
2693432 2713425 19993
2696336 2714349 18013
2701397 2715504 14107
2697173 2716131 18958
2701773 2720421 18648
2713600 2720817 7217
2702493 2722863 20370
2710456 2722896 12440
2710419 2724315 13896
2712226 2724942 12716
2718726 2726526 7800
2705853 2727912 22059
2711824 2728209 16385
2714050 2729034 14984
2712251 2732235 19984
2714953 2732763 17810
2713132 2733324 20192
2718039 2736426 18387
2716709 2736888 20179
2720457 2737482 17025
2718992 2737845 18853
2721730 2740716 18986
2722959 2741046 18087
2725988 2742861 16873
2715653 2746062 30409
2717217 2746623 29406
2723094 2747151 24057
2721029 2747184 26155
2732958 2749890 16932
2725961 2750352 24391
2721581 2750715 29134
2728241 2753586 25345
2728851 2753916 25065
2727546 2754576 27030
2731308 2754609 23301
2731388 2755335 23947
2729226 2757711 28485
2722301 2758536 36235
2726725 2759097 32372
2727578 2759229 31651
2732783 2759790 27007
2733954 2759856 25902
2752247 2760087 7840
2734813 2760318 25505
2730089 2760417 30328
2732554 2760846 28292
2739228 2760846 21618
2737026 2761440 24414
2723675 2761968 38293
2740326 2763717 23391
2732998 2765169 32171
2735268 2765763 30495
2735531 2766390 30859
2749168 2766951 17783
2746335 2768601 22266
2752753 2770515 17762
2752444 2772066 19622
2755731 2772693 16962
2744129 2773914 29785
2739739 2774244 34505
2749261 2774904 25643
2744443 2777115 32672
2749371 2777643 28272
2765903 2778039 12136
2756296 2778204 21908
2759184 2778204 19020
2752865 2779326 26461
2766452 2782263 15811
2746516 2784408 37892
2766737 2784474 17737
2754648 2785134 30486
2764086 2786322 22236
2751115 2787543 36428
2751827 2788269 36442
2763083 2788896 25813
2763693 2789490 25797
2759133 2789523 30390
2767384 2790645 23261
2768799 2791107 22308
2769859 2791206 21347
2774403 2791239 16836
2759110 2791701 32591
2765017 2792196 27179
2771505 2793945 22440
2764089 2794044 29955
2774961 2794803 19842
2779291 2797509 18218
2787201 2799588 12387
2775991 2802657 26666
2768085 2803449 35364
2782553 2804142 21589
2782002 2805396 23394
2785281 2805924 20643
2776344 2806122 29778
2784413 2806617 22204
2767529 2807343 39814
2780562 2807871 27309
2789450 2807970 18520
2775791 2809818 34027
2785286 2810973 25687
2801354 2810973 9619
2795341 2811501 16160
2787950 2816121 28171
2772561 2816550 43989
2805599 2818992 13393
2780287 2819256 38969
2777474 2819586 42112
2794517 2820114 25597
2780349 2820312 39963
2801310 2820642 19332
2801166 2820840 19674
2801540 2821170 19630
2803311 2821368 18057
2802775 2821731 18956
2806608 2821863 15255
2790370 2822160 31790
2779194 2822193 42999
2803220 2822688 19468
2802799 2822721 19922
2804494 2823150 18656
2801997 2825130 23133
2793185 2825526 32341
2804431 2825691 21260
2810600 2825889 15289
2796414 2826153 29739
2800195 2829651 29456
2817389 2832126 14737
2811380 2832687 21307
2807143 2833182 26039
2810019 2833710 23691
2806592 2835327 28735
2812378 2835855 23477
2804526 2836449 31923
2792116 2836944 44828
2811797 2837010 25213
2817457 2837472 20015
2819203 2838066 18863
2823386 2839848 16462
2807847 2840244 32397
2807266 2840277 33011
2813419 2840838 27419
2825552 2841168 15616
2821980 2841828 19848
2812179 2847174 34995
2826960 2847504 20544
2822398 2847735 25337
2828116 2848032 19916
2825142 2848098 22956
2834009 2848263 14254
2827438 2848692 21254
2834689 2848791 14102
2827268 2849088 21820
2826252 2851893 25641
2824853 2851992 27139
2827615 2852421 24806
2832017 2853015 20998
2830632 2853081 22449
2833115 2853642 20527
2825364 2855094 29730
2828455 2855655 27200
2834953 2856216 21263
2828899 2861199 32300
2845738 2862651 16913
2836855 2865060 28205
2838022 2865423 27401
2841122 2865621 24499
2833315 2865819 32504
2828917 2865951 37034
2845503 2866248 20745
2846892 2866380 19488
2847705 2866842 19137
2840103 2869020 28917
2848284 2869053 20769
2853156 2869911 16755
2848866 2870109 21243
2855094 2870406 15312
2858317 2870934 12617
2846791 2872617 25826
2863152 2874003 10851
2840328 2877204 36876
2854169 2877336 23167
2849897 2877732 27835
2858167 2877732 19565
2860713 2878656 17943
2848444 2880801 32357
2859128 2883507 24379
2856784 2883969 27185
2874048 2884398 10350
2868119 2884497 16378
2867434 2884794 17360
2872764 2887236 14472
2868916 2887533 18617
2875776 2890272 14496
2856072 2890503 34431
2877129 2891262 14133
2873812 2893704 19892
2873218 2893902 20684
2872123 2895651 23528
2869899 2895816 25917
2880342 2896047 15705
2881445 2896674 15229
2889406 2899545 10139
2887869 2900667 12798
2890083 2902746 12663
2882432 2905155 22723
2887981 2905254 17273
2899988 2906310 6322
2898778 2907993 9215
2901581 2908719 7138
2890391 2910501 20110
2893191 2912580 19389
2892846 2912811 19965
2898944 2913339 14395
2892462 2913867 21405
2903299 2915286 11987
2904567 2915847 11280
2900384 2917068 16684
2900893 2917332 16439
2914168 2922810 8642
2908924 2924361 15437
2910925 2924922 13997
2912012 2925450 13438
2896597 2927166 30569
2907417 2927727 20310
2910840 2928750 17910
2911052 2929806 18754
2912734 2930334 17600
2907463 2930466 23003
2911814 2930994 19180
2923389 2931720 8331
2916483 2933436 16953
2917336 2934789 17453
2902374 2935086 32712
2920057 2935317 15260
2915017 2938815 23798
2925088 2939343 14255
2911569 2941719 30150
2921372 2942049 20677
2923075 2942082 19007
2919681 2942775 23094
2919983 2943270 23287
2924156 2943666 19510
2914236 2945250 31014
2920241 2945349 25108
2923465 2945910 22445
2929810 2946471 16661
2922023 2946867 24844
2924389 2946900 22511
2917155 2946966 29811
2928441 2947956 19515
2941204 2949012 7808
2924502 2950200 25698
2932285 2950662 18377
2909821 2950728 40907
2933924 2951223 17299
2923555 2951289 27734
2932845 2951817 18972
2928484 2954457 25973
2936827 2955051 18224
2941648 2955216 13568
2932656 2955315 22659
2937538 2955876 18338
2943003 2957790 14787
2928186 2959110 30924
2938370 2959638 21268
2940021 2960067 20046
2943103 2960232 17129
2954006 2960265 6259
2944249 2960958 16709
2949785 2961948 12163
2958142 2964390 6248
2950879 2964819 13940
2959155 2967987 8832
2956714 2969010 12296
2941531 2971881 30350
2958182 2972145 13963
2958869 2972145 13276
2948259 2972409 24150
2945488 2974488 29000
2951896 2975049 23153
2955584 2975148 19564
2956226 2976138 19912
2948310 2977326 29016
2957170 2978052 20882
2969402 2979372 9970
2972161 2980494 8333
2962725 2982342 19617
2961763 2982606 20843
2962918 2983002 20084
2967046 2984091 17045
2967966 2985774 17808
2959562 2986005 26443
2969404 2986302 16898
2963626 2986797 23171
2970387 2986830 16443
2974961 2989767 14806
2970586 2992110 21524
2977404 2993232 15828
2970778 2993727 22949
2979088 2994618 15530
2986766 3000855 14089
2986556 3001449 14893
2985666 3002340 16674
2991401 3003363 11962
2980775 3004650 23875
2982317 3005211 22894
2993095 3005706 12611
2983070 3005772 22702
2994200 3008973 14773
3004867 3011481 6614
2985683 3013593 27910
3007550 3016200 8650
3001558 3018873 17315
2997008 3019137 22129
3003807 3019500 15693
2997987 3019698 21711
3005976 3019896 13920
2999043 3020292 21249
2996173 3020820 24647
3016525 3023196 6671
2996197 3023526 27329
3001998 3025143 23145
3005109 3025209 20100
3008925 3026364 17439
3011309 3027684 16375
2999985 3028542 28557
3016509 3029268 12759
3017902 3030192 12290
3016981 3031644 14663
3016319 3033327 17008
3028372 3034614 6242
3023465 3040224 16759
3026117 3041577 15460
3028417 3041940 13523
3025363 3043425 18062
3029433 3045042 15609
3039173 3046560 7387
3038201 3047748 9547
3024133 3052962 28829
3046008 3053028 7020
3039101 3053589 14488
3023948 3055734 31786
3042305 3056427 14122
3034557 3056691 22134
3043234 3056955 13721
3041357 3059892 18535
3036701 3060024 23323
3025835 3060156 34321
3041129 3060585 19456
3035945 3060684 24739
3035800 3061245 25445
3049154 3061245 12091
3049904 3061740 11836
3052188 3063786 11598
3047023 3063819 16796
3048541 3065898 17357
3051737 3071112 19375
3061133 3073983 12850
3058571 3074115 15544
3056313 3075468 19155
3049002 3077316 28314
3063308 3077811 14503
3058466 3078174 19708
3067688 3080517 12829
3064070 3083190 19120
3073530 3084741 11211
3067446 3085467 18021
3077745 3085665 7920
3062460 3087975 25515
3055641 3088404 32763
3067658 3088866 21208
3056821 3089394 32573
3076712 3089922 13210
3063345 3089988 26643
3073368 3090384 17016
3053640 3093618 39978
3070188 3094146 23958
3070960 3094344 23384
3069568 3095037 25469
3076685 3095565 18880
3076848 3096324 19476
3083620 3097248 13628
3080324 3098238 17914
3069148 3098766 29618
3081376 3099294 17918
3081402 3099822 18420
3072590 3100449 27859
3083150 3101010 17860
3081485 3101604 20119
3097447 3104442 6995
3097816 3104640 6824
3077108 3104805 27697
3091127 3105366 14239
3086759 3107445 20686
3090887 3108105 17218
3096671 3109095 12424
3089965 3111372 21407
3098896 3112395 13499
3103727 3113748 10021
3092067 3115596 23529
3090626 3116982 26356
3093518 3117576 24058
3086394 3118104 31710
3101082 3119523 18441
3093860 3120810 26950
3095893 3121338 25445
3099583 3122559 22976
3107736 3128334 20598
3107937 3128862 20925
3097598 3129324 31726
3110081 3129390 19309
3118119 3129885 11766
3099098 3129918 30820
3105671 3130446 24775
3109341 3130809 21468
3109163 3131040 21877
3109742 3131271 21529
3118156 3131568 13412
3100814 3134241 33427
3111960 3134472 22512
3112906 3134769 21863
3116089 3135363 19274
3117246 3135858 18612
3123703 3137310 13607
3125402 3139026 13624
3133541 3140346 6805
3111684 3142227 30543
3116904 3142623 25719
3123276 3142656 19380
3123382 3143118 19736
3123700 3143184 19484
3102682 3143217 40535
3116874 3143976 27102
3107845 3145923 38078
3119463 3147177 27714
3121196 3148365 27169
3122711 3148860 26149
3136890 3149058 12168
3123880 3149520 25640
3124775 3150081 25306
3118347 3150576 32229
3114238 3153810 39572
3126655 3153909 27254
3127997 3154371 26374
3120898 3154437 33539
3132133 3154965 22832
3123394 3155526 32132
3123823 3156087 32264
3140654 3157638 16984
3125518 3157836 32318
3139791 3157836 18045
3135662 3158331 22669
3144649 3159156 14507
3121675 3159552 37877
3133859 3161037 27178
3125461 3163050 37589
3139021 3163314 24293
3144115 3166680 22565
3131727 3166779 35052
3140191 3167208 27017
3142490 3167769 25279
3150383 3169617 19234
3148478 3172818 24340
3159331 3173181 13850
3148965 3175524 26559
3151840 3176382 24542
3147701 3176547 28846
3157577 3177207 19630
3160354 3182454 22100
3160559 3182652 22093
3160736 3182982 22246
3160746 3183180 22434
3163097 3183510 20413
3169894 3185919 16025
3168539 3186546 18007
3168675 3186711 18036
3168999 3187041 18042
3170241 3187239 16998
3162259 3188988 26729
3173852 3189417 15565
3162667 3189615 26948
3174791 3189945 15154
3173166 3189978 16812
3161436 3190242 28806
3175792 3190440 14648
3173132 3190770 17638
3155861 3193212 37351
3156342 3193278 36936
3184057 3193509 9452
3171141 3194895 23754
3161544 3196710 35166
3182071 3199152 17081
3181761 3199911 18150
3186067 3201429 15362
3166554 3201858 35304
3176579 3205488 28909
3186269 3206610 20341
3188325 3207138 18813
3188580 3207204 18624
3190720 3208029 17309
3184628 3208689 24061
3185414 3210273 24859
3186010 3210504 24494
3185636 3210999 25363
3189370 3211791 22421
3197827 3212352 14525
3200096 3212880 12784
3192539 3213705 21166
3183941 3215586 31645
3201344 3216114 14770
3204854 3216642 11788
3200550 3217170 16620
3209799 3218193 8394
3201070 3220470 19400
3197694 3220635 22941
3212699 3221922 9223
3203379 3223671 20292
3204361 3223770 19409
3205928 3224331 18403
3206063 3224925 18862
3205436 3224991 19555
3190832 3228192 37360
3205724 3228456 22732
3199441 3228753 29312
3202656 3229083 26427
3207752 3229347 21595
3212968 3229743 16775
3209098 3231327 22229
3200782 3231657 30875
3213110 3231855 18745
3217075 3234924 17849
3227894 3235617 7723
3218730 3237069 18339
3220004 3237564 17560
3223941 3238092 14151
3212895 3238884 25989
3227134 3239247 12113
3223922 3239511 15589
3225026 3240501 15475
3221381 3241293 19912
3212978 3242448 29470
3220065 3242844 22779
3215949 3243240 27291
3230814 3244560 13746
3223766 3246309 22543
3234065 3248553 14488
3230134 3249015 18881
3232634 3249675 17041
3243802 3250731 6929
3225139 3252810 27671
3228956 3252975 24019
3235762 3255780 20018
3233073 3256176 23103
3240662 3256506 15844
3237862 3257133 19271
3246289 3259641 13352
3243960 3262578 18618
3253933 3266241 12308
3249344 3266505 17161
3253704 3267066 13362
3254554 3271818 17264
3252293 3274095 21802
3259566 3274623 15057
3255632 3275844 20212
3252144 3275910 23766
3253500 3276009 22509
3258825 3276405 17580
3260268 3276768 16500
3248519 3277032 28513
3264684 3277329 12645
3268426 3279012 10586
3255363 3280233 24870
3262612 3280761 18149
3266174 3283038 16864
3263697 3283566 19869
3265996 3283995 17999
3265617 3286569 20952
3268790 3287658 18868
3258798 3288582 29784
3270346 3289176 18830
3260683 3289209 28526
3251747 3289704 37957
3270507 3290859 20352
3263252 3291420 28168
3266732 3291849 25117
3271101 3291849 20748
3257721 3292377 34656
3262907 3292905 29998
3280249 3294588 14339
3292595 3298845 6250
3286773 3301353 14580
3293778 3302970 9192
3278446 3303993 25547
3280010 3304521 24511
3274553 3304554 30001
3286071 3305115 19044
3282830 3305214 22384
3283035 3305643 22608
3282445 3308877 26432
3287126 3309438 22312
3293345 3310791 17446
3279893 3311319 31426
3290582 3311946 21364
3287981 3312672 24691
3302841 3313035 10194
3293637 3315147 21510
3297249 3316236 18987
3297422 3318249 20827
3301935 3318678 16743
3285885 3319437 33552
3299938 3319965 20027
3301728 3320526 18798
3313184 3321120 7936
3298273 3321879 23606
3294483 3322836 28353
3313664 3324585 10921
3312883 3325542 12659
3302023 3326961 24938
3308003 3328644 20641
3309723 3328743 19020
3304020 3329172 25152
3305194 3330591 25397
3319535 3332142 12607
3317343 3332373 15030
3315882 3332901 17019
3311589 3333693 22104
3314351 3334287 19936
3323462 3334650 11188
3314241 3336036 21795
3321157 3337125 15968
3322031 3337521 15490
3327673 3339270 11597
3330689 3341514 10825
3337413 3344484 7071
3307482 3344616 37134
3330061 3347652 17591
3332167 3348213 16046
3332835 3349962 17127
3339504 3351513 12009
3338021 3354714 16693
3341336 3355770 14434
3335452 3356991 21539
3343090 3357816 14726
3351503 3358146 6643
3353082 3360192 7110
3345324 3360984 15660
3344961 3363195 18234
3347919 3364317 16398
3351059 3364812 13753
3340975 3365406 24431
3346600 3365670 19070
3344422 3365967 21545
3338363 3369201 30838
3353366 3369333 15967
3354619 3369828 15209
3355883 3370818 14935
3357862 3372534 14672
3363222 3376659 13437
3362549 3377088 14539
3364553 3378012 13459
3360296 3379299 19003
3363547 3379992 16445
3367498 3380157 12659
3370358 3383226 12868
3363376 3383358 19982
3366938 3383919 16981
3376486 3387219 10733
3374501 3388308 13807
3377931 3389430 11499
3368502 3391509 23007
3375069 3391509 16440
3378849 3393753 14904
3381382 3393885 12503
3384892 3394743 9851
3375663 3396162 20499
3376201 3396690 20489
3387329 3399429 12100
3391640 3400650 9010
3391638 3402498 10860
3389408 3402531 13123
3377488 3403884 26396
3385771 3404445 18674
3385950 3406392 20442
3389612 3407679 18067
3389827 3407844 18017
3390436 3408306 17870
3378113 3409593 31480
3382415 3409725 27310
3385841 3410154 24313
3389048 3410286 21238
3389201 3410913 21712
3402852 3411111 8259
3404240 3414708 10468
3389294 3415302 26008
3397244 3417018 19774
3396476 3418932 22456
3391614 3420120 28506
3397590 3420219 22629
3398852 3420747 21895
3394748 3421638 26890
3400925 3421737 20812
3402353 3422694 20341
3399662 3423321 23659
3391737 3423948 32211
3395043 3424014 28971
3413336 3424806 11470
3404223 3427908 23685
3400870 3429558 28688
3410490 3430614 20124
3416097 3431670 15573
3420068 3432858 12790
3396333 3434607 38274
3407974 3435168 27194
3414219 3435762 21543
3408544 3436059 27515
3414782 3436620 21838
3409321 3437148 27827
3417052 3437247 20195
3418784 3437874 19090
3420945 3438468 17523
3421775 3438963 17188
3420781 3439227 18446
3424954 3439755 14801
3411220 3441273 30053
3423242 3441735 18493
3431917 3442824 10907
3421332 3443055 21723
3427381 3446487 19106
3426363 3447510 21147
3411818 3449622 37804
3412782 3450150 37368
3428073 3450975 22902
3432678 3451272 18594
3438311 3451800 13489
3422403 3451899 29496
3423241 3452889 29648
3433905 3453021 19116
3426552 3453582 27030
3434406 3453912 19506
3429968 3454143 24175
3422494 3454176 31682
3436241 3454440 18199
3441735 3456882 15147
3442568 3457410 14842
3453939 3462162 8223
3426587 3462228 35641
3434861 3462690 27829
3439802 3463350 23548
3430580 3463911 33331
3438580 3465396 26816
3445837 3465693 19856
3455046 3465990 10944
3447134 3466287 19153
3458534 3466881 8347
3425428 3467079 41651
3441250 3467607 26357
3442097 3468168 26071
3447159 3469521 22362
3448156 3470082 21926
3460819 3471864 11045
3447885 3472227 24342
3464770 3474438 9668
3449510 3475527 26017
3457293 3477111 19818
3462844 3477507 14663
3456365 3480015 23650
3460231 3480543 20312
3450874 3480609 29735
3462704 3480708 18004
3464225 3481236 17011
3459308 3481302 21994
3465351 3481830 16479
3454178 3481929 27751
3468490 3482457 13967
3452803 3484041 31238
3465825 3485196 19371
3476279 3485757 9478
3469163 3488463 19300
3476454 3490938 14484
3482515 3492258 9743
3468426 3493776 25350
3478548 3493842 15294
3476858 3494832 17974
3468847 3495459 26612
3478298 3496944 18646
3488225 3498165 9940
3476221 3501102 24881
3475080 3501267 26187
3481857 3501696 19839
3482387 3502389 20002
3491164 3504435 13271
3488088 3505095 17007
3497501 3506481 8980
3488494 3507636 19142
3487411 3507669 20258
3496636 3507702 11066
3490073 3508692 18619
3488989 3510837 21848
3483791 3511365 27574
3488002 3511464 23462
3498687 3512421 13734
3485287 3515754 30467
3492265 3516084 23819
3498198 3516480 18282
3506353 3518592 12239
3487568 3518955 31387
3511212 3519120 7908
3495301 3519285 23984
3498010 3519813 21803
3494907 3522321 27414
3493704 3522750 29046
3501095 3524367 23272
3500612 3525522 24910
3506451 3525951 19500
3518896 3530868 11972
3517308 3532881 15573
3517182 3533079 15897
3525614 3534531 8917
3510973 3535323 24350
3516612 3536445 19833
3528709 3536841 8132
3510501 3537765 27264
3520209 3538227 18018
3510694 3538326 27632
3525407 3538986 13579
3525589 3539943 14354
3526356 3540867 14511
3512500 3540933 28433
3533426 3540999 7573
3519404 3541989 22585
3524542 3543408 18866
3524825 3543870 19045
3515702 3544200 28498
3525686 3544398 18712
3533885 3544497 10612
3523109 3544728 21619
3524592 3545322 20730
3538560 3546147 7587
3528415 3546642 18227
3526454 3549348 22894
3528681 3551955 23274
3529018 3553374 24356
3532608 3553902 21294
3545486 3554034 8548
3540170 3554463 14293
3529820 3556113 26293
3531955 3556839 24884
3543406 3557268 13862
3531695 3557664 25969
3543640 3557796 14156
3539721 3558192 18471
3542592 3560601 18009
3549570 3560898 11328
3540625 3560997 20372
3549378 3563307 13929
3555557 3563967 8410
3553631 3564990 11359
3549914 3569940 20026
3539899 3570798 30899
3547804 3571161 23357
3551844 3571623 19779
3548645 3572085 23440
3556273 3572316 16043
3554231 3572613 18382
3559561 3572712 13151
3551017 3573141 22124
3554450 3573702 19252
3551016 3575946 24930
3551365 3576474 25109
3554812 3576936 22124
3553346 3577101 23755
3550316 3577200 26884
3547601 3577464 29863
3553868 3577662 23794
3559137 3579873 20736
3571831 3579972 8141
3575021 3581985 6964
3541775 3582777 41002
3559770 3583305 23535
3561992 3584427 22435
3567279 3585087 17808
3574421 3586044 11623
3565716 3588156 22440
3571526 3588321 16795
3573986 3590334 16348
3583458 3597594 14136
3576091 3600069 23978
3585144 3600762 15618
3582324 3600927 18603
3576509 3601488 24979
3584346 3602016 17670
3593143 3603204 10061
3577795 3604656 26861
3581541 3605250 23709
3596134 3607362 11228
3586514 3609969 23455
3596408 3610035 13627
3586544 3610563 24019
3594681 3611091 16410
3590110 3611157 21047
3595667 3612972 17305
3593028 3614358 21330
3590412 3615282 24870
3591336 3615744 24408
3594985 3618945 23960
3592992 3621354 28362
3599886 3621552 21666
3595087 3621882 26795
3597555 3622476 24921
3599908 3626238 26330
