1044 7689 6645
1835 8118 6283
1718 8448 6730
319 11121 10802
5345 12144 6799
2028 12969 10941
6816 13101 6285
7207 13497 6290
7962 14256 6294
3087 15873 12786
9820 16104 6284
9678 16335 6657
10159 16500 6341
7803 16896 9093
10830 18183 7353
9424 18579 9155
2297 18810 16513
11546 18810 7264
8416 18876 10460
12776 19437 6661
2582 20130 17548
2348 20163 17815
8760 21813 13053
11475 22110 10635
4907 22704 17797
8219 23232 15013
4859 23298 18439
606 23793 23187
4021 24519 20498
14830 26037 11207
11280 26334 15054
12919 26400 13481
5467 26862 21395
20596 27522 6926
3924 27819 23895
21118 28182 7064
9266 28281 19015
21705 28677 6972
23712 29997 6285
22124 30195 8071
13345 30360 17015
17973 30822 12849
12680 30921 18241
15576 31482 15906
13612 31614 18002
11137 31647 20510
13921 31680 17759
25633 31911 6278
20502 32043 11541
27268 33561 6293
20971 34353 13382
14794 34914 20120
24944 35376 10432
29190 35475 6285
13178 35508 22330
22029 35574 13545
23394 36630 13236
25499 36630 11131
23518 37290 13772
20567 37917 17350
25819 38709 12890
32246 39798 7552
32976 40425 7449
15464 40524 25060
19083 41052 21969
18125 41151 23026
19643 41943 22300
22956 42273 19317
15329 42504 27175
30795 42504 11709
35688 43032 7344
27871 43065 15194
31311 43065 11754
25493 44187 18694
26666 45441 18775
37316 45969 8653
28256 46035 17779
39038 46530 7492
29099 46827 17728
16041 47388 31347
24616 49302 24686
42053 49434 7381
30654 49665 19011
23870 49929 26059
34170 50094 15924
22004 52965 30961
38471 53130 14659
26459 53262 26803
34884 53625 18741
41671 53823 12152
36353 54252 17899
42213 54681 12468
42713 55473 12760
43835 56001 12166
42756 56133 13377
41289 56364 15075
44351 56727 12376
45322 56727 11405
47630 56991 9361
49071 57321 8250
38927 57519 18592
47464 57849 10385
32949 58146 25197
37410 58377 20967
41463 58674 17211
46981 60225 13244
43550 60588 17038
45965 60654 14689
47524 61050 13526
27836 61116 33280
32230 61149 28919
33099 61743 28644
51478 61809 10331
52983 61908 8925
39493 62238 22745
51617 62502 10885
51634 62568 10934
53578 63162 9584
45918 63492 17574
53555 63987 10432
56180 64152 7972
56971 64680 7709
43380 66396 23016
54484 67056 12572
48703 67419 18716
60529 67617 7088
54367 68046 13679
61860 68607 6747
57479 69432 11953
63226 69861 6635
58412 70653 12241
38262 71016 32754
55780 71280 15500
42795 71610 28815
59371 72270 12899
43082 72699 29617
37727 73128 35401
38747 73359 34612
47759 73689 25930
50834 73887 23053
38700 74019 35319
62596 75009 12413
63861 75570 11709
37893 76098 38205
65509 76131 10622
67112 76461 9349
67231 76824 9593
47021 76956 29935
69907 76956 7049
58286 77121 18835
59341 77682 18341
51949 79233 27284
69191 79464 10273
62286 79794 17508
58708 80124 21416
72217 80124 7907
63656 80355 16699
70466 80916 10450
70606 81642 11036
71630 82170 10540
73967 82797 8830
67046 83292 16246
75316 83292 7976
73361 83358 9997
70326 83853 13527
77344 83919 6575
76050 84117 8067
77640 84579 6939
63943 84909 20966
77745 85569 7824
77500 86394 8894
80257 86559 6302
42372 87384 45012
51582 87912 36330
52429 87945 35516
47178 88143 40965
53117 88506 35389
47665 88638 40973
54395 89166 34771
73287 89232 15945
59812 90453 30641
76461 90915 14454
67525 91146 23621
79813 91542 11729
45225 91938 46713
68504 92631 24127
84392 93720 9328
82918 93852 10934
84308 94347 10039
80546 94479 13933
71761 94644 22883
75577 95205 19628
85584 95205 9621
89104 95700 6596
70632 96723 26091
77684 97350 19666
70813 97548 26735
91187 97746 6559
85345 98142 12797
85195 98439 13244
87638 99264 11626
58208 99495 41287
93906 100188 6282
55024 101673 46649
66340 102531 36191
80967 102630 21663
92651 104445 11794
89186 104478 15292
85496 105006 19510
96646 105237 8591
87749 105600 17851
72675 105765 33090
90063 106128 16065
87327 106524 19197
89901 107184 17283
83657 108042 24385
92470 108042 15572
60300 109428 49128
72705 110352 37647
79816 110880 31064
86854 111606 24752
89784 111837 22053
59409 112200 52791
96266 112926 16660
96370 113553 17183
83241 113883 30642
98051 114213 16162
106751 114312 7561
84603 115236 30633
95603 116523 20920
100330 117183 16853
88324 117315 28991
90406 117480 27074
94495 117843 23348
58674 119790 61116
86498 120120 33622
66950 121077 54127
75160 122199 47039
116431 122727 6296
81495 122760 41265
73434 122925 49491
103816 123090 19274
106726 123552 16826
78279 124872 46593
71201 125169 53968
104679 125367 20688
91414 125466 34052
109262 125862 16600
110616 125895 15279
110375 126423 16048
83340 127083 43743
94993 127677 32684
118279 128238 9959
75761 129096 53335
73321 129129 55808
110065 129195 19130
105450 129657 24207
115721 129888 14167
123860 130152 6292
124153 130746 6593
107122 130779 23657
104012 131538 27526
109554 132264 22710
97453 132891 35438
120290 132957 12667
115659 133056 17397
109379 133353 23974
89303 133551 44248
120331 133551 13220
77285 133881 56596
81688 133881 52193
95083 134046 38963
128071 134805 6734
99732 134937 35205
115643 135927 20284
104101 136290 32189
99751 136488 36737
99108 136818 37710
101754 137082 35328
101538 137214 35676
131383 137676 6293
117924 137907 19983
98246 138006 39760
121944 138435 16491
117504 138567 21063
124054 139194 15140
111165 139557 28392
112890 140118 27228
117141 140250 23109
115286 140646 25360
101774 141834 40060
132407 141900 9493
120563 142329 21766
102939 142395 39456
102100 142923 40823
134570 143319 8749
114295 143352 29057
137428 143715 6287
137669 143946 6277
114969 144012 29043
138713 145002 6289
118082 145563 27481
138950 145596 6646
124364 145827 21463
121741 146091 24350
131248 147807 16559
135008 148335 13327
109585 149160 39575
124107 149193 25086
122582 149952 27370
112654 150315 37661
120859 151074 30215
132776 151866 19090
134246 152064 17818
145096 152064 6968
142935 152757 9822
133957 153648 19691
137323 153813 16490
140552 154176 13624
129898 155727 25829
131990 156024 24034
119117 156453 37336
109404 156981 47577
111910 157410 45500
130603 159687 29084
129582 159753 30171
135846 160149 24303
141622 160743 19121
126192 160908 34716
116899 160974 44075
124760 161139 36379
132777 161469 28692
126523 161502 34979
143769 162063 18294
135583 162987 27404
127840 163416 35576
136405 163812 27407
146013 163977 17964
135309 164373 29064
138224 164406 26182
138611 164571 25960
135951 165264 29313
134710 165528 30818
139291 165858 26567
139313 166452 27139
144934 167673 22739
136169 167805 31636
147415 167871 20456
162355 168993 6638
163092 169851 6759
125763 170445 44682
164810 171336 6526
134508 171468 36960
142851 171963 29112
158242 171996 13754
125454 172128 46674
165840 172227 6387
134021 172524 38503
159260 172887 13627
149855 173019 23164
147263 173052 25789
144248 173679 29431
163568 174999 11431
148957 176187 27230
143663 176451 32788
150791 176550 25759
149418 177012 27594
152178 177144 24966
141432 178365 36933
138656 178926 40270
156298 179421 23123
139579 179586 40007
145811 179586 33775
161694 180246 18552
141445 180543 39098
160086 180774 20688
140079 181038 40959
140885 181500 40615
147852 182226 34374
141997 182490 40493
159330 182787 23457
162173 182985 20812
149327 183315 33988
168892 184173 15281
158487 184668 26181
159577 185229 25652
142792 185262 42470
164013 186021 22008
165023 186219 21196
170824 186879 16055
152629 188232 35603
159168 188562 29394
175771 189024 13253
160410 189849 29439
148310 189882 41572
157180 189915 32735
138381 190146 51765
157803 190509 32706
175664 191037 15373
151720 191136 39416
177742 191367 13625
179548 192225 12677
139807 192819 53012
167855 193215 25360
186876 193248 6372
169801 193776 23975
166746 193875 27129
148280 193941 45661
170212 194370 24158
169396 194469 25073
188449 194733 6284
173938 195129 21191
169410 195162 25752
177146 195690 18544
177032 195789 18757
179191 196053 16862
190168 196449 6281
177321 196548 19227
187511 196746 9235
181142 196845 15703
177742 197340 19598
182329 198000 15671
163924 198759 34835
167983 199254 31271
183263 199716 16453
166429 199881 33452
184308 200244 15936
151761 200310 48549
172150 201102 28952
166577 202521 35944
159560 202983 43423
159774 203511 43737
179632 203577 23945
171751 204369 32618
193008 204534 11526
174757 204633 29876
181041 205755 24714
179059 205920 26861
173715 206283 32568
187786 207075 19289
201289 207570 6281
189859 207768 17909
162831 207933 45102
181845 209055 27210
190817 209319 18502
169257 209715 40458
183437 209781 26344
199594 210111 10517
149480 210474 60994
187252 210474 23222
166879 210639 43760
179231 210903 31672
192733 211431 18698
190431 211629 21198
198996 211629 12633
179882 212421 32539
175148 213576 38428
187197 213576 26379
177978 214170 36192
188501 214203 25702
195498 215622 20124
203053 216381 13328
202873 216810 13937
203787 217173 13386
200741 217470 16729
205566 217800 12234
202477 218295 15818
205754 218493 12739
205163 218823 13660
208085 219219 11134
164344 220110 55766
168106 220836 52730
177076 221232 44156
178802 221496 42694
177918 221727 43809
208713 221958 13245
204195 222057 17862
199178 222321 23143
183049 222618 39569
216326 222618 6292
189154 222882 33728
199245 222915 23670
185002 223212 38210
217164 223476 6312
201597 224070 22473
181445 224367 42922
202710 224763 22053
213364 225654 12290
198026 225753 27727
216586 226182 9596
212805 226908 14103
209760 227337 17577
220362 227403 7041
206695 227535 20840
220581 227667 7086
220828 228030 7202
210266 228261 17995
196372 229614 33242
201779 230175 28396
170670 230901 60231
213032 231165 18133
202500 231396 28896
211087 231429 20342
193064 231528 38464
218357 231825 13468
206330 232650 26320
183483 233112 49629
187315 233244 45929
216922 234498 17576
206939 234630 27691
207280 235191 27911
185629 235290 49661
211682 235455 23773
197678 235752 38074
221630 236016 14386
221997 236346 14349
229768 236709 6941
223930 237006 13076
222463 237237 14774
229573 237963 8390
221624 239019 17395
224656 239580 14924
233602 239877 6275
201169 240108 38939
192676 240174 47498
233909 240207 6298
209256 240768 31512
181617 240834 59217
234337 241098 6761
164888 241626 76738
214579 241692 27113
196966 242187 45221
225501 242616 17115
217440 242913 25473
222885 244200 21315
238633 244926 6293
229104 244959 15855
209362 245487 36125
221229 245586 24357
204662 246015 41353
210647 246015 35368
212421 246609 34188
227483 246642 19159
233720 247830 14110
234278 248259 13981
239076 248754 9678
225280 249117 23837
226244 249216 22972
239222 249381 10159
230660 249876 19216
205746 250800 45054
210798 251856 41058
216919 253275 36356
241407 253374 11967
227401 254034 26633
235460 254430 18970
231012 254595 23583
229740 254760 25020
218477 255288 36811
219255 256080 36825
230120 256113 25993
221867 256773 34906
239192 257367 18175
239355 257466 18111
227761 257499 29738
220171 258192 38021
240236 258192 17956
234949 258852 23903
252953 259248 6295
252238 259314 7076
216543 260040 43497
254583 260865 6282
227847 261063 33216
233270 261624 28354
236347 261657 25310
255670 261954 6284
232258 261987 29729
230089 262416 32327
236136 263109 26973
239328 264264 24936
221758 264462 42704
222069 264891 42822
229454 265089 35635
222398 265419 43021
226756 265683 38927
230062 265749 35687
230656 266013 35357
245759 266277 20518
217305 266343 49038
242073 266574 24501
251707 266838 15131
248392 267003 18611
232379 267036 34657
239552 267333 27781
213300 267762 54462
241853 268389 26536
236898 268884 31986
237245 268983 31738
242486 269940 27454
247791 271161 23370
255226 271722 16496
250871 272184 21313
256464 272415 15951
242200 273042 30842
217116 273306 56190
213044 274758 61714
245570 275286 29716
232675 275319 42644
236386 275880 39494
240386 276012 35626
240006 276144 36138
240939 276408 35469
244418 276969 32551
271465 277761 6296
240532 278586 38054
268426 278619 10193
251458 278718 27260
233671 279444 45773
256452 280071 23619
230479 280137 49658
260312 280203 19891
258565 280632 22067
260638 280929 20291
258456 281061 22605
260195 281787 21592
237352 281886 44534
255889 281886 25997
263271 282084 18813
238892 284163 45271
243508 284229 40721
254462 284262 29800
242183 285021 42838
239191 285153 45962
262364 285318 22954
242438 285549 43111
259568 287496 27928
252935 287628 34693
270173 288024 17851
263214 288552 25338
245461 288981 43520
243342 289344 46002
247571 289608 42037
249822 289938 40116
245308 290367 45059
249879 290466 40587
261594 290598 29004
260781 291126 30345
264923 291819 26896
274780 292611 17831
270568 292743 22175
276791 293139 16348
283236 293304 10068
274828 293733 18905
276512 294921 18409
276653 295581 18928
283172 295614 12442
287557 295746 8189
263204 296604 33400
273187 297363 24176
259868 297957 38089
264626 298056 33430
261943 298518 36575
265771 298815 33044
263635 299013 35378
244440 300531 56091
293996 301092 7096
246018 301191 55173
258155 301554 43399
289352 301587 12235
266133 301752 35619
267995 301917 33922
270455 302346 31891
273651 302478 28827
278924 303930 25006
265993 304524 38531
280413 304590 24177
251840 304755 52915
275021 305052 30031
277854 305217 27363
278348 305349 27001
253803 305943 52140
255395 306570 51175
259512 307164 47652
289849 307263 17414
263298 307857 44559
296100 308154 12054
290465 308451 17986
261137 308682 47545
269942 308946 39004
290541 308979 18438
290680 309738 19058
282467 310464 27997
282793 310662 27869
293208 311124 17916
285409 311421 26012
286038 311652 25614
278049 311949 33900
294129 311949 17820
292544 313236 20692
303859 313500 9641
305497 314193 8696
286625 314820 28195
288473 314919 26446
295932 315447 19515
295647 315546 19899
300038 316866 16828
267935 317427 49492
294233 317493 23260
271102 317988 46886
289009 318087 29078
294689 318516 23827
275209 318681 43472
278634 320001 41367
284489 320034 35545
300553 320166 19613
299050 320364 21314
284123 321288 37165
272986 321321 48335
283968 321783 37815
285367 321816 36449
274179 321882 47703
284048 323400 39352
273455 324060 50605
284733 324159 39426
269002 324852 55850
283994 325083 41089
283737 325512 41775
286200 325809 39609
287316 326271 38955
295448 326469 31021
280516 326535 46019
295466 326964 31498
289015 327888 38873
295684 328053 32369
281043 328548 47505
291811 328680 36869
310070 330066 19996
289550 331287 41737
294315 331815 37500
290159 331980 41821
294973 332541 37568
311350 333069 21719
274850 333300 58450
295424 333828 38404
298041 333828 35787
284899 333927 49028
275660 334356 58696
305026 335082 30056
315615 336171 20556
306974 336534 29560
305308 336930 31622
289782 337128 47346
291509 337854 46345
305317 338019 32702
309450 338613 29163
306218 339801 33583
309015 339900 30885
308436 340263 31827
309520 340758 31238
314103 340824 26721
315239 340824 25585
274018 341055 67037
301334 341154 39820
325533 341352 15819
309625 341484 31859
326762 341616 14854
287347 341748 54401
314021 342177 28156
307105 342276 35171
328621 342837 14216
323304 342837 19533
325841 343629 17788
313315 343959 30644
312701 344157 31456
290133 344685 54552
312974 344751 31777
314799 345312 30513
298306 345345 47039
321875 345543 23668
295987 345774 49787
320172 345873 25701
329480 346929 17449
301667 347193 45526
302168 347919 45751
339180 348579 9399
310775 348612 37837
304476 348645 44169
288468 349107 60639
291637 349140 57503
301751 349239 47488
339616 349371 9755
339906 350031 10125
312106 350196 38090
312607 350955 38348
304087 352341 48254
336542 352374 15832
337226 352968 15742
295030 353265 58235
299872 353265 53393
323647 354189 30542
323858 354750 30892
329691 355872 26181
346612 356433 9821
312166 356829 44663
347387 356994 9607
313239 357588 44349
314946 358248 43302
324708 359106 34398
331676 359172 27496
298993 360228 61235
305100 360261 55161
316054 360855 44801
323880 361383 37503
308939 361515 52576
318275 361581 43306
326718 362274 35556
319381 362604 43223
330099 362769 32670
308328 364089 55761
326129 364287 38158
322662 364650 41988
306709 365211 58502
341405 365508 24103
310450 365772 55322
302344 366003 63659
345126 366069 20943
348533 366168 17635
323245 366432 43187
347560 366927 19367
338241 367818 29577
304685 368940 64255
337328 369204 31876
344601 369798 25197
360761 370260 9499
362848 370854 8006
346433 371019 24586
357718 372108 14390
339325 372603 33278
335739 372966 37227
340536 373362 32826
314372 373494 59122
328617 374088 45471
329522 374715 45193
335969 375210 39241
326781 375342 48561
322193 375705 53512
327480 375870 48390
306800 376101 69301
323256 376332 53076
328913 376431 47518
332271 376464 44193
310419 376530 66111
338647 376893 38246
345682 377652 31970
359146 378675 19529
315461 379137 63676
365171 379236 14065
370347 380490 10143
339520 380919 41399
353621 381447 27826
353294 381711 28417
356364 382008 25644
341775 382239 40464
346659 382800 36141
355674 383328 27654
358699 383757 25058
348016 383922 35906
352451 384549 32098
346983 384813 37830
363720 385407 21687
370631 385473 14842
356765 387024 30259
358122 388146 30024
344569 389136 44567
357215 389631 32416
329536 389763 60227
363972 390126 26154
360654 390192 29538
351697 390291 38594
367981 390885 22904
355528 390951 35423
366851 391479 24628
381477 391908 10431
334478 392172 57694
368207 392172 23965
368967 392964 23997
368490 392964 24474
370131 393492 23361
370039 393657 23618
367472 393822 26350
352458 394053 41595
379217 394086 14869
371508 394416 22908
357335 394647 37312
356802 395274 38472
364033 395604 31571
327022 395967 68945
385836 396000 10164
363020 396693 33673
375519 397386 21867
378503 398178 19675
345946 398706 52760
379526 398937 19411
318740 399201 80461
359257 399729 40472
371716 399927 28211
359600 400290 40690
358097 400422 42325
350682 400983 50301
340723 401610 60887
356519 402204 45685
346018 402303 56285
356627 402765 46138
384610 402930 18320
354906 403524 48618
384646 403689 19043
380603 405636 25033
386471 405702 19231
383597 406461 22864
369910 406758 36848
370970 406824 35854
392964 406824 13860
387965 407088 19123
374355 408705 34350
375052 409299 34247
363756 409596 45840
377359 409860 32501
365128 410058 44930
365909 410058 44149
356858 410619 53761
383336 411213 27877
358508 411444 52936
360699 411906 51207
361147 412038 50891
371597 412335 40738
342577 412467 69890
362016 412665 50649
377507 412698 35191
380064 413226 33162
379049 413886 34837
333730 414348 80618
386675 414480 27805
384931 415569 30638
394707 415668 20961
395242 416229 20987
384477 417252 32775
347054 417483 70429
383787 417648 33861
387631 418242 30611
371392 418275 46883
352861 418308 65447
378708 418836 40128
391801 418836 27035
371443 418836 47393
380967 419793 38826
377295 420090 42795
389346 420387 31041
389988 421905 31917
371388 421905 50517
392452 422532 30080
399991 424149 24158
370008 425172 55164
396277 425172 28895
394377 425238 30861
398978 425238 26260
373536 425832 52296
397876 425898 28022
374531 426426 51895
379179 427020 47841
381591 427185 45594
390973 427779 36806
392172 427845 35673
394592 428637 34045
420973 429099 8126
381325 429132 47807
409349 429198 19849
421281 429660 8379
396117 429693 33576
409565 429825 20260
400134 430023 29889
403050 431178 28128
422394 431739 9345
381953 431904 49951
406415 431904 25489
417265 432069 14804
422032 432168 10136
384299 432432 48133
423516 432729 9213
419806 432762 12956
386285 432993 46708
402311 434709 32398
390803 435072 44269
406886 435138 28252
388683 435435 46752
417588 435666 18078
379201 435831 56630
389082 435996 46914
395856 436293 40437
421624 436359 14735
370689 436491 65802
376187 437052 60865
398045 437382 39337
401326 437415 36089
379570 437679 58109
403750 438141 34391
398148 438273 40125
428423 438570 10147
388559 439131 50572
422638 439791 17153
431784 440352 8568
422803 440517 17714
427721 440550 12829
403662 441408 37746
430586 441870 11284
412999 442035 29036
414700 442662 27962
420916 443355 22439
391618 443652 52034
374243 444609 70366
385859 444741 58882
422497 445170 22673
429179 445698 16519
424945 445896 20951
431131 446259 15128
426747 446391 19644
425409 446655 21246
397317 446886 49569
426830 447249 20419
427841 447810 19969
417381 449130 31749
424832 449691 24859
418999 449955 30956
394700 449988 55288
394909 450549 55640
393541 451209 57668
437527 451671 14144
424567 452298 27731
440495 452727 12232
445495 452859 7364
441252 453321 12069
419631 453651 34020
426097 454443 28346
446833 455928 9095
439205 456423 17218
445879 457512 11633
414270 457512 43242
418564 458073 39509
452094 458733 6639
420986 458799 37813
427329 459162 31833
430234 459987 29753
431618 460713 29095
424123 460746 36623
442598 460746 18148
401805 461010 59205
426256 461175 34919
426915 461505 34590
421537 461835 40298
437114 461835 24721
428067 462660 34593
446160 462990 16830
431086 463980 32894
455807 464145 8338
436005 465135 29130
448463 465729 17266
398253 466554 68301
431067 466818 35751
432129 466917 34788
456892 467082 10190
440066 467214 27148
387325 467511 80186
399376 468171 68795
443288 468303 25015
410519 468831 58312
413798 469788 55990
439473 470184 30711
387673 471009 83336
432900 471141 38241
425250 471537 46287
451053 471570 20517
459935 471636 11701
423517 472098 48581
437274 472725 35451
431926 472791 40865
430922 473451 42529
448629 473451 24822
448649 474144 25495
446147 474705 28558
461102 475299 14197
452404 476058 23654
462399 476256 13857
452114 476586 24472
452592 476652 24060
464413 476850 12437
447257 476883 29626
447960 477411 29451
424538 478038 53500
459569 478071 18502
470235 478896 8661
436731 479523 42792
446045 479919 33874
472593 480282 7689
469238 480315 11077
455436 480546 25110
459295 480843 21548
456583 481206 24623
462218 482196 19978
448893 483054 34161
443031 483549 40518
457780 483582 25802
469507 483615 14108
468034 484077 16043
451549 484110 32561
463071 484440 21369
455797 484671 28874
460068 485199 25131
456345 485628 29283
470266 486288 16022
466295 487509 21214
450027 488103 38076
434301 490017 55716
465943 490083 24140
441969 490578 48609
473225 490611 17386
468427 491040 22613
472570 491073 18503
477750 491172 13422
463449 491205 27756
479690 491700 12010
456312 491799 35487
469929 491898 21969
484247 492228 7981
484270 492888 8618
477087 493944 16857
488034 494340 6306
477954 494703 16749
446176 495033 48857
462034 495561 33527
464557 495990 31433
473178 496122 22944
423158 497112 73954
474222 497376 23154
473997 497673 23676
481664 497937 16273
452056 498333 46277
485803 499026 13223
475642 499290 23648
466894 500115 33221
493971 500247 6276
473777 500643 26866
494729 501072 6343
481097 501237 20140
475437 501369 25932
486738 502161 15423
484636 502623 17987
490790 502722 11932
464776 503052 38276
465570 503613 38043
466678 504075 37397
472378 504372 31994
485489 504570 19081
473422 504636 31214
477626 504900 27274
474037 505329 31292
482259 505461 23202
490084 506550 16466
466135 506979 40844
478978 508134 29156
492932 508332 15400
468111 508695 40584
478995 509256 30261
502962 509256 6294
493617 509751 16134
496115 509751 13636
495511 509817 14306
483439 510015 26576
473194 510213 37019
480379 510279 29900
496678 510411 13733
494986 510609 15623
484574 510873 26299
498102 511368 13266
505293 511566 6273
488737 511929 23192
490998 511995 20997
501169 512028 10859
482403 512556 30153
485826 512589 26763
501434 512688 11254
501529 512820 11291
494705 513579 18874
503037 513975 10938
466747 514668 47921
490806 515196 24390
471981 515856 43875
483827 516681 32854
476984 517077 40093
486546 517242 30696
488563 517770 29207
487741 518166 30425
512907 519189 6282
476604 519783 43179
476854 520377 43523
481577 520443 38866
496929 520740 23811
485897 520806 34909
478930 520938 42008
470162 521004 50842
498930 521664 22734
510865 522357 11492
505975 523611 17636
465831 524007 58176
487686 524040 36354
517749 524106 6357
494439 524205 29766
491126 525030 33904
497108 525591 28483
495934 525591 29657
519486 525756 6270
488233 526878 38645
511585 527142 15557
485146 527307 42161
515260 527736 12476
487903 528891 40988
523228 529518 6290
505812 529782 23970
490419 529947 39528
495647 529947 34300
495877 530508 34631
496137 530706 34569
490702 530970 40268
512667 531333 18666
512885 532026 19141
479188 532356 53168
499859 532521 32662
499096 533973 34877
520501 534864 14363
509190 534963 25773
488363 535293 46930
525200 535425 10225
526075 536085 10010
516602 536316 19714
505384 536778 31394
491768 537570 45802
515123 537933 22810
508438 538164 29726
502423 538659 36236
496800 538692 41892
501281 539451 38170
502966 539583 36617
501427 540045 38618
505472 540705 35233
529280 540804 11524
503594 541299 37705
531857 541398 9541
529987 541431 11444
509035 541992 32957
535292 542388 7096
504631 542850 38219
506493 543576 37083
537448 543741 6293
521528 544665 23137
537600 545094 7494
514395 545325 30930
519827 546018 26191
534628 546051 11423
512110 546084 33974
540205 546480 6275
505744 548031 42287
532504 548031 15527
532888 548691 15803
502204 549285 47081
506203 549813 43610
496649 550440 53791
538187 550935 12748
520071 551133 31062
493991 551232 57241
538741 551793 13052
503428 551892 48464
513609 552519 38910
543461 552552 9091
532451 553476 21025
537791 553608 15817
523282 554202 30920
525383 554301 28918
533876 554598 20722
519797 554928 35131
528761 554961 26200
525857 555423 29566
529133 555522 26389
505479 555621 50142
533393 556050 22657
518490 556248 37758
529575 557832 28257
542086 558129 16043
538137 558591 20454
534480 558657 24177
521798 558723 36925
539157 559251 20094
547402 559746 12344
542586 560439 17853
529876 561099 31223
536746 562089 25343
506050 562452 56402
507571 562782 55211
544203 563013 18810
514391 564300 49909
523148 565026 41878
551133 565389 14256
499517 565785 66268
550914 565950 15036
524913 566412 41499
503348 566511 63163
505506 566511 61005
501438 566610 65172
506081 567534 61453
536899 568524 31625
503393 569514 66121
521475 570372 48897
546722 570636 23914
498552 571032 72480
534268 571593 37325
564122 571659 7537
529191 571725 42534
566095 572550 6455
519227 573012 53785
543378 573177 29799
544784 574035 29251
525116 574464 49348
551808 574563 22755
547969 575223 27254
529903 576807 46904
542956 577104 34148
540022 577830 37808
547059 578358 31299
555644 578490 22846
562441 579909 17468
523668 580173 56505
511981 580338 68357
547791 580503 32712
562954 580602 17648
554923 581724 26801
543102 581757 38655
549545 582153 32608
561124 582483 21359
545709 582846 37137
570318 583341 13023
546705 583440 36735
547193 583605 36412
547188 584133 36945
560264 584232 23968
562105 584298 22193
573939 585519 11580
564195 585750 21555
552024 585981 33957
577660 586542 8882
557954 586575 28621
549195 587004 37809
550683 587664 36981
548833 588357 39524
566038 588357 22319
544827 588852 44025
561926 589512 27586
554640 589545 34905
564881 589677 24796
564052 590799 26747
576056 591360 15304
530213 592812 62599
564910 592911 28001
577128 593142 16014
556597 593406 36809
574556 593835 19279
537094 594066 56972
547281 594792 47511
583609 595452 11843
547319 595485 48166
582738 595848 13110
561241 596178 34937
553498 596376 42878
589837 596805 6968
574621 599511 24890
560489 599577 39088
560896 600072 39176
577655 600270 22615
583281 600633 17352
579371 600864 21493
580997 601656 20659
572856 601953 29097
560437 602514 42077
553300 602580 49280
561367 602844 41477
568049 603999 35950
569103 604692 35589
550916 604758 53842
551196 605451 54255
566945 605616 38671
561455 605682 44227
567059 606375 39316
568601 606870 38269
588427 606936 18509
568313 607728 39415
573043 608190 35147
551492 608256 56764
562005 610038 48033
554755 610962 56207
569405 610962 41557
580980 611061 30081
570063 611292 41229
578761 612645 33884
564540 613272 48732
588206 613503 25297
576658 613800 37142
566394 614361 47967
577159 614394 37235
606864 616473 9609
577113 616671 39558
602683 616737 14054
581869 617133 35264
567771 617199 49428
587488 617793 30305
598001 618552 20551
585703 619971 34268
595575 620598 25023
595560 621027 25467
591510 621093 29583
599296 621159 21863
565172 621687 56515
590502 621786 31284
605922 621852 15930
603407 621918 18511
603350 622380 19030
590884 622512 31628
603526 622512 18986
588130 622710 34580
573691 623073 49382
575146 623634 48488
615533 623667 8134
581116 624360 43244
614413 625548 11135
589763 626241 36478
598676 626406 27730
620222 626505 6283
615331 626736 11405
604747 627033 22286
620134 627297 7163
621113 627462 6349
605648 627594 21946
581950 628353 46403
614294 628848 14554
592663 629145 36482
580566 629508 48942
577417 630036 52619
578667 630366 51699
623254 630399 7145
581558 630498 48940
586020 630498 44478
594136 630531 36395
624328 630630 6302
589593 631224 41631
592690 633303 40613
584886 633633 48747
577964 633732 55768
606169 633963 27794
586542 634293 47751
620102 634326 14224
591989 634755 42766
622957 634887 11930
612612 635052 22440
586848 635448 48600
570614 635613 64999
620157 635745 15588
581009 636273 55264
627272 636537 9265
586775 636966 50191
630258 637593 7335
588893 637824 48931
592245 638121 45876
594701 638649 43948
604973 638715 33742
581664 638847 57183
593166 638880 45714
632822 639111 6289
606348 639408 33060
598119 639441 41322
612683 640332 27649
626685 640662 13977
599263 640893 41630
577603 641025 63422
633070 641157 8087
579572 641553 61981
604543 641619 37076
613070 642345 29275
636101 642741 6640
627853 645579 17726
600244 645876 45632
632906 646107 13201
615800 647394 31594
623552 648780 25228
632842 649242 16400
633750 649836 16086
638485 650430 11945
639172 651024 11852
598355 651618 53263
618499 651750 33251
644485 651783 7298
643188 652146 8958
619170 652179 33009
627421 652443 25022
644655 652674 8019
629120 653136 24016
639406 655017 15611
637008 655710 18702
601568 656469 54901
641187 656733 15546
633858 657294 23436
607940 659010 51070
613663 659505 45842
636966 659604 22638
639860 659736 19876
613650 659967 46317
614924 660066 45142
608168 660495 52327
640644 660528 19884
602754 660561 57807
614608 660990 46382
604084 661122 57038
633701 661188 27487
618622 661485 42863
620171 661683 41512
621285 662013 40728
643600 662310 18710
620538 662343 41805
619752 662442 42690
650986 663234 12248
619794 664224 44430
622653 664488 41835
633232 665016 31784
600698 665049 64351
617888 665445 47557
623147 665610 42463
607562 665742 58180
611350 666006 54656
618006 666336 48330
612504 667161 54657
633573 667854 34281
622627 668613 45986
652394 668712 16318
658540 669141 10601
661811 669240 7429
660076 669768 9692
647686 670065 22379
636081 670263 34182
662266 670428 8162
657232 672078 14846
660092 672408 12316
656590 672606 16016
662748 672936 10188
666854 673134 6280
658870 673398 14528
658008 673761 15753
660262 674025 13763
633036 674124 41088
633515 674685 41170
636877 675378 38501
662181 675411 13230
640472 676071 35599
628738 676236 47498
663078 676236 13158
628261 676368 48107
642398 676632 34234
620817 676896 56079
632350 677061 44711
631403 677457 46054
639540 677523 37983
644370 678711 34341
648159 678843 30684
617872 679503 61631
642377 679734 37357
647776 680031 32255
647355 680328 32973
643047 680493 37446
649217 680889 31672
670636 681087 10451
603621 681450 77829
627581 681549 53968
618096 681813 63717
648893 681846 32953
651346 682770 31424
652599 683067 30468
652164 683496 31332
651109 683529 32420
674975 683826 8851
656896 684189 27293
662002 684981 22979
656184 685014 28830
678217 685179 6962
664500 685344 20844
670104 687027 16923
672857 687555 14698
672751 688083 15332
632461 688116 55655
673166 688149 14983
641619 688677 47058
638938 689271 50333
661832 689304 27472
664942 690063 25121
655784 690261 34477
629781 690393 60612
665389 690723 25334
648536 690987 42451
667797 691152 23355
648488 691383 42895
658285 691680 33395
655852 692505 36653
677376 692901 15525
667076 693330 26254
662681 693561 30880
679284 693858 14574
623133 694386 71253
644791 694980 50189
646697 695541 48844
668339 695574 27235
643444 696003 52559
675729 696795 21066
661372 696960 35588
681158 697686 16528
663199 697752 34553
640844 698412 57568
682692 698511 15819
642269 699039 56770
652012 699963 47951
693574 700755 7181
650557 700788 50231
652853 701019 48166
655868 701580 45712
675745 702141 26396
662678 702141 39463
665962 702240 36278
668221 703428 35207
667830 703593 35763
669543 704088 34545
670587 704286 33699
672308 705012 32704
698289 705111 6822
690724 705672 14948
647357 705870 58513
662988 706299 43311
692109 706332 14223
662840 706662 43822
692536 706959 14423
643820 707355 63535
677938 707421 29483
657682 707883 50201
700366 708246 7880
658878 708411 49533
672773 708708 35935
675816 709038 33222
682971 710523 27552
704247 710886 6639
684480 711117 26637
701171 711447 10276
705218 711513 6295
680389 712833 32444
690408 713097 22689
681244 714219 32975
708400 714681 6281
709013 715407 6394
696023 715638 19615
663573 715671 52098
684777 715770 30993
669396 716100 46704
664738 716298 51560
674758 716397 41639
684898 716430 31532
678376 716628 38252
689408 717123 27715
681105 717321 36216
689887 717750 27863
705977 718080 12103
690003 718278 28275
700370 718278 17908
690024 719235 29211
695749 720654 24905
692528 721083 28555
702126 721215 19089
693828 721314 27486
695425 721644 26219
684803 721842 37039
698125 722271 24146
678661 723063 44402
680261 723327 43066
700109 723426 23317
679338 724119 44781
680403 724548 44145
682804 724581 41777
703173 724977 21804
707495 725637 18142
708347 725670 17323
690437 726000 35563
713387 726231 12844
708364 726396 18032
696929 726495 29566
683996 727419 43423
685080 727947 42867
700965 729399 28434
709114 729696 20582
713976 730455 16479
676304 730719 54415
716173 731115 14942
685115 731445 46330
702745 731445 28700
695765 731709 35944
721046 731808 10762
697884 732237 34353
715070 732402 17332
725655 732534 6879
711813 735240 23427
696192 735801 39609
699890 735933 36043
686752 736362 49610
719396 736494 17098
702124 736692 34568
716974 736923 19949
702331 737484 35153
719155 738045 18890
726193 738177 11984
708569 738672 30103
716688 739761 23073
690053 740652 50599
702841 740652 37811
722917 740850 17933
727831 740982 13151
723005 741444 18439
701490 741477 39987
719576 741510 21934
695194 741642 46448
728699 741642 12943
708278 742038 33760
723911 742071 18160
691895 742599 50704
736076 743127 7051
733017 743259 10242
728393 744216 15823
714913 744777 29864
733142 745041 11899
735790 745767 9977
700510 746361 45851
692430 746526 54096
716723 746955 30232
729727 747054 17327
718515 747516 29001
740992 747648 6656
693416 748011 54595
688934 748209 59275
713276 748836 35560
727208 749397 22189
704979 750090 45111
730067 750156 20089
731473 750849 19376
710559 750915 40356
725789 751443 25654
714272 751575 37303
715045 752169 37124
705603 753621 48018
721523 753621 32098
704226 754149 49923
727517 754347 26830
728969 755073 26104
708458 755865 47407
730689 756558 25869
746071 757086 11015
747361 758571 11210
715335 759099 43764
724036 759132 35096
749745 759660 9915
725124 759726 34602
713456 759924 46468
701206 760320 59114
720263 760320 40057
716512 760485 43973
731449 760914 29465
735396 761970 26574
736027 762168 26141
745310 762696 17386
738921 762960 24039
754400 763323 8923
738586 763356 24770
710772 763884 53112
754845 763884 9039
745098 765039 19941
746448 765072 18624
725662 765567 39905
748342 765600 17258
740612 766062 25450
748605 766194 17589
737496 766359 28863
751686 767151 15465
752097 767745 15648
752629 768108 15479
723743 768306 44563
723619 769197 45578
748288 769197 20909
719425 769428 50003
731678 769890 38212
757053 770352 13299
745868 771738 25870
750849 772827 21978
753137 772992 19855
737594 773256 35662
752274 773685 21411
743341 773850 30509
756846 775269 18423
759321 775995 16674
749293 776391 27098
744452 776523 32071
759058 776556 17498
744946 777084 32138
768305 777084 8779
756467 777546 21079
752752 777678 24926
771707 778041 6334
768741 778272 9531
770140 778965 8825
764924 779031 14107
758123 779559 21436
771398 779724 8326
768747 780549 11802
743005 780648 37643
753875 781242 27367
769149 781242 12093
753989 781803 27814
749687 782463 32776
758496 782496 24000
762218 782661 20443
760873 783057 22184
774656 783222 8566
765364 783585 18221
765857 783882 18025
752138 783981 31843
754242 784971 30729
758206 786489 28283
779170 786885 7715
754185 787050 32865
779912 787083 7171
764709 787380 22671
766783 787809 21026
770280 788040 17760
753319 788667 35348
782070 788733 6663
768427 789459 21032
736565 789822 53257
779021 790152 11131
750240 790185 39945
776349 790482 14133
781137 790680 9543
768554 790713 22159
783796 790977 7181
774164 791670 17506
779066 792198 13132
780225 793089 12864
762474 793848 31374
778003 794145 16142
778954 794838 15884
775534 795432 19898
780078 795960 15882
754560 796587 42027
765527 797742 32215
768849 797907 29058
761894 799095 37201
764926 799128 34202
768025 800283 32258
772586 800745 28159
767165 800877 33712
771181 801438 30257
775782 801999 26217
789887 802725 12838
784647 804012 19365
776144 805101 28957
789866 805827 15961
788766 806652 17886
784226 807279 23053
785955 807774 21819
782861 808500 25639
796898 808632 11734
784424 808863 24439
789972 809292 19320
798565 809523 10958
779170 809622 30452
791158 809985 18827
787306 810183 22877
788921 810348 21427
776997 811041 34044
789803 812031 22228
786515 812757 26242
799912 813120 13208
803732 813450 9718
789615 814539 24924
807687 814638 6951
794569 815199 20630
800704 816090 15386
772758 816420 43662
806703 817542 10839
801911 817575 15664
777143 817641 40498
778578 817773 39195
809530 818103 8573
785554 818169 32615
794093 818301 24208
811314 818631 7317
800357 818796 18439
812727 820215 7488
779554 820677 41123
789379 821271 31892
786771 821898 35127
787143 821964 34821
790974 822030 31056
804645 822657 18012
781347 823251 41904
804320 823911 19591
775248 824439 49191
792363 824604 32241
787317 824637 37320
801428 825000 23572
788821 825066 36245
790948 825627 34679
795509 825759 30250
791179 826287 35108
814120 827706 13586
802016 827838 25822
808316 828102 19786
814555 828300 13745
813887 828333 14446
806407 828927 22520
815250 828927 13677
810055 829950 19895
818275 830148 11873
791012 830775 39763
791527 830775 39248
792612 832689 40077
796714 833217 36503
797949 833217 35268
802420 833811 31391
817160 834108 16948
807558 834504 26946
818681 835032 16351
804498 835065 30567
824391 836451 12060
800138 836880 36742
801306 837573 36267
831630 837903 6273
820160 839421 19261
829972 839982 10010
826915 840510 13595
816008 840675 24667
827053 841104 14051
829177 841797 12620
835518 841797 6279
791722 843117 51395
792583 843216 50633
831149 843678 12529
807006 843777 36771
810013 843843 33830
806993 844404 37411
821477 844833 23356
813446 845064 31618
815644 845064 29420
813602 845559 31957
799423 846219 46796
822391 846813 24422
822976 846945 23969
840882 847176 6294
827825 847770 19945
824399 848100 23701
802966 848166 45200
817002 849585 32583
818804 849816 31012
822056 850014 27958
820049 850971 30922
842370 851070 8700
843469 851598 8129
826171 852159 25988
836966 852720 15754
821541 853314 31773
837891 853380 15489
832479 854700 22221
845056 855855 10799
816739 856020 39281
810029 856581 46552
830485 857109 26624
851662 857934 6272
831933 858000 26067
828893 858198 29305
832600 858891 26291
834009 859617 25608
843915 860013 16098
848869 860574 11705
827939 860805 32866
849680 861069 11389
838945 861135 22190
825102 861168 36066
837490 861762 24272
838996 861828 22832
828782 862059 33277
846514 863610 17096
846010 864303 18293
847272 864831 17559
855616 865194 9578
848693 865425 16732
831902 865755 33853
839226 866283 27057
857175 866349 9174
835532 866382 30850
849193 866745 17552
850218 866811 16593
859279 867273 7994
859678 867768 8090
860121 868329 8208
828246 868527 40281
836548 869583 33035
862162 869682 7520
839830 870111 30281
841338 871959 30621
857420 872355 14935
857429 872883 15454
861194 872883 11689
843770 873246 29476
863692 874005 10313
867027 874632 7605
838123 875226 37103
867043 875292 8249
841261 875853 34592
849677 876183 26506
866181 876282 10101
861399 877239 15840
866767 877668 10901
856472 878394 21922
844545 878559 34014
845118 878889 33771
837844 879186 41342
858187 879747 21560
852623 880275 27652
855618 881529 25911
875170 882420 7250
861142 882486 21344
872121 883047 10926
866536 883509 16973
873495 883575 10080
866772 884829 18057
850046 885489 35443
872639 886083 13444
857795 886545 28750
876875 886776 9901
863947 886974 23027
864761 887667 22906
847114 888063 40949
881947 888591 6644
856616 888723 32107
839724 888855 49131
868520 888987 20467
854325 889779 35454
872572 889812 17240
871864 889977 18113
859492 890802 31310
865434 891165 25731
882857 891561 8704
885795 892188 6393
852120 892221 40101
840532 892254 51722
841456 892848 51392
853600 893904 40304
866477 894399 27922
866630 895455 28825
878870 895983 17113
890533 896808 6275
869689 897006 27317
882725 897105 14380
868589 897501 28912
880868 898590 17722
887784 898821 11037
871092 899580 28488
856003 899646 43643
892142 899811 7669
865180 900207 35027
871840 900306 28466
874421 900867 26446
854052 901824 47772
885118 902253 17135
866479 902352 35873
846008 902385 56377
881502 902979 21477
863076 903540 40464
883908 905388 21480
876342 905487 29145
895643 905982 10339
855944 906147 50203
876886 906213 29327
898839 906609 7770
881649 906708 25059
883443 906708 23265
899766 907302 7536
899073 907335 8262
850833 908028 57195
900984 909051 8067
899008 909447 10439
867948 909513 41565
903082 909744 6662
902284 909942 7658
877717 910107 32390
902432 910470 8038
891937 910503 18566
896956 911130 14174
872296 911988 39692
906288 912945 6657
907276 913572 6296
907580 913869 6289
888351 914166 25815
874469 914265 39796
907773 914496 6723
888865 914925 26060
908632 914925 6293
898253 916113 17860
880662 916905 36243
889260 917400 28140
878684 917532 38848
885928 917565 31637
881695 917829 36134
895737 917862 22125
899527 918060 18533
889704 918258 28554
891858 919050 27192
901175 919050 17875
907727 921195 13468
909317 921723 12406
914766 921789 7023
879411 921987 42576
915588 923010 7422
906900 923307 16407
908063 923868 15805
902675 924726 22051
905114 925386 20272
877553 925782 48229
906382 926046 19664
888275 926145 37870
904319 927795 23476
921904 928422 6518
896980 928884 31904
922652 929115 6463
915532 929676 14144
924613 930897 6284
911536 931029 19493
881137 931227 50090
883255 931821 48566
906203 932481 26278
896620 932943 36323
907033 933273 26240
906228 934131 27903
915764 934329 18565
906334 934659 28325
917321 935352 18031
880325 936540 56215
930683 936969 6286
904711 937068 32357
883308 937365 54057
885043 937893 52850
897754 938454 40700
921435 938487 17052
912580 938883 26303
901170 939147 37977
915283 939510 24227
922442 939642 17200
904547 939807 35260
929856 940797 10941
909822 941787 31965
923544 942348 18804
916034 943734 27700
922211 943899 21688
930032 944427 14395
908543 946704 38161
911725 946836 35111
913313 947397 34084
913615 947859 34244
916684 948057 31373
915455 948618 33163
925264 948981 23717
916674 949146 32472
928003 949707 21704
917125 949839 32714
906075 950169 44094
923237 951390 28153
920116 951753 31637
918287 951951 33664
932009 951984 19975
919281 952479 33198
927203 952512 25309
927698 954228 26530
922942 955119 32177
933426 955614 22188
931845 955746 23901
935428 955746 20318
923639 956208 32569
940640 956307 15667
933769 956406 22637
919336 956835 37499
934826 957198 22372
940763 957858 17095
950162 958518 8356
925682 958551 32869
930310 958848 28538
927735 959112 31377
943280 959310 16030
933284 959673 26389
913349 960894 47545
924655 961455 36800
927577 961950 34373
921308 962610 41302
951173 963468 12295
957611 964029 6418
920089 965481 45392
932020 965745 33725
956591 966207 9616
920234 966273 46039
932324 966405 34081
960259 966636 6377
929816 966933 37117
920693 967065 46372
927429 967329 39900
947856 967494 19638
894301 967659 73358
935388 967923 32535
942745 968484 25739
914221 968550 54329
906899 969078 62179
945430 969276 23846
951917 969936 18019
922699 970299 47600
938429 970728 32299
932977 971322 38345
960586 971520 10934
936763 971916 35153
955498 971916 16418
960998 972477 11479
948807 973467 24660
909076 973566 64490
910431 973632 63201
918179 974721 56542
955883 974787 18904
948752 975282 26530
951584 975579 23995
966727 975711 8984
952245 976008 23763
951823 976338 24515
948967 977856 28889
934345 979110 44765
929602 979572 49970
959607 980034 20427
943466 980133 36667
964791 980628 15837
954201 980661 26460
967400 981156 13756
969856 981948 12092
970092 982410 12318
958745 983334 24589
932971 983928 50957
943583 983961 40378
958492 985908 27416
932426 986139 53713
961961 986436 24475
931545 986601 55056
963410 986799 23389
962845 986931 24086
941108 987096 45988
968258 987327 19069
944602 987756 43154
972026 987888 15862
981423 988086 6663
949053 988284 39231
951256 988845 37589
966584 988911 22327
973824 989142 15318
953738 989406 35668
968581 989604 21023
956872 990231 33359
971781 990363 18582
973105 991551 18446
954918 992508 37590
939376 993069 53693
963100 993102 30002
944226 993927 49701
964982 994224 29242
945307 994554 49247
967704 994950 27246
982277 995049 12772
949113 995445 46332
979631 996435 16804
938986 996666 57680
952006 997260 45254
963744 999306 35562
934108 999471 65363
972977 999669 26692
969846 999999 30153
976454 1000197 23743
953370 1000494 47124
973779 1001055 27276
984217 1001517 17300
976869 1001616 24747
967670 1001616 33946
963680 1002210 38530
984521 1002210 17689
972759 1002375 29616
974018 1002441 28423
974444 1003068 28624
978038 1003167 25129
931995 1003464 71469
969440 1003992 34552
951115 1004553 53438
981359 1004817 23458
987522 1005345 17823
953695 1005444 51749
958890 1005477 46587
952893 1005510 52617
987627 1005939 18312
956608 1006104 49496
988530 1006599 18069
966257 1007061 40804
990844 1007226 16382
965021 1007424 42403
988839 1007655 18816
969991 1008150 38159
965001 1010163 45162
943449 1010394 66945
953142 1010856 57714
977612 1010889 33277
976045 1010955 34910
945642 1011186 65544
960294 1011450 51156
954368 1011780 57412
961658 1011879 50221
983684 1012143 28459
983809 1012869 29060
969658 1013397 43739
952931 1013430 60499
965927 1014024 48097
980044 1014189 34145
984869 1014618 29749
982203 1014717 32514
975708 1015344 39636
984032 1015443 31411
979353 1015674 36321
990376 1015905 25529
953933 1016499 62566
978884 1018248 39364
973601 1018776 45175
985641 1018809 33168
932953 1019139 86186
972437 1019205 46768
989563 1019436 29873
976990 1019799 42809
958446 1020294 61848
970405 1020657 50252
951163 1020855 69692
952608 1020987 68379
982781 1021614 38833
991514 1022208 30694
979574 1022373 42799
999565 1022373 22808
993540 1022967 29427
973278 1023726 50448
986039 1024452 38413
992374 1024584 32210
987359 1024980 37621
1018078 1024980 6902
972542 1025310 52768
972002 1025838 53836
988356 1026300 37944
1020233 1026531 6298
1004073 1027620 23547
997572 1027719 30147
997366 1028841 31475
999646 1029138 29492
988926 1029303 40377
994257 1029336 35079
1001195 1029666 28471
994319 1029864 35545
988926 1030029 41103
1010667 1030227 19560
1025307 1031580 6273
1010069 1032174 22105
1018813 1032603 13790
978157 1033098 54941
981898 1033692 51794
988162 1034814 46652
983391 1035342 51951
972317 1035837 63520
1000394 1035969 35575
976129 1036365 60236
1000848 1036662 35814
979811 1036959 57148
1018462 1037124 18662
983053 1038048 54995
1010232 1038048 27816
995491 1038147 42656
1024758 1038477 13719
986423 1038675 52252
995766 1038741 42975
1007956 1039203 31247
1027446 1039797 12351
997217 1039995 42778
1029757 1040457 10700
1013325 1040490 27165
979957 1040952 60995
987008 1041150 54142
1014155 1041216 27061
980069 1041414 61345
985312 1041612 56300
991352 1041678 50326
1032153 1041777 9624
989781 1042239 52458
1024046 1042305 18259
991898 1042833 50935
1036213 1043163 6950
1004032 1043592 39560
995890 1043724 47834
1016719 1044714 27995
1025863 1045242 19379
1002340 1045242 42902
1005908 1045935 40027
1010319 1046133 35814
1008197 1046661 38464
1014716 1046892 32176
1009475 1047288 37813
999456 1047948 48492
985153 1048278 63125
1030234 1049961 19727
987510 1050159 62649
1042374 1050456 8082
1010168 1050687 40519
1036014 1051182 15168
992291 1051248 58957
1006198 1051347 45149
1028407 1051545 23138
1025480 1052337 26857
1017964 1052370 34406
1011017 1052502 41485
1032588 1053063 20475
1022848 1053162 30314
1019989 1053624 33635
1034952 1053723 18771
1022714 1054119 31405
1036469 1054548 18079
1028302 1055637 27335
1028270 1055901 27631
1024195 1057452 33257
996976 1057617 60641
1010708 1058145 47437
1028989 1058706 29717
1023749 1059201 35452
1037319 1059300 21981
994676 1059927 65251
1028375 1059927 31552
1033782 1059960 26178
1048702 1060554 11852
1001244 1060620 59376
992772 1060653 67881
1010454 1061181 50727
1054665 1061214 6549
1012508 1061643 49135
995889 1062270 66381
1056546 1062864 6318
1009890 1063854 53964
1012364 1064415 52051
1014342 1064943 50601
1013110 1065075 51965
1050014 1065372 15358
1033349 1065801 32452
1018602 1066131 47529
1058955 1066461 7506
1014876 1066692 51816
1038209 1066857 28648
1005179 1067451 62272
1029743 1068342 38599
1044142 1069200 25058
1018613 1069563 50950
1029876 1069827 39951
1004746 1070058 65312
1041886 1070355 28469
1032037 1070520 38483
1032581 1070652 38071
1050964 1071048 20084
1024491 1071081 46590
1047510 1071213 23703
1050500 1071972 21472
1040008 1072005 31997
1043062 1072533 29471
1061264 1072566 11302
1031506 1073886 42380
1067267 1074315 7048
1042812 1074546 31734
1033180 1075536 42356
1059839 1076361 16522
1070072 1076361 6289
1036197 1077054 40857
1061745 1077252 15507
1048073 1077318 29245
1045140 1077516 32376
1066982 1078077 11095
1047749 1078209 30460
1057453 1078506 21053
1044760 1078704 33944
1057513 1079133 21620
1044319 1079199 34880
1044868 1079265 34397
1064794 1081443 16649
1056687 1082169 25482
1031610 1082367 50757
1036276 1082895 46619
1070621 1083423 12802
1014307 1083489 69182
1020001 1083588 63587
1071220 1083687 12467
1020948 1084281 63333
1072871 1084908 12037
1028377 1084974 56597
1063927 1084974 21047
1065343 1085535 20192
1075883 1086228 10345
1054348 1087581 33233
1042610 1088142 45532
1049463 1088241 38778
1075045 1088538 13493
1047348 1088571 41223
1041446 1088604 47158
1061948 1089066 27118
1073424 1089330 15906
1064463 1089759 25296
1061111 1091079 29968
1061239 1091640 30401
1038317 1092069 53752
1067082 1092234 25152
1055203 1092498 37295
1052505 1092663 40158
1069444 1092894 23450
1058721 1093059 34338
1071803 1093587 21784
1064777 1094313 29536
1076051 1094379 18328
1069160 1095006 25846
1068908 1095897 26989
1085604 1096062 10458
1070896 1096359 25463
1076512 1097019 20507
1057116 1097085 39969
1091035 1097316 6281
1057239 1097745 40506
1091458 1097745 6287
1078151 1098108 19957
1049537 1098339 48802
1091922 1098339 6417
1092056 1098372 6316
1080213 1098801 18588
1067045 1099527 32482
1067499 1100484 32985
1064552 1100913 36361
1077084 1101210 24126
1069197 1101309 32112
1086620 1101804 15184
1095549 1101837 6288
1048807 1102068 53261
1090129 1102497 12368
1059006 1102596 43590
1075708 1102761 27053
1076502 1103025 26523
1077889 1103157 25268
1065930 1105467 39537
1076933 1105995 29062
1069999 1106259 36260
1086117 1106292 20175
1084992 1106820 21828
1078559 1107249 28690
1085288 1107381 22093
1087251 1107942 20691
1079229 1108470 29241
1082473 1108470 25997
1082570 1109097 26527
1082826 1109658 26832
1083736 1110219 26483
1097335 1110780 13445
1067343 1111176 43833
1100830 1111440 10610
1058971 1111704 52733
1077322 1111704 34382
1072188 1111803 39615
1105062 1112199 7137
1076385 1112331 35946
1088893 1112826 23933
1063384 1112925 49541
1098298 1114905 16607
1079154 1115169 36015
1090055 1116027 25972
1080375 1117281 36906
1093525 1117974 24449
1056923 1118040 61117
1108221 1118337 10116
1095786 1118733 22947
1110101 1119030 8929
1084101 1119129 35028
1110256 1119591 9335
1084991 1119723 34732
1104750 1120119 15369
1091424 1120614 29190
1108930 1120944 12014
1096950 1121340 24390
1109051 1121472 12421
1114893 1121538 6645
1100333 1121967 21634
1097154 1122693 25539
1113558 1122792 9234
1094516 1123023 28507
1083981 1123221 39240
1101098 1124145 23047
1087692 1124739 37047
1100327 1125300 24973
1107407 1125399 17992
1102163 1125663 23500
1090542 1125861 35319
1094434 1126620 32186
1097033 1127742 30709
1107195 1128204 21009
1109194 1128501 19307
1119676 1128501 8825
1094870 1128765 33895
1117461 1129029 11568
1120233 1129062 8829
1122455 1129293 6838
1103896 1129359 25463
1115395 1130019 14624
1103841 1130580 26739
1100139 1131009 30870
1121680 1132626 10946
1122863 1133088 10225
1091462 1133286 41824
1117765 1133946 16181
1115160 1134177 19017
1126881 1135035 8154
1128136 1135794 7658
1104204 1135827 31623
1119039 1135959 16920
1113852 1136355 22503
1131245 1137543 6298
1104271 1138005 33734
1107308 1138566 31258
1122884 1139292 16408
1111531 1140579 29048
1112974 1141008 28034
1111788 1141041 29253
1121011 1141569 20558
1135027 1142262 7235
1105487 1142526 37039
1109987 1142559 32572
1119347 1143120 23773
1116759 1144275 27516
1096472 1144440 47968
1108549 1144803 36254
1122195 1144836 22641
1128255 1145034 16779
1138440 1145100 6660
1102544 1145892 43348
1126572 1145892 19320
1113064 1145958 32894
1111568 1146585 35017
1114624 1147113 32489
1115148 1147806 32658
1107844 1148268 40424
1101713 1148301 46588
1130827 1148334 17507
1115580 1148664 33084
1137861 1148895 11034
1122034 1148994 26960
1100044 1149225 49181
1127143 1150050 22907
1134774 1150578 15804
1127753 1150875 23122
1136613 1151106 14493
1136423 1151403 14980
1117841 1151898 34057
1140847 1152162 11315
1125031 1152327 27296
1146125 1152525 6400
1124763 1152690 27927
1146162 1153119 6957
1146219 1153746 7527
1127953 1154571 26618
1127537 1155165 27628
1141985 1156221 14236
1144403 1156287 11884
1149701 1157937 8236
1123355 1158003 34648
1111199 1158597 47398
1122020 1158828 36808
1117470 1159389 41919
1123445 1159422 35977
1126725 1159983 33258
1127269 1160577 33308
1128961 1161171 32210
1146858 1161270 14412
1124400 1161699 37299
1129715 1161996 32281
1150212 1162227 12015
1152504 1162953 10449
1143645 1163118 19473
1145623 1163250 17627
1132731 1163481 30750
1154073 1163910 9837
1141032 1164042 23010
1129344 1165230 35886
1146818 1165296 18478
1128570 1166682 38112
1139169 1167309 28140
1139346 1167342 27996
1149011 1167804 18793
1143729 1167936 24207
1137100 1168332 31232
1161923 1168365 6442
1149734 1168398 18664
1146292 1169025 22733
1146745 1169223 22478
1133294 1169916 36622
1138727 1171038 32311
1141471 1171434 29963
1146703 1171566 24863
1133155 1172127 38972
1139044 1172259 33215
1141126 1172721 31595
1155047 1172787 17740
1140396 1173051 32655
1138323 1173381 35058
1148410 1173843 25433
1130542 1175460 44918
1145024 1175526 30502
1131348 1175592 44244
1144553 1175955 31402
1165793 1176219 10426
1152564 1176351 23787
1169676 1176780 7104
1147682 1179057 31375
1132133 1179849 47716
1171941 1179981 8040
1144586 1180476 35890
1136846 1181169 44323
1141841 1181796 39955
1168067 1182093 14026
1175108 1183578 8470
1127925 1184370 56445
1128029 1184931 56902
1128889 1185393 56504
1133437 1185954 52517
1150955 1186845 35890
1170856 1187109 16253
1165281 1187208 21927
1135981 1187406 51425
1151171 1188066 36895
1150919 1188561 37642
1151994 1188594 36600
1166800 1188825 22025
1160350 1189947 29597
1168443 1190376 21933
1160992 1190673 29681
1171864 1191069 19205
1161903 1191267 29364
1182884 1191267 8383
1151554 1191861 40307
1159081 1192389 33308
1165665 1192488 26823
1162499 1194534 32035
1169256 1194732 25476
1166313 1195062 28749
1167072 1195755 28683
1174086 1196184 22098
1176539 1196184 19645
1176917 1196349 19432
1184102 1196811 12709
1158233 1197900 39667
1163368 1198461 35093
1154702 1199121 44419
1187807 1199187 11380
1166925 1199550 32625
1168108 1200111 32003
1164954 1200309 35355
1148566 1200738 52172
1164924 1200804 35880
1180843 1201629 20786
1180995 1201761 20766
1167840 1201959 34119
1170762 1201992 31230
1160399 1202421 42022
1163715 1202487 38772
1187918 1202850 14932
1175105 1202916 27811
1168742 1203081 34339
1172600 1203642 31042
1188753 1204203 15450
1183849 1205226 21377
1174312 1205523 31211
1171784 1206084 34300
1148101 1206150 58049
1133678 1206249 72571
1155172 1206810 51638
1163143 1207272 44129
1179407 1207338 27931
1170737 1207371 36634
1190887 1207899 17012
1177762 1208031 30269
1195922 1208427 12505
1168454 1208460 40006
1172145 1208658 36513
1149709 1209450 59741
1199350 1209780 10430
1191162 1210737 19575
1178792 1211562 32770
1169363 1212519 43156
1180636 1212750 32114
1197267 1213080 15813
1181318 1213179 31861
1187605 1213608 26003
1163283 1213839 50556
1193179 1214631 21452
1202781 1214928 12147
1199346 1215489 16143
1191909 1215951 24042
1203006 1216017 13011
1203118 1216578 13460
1194219 1216677 22458
1193750 1216941 23191
1203801 1217502 13701
1210969 1217502 6533
1194269 1217568 23299
1206605 1218393 11788
1167175 1220175 53000
1159626 1220802 61176
1195647 1220802 25155
1180875 1220934 40059
1198411 1221330 22919
1196082 1221363 25281
1181062 1221528 40466
1185225 1221528 36303
1190342 1223277 32935
1185307 1223310 38003
1189603 1223838 34235
1202493 1224399 21906
1166049 1224762 58713
1211152 1224960 13808
1193704 1225356 31652
1183973 1225917 41944
1181449 1225983 44534
1186457 1226214 39757
1190511 1226610 36099
1184201 1226676 42475
1187960 1226841 38881
1178309 1227732 49423
1177601 1227831 50230
1200522 1229151 28629
1214635 1229151 14516
1219797 1230405 10608
1194988 1232352 37364
1182651 1232418 49767
1221670 1232616 10946
1222271 1232880 10609
1185999 1233012 47013
1199954 1233441 33487
1194912 1233507 38595
1189407 1233639 44232
1219465 1233870 14405
1190255 1234200 43945
1224861 1234596 9735
1200216 1234893 34677
1203523 1235454 31931
1218726 1235784 17058
1201369 1236213 34844
1218689 1236609 17920
1193509 1236675 43166
1220704 1236906 16202
1196526 1237236 40710
1206531 1237302 30771
1224810 1237698 12888
1198375 1240041 41666
1184877 1240140 55263
1204875 1240371 35496
1210323 1240866 30543
1208350 1240866 32516
1199217 1240932 41715
1208083 1240965 32882
1197565 1241691 44126
1217471 1242120 24649
1202239 1242417 40178
1222171 1242978 20807
1225837 1243077 17240
1201605 1243605 42000
1227259 1243605 16346
1206259 1243704 37445
1210292 1244067 33775
1206102 1244133 38031
1211540 1244826 33286
1221970 1246080 24110
1212323 1246113 33790
1231321 1246806 15485
1223013 1247235 24222
1235228 1247367 12139
1206145 1247598 41453
1224901 1248324 23423
1210039 1248456 38417
1227026 1249182 22156
1234331 1249908 15577
1212997 1250040 37043
1226694 1250601 23907
1243184 1250601 7417
1214509 1251096 36587
1228429 1251162 22733
1228581 1251162 22581
1210735 1251723 40988
1213834 1251789 37955
1229321 1251789 22468
1219215 1251855 32640
1216257 1252251 35994
1221857 1252515 30658
1228469 1252944 24475
1224508 1253142 28634
1231388 1253703 22315
1243383 1254594 11211
1230131 1255716 25585
1244113 1255815 11702
1214005 1256178 42173
1229754 1256706 26952
1228266 1256805 28539
1245549 1257003 11454
1253238 1259511 6273
1242956 1259544 16588
1222506 1259907 37401
1250902 1259940 9038
1229216 1259973 30757
1229650 1260006 30356
1238503 1261260 22757
1231325 1261458 30133
1238684 1261788 23104
1235128 1262382 27254
1237034 1263108 26074
1236157 1263141 26984
1242579 1264230 21651
1241981 1264626 22645
1240131 1265121 24990
1251888 1265550 13662
1243389 1265682 22293
1244147 1265781 21634
1233170 1267398 34228
1247324 1267497 20173
1248299 1268157 19858
1215483 1268388 52905
1220459 1268421 47962
1230582 1269477 38895
1258920 1270500 11580
1224872 1271259 46387
1257668 1271457 13789
1231240 1271787 40547
1233270 1271919 38649
1258749 1271985 13236
1254734 1272348 17614
1237523 1272348 34825
1247913 1272909 24996
1245992 1273140 27148
1253967 1273635 19668
1259821 1273734 13913
1225823 1274196 48373
1258713 1274229 15516
1235187 1274262 39075
1248823 1274823 26000
1227164 1275384 48220
1235178 1276242 41064
1242185 1276803 34618
1223435 1276968 53533
1250767 1277595 26828
1252263 1277892 25629
1257497 1278486 20989
1263893 1279344 15451
1271029 1279476 8447
1243673 1280697 37024
1256366 1280994 24628
1241259 1281291 40032
1269552 1281654 12102
1250266 1283832 33566
1259472 1284327 24855
1260130 1286142 26012
1237087 1286175 49088
1260620 1286208 25588
1270186 1286538 16352
1267252 1286703 19451
1271971 1286901 14930
1271383 1287231 15848
1264962 1287330 22368
1277210 1287693 10483
1273073 1287759 14686
1276589 1288089 11500
1277447 1288815 11368
1256004 1289475 33471
1245577 1289739 44162
1283589 1290135 6546
1265990 1291356 25366
1244502 1291554 47052
1243170 1292346 49176
1252938 1292742 39804
1254892 1292841 37949
1275474 1292841 17367
1244424 1292874 48450
1245042 1293369 48327
1255603 1293501 37898
1280397 1294260 13863
1260064 1294986 34922
1269610 1295778 26168
1269896 1296471 26575
1246793 1296603 49810
1260558 1297395 36837
1281788 1297890 16102
1290288 1298484 8196
1252898 1298715 45817
1291108 1299012 7904
1284210 1299474 15264
1292755 1299804 7049
1258189 1300398 42209
1294128 1300794 6666
1258295 1301058 42763
1292918 1301058 8140
1243760 1301949 58189
1263162 1302543 39381
1265804 1303302 37498
1296759 1303731 6972
1279645 1303929 24284
1252295 1304028 51733
1279886 1304523 24637
1255474 1304688 49214
1265321 1305051 39730
1288143 1305051 16908
1255572 1305315 49743
1258963 1305843 46880
1278768 1306074 27306
1263462 1306536 43074
1274474 1306734 32260
1278287 1306965 28678
1281284 1307130 25846
1281567 1307757 26190
1258927 1308285 49358
1284025 1308318 24293
1291984 1309011 17027
1256960 1309143 52183
1274965 1309638 34673
1248104 1311585 63481
1287119 1312839 25720
1244538 1312872 68334
1244870 1312938 68068
1287583 1313532 25949
1283735 1313994 30259
1270817 1314555 43738
1260363 1315611 55248
1280730 1315710 34980
1301143 1315842 14699
1276832 1316007 39175
1268405 1316304 47899
1286182 1316535 30353
1285614 1317030 31416
1283784 1317624 33840
1248319 1318251 69932
1280801 1318449 37648
1281248 1318944 37696
1291142 1319109 27967
1308225 1319109 10884
1279155 1319307 40152
1282169 1319604 37435
1289096 1319934 30838
1296207 1320066 23859
1297258 1320198 22940
1268453 1321023 52570
1298309 1321155 22846
1315159 1321452 6293
1311748 1321518 9770
1314491 1322013 7522
1285405 1322178 36773
1307240 1322937 15697
1316958 1323234 6276
1313496 1323597 10101
1285812 1324422 38610
1292362 1324752 32390
1305960 1324884 18924
1294441 1324950 30509
1275104 1325280 50176
1308322 1325445 17123
1301309 1325874 24565
1305320 1325940 20620
1309477 1326501 17024
1310594 1326831 16237
1319545 1327788 8243
1304107 1328283 24176
1281028 1328316 47288
1314838 1328316 13478
1320277 1328547 8270
1319480 1330362 10882
1322664 1330791 8127
1293682 1331418 37736
1319906 1331649 11743
1322890 1332342 9452
1321132 1332342 11210
1279878 1332639 52761
1305397 1333233 27836
1327213 1333497 6284
1324941 1333530 8589
1321936 1333629 11693
1310123 1334025 23902
1311287 1334586 23299
1323201 1334916 11715
1329420 1336236 6816
1316601 1337193 20592
1319732 1337820 18088
1321205 1337952 16747
1298448 1339173 40725
1332118 1340130 8012
1321907 1340262 18355
1333945 1340691 6746
1334896 1341846 6950
1288282 1342407 54125
1301526 1342935 41409
1306277 1343496 37219
1299560 1343562 44002
1291848 1344255 52407
1319499 1344948 25449
1303479 1345410 41931
1305939 1345608 39669
1296899 1345674 48775
1282176 1345707 63531
1282288 1346433 64145
1314022 1346829 32807
1287171 1347258 60087
1308164 1347819 39655
1305731 1348248 42517
1281797 1348710 66913
1325086 1349106 24020
1301384 1349271 47887
1320006 1349370 29364
1304320 1350195 45875
1301097 1350327 49230
1323746 1350360 26614
1335465 1350459 14994
1316572 1351020 34448
1300164 1351812 51648
1314250 1352472 38222
1322829 1353099 30270
1317087 1353462 36375
1340833 1353462 12629
1334275 1354188 19913
1335937 1354716 18779
1294402 1354881 60479
1336049 1355871 19822
1283224 1356201 72977
1300102 1357455 57353
1306852 1357983 51131
1323895 1357983 34088
1349623 1358511 8888
1336837 1358643 21806
1342098 1358973 16875
1337264 1359699 22435
1337472 1360392 22920
1354439 1360722 6283
1291531 1361580 70049
1330109 1361910 31801
1333219 1362471 29252
1342333 1362669 20336
1289581 1362768 73187
1336985 1363131 26146
1348141 1363296 15155
1348392 1363989 15597
1320213 1364814 44601
1336688 1364880 28192
1333925 1366068 32143
1316655 1366266 49611
1318825 1367421 48596
1282774 1367850 85076
1287563 1368114 80551
1343692 1368411 24719
1295481 1368642 73161
1358774 1368708 9934
1286915 1368939 82024
1339740 1369566 29826
1303075 1369764 66689
1360082 1369863 9781
1316614 1370193 53579
1355238 1370226 14988
1357622 1370787 13165
1329347 1371579 42232
1334705 1372107 37402
1303989 1373130 69141
1360770 1373889 13119
1329288 1374846 45558
1317946 1375374 57428
1314715 1375539 60824
1320426 1375968 55542
1339055 1376100 37045
1326748 1376265 49517
1342470 1376496 34026
1321969 1376529 54560
1354164 1376694 22530
1302810 1377651 74841
1337840 1378245 40405
1348886 1379433 30547
1343692 1379796 36104
1348929 1379961 31032
1338778 1380522 41744
1351117 1380555 29438
1373680 1380720 7040
1329067 1381050 51983
1341195 1381149 39954
1343369 1381776 38407
1332541 1383360 50819
1314273 1383789 69516
1359076 1383954 24878
1363835 1383954 20119
1361772 1383987 22215
1337779 1384317 46538
1331087 1385142 54055
1347661 1385175 37514
1379247 1386099 6852
1351659 1386594 34935
1364664 1387089 22425
1363066 1387683 24617
1328602 1387782 59180
1351069 1388211 37142
1366978 1388211 21233
1368120 1388277 20157
1375591 1389498 13907
1334421 1389828 55407
1376307 1389894 13587
1376633 1390587 13954
1364380 1390851 26471
1337936 1391313 53377
1380639 1391577 10938
1341339 1393491 52152
1338276 1393524 55248
1345430 1394052 48622
1338989 1394085 55096
1328142 1394547 66405
1353716 1395042 41326
1341156 1395933 54777
1306831 1396362 89531
1355703 1396362 40659
1311166 1396428 85262
1361598 1397022 35424
1360895 1398210 37315
1345443 1398210 52767
1392541 1398837 6296
1359842 1399662 39820
1350129 1399662 49533
1374677 1399959 25282
1340169 1400586 60417
1377147 1400652 23505
1363921 1400685 36764
1358874 1400949 42075
1359639 1401609 41970
1342330 1401840 59510
1348812 1403787 54975
1352179 1404348 52169
1359101 1404414 45313
1337655 1404909 67254
1370130 1404975 34845
1331603 1405107 73504
1372921 1405602 32681
1331836 1405998 74162
1344500 1406064 61564
1351569 1406790 55221
1363201 1407318 44117
1351985 1407615 55630
1396808 1408803 11995
1369954 1408935 38981
1374695 1409001 34306
1401302 1409298 7996
1379300 1410453 31153
1363104 1410816 47712
1365772 1411905 46133
1395234 1412301 17067
1375722 1412664 36942
1398969 1412928 13959
1350379 1413225 62846
1356602 1413753 57151
1356002 1414347 58345
1384018 1414677 30659
1380494 1415040 34546
1402563 1415337 12774
1369837 1415964 46127
1404497 1415964 11467
1356482 1416459 59977
1377917 1417152 39235
1381572 1417482 35910
1376418 1418076 41658
1362726 1418703 55977
1374448 1418736 44288
1404821 1419231 14410
1390707 1419924 29217
1391473 1420551 29078
1413664 1420584 6920
1376325 1421343 45018
1391054 1421904 30850
1395651 1422993 27342
1409913 1423521 13608
1376711 1423818 47107
1361520 1424346 62826
1387271 1424346 37075
1405009 1425039 20030
1407303 1425171 17868
1397968 1425765 27797
1413350 1426293 12943
1358402 1427514 69112
1419643 1427580 7937
1417571 1427844 10273
1371973 1428207 56234
1373471 1428339 54868
1421978 1428636 6658
1352016 1429197 77181
1380839 1429527 48688
1372125 1429725 57600
1353731 1429890 76159
1370644 1429989 59345
1370909 1430550 59641
1381615 1430748 49133
1394273 1431441 37168
1362444 1431903 69459
1381270 1432035 50765
1390496 1432926 42430
1427237 1433652 6415
1390815 1433718 42903
1368393 1434378 65985
1423415 1435071 11656
1393177 1435170 41993
1399025 1435830 36805
1399213 1436457 37244
1364570 1436919 72349
1374280 1437117 62837
1370418 1437480 67062
1378351 1438041 59690
1418266 1438173 19907
1405776 1438635 32859
1372550 1438833 66283
1393756 1439229 45473
1376747 1439328 62581
1394253 1439823 45570
1376262 1439922 63660
1414893 1441110 26217
1386917 1441737 54820
1407308 1441935 34627
1388304 1442397 54093
1410880 1442496 31616
1397655 1442958 45303
1437028 1443321 6293
1408098 1443519 35421
1433759 1443915 10156
1407989 1443948 35959
1404646 1444245 39599
1432163 1444476 12313
1410445 1444509 34064
1416086 1444674 28588
1432247 1445037 12790
1412134 1445136 33002
1384998 1445301 60303
1412342 1447215 34873
1387240 1447776 60536
1409057 1448172 39115
1389369 1448403 59034
1432776 1449360 16584
1436399 1450878 14479
1436610 1451142 14532
1378886 1451208 72322
1436182 1451373 15191
1424703 1451769 27066
1383971 1451868 67897
1441705 1452165 10460
1427253 1452297 25044
1420144 1452561 32417
1429436 1452858 23422
1446171 1453023 6852
1429945 1453419 23474
1435591 1453980 18389
1448099 1454376 6277
1409058 1454607 45549
1439961 1454640 14679
1415166 1455135 39969
1412938 1455201 42263
1426330 1455762 29432
1389506 1456257 66751
1437669 1456323 18654
1434023 1456818 22795
1391365 1457346 65981
1399271 1458006 58735
1416736 1459359 42623
1441966 1459458 17492
1420048 1459953 39905
1431944 1460547 28603
1427656 1460613 32957
1442448 1461108 18660
1429043 1461768 32725
1437614 1461867 24253
1405950 1462461 56511
1417327 1462659 45332
1441633 1463055 21422
1451185 1463946 12761
1442501 1463979 21478
1445112 1464309 19197
1453794 1464474 10680
1455677 1465035 9358
1447990 1465233 17243
1402311 1465332 63021
1455885 1465695 9810
1459399 1465695 6296
1448761 1466157 17396
1433821 1467048 33227
1450930 1467807 16877
1422861 1468170 45309
1391249 1468929 77680
1424500 1469028 44528
1427902 1469556 41654
1444899 1469589 24690
1453480 1469820 16340
1451369 1470084 18715
1401440 1470183 68743
1418191 1470282 52091
1425388 1470975 45587
1456951 1471140 14189
1460115 1472427 12312
1435431 1472823 37392
1462056 1472856 10800
1445002 1473351 28349
1438160 1473450 35290
1444002 1473879 29877
1428230 1473978 45748
1450528 1474275 23747
1451541 1474308 22767
1451666 1474803 23137
1457562 1475067 17505
1390208 1475529 85321
1465584 1476024 10440
1412395 1476222 63827
1401903 1476651 74748
1416217 1477311 61094
1402594 1477377 74783
1460672 1477971 17299
1469553 1478763 9210
1403170 1478895 75725
1444067 1478961 34894
1472787 1479423 6636
1406548 1479819 73271
1449292 1480248 30956
1468428 1481007 12579
1449537 1481106 31569
1450423 1481964 31541
1450687 1482855 32168
1465317 1482921 17604
1433613 1483086 49473
1453300 1483383 30083
1473619 1483416 9797
1454172 1483614 29442
1447634 1483680 36046
1441404 1483812 42408
1460096 1484175 24079
1468432 1486056 17624
1479974 1486254 6280
1420440 1486782 66342
1468049 1486980 18931
1457541 1487343 29802
1470602 1487508 16906
1474490 1488069 13579
1462402 1488465 26063
1472883 1488597 15714
1464153 1489059 24906
1473371 1489092 15721
1475246 1489620 14374
1474179 1489719 15540
1466412 1489752 23340
1451248 1489950 38702
1467644 1490280 22636
1454594 1490511 35917
1449621 1492854 43233
1421068 1492920 71852
1450692 1493448 42756
1421170 1493514 72344
1452012 1493547 41535
1475866 1493646 17780
1440680 1494141 53461
1404060 1494603 90543
1448158 1494636 46478
1480624 1494735 14111
1415695 1495230 79535
1429979 1495923 65944
1460404 1496550 36146
1473125 1496649 23524
1475406 1497177 21771
1462653 1497276 34623
1480492 1498035 17543
1463506 1498035 34529
1466312 1498761 32449
1466674 1499025 32351
1467227 1499454 32227
1472523 1499586 27063
1476665 1500114 23449
1467681 1500114 32433
1488806 1500444 11638
1468944 1500774 31830
1462370 1501137 38767
1475682 1501401 25719
1481351 1502259 20908
1481617 1502688 21071
1484092 1503051 18959
1486750 1503348 16598
1484925 1503777 18852
1489814 1504008 14194
1436534 1504305 67771
1450556 1504371 53815
1457827 1504833 47006
1455721 1506549 50828
1460053 1506780 46727
1487188 1507044 19856
1485920 1507110 21190
1452573 1507605 55032
1490383 1507704 17321
1486015 1507737 21722
1466574 1507935 41361
1488915 1507935 19020
1494662 1508496 13834
1487558 1509057 21499
1488129 1509354 21225
1497138 1509651 12513
1479608 1510146 30538
1454857 1510872 56015
1500354 1511202 10848
1480154 1511268 31114
1478768 1513908 35140
1500208 1513941 13733
1490288 1514370 24082
1464962 1514799 49837
1490671 1514931 24260
1485266 1514997 29731
1482469 1515525 33056
1506079 1516515 10436
1505186 1517109 11923
1506854 1517274 10420
1493496 1517307 23811
1495198 1517835 22637
1507672 1518000 10328
1494752 1518033 23281
1508223 1518396 10173
1494695 1518759 24064
1508789 1519056 10267
1493333 1520211 26878
1492002 1521036 29034
1508461 1521135 12674
1508636 1521795 13159
1498413 1521894 23481
1490716 1522323 31607
1476591 1522983 46392
1477163 1523247 46084
1473539 1523709 50170
1489268 1524534 35266
1485539 1525128 39589
1457710 1525227 67517
1464533 1525425 60892
1487018 1525755 38737
1483834 1526217 42383
1488552 1526778 38226
1476889 1526811 49922
1467274 1527306 60032
1492865 1527471 34606
1492047 1528065 36018
1473892 1528428 54536
1503603 1528461 24858
1498376 1528527 30151
1506831 1528989 22158
1499703 1529088 29385
1479478 1529154 49676
1509892 1529550 19658
1513585 1529781 16196
1511823 1530243 18420
1509327 1530309 20982
1481860 1530705 48845
1515504 1531167 15663
1490990 1531695 40705
1515864 1531992 16128
1493741 1532520 38779
1494001 1532520 38519
1499799 1533048 33249
1502632 1533411 30779
1508988 1533741 24753
1509512 1533972 24460
1521834 1534104 12270
1506871 1534170 27299
1523324 1534764 11440
1496595 1534797 38202
1514683 1536315 21632
1492872 1536777 43905
1501733 1536810 35077
1516171 1536909 20738
1502430 1537305 34875
1519211 1537305 18094
1520667 1537470 16803
1504301 1537899 33598
1488462 1538097 49635
1511975 1539384 27409
1528629 1540143 11514
1507806 1540308 32502
1515289 1541199 25910
1534975 1541727 6752
1528097 1542387 14290
1535730 1542486 6756
1498311 1542684 44373
1518524 1543377 24853
1538141 1544433 6292
1514426 1544466 30040
1499924 1544796 44872
1501064 1544829 43765
1514733 1545852 31119
1515951 1546611 30660
1517409 1546710 29301
1520241 1547172 26931
1523931 1547238 23307
1498353 1547271 48918
1529483 1547766 18283
1528451 1548261 19810
1491359 1548492 57133
1503490 1548591 45101
1533561 1549020 15459
1517753 1549053 31300
1530690 1549746 19056
1535281 1550010 14729
1537921 1550373 12452
1538992 1550538 11546
1496942 1551033 54091
1510768 1551759 40991
1528150 1551891 23741
1521111 1552023 30912
1525439 1552551 27112
1495491 1553013 57522
1510232 1553112 42880
1520593 1553508 32915
1495955 1553541 57586
1496740 1554102 57362
1494541 1554531 59990
1532420 1555983 23563
1516550 1556214 39664
1520157 1556907 36750
1520329 1557369 37040
1499993 1557534 57541
1524170 1557930 33760
1533635 1558524 24889
1523874 1559085 35211
1544175 1560273 16098
1521083 1560636 39553
1552357 1561362 9005
1518206 1561758 43552
1518311 1562286 43975
1522261 1562616 40355
1515351 1563441 48090
1523357 1564035 40678
1540692 1564365 23673
1529364 1564431 35067
1501984 1564695 62711
1547037 1564695 17658
1523972 1564695 40723
1524354 1565355 41001
1520933 1565553 44620
1528812 1565982 37170
1546562 1566312 19750
1538780 1566807 28027
1557074 1567005 9931
1538904 1567830 28926
1557909 1568688 10779
1493662 1569546 75884
1497529 1569645 72116
1533045 1569909 36864
1560919 1570173 9254
1545567 1570305 24738
1534971 1570470 35499
1512056 1570734 58678
1550172 1571361 21189
1551484 1571526 20042
1557608 1572813 15205
1534645 1573473 38828
1509757 1573737 63980
1518882 1573803 54921
1529041 1574001 44960
1560173 1574100 13927
1532276 1575024 42748
1539514 1575189 35675
1546339 1575882 29543
1502876 1576773 73897
1547895 1576839 28944
1498714 1577202 78488
1542976 1577301 34325
1514504 1577829 63325
1500123 1577862 77739
1529011 1578126 49115
1531204 1578720 47516
1543997 1578951 34954
1545317 1579611 34294
1508838 1580634 71796
1550238 1581228 30990
1523302 1581657 58355
1553067 1581921 28854
1575992 1582284 6292
1543647 1582911 39264
1553034 1585089 32055
1538777 1585155 46378
1559544 1585782 26238
1545361 1585914 40553
1538062 1586112 48050
1543411 1586475 43064
1540856 1586574 45718
1542222 1586805 44583
1546723 1587135 40412
1565086 1587960 22874
1559232 1588125 28893
1560558 1588257 27699
1560684 1588719 28035
1560843 1588719 27876
1555823 1590072 34249
1566739 1591986 25247
1584572 1592052 7480
1533717 1592547 58830
1534191 1593141 58950
1564566 1593339 28773
1575994 1593636 17642
1549196 1593702 44506
1549255 1594230 44975
1566039 1594956 28917
1549496 1595649 46153
1557590 1597167 39577
1582893 1599246 16353
1568184 1599939 31755
1585963 1600665 14702
1551906 1600962 49056
1586047 1601160 15113
1592902 1601622 8720
1524926 1602249 77323
1596192 1602546 6354
1529554 1602975 73421
1582377 1603206 20829
1552483 1604295 51812
1547790 1604757 56967
1598737 1605021 6284
1555203 1605054 49851
1576710 1605714 29004
1545754 1607628 61874
1588552 1608057 19505
1544530 1608156 63626
1579292 1609146 29854
1589238 1609179 19941
1602184 1609542 7358
1590733 1609740 19007
1595603 1609872 14269
1538621 1610664 72043
1596365 1610796 14431
1601965 1611555 9590
1569273 1611588 42315
1605996 1612644 6648
1585560 1613370 27810
1560878 1613766 52888
1559842 1614162 54320
1566014 1614360 48346
1546345 1614888 68543
1577590 1615020 37430
1571249 1615581 44332
1550951 1615977 65026
1573126 1616340 43214
1575491 1617066 41575
1603767 1617924 14157
1559247 1618122 58875
1547433 1619145 71712
1568209 1619310 51101
1583567 1619574 36007
1580767 1619706 38939
1551524 1619838 68314
1579504 1620300 40796
1559538 1620399 60861
1583908 1620399 36491
1559860 1620993 61133
1602513 1621224 18711
1592367 1622049 29682
1600754 1622214 21460
1606319 1622412 16093
1567738 1622445 54707
1577184 1622445 45261
1546021 1622874 76853
1592611 1623534 30923
1608417 1623600 15183
1593499 1624095 30596
1604329 1625151 20822
1596489 1625547 29058
1599574 1626108 26534
1613869 1627164 13295
1602629 1627263 24634
1607105 1627362 20257
1604433 1627890 23457
1577347 1628253 50906
1606691 1628715 22024
1609806 1629507 19701
1568340 1630398 62058
1577256 1630959 53703
1608612 1631058 22446
1589681 1631553 41872
1579634 1632114 52480
1612637 1632147 19510
1595424 1632543 37119
1583031 1632840 49809
1612881 1633434 20553
1615664 1633995 18331
1593340 1635018 41678
1578854 1635447 56593
1559971 1635645 75674
1581853 1635909 54056
1599346 1636536 37190
1583164 1636635 53471
1592240 1637196 44956
1619792 1637196 17404
1602521 1637856 35335
1604467 1638417 33950
1564105 1638879 74774
1629846 1638945 9099
1607093 1639704 32611
1608685 1639770 31085
1606410 1640430 34020
1634005 1640826 6821
1611771 1640958 29187
1552227 1641156 88929
1552482 1641717 89235
1556059 1642311 86252
1621252 1643664 22412
1586977 1643895 56918
1592443 1644093 51650
1613018 1644192 31174
1598008 1645281 47273
1556880 1646832 89952
1606544 1646832 40288
1594882 1647393 52511
1586403 1647591 61188
1609615 1647591 37976
1612951 1648251 35300
1599185 1648515 49330
1615417 1648911 33494
1599189 1649010 49821
1592201 1649109 56908
1607754 1649802 42048
1565563 1650660 85097
1568152 1651320 83168
1559446 1651848 92402
1623126 1652244 29118
1615852 1652442 36590
1642168 1653630 11462
1627474 1653729 26255
1643419 1654323 10904
1624668 1655544 30876
1637817 1656633 18816
1612031 1656864 44833
1616108 1656963 40855
1585267 1657095 71828
1638631 1657227 18596
1602500 1657458 54958
1616160 1657557 41397
1620888 1658118 37230
1647200 1659042 11842
1551219 1659372 108153
1575172 1660032 84860
1621422 1660560 39138
1618608 1661121 42513
1623518 1661220 37702
1560393 1662309 101916
1630348 1663266 32918
1643032 1664223 21191
1647083 1664982 17899
1607915 1665411 57496
1618546 1666071 47525
1649956 1666368 16412
1628447 1666500 38053
1621244 1666533 45289
1627330 1666764 39434
1651223 1667061 15838
1624476 1667127 42651
1620743 1667820 47077
1625728 1668546 42818
1638895 1668942 30047
1654861 1671648 16787
1636058 1672077 36019
1659174 1672737 13563
1647166 1673793 26627
1653251 1675971 22720
1657581 1676334 18753
1662005 1676400 14395
1665176 1683132 17956
