7366 13662 6296
8065 14421 6356
7392 17820 10428
12824 19470 6646
14495 20790 6295
11443 23001 11558
17309 23958 6649
19003 25641 6638
16986 27786 10800
21949 28248 6299
11901 28776 16875
20107 31680 11573
17508 32769 15261
22647 33594 10947
29593 35871 6278
32320 38973 6653
24899 39369 14470
32501 39567 7066
33475 39765 6290
33686 39963 6277
35874 42174 6300
31729 42537 10808
39662 46299 6637
46976 53262 6286
49426 58509 9083
48767 59565 10798
55815 62469 6654
56484 63129 6645
48032 64152 16120
58921 65208 6287
50831 65439 14608
60591 66891 6300
63724 70026 6302
64616 75075 10459
67659 78606 10947
72663 79299 6636
72845 79497 6652
73083 79893 6810
74279 80553 6274
72740 81081 8341
74603 81246 6643
68310 83259 14949
77260 83556 6296
74272 85206 10934
75618 87813 12195
81580 88242 6662
82219 94611 12392
89220 95502 6282
86095 96525 10430
80955 97779 16824
83498 98670 15172
93620 107184 13564
94300 107646 13346
92827 107679 14852
100570 110418 9848
101568 110748 9180
101247 111705 10458
106991 113289 6298
99869 113982 14113
106594 116787 10193
102723 118701 15978
115281 121935 6654
108435 122001 13566
109717 124542 14825
115144 126126 10982
116681 127479 10798
121313 127974 6661
121762 128040 6278
117310 128238 10928
115703 130185 14482
112779 131241 18462
125391 134112 8721
130629 137280 6651
127114 137907 10793
120300 139986 19686
126790 141273 14483
135294 144375 9081
139755 146388 6633
140266 146916 6650
130546 148929 18383
143132 157509 14377
153439 159720 6281
155665 161964 6299
151314 164307 12993
153518 165396 11878
152174 166650 14476
162689 169323 6634
158477 172953 14476
167683 174339 6656
171468 178101 6633
171901 178200 6299
178338 184998 6660
181263 187902 6639
174546 188199 13653
182194 188892 6698
179079 192258 13179
188118 194403 6285
182394 196878 14484
198374 205029 6655
197163 208197 11034
194767 208296 13529
199097 209550 10453
209636 215919 6283
202142 216612 14470
212689 218988 6299
210738 221661 10923
215844 222123 6279
216340 222618 6278
219289 225951 6662
216417 227997 11580
218652 229581 10929
229722 236016 6294
222406 236874 14468
233619 239910 6291
233585 240240 6655
226080 240537 14457
235048 241692 6644
238909 245553 6644
235137 249117 13980
244747 251031 6284
246377 256806 10429
253116 259413 6297
249226 260106 10880
249916 260370 10454
247446 261294 13848
256672 263241 6569
247431 263967 16536
253951 264396 10445
251116 265452 14336
251286 265749 14463
250464 267432 16968
261136 267795 6659
254271 274197 19926
268280 274560 6280
268175 274824 6649
268444 279378 10934
269357 280368 11011
280597 291390 10793
281167 291984 10817
287712 293997 6285
294990 305448 10458
295355 306405 11050
299964 309540 9576
307793 314094 6301
300634 316833 16199
312408 319044 6636
309747 320001 10254
312246 320529 8283
314411 321057 6646
316849 323136 6287
315977 326436 10459
315655 327195 11540
321360 328713 7353
318202 329010 10808
320053 330495 10442
317382 332013 14631
322054 332508 10454
322623 335973 13350
322892 338910 16018
325554 339273 13719
325750 339570 13820
321239 339768 18529
327853 342375 14522
328776 342540 13764
338862 345147 6285
332968 346104 13136
329514 346632 17118
334803 348777 13974
344530 354981 10451
350137 356433 6296
346412 356862 10450
351090 357390 6300
340562 358215 17653
345528 358743 13215
352277 358941 6664
349670 361878 12208
356084 362373 6289
350187 364122 13935
354995 365442 10447
361305 367587 6282
357620 368544 10924
362443 369105 6662
363209 376332 13123
371869 378510 6641
372397 378675 6278
372924 379566 6642
375649 381942 6293
377150 383427 6277
377102 383757 6655
379303 385968 6665
373513 390918 17405
379560 394020 14460
387872 394152 6280
385425 396231 10806
380854 397584 16730
391465 398112 6647
387909 402369 14460
392733 403161 10428
393642 404514 10872
401309 407583 6274
398960 409761 10801
404064 412533 8469
408009 414282 6273
404129 414579 10450
401279 415272 13993
412183 418473 6290
407307 421674 14367
412039 422862 10823
416135 423819 7684
414330 424776 10446
412456 425931 13475
415737 426822 11085
423006 433818 10812
426457 437382 10925
432715 439032 6317
433430 439725 6295
440067 446358 6291
441506 447777 6271
441970 448635 6665
442666 448965 6299
440026 450846 10820
444907 453915 9008
448290 454938 6648
453443 462792 9349
456573 462858 6285
453029 463848 10819
449577 465300 15723
457237 466950 9713
461403 468039 6636
463022 473814 10792
458582 475563 16981
467166 477609 10443
474941 481239 6298
475694 486618 10924
480620 491436 10816
477575 492195 14620
483993 494439 10446
482855 495858 13003
484169 498399 14230
489201 498663 9462
492969 499257 6288
494063 500709 6646
487617 501798 14181
491413 501864 10451
495772 502062 6290
486053 503481 17428
498282 505560 7278
503533 510180 6647
499051 510378 11327
499926 510741 10815
505563 512226 6663
506036 512325 6289
503099 513546 10447
498777 514338 15561
507470 518265 10795
520502 526779 6277
515961 526911 10950
516382 527307 10925
519892 530343 10451
527796 534435 6639
528989 535260 6271
530113 536415 6302
525975 540573 14598
529973 540903 10930
531744 542982 11238
541688 547965 6277
543313 549615 6302
532888 550209 17321
541643 552453 10810
550590 556875 6285
537700 556974 19274
552901 559185 6284
553015 559779 6764
550998 560076 9078
550211 561033 10822
559896 566181 6285
562310 568590 6280
563189 569844 6655
567259 573903 6644
567668 574332 6664
573426 580074 6648
570042 580470 10428
563623 580701 17078
575823 582120 6297
564315 582912 18597
577354 583638 6284
571500 584496 12996
580574 586872 6298
572573 589182 16609
585341 591987 6646
581145 595617 14472
589603 595881 6278
590519 597168 6649
591525 597795 6270
591459 605814 14355
597392 607827 10435
597762 608190 10428
599242 610401 11159
596300 613437 17137
604716 615516 10800
602461 616935 14474
607729 618189 10460
607999 618453 10454
608043 619113 11070
603482 619410 15928
614211 621093 6882
610963 621291 10328
615103 621390 6287
608752 623832 15080
613863 624294 10431
618640 624921 6281
620037 626670 6633
620529 627264 6735
623094 629376 6282
625248 631521 6273
622917 633864 10947
624215 638682 14467
629620 640068 10448
635162 641454 6292
632113 642906 10793
636777 643071 6294
633111 643170 10059
634935 649902 14967
639657 653631 13974
645320 656304 10984
645521 659901 14380
650091 660528 10437
656501 662772 6271
659323 665973 6650
660885 667524 6639
661882 672342 10460
661765 672573 10808
667717 674355 6638
669233 675873 6640
670080 676731 6651
667097 678876 11779
674170 680460 6290
668115 682176 14061
669966 683232 13266
671531 686004 14473
682555 688842 6287
682675 688974 6299
672181 689997 17816
686447 692736 6289
672261 692835 20574
686725 697158 10433
691762 698412 6650
689690 704154 14464
698613 704913 6300
699151 705804 6653
702205 708840 6635
713224 719499 6275
711637 722436 10799
716137 722799 6662
710462 724944 14482
712887 727353 14466
722091 728376 6285
721939 728574 6635
722672 733491 10819
727057 733722 6665
732234 738507 6273
724185 739497 15312
734728 741015 6287
728199 743160 14961
740155 746427 6272
737490 751872 14382
747026 753687 6661
749946 756228 6282
750868 757515 6647
745697 759792 14095
755424 761706 6282
745471 762861 17390
755741 766194 10453
759985 766260 6275
755775 766590 10815
752920 767877 14957
760513 770352 9839
761386 772365 10979
762383 773322 10939
760120 773916 13796
767477 777051 9574
771233 777876 6643
776817 787743 10926
787257 801240 13983
787155 802131 14976
793498 804309 10811
801475 808137 6662
803322 809622 6300
804071 810711 6640
801806 812262 10456
798126 813087 14961
799876 814242 14366
807948 814242 6294
804055 816882 12827
811547 818202 6655
808672 819126 10454
808233 819555 11322
813658 821139 7481
817327 823977 6650
810669 825132 14463
814047 825957 11910
822915 829554 6639
821255 832062 10807
826046 832326 6280
821970 832491 10521
819943 835428 15485
825919 835593 9674
815104 836187 21083
823002 837474 14472
821457 839256 17799
830762 841467 10705
837216 843546 6330
831529 844536 13007
835664 846483 10819
836276 846714 10438
838424 849222 10798
840614 856977 16363
847616 863280 15664
857539 863841 6302
857796 864501 6705
853439 865953 12514
855732 866184 10452
854479 867768 13289
864375 871035 6660
865602 871893 6291
866539 872817 6278
862730 874500 11770
863263 875193 11930
883152 889812 6660
884213 890505 6292
884614 890901 6287
884798 891462 6664
885674 891957 6283
889569 895851 6282
883939 897138 13199
883048 897534 14486
893844 904662 10818
893710 906345 12635
891616 906477 14861
898721 907401 8680
891623 907863 16240
897010 907962 10952
900421 911130 10709
900046 911394 11348
897571 912219 14648
897038 913341 16303
907814 914463 6649
902506 916971 14465
903833 918390 14557
908040 918984 10944
915601 922251 6650
908314 922779 14465
916977 923637 6660
914158 928620 14462
921771 932580 10809
926752 933042 6290
922728 935715 12987
924319 937464 13145
923977 938454 14477
922307 942018 19711
931793 942249 10456
928887 947133 18246
941567 947859 6292
941773 948420 6647
932932 948717 15785
938650 951621 12971
937595 952050 14455
944641 952710 8069
942906 954921 12015
948583 956472 7889
941068 957858 16790
946427 958287 11860
949214 960036 10822
944947 960597 15650
957813 964095 6282
954194 966900 12706
957990 968781 10791
962849 971487 8638
959005 973599 14594
967317 976305 8988
966490 976932 10442
968840 979770 10930
976468 983103 6635
977469 984126 6657
981967 988614 6647
979877 990330 10453
976920 990462 13542
986855 993135 6280
990076 996369 6293
988029 998481 10452
984076 999537 15461
983493 1000230 16737
994122 1000395 6273
984961 1001979 17018
991944 1002870 10926
984054 1003530 19476
989495 1003563 14068
997157 1007589 10432
998427 1009932 11505
1001263 1012077 10814
1003262 1013694 10432
1001801 1015344 13543
1002354 1016862 14508
1008859 1019304 10445
1008832 1019766 10934
1005779 1020261 14482
1012229 1022703 10474
1019055 1025574 6519
1018756 1028643 9887
1018688 1029138 10450
1023131 1029765 6634
1012076 1031877 19801
1024401 1031976 7575
1022920 1033362 10442
1028483 1035144 6661
1029015 1035672 6657
1030325 1040754 10429
1032141 1043064 10923
1038197 1049004 10807
1041341 1052139 10798
1047070 1057881 10811
1042156 1058805 16649
1050464 1061280 10816
1055878 1062171 6293
1053695 1064646 10951
1054233 1064811 10578
1052336 1066692 14356
1064159 1070454 6295
1059429 1072533 13104
1059113 1073589 14476
1064705 1075140 10435
1068645 1075668 7023
1065741 1076196 10455
1071319 1078242 6923
1071357 1082301 10944
1072286 1082730 10444
1072985 1083423 10438
1073227 1084347 11120
1081705 1096161 14456
1089886 1096161 6275
1085419 1096359 10940
1085484 1096425 10941
1092985 1099626 6641
1088870 1102431 13561
1095853 1102497 6644
1099800 1106457 6657
1100725 1107447 6722
1097285 1107744 10459
1096510 1110879 14369
1104248 1118238 13990
1112369 1118667 6298
1103033 1120152 17119
1110311 1120746 10435
1113193 1127676 14483
1126707 1132989 6282
1130489 1136784 6295
1122561 1136817 14256
1117754 1136949 19195
1127070 1137510 10440
1127510 1140051 12541
1129134 1140612 11478
1121260 1141404 20144
1137605 1151568 13963
1141701 1152492 10791
1138440 1152921 14481
1151611 1157904 6293
1150910 1161369 10459
1149389 1163844 14455
1157941 1164240 6299
1161590 1167870 6280
1158536 1169487 10951
1163599 1170246 6647
1161926 1172853 10927
1162257 1173282 11025
1162563 1173513 10950
1167636 1174767 7131
1168207 1174866 6659
1162588 1175988 13400
1167419 1178232 10813
1169691 1180575 10884
1177216 1183875 6659
1167636 1185690 18054
1173604 1188429 14825
1171931 1189221 17290
1183935 1191135 7200
1182390 1191465 9075
1177075 1191531 14456
1184954 1191663 6709
1178117 1192455 14338
1192701 1198989 6288
1192526 1199187 6661
1194198 1200474 6276
1191320 1202586 11266
1198557 1205325 6768
1195961 1206645 10684
1200801 1207437 6636
1197799 1208592 10793
1201221 1208988 7767
1197366 1210044 12678
1204549 1212255 7706
1198449 1212288 13839
1199807 1213245 13438
1202812 1213245 10433
1203147 1214070 10923
1203320 1214433 11113
1205492 1215423 9931
1198619 1217601 18982
1211614 1217898 6284
1211346 1220241 8895
1214960 1221594 6634
1209317 1222716 13399
1212684 1223838 11154
1212786 1227072 14286
1225358 1231659 6301
1218418 1234365 15947
1224406 1234860 10454
1226017 1236840 10823
1226448 1237533 11085
1232058 1238721 6663
1236302 1247235 10933
1237802 1248258 10456
1239361 1250271 10910
1244585 1255023 10438
1251332 1257993 6661
1247297 1264461 17164
1254651 1265583 10932
1264127 1274559 10432
1268472 1274757 6285
1262880 1276869 13989
1266559 1277001 10442
1263462 1277925 14463
1271360 1282314 10954
1269594 1284195 14601
1280817 1287099 6282
1275154 1289640 14486
1286411 1293072 6661
1282210 1293138 10928
1287766 1294425 6659
1284703 1295151 10448
1296026 1302312 6286
1295875 1302510 6635
1290874 1302807 11933
1289564 1304523 14959
1295154 1305975 10821
1291991 1308813 16822
1293737 1310793 17056
1307098 1313400 6302
1307113 1313763 6650
1310976 1317624 6648
1313088 1319736 6648
1309864 1320825 10961
1315695 1321980 6285
1309359 1324059 14700
1318637 1325247 6610
1316658 1327095 10437
1317030 1328316 11286
1320415 1328448 8033
1318369 1328811 10442
1319421 1332243 12822
1325937 1332870 6933
1324308 1334421 10113
1326723 1334685 7962
1322470 1335444 12974
1325641 1336665 11024
1324051 1337358 13307
1317013 1338414 21401
1323971 1340790 16819
1328447 1343067 14620
1326083 1343595 17512
1328095 1343925 15830
1338902 1345179 6277
1327771 1346367 18596
1337966 1348908 10942
1335126 1349403 14277
1335105 1352604 17499
1340038 1353297 13259
1340366 1353891 13525
1338956 1357224 18268
1340045 1357752 17707
1351783 1358082 6299
1345872 1358940 13068
1347376 1359006 11630
1346036 1360491 14455
1339652 1361943 22291
1344352 1362306 17954
1343624 1363626 20002
1357439 1364352 6913
1359891 1366167 6276
1355565 1366497 10932
1353669 1368147 14478
1362372 1368642 6270
1354357 1368840 14483
1363602 1370259 6657
1364527 1370820 6293
1365516 1371810 6294
1365902 1372536 6634
1358759 1372800 14041
1375207 1381842 6635
1377122 1383393 6271
1369563 1384020 14457
1373295 1384086 10791
1376948 1387749 10801
1379284 1390092 10808
1377892 1391445 13553
1384253 1394712 10459
1389394 1396527 7133
1388404 1399200 10796
1389276 1400091 10815
1390318 1400751 10433
1390121 1401048 10927
1394476 1401213 6737
1396232 1402533 6301
1397262 1403919 6657
1399056 1409496 10440
1400599 1414578 13979
1408142 1414776 6634
1408575 1417581 9006
1414765 1421409 6644
1411940 1423818 11878
1426380 1433025 6645
1427208 1433916 6708
1427576 1438371 10795
1432588 1438866 6278
1426824 1441176 14352
1432948 1444641 11693
1434447 1445400 10953
1436887 1447710 10823
1441751 1448403 6652
1442293 1448568 6275
1435181 1451307 16126
1443240 1454178 10938
1448572 1455234 6662
1448769 1455432 6663
1443685 1456785 13100
1456921 1464012 7091
1456753 1467708 10955
1462237 1468533 6296
1462485 1468764 6279
1464495 1470777 6282
1461406 1472361 10955
1459611 1474077 14466
1467964 1474605 6641
1461541 1475529 13988
1469608 1475892 6284
1464274 1477014 12740
1471236 1477509 6273
1471613 1478268 6655
1475983 1482624 6641
1473792 1484241 10449
1472239 1486584 14345
1464977 1487343 22366
1480785 1490445 9660
1484127 1490775 6648
1481896 1493250 11354
1491662 1498299 6637
1484988 1500708 15720
1487881 1502490 14609
1501085 1507374 6289
1494330 1510575 16245
1506493 1512786 6293
1507437 1513743 6306
1503743 1518330 14587
1511696 1518330 6634
1511919 1518561 6642
1515119 1521762 6643
1516596 1523247 6651
1512263 1524204 11941
1514619 1524699 10080
1514172 1524963 10791
1518609 1525260 6651
1514622 1525491 10869
1519941 1526580 6639
1522906 1529550 6644
1519748 1530540 10792
1520918 1531728 10810
1517501 1531959 14458
1527100 1533378 6278
1526288 1534203 7915
1528279 1534566 6287
1528512 1535160 6648
1529314 1535589 6275
1529960 1536612 6652
1524601 1539087 14486
1526646 1539120 12474
1528928 1539384 10456
1532757 1547238 14481
1540841 1547502 6661
1540299 1550736 10437
1542265 1552716 10451
1548522 1554861 6339
1549312 1555950 6638
1546049 1556841 10792
1547480 1557930 10450
1547825 1558755 10930
1550178 1560636 10458
1547477 1561956 14479
1554805 1563903 9098
1556436 1564398 7962
1559286 1565586 6300
1554499 1567038 12539
1553035 1567533 14498
1554911 1569249 14338
1559506 1570701 11195
1559040 1570899 11859
1568686 1574958 6272
1564699 1576212 11513
1567204 1578027 10823
1569267 1579710 10443
1565682 1582053 16371
1578987 1585650 6663
1575913 1586343 10430
1583082 1589742 6660
1580192 1590633 10441
1579673 1594131 14458
1580974 1595583 14609
1588186 1598619 10433
1586744 1601226 14482
1591003 1601952 10949
1597085 1603371 6286
1606910 1613568 6658
1607564 1614327 6763
1609201 1615482 6281
1602468 1616934 14466
1607059 1617495 10436
1610095 1620531 10436
1612198 1622643 10445
1609625 1623765 14140
1610500 1624887 14387
1622850 1629507 6657
1624365 1630662 6297
1620544 1631487 10943
1616287 1633731 17444
1626026 1636965 10939
1621390 1636998 15608
1618209 1638450 20241
1620197 1639737 19540
1626282 1640562 14280
1626143 1643334 17191
1639624 1645908 6284
1641211 1647492 6281
1641641 1647921 6280
1643549 1650198 6649
1640026 1650627 10601
1649372 1655643 6271
1644886 1657953 13067
1651908 1658547 6639
1644863 1659339 14476
1650278 1661484 11206
1658070 1664355 6285
1649042 1664487 15445
1658679 1665015 6336
1647118 1665081 17963
1656380 1665147 8767
1655172 1666104 10932
1662692 1669041 6349
1659469 1670031 10562
1659369 1671978 12609
1654634 1672308 17674
1654257 1672341 18084
1660500 1672506 12006
1663720 1672737 9017
1670470 1676763 6293
1672030 1678314 6284
1671634 1682076 10442
1676007 1686828 10821
1687232 1698180 10948
1691575 1702371 10796
1696967 1703625 6658
1703282 1709928 6646
1699858 1714317 14459
1697669 1714977 17308
1705058 1715505 10447
1709487 1717155 7668
1710821 1717683 6862
1705282 1721247 15965
1710806 1721247 10441
1712990 1723920 10930
1717793 1724448 6655
1714511 1726758 12247
1714162 1728936 14774
1722184 1730091 7907
1718891 1733259 14368
1727605 1734249 6644
1722558 1736493 13935
1719497 1737747 18250
1731662 1738308 6646
1727756 1739628 11872
1729026 1740816 11790
1736646 1742928 6282
1733555 1743984 10429
1744467 1750749 6282
1750430 1757085 6655
1748122 1758768 10646
1745258 1762167 16909
1757410 1763784 6374
1753600 1764543 10943
1761319 1767612 6293
1762248 1768536 6288
1763756 1770417 6661
1751392 1771836 20444
1766021 1776456 10435
1766959 1777908 10949
1773241 1779888 6647
1775133 1781406 6273
1770085 1784904 14819
1779638 1785927 6289
1775947 1786884 10937
1781515 1787808 6293
1782769 1793583 10814
1789949 1796223 6274
1787854 1796256 8402
1785948 1796751 10803
1791944 1798599 6655
1780576 1798962 18386
1789830 1800678 10848
1787786 1802394 14608
1797668 1804473 6805
1790139 1807773 17634
1802595 1808895 6300
1792461 1810941 18480
1804709 1811370 6661
1797247 1811601 14354
1797333 1812129 14796
1803086 1813515 10429
1811158 1817442 6284
1801052 1818333 17281
1805716 1818465 12749
1802291 1818993 16702
1812130 1819059 6929
1811860 1821765 9905
1805253 1822161 16908
1812434 1827408 14974
1821678 1827969 6291
1821390 1830081 8691
1826340 1832985 6645
1824619 1835064 10445
1830462 1840905 10443
1835122 1841763 6641
1831482 1842423 10941
1829655 1843644 13989
1839446 1845723 6277
1841408 1847703 6295
1836122 1848627 12505
1845362 1852026 6664
1850322 1856613 6291
1846873 1857801 10928
1851221 1857867 6646
1845111 1859583 14472
1853647 1864599 10952
1861407 1868163 6756
1859700 1870638 10938
1854831 1870836 16005
1860892 1873278 12386
1869571 1876215 6644
1873850 1880142 6292
1866092 1881396 15304
1868649 1883244 14595
1872603 1883541 10938
1879679 1885950 6271
1880737 1887402 6665
1875982 1890438 14456
1882411 1893309 10898
1886042 1896972 10930
1886682 1897137 10455
1890883 1897170 6287
1891242 1899678 8436
1893165 1904100 10935
1893523 1907202 13679
1902679 1908951 6272
1896718 1910700 13982
1898672 1913736 15064
1900669 1914264 13595
1898675 1914660 15985
1902689 1915122 12433
1901767 1918455 16688
1908446 1919247 10801
1912238 1926837 14599
1921647 1927926 6279
1925675 1932315 6640
1920374 1933569 13195
1919649 1934559 14910
1928529 1937628 9099
1931525 1937826 6301
1927881 1938816 10935
1929228 1939773 10545
1932889 1941720 8831
1936945 1943238 6293
1928258 1944789 16531
1928976 1945020 16044
1930707 1945317 14610
1928873 1945515 16642
1926607 1946340 19733
1931248 1948287 17039
1946749 1957692 10943
1944737 1958715 13978
1942667 1960299 17632
1955842 1962114 6272
1953933 1964754 10821
1963277 1969572 6295
1958723 1972047 13324
1954027 1972179 18152
1956890 1972773 15883
1958312 1972773 14461
1958884 1973169 14285
1967768 1975545 7777
1960685 1975908 15223
1966263 1980231 13968
1973148 1983960 10812
1973782 1984224 10442
1981797 1988448 6651
1978769 1990692 11923
1981059 1991880 10821
1992692 1999338 6646
1985151 2002506 17355
1991583 2006037 14454
1999075 2009535 10460
2002526 2013462 10936
1999971 2014452 14481
2010721 2016993 6272
2011701 2018412 6711
2005931 2019897 13966
2002741 2020755 18014
2012774 2023725 10951
2011448 2026761 15313
2011019 2026959 15940
2010812 2027289 16477
2013963 2027982 14019
2017240 2028180 10940
2018034 2028840 10806
2016662 2031579 14917
2025834 2032107 6273
2017144 2032734 15590
2022493 2032932 10439
2020913 2033295 12382
2022295 2033988 11693
2028633 2035275 6642
2017968 2037090 19122
2029374 2040324 10950
2034521 2041182 6661
2027985 2042469 14484
2038384 2045043 6659
2035280 2045736 10456
2042834 2053656 10822
2040324 2053821 13497
2047208 2053854 6646
2039819 2054283 14464
2048407 2055966 7559
2050466 2056758 6292
2045565 2059134 13569
2049459 2060751 11292
2055143 2061807 6664
2051501 2062434 10933
2060912 2067549 6637
2061322 2067978 6656
2057275 2068209 10934
2059008 2069463 10455
2057757 2071278 13521
2065984 2072268 6284
2067160 2073456 6296
2067148 2078076 10928
2061423 2078406 16983
2076801 2087250 10449
2074151 2087679 13528
2077783 2088636 10853
2082695 2088966 6271
2081124 2091936 10812
2078764 2093553 14789
2083452 2094378 10926
2089234 2099691 10457
2093355 2102793 9438
2099105 2105400 6295
2099802 2106456 6654
2100407 2107116 6709
2093953 2107941 13988
2106045 2112330 6285
2102269 2113419 11150
2108621 2119062 10441
2108905 2121108 12203
2107666 2122131 14465
2116766 2127708 10942
2114611 2129094 14483
2122039 2130051 8012
2119540 2130348 10808
2122697 2130612 7915
2127155 2133450 6295
2120667 2135133 14466
2129784 2136420 6636
2122364 2136849 14485
2128527 2138961 10434
2139329 2145990 6661
2135492 2146287 10795
2136647 2147574 10927
2144197 2150478 6281
2150373 2156649 6276
2151137 2158695 7558
2152987 2159322 6335
2149680 2160609 10929
2152031 2162490 10459
2156412 2162688 6276
2153899 2164404 10505
2154244 2165031 10787
2153448 2167803 14355
2158468 2171400 12932
2161626 2175195 13569
2165164 2176119 10955
2163990 2178462 14472
2172258 2178528 6270
2164262 2178726 14464
2166369 2178858 12489
2174887 2181168 6281
2172478 2183412 10934
2171198 2185029 13831
2175130 2185953 10823
2173983 2191827 17844
2180974 2192190 11216
2185283 2195721 10438
2189435 2199879 10444
2186122 2200605 14483
2190149 2201100 10951
2195933 2202585 6652
2202996 2209647 6651
2204887 2211165 6278
2201935 2212386 10451
2206117 2212419 6302
2207994 2214267 6273
2209713 2216346 6633
2207454 2221923 14469
2208016 2225883 17867
2211769 2226246 14477
2222860 2233803 10943
2221106 2235585 14479
2227419 2238258 10839
2232161 2238522 6361
2229373 2240172 10799
2229395 2240469 11074
2229975 2240502 10527
2231124 2242020 10896
2238543 2244825 6282
2231381 2245650 14269
2231587 2246046 14459
2240472 2246772 6300
2241091 2247366 6275
2230266 2248950 18684
2238618 2249049 10431
2243292 2251227 7935
2238225 2252316 14091
2241710 2252910 11200
2246916 2253570 6654
2245144 2255583 10439
2237214 2258652 21438
2248908 2259840 10932
2243419 2259939 16520
2256946 2263239 6293
2259896 2266176 6280
2260112 2266407 6295
2261741 2272182 10441
2262620 2273073 10453
2263630 2274558 10928
2271707 2277990 6283
2280060 2286339 6279
2282027 2288319 6292
2278412 2289210 10798
2279213 2290167 10954
2287967 2294259 6292
2283859 2294292 10433
2287944 2295117 7173
2289837 2296107 6270
2287071 2297526 10455
2287745 2298681 10936
2293904 2300562 6658
2296131 2306931 10800
2304348 2310627 6279
2299375 2313366 13991
2313019 2319669 6650
2313077 2319735 6658
2313367 2320263 6896
2320354 2326632 6278
2320564 2331021 10457
2321019 2332077 11058
2325479 2332143 6664
2316698 2334288 17590
2326294 2334915 8621
2327781 2337390 9609
2336298 2347224 10926
2336663 2347455 10792
2334730 2349072 14342
2340988 2351448 10460
2341217 2352108 10891
2339790 2354253 14463
2340861 2355210 14349
2350078 2356728 6650
2359148 2369598 10450
2364686 2371710 7024
2363172 2373888 10716
2368183 2379003 10820
2368103 2380290 12187
2365212 2380785 15573
2366725 2381676 14951
2376504 2382798 6294
2368786 2384085 15299
2377683 2384316 6633
2368642 2384646 16004
2380139 2386428 6289
2371778 2387352 15574
2386376 2392665 6289
2383757 2398242 14485
2392068 2402499 10431
2401135 2407779 6644
2395872 2409891 14019
2409443 2415996 6553
2412419 2419065 6646
2409108 2420055 10947
2414765 2423949 9184
2414213 2424642 10429
2418059 2429427 11368
2413290 2430978 17688
2422130 2432925 10795
2426080 2434608 8528
2422297 2434806 12509
2424654 2435103 10449
2429885 2436522 6637
2431277 2437578 6301
2424928 2438865 13937
2425101 2440746 15645
2430878 2441670 10792
2419221 2442099 22878
2420908 2442165 21257
2427690 2444013 16323
2433313 2444277 10964
2438161 2446983 8822
2433806 2451603 17797
2447280 2453913 6633
2447530 2454012 6482
2448186 2454837 6651
2435801 2455068 19267
2439625 2455761 16136
2441691 2456058 14367
2442735 2457114 14379
2452606 2459259 6653
2453719 2460018 6299
2449779 2461206 11427
2455313 2461602 6289
2447116 2464770 17654
2459237 2465892 6655
2451332 2466552 15220
2454428 2468598 14170
2463243 2473680 10437
2469721 2480544 10823
2475493 2486286 10793
2477012 2491368 14356
2482110 2493645 11535
2487100 2493744 6644
2479127 2496450 17323
2499948 2506218 6270
2497473 2508495 11022
2508121 2514765 6644
2509247 2521497 12250
2511168 2521695 10527
2514151 2524599 10448
2511737 2526876 15139
2521125 2527404 6279
2520186 2529978 9792
2529229 2535522 6293
2523807 2538261 14454
2532499 2539152 6653
2530718 2539185 8467
2529574 2541627 12053
2529085 2542452 13367
2536872 2544597 7725
2531640 2544663 13023
2537715 2547468 9753
2538245 2547831 9586
2539888 2548293 8405
2538053 2549712 11659
2536754 2551824 15070
2539246 2552880 13634
2540891 2552913 12022
2544346 2555157 10811
2543068 2559843 16775
2543876 2560239 16363
2547643 2560503 12860
2547709 2561163 13454
2548796 2561625 12829
2556294 2563638 7344
2545827 2564265 18438
2558315 2564595 6280
2560270 2566542 6272
2557805 2568621 10816
2554339 2568819 14480
2565940 2572218 6278
2570858 2577135 6277
2572070 2578389 6319
2568955 2580765 11810
2571124 2581557 10433
2567724 2582679 14955
2567666 2583075 15409
2578122 2589048 10926
2580476 2591919 11443
2586586 2592876 6290
2578764 2593437 14673
2584500 2594955 10455
2588779 2595054 6275
2580971 2595945 14974
2586952 2597397 10445
2590689 2597760 7071
2588199 2600433 12234
2594820 2601093 6273
2591612 2602050 10438
2591137 2604030 12893
2598411 2604690 6279
2605360 2611653 6293
2601039 2611851 10812
2607071 2613732 6661
2606897 2617692 10795
2607041 2617692 10651
2611508 2617791 6283
2609193 2619639 10446
2609311 2620596 11285
2610475 2620926 10451
2614924 2621223 6299
2612828 2623764 10936
2613105 2623896 10791
2618902 2625183 6281
2620642 2631090 10448
2624346 2635149 10803
2629190 2642475 13285
2633643 2642574 8931
2629669 2644125 14456
2631973 2645676 13703
2630320 2645808 15488
2632174 2646237 14063
2645719 2652012 6293
2638941 2653398 14457
2645770 2657226 11456
2642797 2657391 14594
2647700 2658513 10813
2652398 2661219 8821
2655017 2661318 6301
2653496 2661912 8416
2653003 2663826 10823
2658193 2664849 6656
2650250 2666004 15754
2659573 2666235 6662
2662915 2669568 6653
2660050 2670987 10937
2660409 2676300 15891
2665198 2680491 15293
2666502 2680986 14484
2670517 2681448 10931
2676525 2682801 6276
2676216 2687157 10941
2680905 2687553 6648
2683997 2690292 6295
2683783 2690424 6641
2684954 2691612 6658
2677979 2692569 14590
2685554 2696661 11107
2694850 2701149 6299
2693620 2704053 10433
2691001 2705472 14471
2702449 2708739 6290
2703512 2709795 6283
2698564 2712633 14069
2706791 2713062 6271
2704755 2715702 10947
2702393 2716758 14365
2702531 2717946 15415
2701074 2718870 17796
2714484 2720784 6300
2707055 2723490 16435
2706433 2723919 17486
2718172 2728605 10433
2710637 2729034 18397
2714184 2729727 15543
2712432 2731245 18813
2726177 2732928 6751
2731553 2742498 10945
2736618 2743257 6639
2740213 2751012 10799
2745606 2756556 10950
2753045 2759328 6283
2753168 2759823 6655
2750854 2761803 10949
2751296 2762958 11662
2754167 2764608 10441
2759349 2765631 6282
2759617 2766258 6641
2760759 2767413 6654
2755375 2769360 13985
2768514 2774805 6291
2767318 2778270 10952
2767917 2778534 10617
2772551 2779194 6643
2778241 2784903 6662
2778975 2785629 6654
2780889 2787180 6291
2782202 2788500 6298
2785322 2791602 6280
2786838 2793219 6381
2786289 2797080 10791
2787700 2798136 10436
2788530 2799456 10926
2792889 2799522 6633
2793240 2801997 8757
2788936 2802657 13721
2791917 2803218 11301
2790190 2804670 14480
2785205 2806485 21280
2792963 2809587 16624
2799743 2810148 10405
2792635 2812887 20252
2800029 2813349 13320
2799577 2815593 16016
2798810 2815956 17146
2807550 2818002 10452
2803965 2818431 14466
2807210 2819025 11815
2808251 2822853 14602
2812654 2823084 10430
2810406 2825592 15186
2811835 2825790 13955
2812757 2827242 14485
2811569 2827341 15772
2824866 2831433 6567
2816506 2831598 15092
2827111 2833413 6302
2824545 2834997 10452
2827099 2837901 10802
2821713 2838924 17211
2825226 2839683 14457
2833846 2840145 6299
2829274 2840178 10904
2828906 2841960 13054
2835560 2842224 6664
2831411 2845194 13783
2842559 2849649 7090
2835166 2852520 17354
2835812 2852718 16906
2836586 2853609 17023
2838062 2854137 16075
2843553 2854566 11013
2845779 2856216 10437
2843084 2857239 14155
2853503 2860143 6640
2844119 2861529 17410
2856496 2863146 6650
2856941 2863212 6271
2858003 2864301 6298
2848037 2864499 16462
2858033 2867634 9601
2859419 2872155 12736
2862562 2873013 10451
2863896 2874333 10437
2867443 2878260 10817
2870161 2881098 10937
2878348 2884992 6644
2871051 2885652 14601
2871894 2885652 13758
2880054 2886345 6291
2880178 2887665 7487
2877531 2887962 10431
2890940 2897598 6658
2893432 2904363 10931
2895322 2906277 10955
2898847 2909280 10433
2899937 2909313 9376
2901557 2912481 10924
2896051 2912976 16925
2903162 2914296 11134
2902912 2916243 13331
2911421 2918058 6637
2912138 2918421 6283
2908866 2919675 10809
2910182 2921127 10945
2916894 2923536 6642
2914131 2925054 10923
2914784 2925219 10435
2916452 2927397 10945
2921437 2932248 10811
2927871 2934525 6654
2938732 2945019 6287
2939211 2945844 6633
2932325 2948352 16027
2934300 2948814 14514
2938188 2949111 10923
2944410 2951190 6780
2945344 2951619 6275
2943947 2954391 10444
2943717 2954523 10806
2948613 2954886 6273
2947189 2958120 10931
2954903 2965710 10807
2952868 2966205 13337
2952290 2967492 15202
2953556 2967525 13969
2963183 2969472 6289
2963187 2971584 8397
2965771 2972409 6638
2959956 2974125 14169
2957149 2974158 17009
2969421 2975709 6288
2962731 2976501 13770
2965561 2976897 11336
2965090 2977227 12137
2961764 2979570 17806
2963781 2980824 17043
2971757 2982639 10882
2978622 2984916 6294
2978839 2985114 6275
2975581 2986533 10952
2977126 2991450 14324
2985956 2992605 6649
2990012 2996664 6652
2990615 2996895 6280
2997449 3008379 10930
2998488 3009435 10947
2998198 3015705 17507
3010638 3017289 6651
3005306 3018939 13633
3008305 3020160 11855
3014145 3020424 6279
3018812 3025110 6298
3016389 3027321 10932
3021816 3028113 6297
3010901 3028707 17806
3013005 3029664 16659
3020622 3034746 14124
3028481 3034779 6298
3023713 3036990 13277
3031662 3038310 6648
3033058 3039696 6638
3026989 3043458 16469
3038963 3045603 6640
3033446 3047913 14467
3038039 3048474 10435
3042347 3048639 6292
3039422 3050223 10801
3040714 3052500 11786
3041874 3052731 10857
3048748 3055041 6293
3043058 3057648 14590
3053774 3060057 6283
3053430 3060090 6660
3055765 3062037 6272
3049789 3063291 13502
3045788 3064281 18493
3055269 3066525 11256
3064737 3071376 6639
3065311 3071970 6659
3060942 3076722 15780
3067560 3078372 10812
3065135 3080319 15184
3076328 3082629 6301
3077272 3083553 6281
3073217 3084147 10930
3073830 3084774 10944
3074798 3089790 14992
3083657 3090318 6661
3077796 3092364 14568
3082844 3097314 14470
3091034 3097314 6280
3084434 3098898 14464
3093295 3099591 6296
3084968 3101010 16042
3096291 3102561 6270
3083922 3104706 20784
3087895 3104838 16943
3091023 3105498 14475
3100312 3106587 6275
3101913 3108567 6654
3107611 3113913 6302
3109756 3116421 6665
3099933 3116487 16554
3105079 3118137 13058
3107371 3124968 17597
3116043 3126486 10443
3114411 3128895 14484
3123225 3129885 6660
3126625 3137211 10586
3126790 3137244 10454
3132534 3139224 6690
3120600 3141039 20439
3121607 3142491 20884
3131116 3143382 12266
3135168 3149421 14253
3139015 3150114 11099
3132085 3150180 18095
3144689 3150972 6283
3144303 3152919 8616
3144462 3153447 8985
3147970 3154272 6302
3145547 3156516 10969
3150316 3156615 6299
3148272 3162885 14613
3148908 3163380 14472
3149879 3164337 14458
3159716 3165987 6271
3154255 3169122 14867
3165661 3172389 6728
3163680 3174501 10821
3169964 3176250 6286
3175919 3186348 10429
3180210 3186843 6633
3185475 3191760 6285
3184328 3194763 10435
3184011 3194829 10818
3189494 3196149 6655
3185630 3196446 10816
3193840 3200142 6302
3190229 3203277 13048
3197023 3206313 9290
3203212 3209877 6665
3198383 3212847 14464
3199663 3214266 14603
3201523 3216114 14591
3205280 3216378 11098
3214002 3220272 6270
3216496 3222780 6284
3210994 3222912 11918
3217685 3223968 6283
3213864 3224661 10797
3216571 3225717 9146
3219029 3227268 8239
3221632 3227928 6296
3219012 3229809 10797
3220440 3231591 11151
3217337 3231954 14617
3225802 3232086 6284
3218182 3232647 14465
3226601 3232944 6343
3222080 3233934 11854
3225464 3235056 9592
3231161 3237432 6271
3234196 3240468 6272
3234229 3245583 11354
3240974 3247266 6292
3241320 3247959 6639
3247050 3253338 6288
3248986 3255285 6299
3245401 3259872 14471
3252166 3262611 10445
3257266 3263568 6302
3257827 3264228 6401
3258030 3268980 10950
3255687 3270168 14481
3261831 3272643 10812
3270728 3276999 6271
3260190 3278286 18096
3269217 3280167 10950
3273548 3284886 11338
3278697 3285348 6651
3274997 3285447 10450
3280229 3286503 6274
3280263 3286536 6273
3280537 3287130 6593
3280910 3287559 6649
3281258 3287559 6301
3278281 3289077 10796
3277380 3289902 12522
3269983 3290826 20843
3280827 3292179 11352
3282433 3292872 10439
3286659 3292938 6279
3276313 3295875 19562
3283443 3297459 14016
3282604 3297723 15119
3285928 3298383 12455
3283226 3298416 15190
3282815 3301749 18934
3297949 3308877 10928
3304595 3311253 6658
3307852 3314487 6635
3301344 3315939 14595
3309654 3324024 14370
3314010 3324816 10806
3314695 3325641 10946
3322476 3332934 10458
3322760 3333594 10834
3327932 3334221 6289
3328167 3334815 6648
3329045 3335343 6298
3328740 3335475 6735
3329396 3335673 6277
3319763 3336729 16966
3322805 3337290 14485
3327671 3338610 10939
3324632 3339006 14374
3334316 3345111 10795
3338920 3345210 6290
3344547 3350820 6273
3344445 3351084 6639
3345231 3351876 6645
3342500 3352932 10432
3336651 3353922 17271
3341779 3357222 15443
3350202 3361017 10815
3347423 3361908 14485
3355369 3363657 8288
3348699 3364614 15915
3357483 3364713 7230
3359776 3366429 6653
3354561 3368541 13980
3358944 3369498 10554
3361299 3371016 9717
3355414 3373623 18209
3359069 3376032 16963
3370572 3376857 6285
3367937 3377220 9283
3367365 3378309 10944
3374675 3385107 10432
3380128 3386427 6299
3378978 3389793 10815
3383753 3390024 6271
3380681 3391113 10432
3385880 3392235 6355
3383477 3392565 9088
3383084 3394017 10933
3385274 3396096 10822
3386232 3397185 10953
3383906 3398868 14962
3395092 3401376 6284
3400131 3406788 6657
3400612 3407250 6638
3398635 3411177 12542
3397749 3412728 14979
3405150 3422331 17181
3408777 3423255 14478
3413060 3423519 10459
3413630 3424443 10813
3427765 3434046 6281
3428645 3434937 6292
3429129 3435399 6270
3429622 3435894 6272
3424673 3439260 14587
3436083 3447015 10932
3442423 3448698 6275
3440160 3450612 10452
3445981 3452295 6314
3448027 3454308 6281
3448230 3454506 6276
3440194 3454671 14477
3452406 3463218 10812
3459891 3466551 6660
3462179 3472623 10444
3468107 3474405 6298
3464934 3476715 11781
3466904 3477870 10966
3463349 3477936 14587
3475972 3486417 10445
3487596 3493875 6279
3491332 3497604 6272
3491115 3497769 6654
3487496 3498429 10933
3487860 3500838 12978
3497972 3504270 6298
3488801 3504732 15931
3500246 3506547 6301
3504502 3511167 6665
3500505 3511662 11157
3505598 3516414 10816
3511907 3518559 6652
3508014 3518955 10941
3515967 3524433 8466
3514389 3526875 12486
3513561 3529350 15789
3512302 3529746 17444
3519814 3530274 10460
3528084 3534366 6282
3527982 3534630 6648
3530580 3536874 6294
3536085 3546543 10458
3536244 3546675 10431
3539813 3554298 14485
3549392 3556047 6655
3542568 3556542 13974
3554067 3564858 10791
3553268 3571260 17992
3558498 3572184 13686
3567436 3573735 6299
3565743 3576177 10434
3563355 3578322 14967
3561931 3578718 16787
3562326 3581325 18999
3575156 3581457 6301
3566248 3582612 16364
3573544 3585714 12170
3574824 3585747 10923
3576984 3591654 14670
3580013 3595119 15106
3580702 3595680 14978
3585182 3595977 10795
3592303 3598584 6281
3588929 3599871 10942
3586120 3601950 15830
3590929 3602181 11252
3589817 3605415 15598
3597172 3607626 10454
3593843 3608154 14311
3597199 3610662 13463
3596246 3611256 15010
