2375 12804 10429
8958 15246 6288
6832 15774 8942
6666 17094 10428
12379 19041 6662
27922 34584 6662
29263 35541 6278
29000 43461 14461
40572 47223 6651
65438 72072 6634
62741 73689 10948
62588 74448 11860
64007 74811 10804
73699 84513 10814
79844 90783 10939
87909 94182 6273
89492 95766 6274
92463 99099 6636
86787 101244 14457
89339 102927 13588
92702 103818 11116
100284 106557 6273
113448 119724 6276
131723 138369 6646
133945 144870 10925
145948 156387 10439
154351 161007 6656
155206 161865 6659
177057 183348 6291
169376 183744 14368
172170 186153 13983
183325 189981 6656
184166 190443 6277
190303 204765 14462
203658 209946 6288
206045 212685 6640
202410 212850 10440
211020 217668 6648
207898 220869 12971
214583 225027 10444
219375 227601 8226
225060 231330 6270
240245 251064 10819
241590 252384 10794
249225 255882 6657
242524 256542 14018
250721 257367 6646
253435 259710 6275
246512 260139 13627
256466 267399 10933
286439 296868 10429
287900 302874 14974
301439 312246 10807
299804 314754 14950
305846 316800 10954
311646 317922 6276
305130 320133 15003
314433 321090 6657
315049 321750 6701
310271 322971 12700
320586 327228 6642
315334 329901 14567
330982 337623 6641
324678 339273 14595
339708 346005 6297
339046 351351 12305
337551 352011 14460
337524 354585 17061
342026 355113 13087
350525 357159 6634
354024 360294 6270
354189 360822 6633
348300 361779 13479
358547 365211 6664
356492 370953 14461
367639 373923 6284
365023 375837 10814
381863 392667 10804
384120 398079 13959
393067 399366 6299
404103 414909 10806
409465 417384 7919
414151 424974 10823
421734 432531 10797
419752 434709 14957
433479 444411 10932
444283 450582 6299
461349 475827 14478
495095 505527 10432
496535 506979 10444
518017 524304 6287
509959 524436 14477
518201 529155 10954
524525 531168 6643
524810 531465 6655
521827 536283 14456
554166 560439 6273
552386 566841 14455
560791 567072 6281
562729 569382 6653
558616 572682 14066
570862 577500 6638
584898 591195 6297
583870 591591 7721
582516 593439 10923
590419 597069 6650
593793 600435 6642
612128 618783 6655
614164 620466 6302
615543 622182 6639
621880 632676 10796
628716 634986 6270
629009 635646 6637
636812 643467 6655
637540 643830 6290
646042 652344 6302
644955 655413 10458
653629 666897 13268
652849 667326 14477
665630 676071 10441
671401 678051 6650
668916 679866 10950
679821 686466 6645
675769 686565 10796
680574 687225 6651
681327 688050 6723
686312 700788 14476
695127 701415 6288
691503 702438 10935
692242 705672 13430
714764 721050 6286
713469 724284 10815
713773 724581 10808
720013 726297 6284
726142 732435 6293
729529 743490 13961
740912 747186 6274
741189 747483 6294
737523 747978 10455
734248 750156 15908
738693 753423 14730
744214 758670 14456
761440 767712 6272
768245 781704 13459
771785 782595 10810
790736 801669 10933
787795 802263 14468
801553 807840 6287
802017 816387 14370
813775 820413 6638
827452 838266 10814
827963 838761 10798
828960 839751 10791
849755 856416 6661
846921 858924 12003
845588 859947 14359
852998 863940 10942
865418 876216 10798
866133 876612 10479
866080 877008 10928
883497 889779 6282
877050 892056 15006
883203 894135 10932
883978 898590 14612
893903 900174 6271
899581 906246 6665
901193 916146 14953
922031 932481 10450
919206 933570 14364
930734 945219 14485
935582 946011 10429
942971 949245 6274
945179 951456 6277
955763 962049 6286
964871 971157 6286
971018 977823 6805
968339 979275 10936
969482 982080 12598
987647 998448 10801
1001481 1012407 10926
1015433 1026234 10801
1031422 1037718 6296
1045501 1051776 6275
1046328 1052601 6273
1042355 1056825 14470
1078525 1084809 6284
1074475 1088835 14360
1085250 1096194 10944
1089375 1099824 10449
1100196 1111143 10947
1108564 1114839 6275
1121629 1128270 6641
1125566 1131867 6301
1126700 1133352 6652
1118677 1134045 15368
1146272 1152558 6286
1144528 1154967 10439
1141194 1155660 14466
1145647 1158102 12455
1152045 1158696 6651
1154182 1164636 10454
1158810 1165098 6288
1167713 1178661 10948
1167876 1182357 14481
1187116 1198065 10949
1198431 1204797 6366
1198670 1205325 6655
1197866 1208295 10429
1206949 1217403 10454
1208534 1223508 14974
1219053 1229481 10428
1219687 1230141 10454
1216749 1230735 13986
1228407 1234695 6288
1251232 1257894 6662
1254079 1260369 6290
1246624 1261227 14603
1260228 1266870 6642
1255764 1269741 13977
1271754 1286208 14454
1291880 1302807 10927
1300697 1315182 14485
1312361 1322805 10444
1319608 1333596 13988
1352730 1359006 6276
1353493 1359831 6338
1363568 1374021 10453
1359874 1374483 14609
1364267 1377189 12922
1368011 1379334 11323
1374272 1380555 6283
1377575 1384218 6643
1378046 1384317 6271
1376292 1386726 10434
1385642 1396098 10456
1394322 1400982 6660
1409638 1416294 6656
1412948 1427415 14467
1418918 1429857 10939
1413561 1430649 17088
1420696 1431144 10448
1423373 1437843 14470
1428694 1440021 11327
1440823 1447116 6293
1437513 1447941 10428
1442163 1452957 10794
1452068 1458369 6301
1447328 1461933 14605
1456334 1467147 10813
1467977 1482459 14482
1477459 1487904 10445
1489369 1495659 6290
1491345 1497639 6294
1489185 1500114 10929
1492559 1503018 10459
1499539 1506186 6647
1511716 1518000 6284
1519473 1528560 9087
1518758 1529187 10429
1545137 1551792 6655
1546384 1552683 6299
1550778 1557435 6657
1548632 1563243 14611
1559712 1570635 10923
1560372 1574331 13959
1566715 1581690 14975
1571836 1582779 10943
1582754 1593702 10948
1586099 1597035 10936
1591589 1602381 10792
1593691 1604130 10439
1601254 1607892 6638
1604870 1619244 14374
1625084 1635546 10462
1625472 1635909 10437
1631726 1638021 6295
1624047 1638384 14337
1638049 1648845 10796
1643375 1654323 10948
1648825 1663299 14474
1658787 1665444 6657
1660536 1671483 10947
1664917 1675377 10460
1673369 1679667 6298
1666340 1682307 15967
1677444 1683726 6282
1678414 1688874 10460
1685332 1691976 6644
1678820 1693791 14971
1696686 1703328 6642
1697589 1708047 10458
1704584 1715043 10459
1711768 1718046 6278
1711306 1721742 10436
1711342 1721775 10433
1714270 1724712 10442
1718320 1724976 6656
1719796 1726098 6302
1716922 1727847 10925
1726083 1736526 10443
1727213 1737648 10435
1726196 1740288 14092
1729193 1743555 14362
1734600 1745040 10440
1740740 1753719 12979
1743249 1754115 10866
1737655 1755138 17483
1741437 1756029 14592
1746902 1760880 13978
1757011 1763652 6641
1766889 1773552 6663
1769448 1783914 14466
1788534 1794804 6270
1797529 1812129 14600
1801854 1815825 13971
1807887 1818696 10809
1815119 1821765 6646
1807668 1824570 16902
1814078 1825032 10954
1825512 1839981 14469
1830831 1841763 10932
1832566 1843512 10946
1853592 1859880 6288
1855089 1861728 6639
1859964 1866249 6285
1861785 1868427 6642
1863626 1874730 11104
1879654 1890108 10454
1882417 1896279 13862
1882710 1897170 14460
1893641 1899942 6301
1917109 1923405 6296
1920817 1927101 6284
1923637 1929939 6302
1931500 1941951 10451
1941607 1948254 6647
1942953 1953402 10449
1941778 1956240 14462
1950938 1957593 6655
1962527 1968813 6286
1973994 1984917 10923
1975991 1986798 10807
1978675 1989471 10796
1984110 1990395 6285
1984327 1990989 6662
1989242 2003628 14386
2009578 2016234 6656
2013455 2024253 10798
2024823 2031480 6657
2026038 2032701 6663
2017249 2034813 17564
2017547 2037948 20401
2032368 2046825 14457
2046232 2052534 6302
2050731 2057022 6291
2043315 2057913 14598
2044469 2058936 14467
2063747 2074182 10435
2064282 2075205 10923
2068772 2086656 17884
2074231 2088207 13976
2083263 2089923 6660
2085243 2091903 6660
2081901 2092827 10926
2094301 2100945 6644
2104252 2110911 6659
2103636 2114079 10443
2108530 2115168 6638
2117857 2124144 6287
2114590 2128962 14372
2115646 2130117 14471
2128898 2135199 6301
2125394 2135826 10432
2129741 2140677 10936
2149713 2156352 6639
2151205 2157507 6302
2156396 2163051 6655
2151470 2165955 14485
2165057 2175987 10930
2170240 2178693 8453
2178605 2185260 6655
2188474 2195127 6653
2198720 2204994 6274
2221361 2227995 6634
2222676 2228952 6276
2222463 2233407 10944
2224508 2235453 10945
2233358 2243802 10444
2234471 2245419 10948
2233582 2248422 14840
2249054 2260005 10951
2254946 2261589 6643
2257614 2268552 10938
2271185 2277825 6640
2271687 2278419 6732
2264774 2279739 14965
2272556 2283006 10450
2279245 2290068 10823
2292182 2298483 6301
2289876 2300694 10818
2297673 2303961 6288
2299721 2310165 10444
2298356 2314719 16363
2305117 2315940 10823
2314432 2321088 6656
2333352 2344155 10803
2334730 2350326 15596
2353862 2360160 6298
2361557 2367849 6292
2362850 2373657 10807
2371640 2382072 10432
2377136 2383425 6289
2381406 2387682 6276
2377849 2388342 10493
2377917 2389332 11415
2380520 2395107 14587
2386363 2397318 10955
2397645 2412102 14457
2428682 2439129 10447
2434977 2441274 6297
2436194 2442495 6301
2437130 2447577 10447
2441792 2448435 6643
2439400 2450349 10949
2458960 2465232 6272
2458962 2465232 6270
2474327 2480610 6283
2487337 2494437 7100
2485685 2496483 10798
2492157 2498793 6636
2494182 2500476 6294
2493650 2504601 10951
2502842 2509122 6280
2499023 2513478 14455
2507578 2514237 6659
2509184 2515458 6274
2510023 2516316 6293
2526212 2537007 10795
2540803 2551626 10823
2541102 2552055 10953
2541156 2554860 13704
2560787 2567070 6283
2561205 2567664 6459
2565801 2572449 6648
2574155 2580435 6280
2569692 2580633 10941
2576662 2587596 10934
2596242 2602512 6270
2591765 2603337 11572
2594283 2604723 10440
2607384 2614029 6645
2612452 2618748 6296
2614327 2620629 6302
2627378 2634027 6649
2617795 2634951 17156
2627678 2638086 10408
2625000 2638515 13515
2628463 2639274 10811
2629865 2640660 10795
2628455 2642706 14251
2632362 2643168 10806
2634594 2645412 10818
2650457 2660889 10432
2680519 2686794 6275
2686478 2697288 10810
2682834 2697420 14586
2692019 2702964 10945
2726538 2732829 6291
2736569 2747514 10945
2733066 2750616 17550
2746164 2752464 6300
2745210 2752926 7716
2761884 2776356 14472
2771211 2777511 6300
2782105 2788401 6296
2779581 2790381 10800
2784281 2791008 6727
2787260 2793912 6652
2783375 2794308 10933
2798707 2805363 6656
2805349 2811996 6647
2810127 2816781 6654
2815634 2822292 6658
2816761 2823414 6653
2810258 2824074 13816
2822995 2829288 6293
2824388 2831037 6649
2822879 2833314 10435
2833693 2848659 14966
2842024 2852949 10925
2842980 2853840 10860
2865382 2871660 6278
2874994 2881659 6665
2867433 2881791 14358
2880303 2886939 6636
2883263 2894199 10936
2889303 2899743 10440
2893247 2902515 9268
2900624 2907267 6643
2910029 2920830 10801
2915583 2921853 6270
2941794 2948088 6294
2941721 2948385 6664
2944853 2951487 6634
2955991 2962278 6287
2962693 2973630 10937
2966532 2977458 10926
2971276 2981715 10439
2975195 2981847 6652
3000013 3006663 6650
3009476 3016200 6724
3007465 3018279 10814
3004569 3019170 14601
3008892 3019830 10938
3010736 3021546 10810
3017176 3023460 6284
3023523 3029796 6273
3023738 3030390 6652
3032219 3042666 10447
3032274 3043227 10953
3038551 3052533 13982
3050175 3056823 6648
3047672 3059496 11824
3055710 3062367 6657
3060429 3066723 6294
3068931 3079857 10926
3086566 3092859 6293
3101041 3107313 6272
3093001 3107478 14477
3105513 3111801 6288
3110508 3121437 10929
3114613 3125430 10817
3130043 3140973 10930
3153311 3159585 6274
3159055 3165327 6272
3162580 3173511 10931
3165792 3176250 10458
3169555 3184170 14615
3181564 3192024 10460
3186745 3194235 7490
3200897 3207534 6637
3210320 3216609 6289
3208888 3219348 10460
3216542 3226971 10429
3214559 3229644 15085
3233624 3240270 6646
3234617 3240897 6280
3233979 3244659 10680
3240661 3251094 10433
3246155 3260532 14377
3250368 3260796 10428
3249184 3263568 14384
3267486 3273765 6279
3266549 3277494 10945
3292205 3298845 6640
3292219 3302673 10454
3303545 3309834 6289
3305890 3312177 6287
3303360 3314157 10797
3305805 3320262 14457
3319164 3329964 10800
3326590 3337389 10799
3327653 3338577 10924
3333427 3339699 6272
3339704 3350523 10819
3343025 3353823 10798
3339773 3354285 14512
3348199 3354483 6284
3351128 3357420 6292
3362250 3368904 6654
3356327 3371280 14953
3369796 3380619 10823
3366437 3383358 16921
3382418 3393225 10807
3378997 3393588 14591
3389840 3400782 10942
3403809 3410451 6642
3415850 3426654 10804
3427377 3437808 10431
3432700 3438996 6296
3434969 3441240 6271
3436291 3450282 13991
3452537 3459192 6655
3454022 3460314 6292
3454044 3469554 15510
3463920 3470577 6657
3460773 3471237 10464
3468802 3479256 10454
3465867 3480345 14478
3486603 3497043 10440
3487800 3498231 10431
3492318 3506283 13965
3511989 3518625 6636
3516330 3527139 10809
3532436 3546906 14470
3535190 3549546 14356
3557060 3563340 6280
3563241 3569874 6633
3575536 3582183 6647
3592758 3607362 14604
