137 6798 6661
1953 8250 6297
1632 12573 10941
1525 13233 11708
7850 14124 6274
4861 16797 11936
7657 18612 10955
12035 18678 6643
13993 20757 6764
4766 21714 16948
15892 22539 6647
13216 24156 10940
13978 27951 13973
17808 28743 10935
15203 29007 13804
23583 30921 7338
25373 31647 6274
22913 33363 10450
28958 35607 6649
21463 35937 14474
25899 42900 17001
28426 42900 14474
36805 43098 6293
36592 43230 6638
23340 44616 21276
33796 45573 11777
32834 47289 14455
41685 49401 7716
32702 50160 17458
44254 50556 6302
38172 53031 14859
34656 55110 20454
46885 55704 8819
41285 56925 15640
39635 58377 18742
45145 58740 13595
44092 58938 14846
54239 60522 6283
55579 61875 6296
51936 62733 10797
49437 63921 14484
55757 66594 10837
56065 66990 10925
56605 68178 11573
53163 70059 16896
55697 70323 14626
60931 71346 10415
59036 71874 12838
62664 71874 9210
62117 73062 10945
67511 74613 7102
65484 75009 9525
59886 76263 16377
66161 77187 11026
70477 77484 7007
72682 78969 6287
70187 79002 8815
70176 79365 9189
70984 79662 8678
71365 80718 9353
61143 80817 19674
69701 81642 11941
70822 81774 10952
75100 83490 8390
66202 83919 17717
78517 84810 6293
75853 86295 10442
78489 86394 7905
80655 86955 6300
67942 87945 20003
70738 88440 17702
74478 88968 14490
83697 90354 6657
79985 90519 10534
83561 91047 7486
85083 91707 6624
83978 91872 7894
84829 92400 7571
73393 93621 20228
77858 94149 16291
76154 95139 18985
79266 96294 17028
86853 97350 10497
90224 99429 9205
90026 100716 10690
94937 101442 6505
90464 101640 11176
81327 101805 20478
93362 103851 10489
98067 104346 6279
92097 104412 12315
98572 104973 6401
99496 107019 7523
101910 108207 6297
89785 108339 18554
91102 109494 18392
93455 109989 16534
100428 110880 10452
90748 111672 20924
108219 114510 6291
92631 115137 22506
101087 116259 15172
106756 117711 10955
105718 120483 14765
111602 122430 10828
106086 123387 17301
116774 123420 6646
117669 124476 6807
119497 126159 6662
110240 126192 15952
120318 126588 6270
120148 126885 6737
106195 127380 21185
122624 128898 6274
114973 129327 14354
122279 129525 7246
113016 130086 17070
119459 132957 13498
127382 133683 6301
122299 134013 11714
129435 136257 6822
130389 137049 6660
123930 138534 14604
133502 139788 6286
129365 140184 10819
135728 141999 6271
131971 142428 10457
132836 143286 10450
138239 145002 6763
139814 146091 6277
140287 146586 6299
138081 149028 10947
139097 149589 10492
139985 151206 11221
144708 151371 6663
145793 152427 6634
142599 153417 10818
141593 153714 12121
139608 155826 16218
149345 155991 6646
152534 159192 6658
148656 159225 10569
153520 159819 6299
150789 161370 10581
155299 161964 6665
151056 162162 11106
151157 162195 11038
156653 164802 8149
158621 164901 6280
159981 166254 6273
160307 166947 6640
156919 168960 12041
158266 169191 10925
165336 171996 6660
158840 174372 15532
159585 177507 17922
174010 180312 6302
174184 180477 6293
173713 184536 10823
173688 188166 14478
178039 188859 10820
176718 191103 14385
177295 191433 14138
183353 194172 10819
188152 194436 6284
189042 195690 6648
187744 197043 9299
186784 198198 11414
183714 201102 17388
195435 201894 6459
196385 203313 6928
198706 204996 6290
191007 205392 14385
191576 205392 13816
193603 207339 13736
192941 208131 15190
195687 208494 12807
195883 209220 13337
198087 209385 11298
196025 209847 13822
195650 212025 16375
201714 212586 10872
196058 212817 16759
194988 213081 18093
208857 215127 6270
208865 215160 6295
202819 215721 12902
209496 215886 6390
204477 216282 11805
210195 216480 6285
207613 218460 10847
209817 220275 10458
206292 223542 17250
217686 223971 6285
220093 226743 6650
221906 228195 6289
222851 229185 6334
219195 229647 10452
223780 230142 6362
219278 230208 10930
225921 232221 6300
226950 233244 6294
226921 233574 6653
219608 234333 14725
225628 236445 10817
223386 236676 13290
228818 237633 8815
227917 238854 10937
228093 241626 13533
232749 241923 9174
231659 242484 10825
232298 243111 10813
232060 245157 13097
241011 247302 6291
242005 248754 6749
234848 249348 14500
237681 249414 11733
242842 252153 9311
240725 252516 11791
245385 252648 7263
241942 252747 10805
235223 255189 19966
240394 255321 14927
242053 255684 13631
246180 257103 10923
244944 258522 13578
241453 260370 18917
254548 261195 6647
245452 264264 18812
258240 264528 6288
258301 264957 6656
254991 265782 10791
248099 265815 17716
260096 266376 6280
260565 267201 6636
258838 269280 10442
260282 270732 10450
259922 270864 10942
266413 272778 6365
263409 273834 10425
268673 275319 6646
262392 277068 14676
265727 277365 11638
268888 279708 10820
266781 280335 13554
275765 282051 6286
277907 284559 6652
279145 285417 6272
272461 286440 13979
267684 287628 19944
270793 287793 17000
279458 289905 10447
267462 290499 23037
269483 290664 21181
280469 290928 10459
280609 291060 10451
282080 293469 11389
283036 294096 11060
288019 294294 6275
284510 297990 13480
291477 298122 6645
288274 300432 12158
292528 303435 10907
293614 304557 10943
290397 304854 14457
295018 305811 10793
299896 306174 6278
297725 308649 10924
291636 309144 17508
297060 309672 12612
304860 311157 6297
301089 312015 10926
298568 312246 13678
302204 316569 14365
304262 317229 12967
311637 317922 6285
305886 318351 12465
312983 319275 6292
304609 320463 15854
303015 321618 18603
310577 321651 11074
311429 322212 10783
302958 322509 19551
314650 323334 8684
311546 324852 13306
318550 325215 6665
314254 325314 11060
312363 325413 13050
315418 325611 10193
309962 328614 18652
322921 329571 6650
323783 330066 6283
327595 334257 6662
328338 335247 6909
317207 336501 19294
331300 337590 6290
324609 339207 14598
328096 341682 13586
331398 342309 10911
336661 344784 8123
328001 345081 17080
332961 346368 13407
335181 348843 13662
338740 349668 10928
339136 350328 11192
341432 352242 10810
346383 352671 6288
347052 353331 6279
345187 355641 10454
339720 356763 17043
339828 357555 17727
351786 359304 7518
337534 360030 22496
349817 360261 10444
346751 360822 14071
351451 362274 10823
343904 363330 19426
354181 363924 9743
358542 365178 6636
350002 366597 16595
362185 368478 6293
360414 369237 8823
354507 369831 15324
356363 370854 14491
365241 371514 6273
367150 373428 6278
367785 374055 6270
367960 374649 6689
369101 375738 6637
365239 376860 11621
370298 376959 6661
371000 377652 6652
372479 378774 6295
367318 379731 12413
373638 380292 6654
371831 382272 10441
376749 383031 6282
374156 385110 10954
376757 387189 10432
372499 390291 17792
383472 392568 9096
382638 393096 10458
385492 393096 7604
380363 395274 14911
388757 395406 6649
382587 396330 13743
381208 398607 17399
385521 399201 13680
389536 400356 10820
390981 401907 10926
396709 403359 6650
393530 404349 10819
395708 406857 11149
401242 407517 6275
390096 407781 17685
401581 408243 6662
390910 408276 17366
402441 408738 6297
397863 409794 11931
398320 410025 11705
395375 410817 15442
405086 411444 6358
394053 411840 17787
395325 413094 17769
408730 415008 6278
398458 415074 16616
404205 415140 10935
406456 415371 8915
398649 418836 20187
412769 419430 6661
402719 421740 19021
405414 422499 17085
406149 422598 16449
401736 422697 20961
406947 423753 16806
408704 423951 15247
407806 424017 16211
416236 425139 8903
415243 425601 10358
420253 426525 6272
414369 428901 14532
423943 430584 6641
424566 430848 6282
420264 431244 10980
425122 431772 6650
420191 433290 13099
421043 434379 13336
412845 434577 21732
429603 435897 6294
430298 436953 6655
431899 438537 6638
428163 438966 10803
431970 439164 7194
433907 440187 6280
430458 441375 10917
430548 441903 11355
435862 442134 6272
427045 443289 16244
437046 443685 6639
432973 446424 13451
439849 446490 6641
429738 446589 16851
426425 447183 20758
440892 447546 6654
433329 447744 14415
437304 448239 10935
441042 448569 7527
430407 449592 19185
431652 450615 18963
437560 451011 13451
443282 454080 10798
448678 454971 6293
434318 456357 22039
445323 456489 11166
444869 457380 12511
441484 458931 17447
452994 459756 6762
444825 460185 15360
443882 460383 16501
445013 461043 16030
455445 461736 6291
455274 462198 6924
448003 462462 14459
449461 467049 17588
450568 468402 17834
461110 469227 8117
450940 471669 20729
451108 472230 21122
452890 472461 19571
462796 473253 10457
455657 474210 18553
460557 474969 14412
456653 475464 18811
457122 475860 18738
456767 476025 19258
467795 477378 9583
456934 478071 21137
458113 478698 20585
472397 479061 6664
473742 480018 6276
457315 480249 22934
473276 480810 7534
477675 483945 6270
473908 485397 11489
471134 486090 14956
477929 488367 10438
481887 488664 6777
482780 489423 6643
485066 491700 6634
485599 491898 6299
484953 491964 7011
485086 492294 7208
488370 494670 6300
482553 495792 13239
481766 496221 14455
485488 497178 11690
485576 497772 12196
490851 497871 7020
492982 499257 6275
488255 499884 11629
493125 500808 7683
481425 500973 19548
496533 503184 6651
490316 504273 13957
498849 505131 6282
493262 506286 13024
492952 506913 13961
493123 507540 14417
498318 509190 10872
494712 510213 15501
503989 510279 6290
495294 510708 15414
499819 511269 11450
500326 511401 11075
497525 514074 16549
505000 514536 9536
494278 515856 21578
496656 516978 20322
500218 517605 17387
512093 518727 6634
506526 520740 14214
514768 521070 6302
510695 521631 10936
501479 522258 20779
509290 523149 13859
516320 525162 8842
506758 525789 19031
521694 527967 6273
513567 528033 14466
518130 528891 10761
523473 529749 6276
515791 530310 14519
525588 531861 6273
521559 531993 10434
525740 532389 6649
527253 533544 6291
521287 536547 15260
518015 536910 18895
524282 538758 14476
528016 539022 11006
522143 539286 17143
533131 539418 6287
528523 539451 10928
535136 541431 6295
532474 542916 10442
532681 543609 10928
533985 546183 12198
541595 548229 6634
542252 548526 6274
540807 551265 10458
545980 552255 6275
547104 553377 6273
543152 553641 10489
547846 554136 6290
546101 556908 10807
546784 557601 10817
551754 558030 6276
548354 559284 10930
553772 560406 6634
554363 560637 6274
551467 561561 10094
547624 562221 14597
547641 562551 14910
556592 564828 8236
555152 566973 11821
558350 568788 10438
553088 569943 16855
556920 570240 13320
563010 573804 10794
567758 574035 6277
568723 575025 6302
565081 575520 10439
565131 576015 10884
567755 576840 9085
571327 577665 6338
563244 581064 17820
568223 583440 15217
574673 585684 11011
580034 586674 6640
576690 587631 10941
576770 588819 12049
582523 588819 6296
577188 589413 12225
580853 589413 8560
575697 592086 16389
575552 593604 18052
583470 593604 10134
581362 594231 12869
577502 595221 17719
589068 595353 6285
573520 595749 22229
579778 596805 17027
583978 597531 13553
585476 598125 12649
587731 598554 10823
581359 599049 17690
582253 601359 19106
591098 601920 10822
593370 604296 10926
582312 604461 22149
599474 605748 6274
601385 607662 6277
601664 608322 6658
598851 609774 10923
598965 611226 12261
596116 611886 15770
606255 612546 6291
601850 614625 12775
601193 614955 13762
603351 615582 12231
607223 621522 14299
612070 622512 10442
612964 623898 10934
614238 625944 11706
621680 627957 6277
620774 628188 7414
613737 628782 15045
624306 630597 6291
619968 630894 10926
613615 631125 17510
625196 631488 6292
621593 632544 10951
621993 634029 12036
624599 635547 10948
618235 635811 17576
624631 636075 11444
619187 636834 17647
633403 640068 6665
631675 642213 10538
635594 642246 6652
637430 643731 6301
629901 644358 14457
633738 644688 10950
630127 645150 15023
630176 646899 16723
624390 648252 23862
630776 649671 18895
638182 650199 12017
644397 650694 6297
636751 650727 13976
636902 651453 14551
637807 654720 16913
650048 656403 6355
650858 657129 6271
646228 657162 10934
653246 659538 6292
654801 661089 6288
651741 662178 10437
654159 662442 8283
656968 664323 7355
660289 666567 6278
652963 667623 14660
657128 668052 10924
657822 668910 11088
661878 670098 8220
662985 670626 7641
661419 670692 9273
652978 670956 17978
658333 672804 14471
659837 673959 14122
661184 675147 13963
663263 677457 14194
661884 679008 17124
668623 682110 13487
676545 682836 6291
665087 682902 17815
668544 683001 14457
677444 685575 8131
667763 686070 18307
664949 686268 21319
680453 686730 6277
680166 689007 8841
682698 689634 6936
676259 689799 13540
684432 690723 6291
681059 692076 11017
684083 695178 11095
681328 695805 14477
689511 695805 6294
678280 696828 18548
678903 697026 18123
682788 698082 15294
691581 702009 10428
689011 702372 13361
696818 703791 6973
697878 704352 6474
690039 706893 16854
685972 707520 21548
700967 707619 6652
702210 709005 6795
702249 709005 6756
692847 710622 17775
700232 710688 10456
701020 712470 11450
703629 714450 10821
710549 716826 6277
700206 719631 19425
713624 720258 6634
703085 721149 18064
703630 721710 18080
715545 721842 6297
708140 722469 14329
713008 723459 10451
701235 723657 22422
718807 725703 6896
706726 726198 19472
711410 726693 15283
712892 727287 14395
716203 727419 11216
707742 729003 21261
718226 729036 10810
717237 729729 12492
717382 730290 12908
717463 730884 13421
724966 731247 6281
719252 731709 12457
715563 734514 18951
719320 735735 16415
727418 738474 11056
724367 739431 15064
735017 741312 6295
725910 742467 16557
732055 742500 10445
723322 743721 20399
735268 745206 9938
722111 745701 23590
736141 745767 9626
725510 746031 20521
725338 746295 20957
736811 746328 9517
733434 746460 13026
741036 748506 7470
732721 749628 16907
742302 751344 9042
731202 751641 20439
744007 751839 7832
737875 752730 14855
746474 753225 6751
737254 753489 16235
741524 755436 13912
748453 755568 7115
734741 756030 21289
745827 759264 13437
744993 760056 15063
739724 760221 20497
746656 760650 13994
752732 762531 9799
750052 762927 12875
756698 762993 6295
753334 763785 10451
748742 765468 16726
740404 766491 26087
742516 766524 24008
761071 767349 6278
745443 768438 22995
751603 768933 17330
757499 768999 11500
755422 769626 14204
763119 769758 6639
749164 770187 21023
763827 770550 6723
765049 771342 6293
764281 771507 7226
757926 772233 14307
759030 773322 14292
759758 774048 14290
760008 774807 14799
752574 775335 22761
757929 775929 18000
764601 775962 11361
763078 777249 14171
768452 777942 9490
771561 778536 6975
759631 778800 19169
758428 779064 20636
759331 779988 20657
773804 780087 6283
772388 783189 10801
768012 783750 15738
766380 784344 17964
772684 784740 12056
764767 784872 20105
766841 787578 20737
776780 787644 10864
783374 789657 6283
773518 790482 16964
769427 790680 21253
765972 790878 24906
765956 791043 25087
774626 791967 17341
784491 793584 9093
776743 793980 17237
777237 794310 17073
787778 794574 6796
780922 796257 15335
775223 797478 22255
794062 800712 6650
778440 801471 23031
772194 803319 31125
792930 804639 11709
784362 804705 20343
795623 806058 10435
800287 806586 6299
799312 807015 7703
797943 807774 9831
801555 808203 6648
801281 808335 7054
803143 809787 6644
803860 810513 6653
789184 811602 22418
800639 812031 11392
806955 813252 6297
808184 814836 6652
804727 815166 10439
810473 816750 6277
810856 817344 6488
810749 821205 10456
809708 822888 13180
812969 827442 14473
824072 830346 6274
818231 830478 12247
825407 831699 6292
813309 832161 18852
815411 832293 16882
820398 833778 13380
828577 835230 6653
822663 835329 12666
827859 837177 9318
826188 837738 11550
829992 837837 7845
824650 838695 14045
832786 839058 6272
828150 840147 11997
833591 840246 6655
824576 842622 18046
826716 843150 16434
826452 843183 16731
837184 846285 9101
835629 846549 10920
835959 846780 10821
835653 847176 11523
842629 849288 6659
835792 849519 13727
844106 850377 6271
847289 853941 6652
848458 855096 6638
843578 857208 13630
842847 858264 15417
834109 858363 24254
848060 858858 10798
853410 860046 6636
854030 860310 6280
847225 861663 14438
852251 862026 9775
851161 864336 13175
852360 865755 13395
848818 866085 17267
855078 867504 12426
857551 867504 9953
861573 868230 6657
850666 868857 18191
845834 869550 23716
853918 869715 15797
853757 869979 16222
856402 870111 13709
859098 871695 12597
854068 871794 17726
866437 873081 6644
854635 873873 19238
854126 876876 22750
857660 877074 19414
869228 879681 10453
867053 880011 12958
874742 881397 6655
866783 881859 15076
875527 882189 6662
871242 884664 13422
864964 884763 19799
879752 886413 6661
879829 886908 7079
879728 890670 10942
884473 890769 6296
877363 891825 14462
882134 893211 11077
887885 894168 6283
887965 894630 6665
881013 894993 13980
890430 897072 6642
879934 898161 18227
881003 898227 17224
893630 899910 6280
880503 901329 20826
889330 901923 12593
889834 903507 13673
891120 904266 13146
887693 905025 17332
895020 907434 12414
902396 908688 6292
891586 908919 17333
895128 909513 14385
893749 911724 17975
901320 912615 11295
907103 913374 6271
898839 915024 16185
891104 915354 24250
899152 915552 16400
909331 915981 6650
910562 917202 6640
911167 917466 6299
903419 918423 15004
908856 918687 9831
902354 920403 18049
913205 923571 10366
914427 924165 9738
914880 925056 10176
910773 925584 14811
918698 925617 6919
908228 927399 19171
921317 927597 6280
916157 927927 11770
914171 928884 14713
924464 930765 6301
919817 930996 11179
924488 931128 6640
921143 931590 10447
921535 931986 10451
920837 934329 13492
921060 934362 13302
927441 934857 7416
922495 935616 13121
924816 936738 11922
916941 937629 20688
926579 938784 12205
918956 939180 20224
924154 939774 15620
920556 940236 19680
924367 940335 15968
928544 941193 12649
932679 943107 10428
926224 943470 17246
934724 943965 9241
939848 946143 6295
926366 946770 20404
940458 946803 6345
942119 948420 6301
933463 948948 15485
938033 951687 13654
933399 953733 20334
943013 953964 10951
944882 955680 10798
945630 956076 10446
940771 958320 17549
946778 958947 12169
952751 959046 6295
948663 959178 10515
953042 960300 7258
954019 960300 6281
945588 961983 16395
946653 962148 15495
947404 963798 16394
953356 964161 10805
955944 964755 8811
959425 965712 6287
951383 965844 14461
956607 968121 11514
958083 968517 10434
955558 970629 15071
962146 970794 8648
962823 972015 9192
965377 972015 6638
965361 972444 7083
965362 972840 7478
960982 973665 12683
962183 974457 12274
963647 974589 10942
961319 976437 15118
961164 977130 15966
967246 978054 10808
970164 980298 10134
971481 981915 10434
968148 983169 15021
973128 983565 10437
974973 985941 10968
975217 987426 12209
978146 988944 10798
982573 989208 6635
974253 989967 15714
980264 991188 10924
988249 994521 6272
989585 995874 6289
981360 996897 15537
984157 1000164 16007
985384 1000197 14813
991530 1002342 10812
991417 1002903 11486
997019 1003299 6280
989950 1003365 13415
995397 1003464 8067
996981 1003926 6945
994273 1005213 10940
993344 1005642 12298
999407 1005708 6301
996412 1007061 10649
992096 1008711 16615
996145 1009503 13358
1006093 1012374 6281
995208 1012935 17727
1000641 1014915 14274
998123 1015014 16891
1005682 1016763 11081
1006856 1017951 11095
1013184 1019469 6285
999934 1019700 19766
1010798 1021614 10816
1009074 1022241 13167
1013003 1023957 10954
1015739 1024650 8911
1007765 1025343 17578
1019790 1026498 6708
1021578 1027851 6273
1022095 1028379 6284
1017218 1028478 11260
1022887 1029171 6284
1018864 1029798 10934
1014158 1030161 16003
1021013 1031481 10468
1025182 1031481 6299
1024983 1032273 7290
1028105 1034385 6280
1025511 1034451 8940
1029149 1035441 6292
1026951 1037751 10800
1025987 1038741 12754
1028771 1039566 10795
1033567 1039995 6428
1035872 1042536 6664
1037104 1043757 6653
1032890 1043922 11032
1038830 1045110 6280
1035165 1045605 10440
1031149 1046100 14951
1036197 1047156 10959
1035725 1049466 13741
1039342 1049796 10454
1038649 1050258 11609
1043287 1052601 9314
1046603 1053162 6559
1047672 1054317 6645
1047631 1054515 6884
1044110 1055043 10933
1041501 1056462 14961
1050180 1056825 6645
1047270 1059993 12723
1047745 1061181 13436
1045058 1061709 16651
1057690 1063986 6296
1058308 1064580 6272
1054091 1065042 10951
1049237 1068243 19006
1063590 1070223 6633
1061367 1072170 10803
1059857 1073490 13633
1055253 1074018 18765
1061532 1076031 14499
1070130 1076790 6660
1072024 1078671 6647
1071557 1079661 8104
1068802 1079727 10925
1064864 1081839 16975
1068935 1082466 13531
1071187 1083291 12104
1066798 1083324 16526
1078133 1084776 6643
1079022 1085667 6645
1080742 1087383 6641
1068887 1088736 19849
1081245 1091673 10428
1078633 1091805 13172
1075815 1092300 16485
1082544 1092729 10185
1082600 1093158 10558
1072998 1093851 20853
1081365 1094511 13146
1083727 1095138 11411
1084877 1095699 10822
1089749 1096029 6280
1077010 1096458 19448
1081926 1097085 15159
1083786 1097316 13530
1091459 1097745 6286
1092869 1099164 6295
1079574 1100979 21405
1089716 1101507 11791
1089768 1101507 11739
1076788 1104675 27887
1098037 1104675 6638
1087090 1105533 18443
1092503 1106160 13657
1091502 1106820 15318
1092265 1108503 16238
1103406 1110054 6648
1099900 1111671 11771
1101126 1112067 10941
1096460 1112991 16531
1103185 1114113 10928
1106044 1115136 9092
1104458 1119294 14836
1096974 1119393 22419
1113265 1119558 6293
1104803 1120251 15448
1113673 1120317 6644
1114202 1121043 6841
1110001 1121373 11372
1115108 1121769 6661
1108707 1123551 14844
1111736 1124145 12409
1114149 1125102 10953
1113038 1128006 14968
1113552 1128765 15213
1123128 1129788 6660
1118591 1130019 11428
1124686 1130976 6290
1120190 1131009 10819
1118339 1133121 14782
1123345 1134177 10832
1129441 1135728 6287
1120204 1137444 17240
1127601 1138038 10437
1129629 1140447 10818
1124663 1140678 16015
1123590 1142955 19365
1136980 1143615 6635
1134195 1144638 10443
1140473 1146816 6343
1131019 1148631 17612
1137435 1150413 12978
1144560 1150842 6282
1142424 1151700 9276
1145662 1152327 6665
1143261 1154208 10947
1147855 1154505 6650
1145574 1156518 10944
1146123 1156551 10428
1149855 1159290 9435
1147204 1161765 14561
1145266 1162524 17258
1150264 1163250 12986
1152523 1163778 11255
1154052 1164603 10551
1159371 1166022 6651
1153415 1167012 13597
1160977 1167276 6299
1147552 1167771 20219
1156488 1169091 12603
1162777 1169520 6743
1163846 1170246 6400
1158025 1170939 12914
1157008 1171467 14459
1159505 1172127 12622
1159093 1174239 15146
1168967 1175262 6295
1169346 1175625 6279
1163139 1175757 12618
1171538 1178562 7024
1169185 1178859 9674
1176126 1182423 6297
1176331 1183017 6686
1176513 1183149 6636
1178352 1184634 6282
1178712 1184997 6285
1179692 1185987 6295
1170236 1186416 16180
1168874 1186482 17608
1167217 1187406 20189
1173069 1190574 17505
1179664 1190607 10943
1183141 1194336 11195
1183400 1194336 10936
1180658 1194798 14140
1181162 1195458 14296
1189751 1196415 6664
1180942 1196547 15605
1185882 1196811 10929
1192014 1198659 6645
1188627 1199418 10791
1191957 1202751 10794
1196768 1205853 9085
1192028 1206084 14056
1191890 1207503 15613
1202611 1208889 6278
1195376 1209087 13711
1197988 1209120 11132
1203924 1211331 7407
1197618 1212090 14472
1201712 1213344 11632
1206546 1214202 7656
1203739 1214532 10793
1209080 1215423 6343
1211118 1217766 6648
1208169 1218987 10818
1206894 1220868 13974
1215697 1222353 6656
1211256 1224366 13110
1212516 1224861 12345
1213701 1225356 11655
1220290 1226940 6650
1218250 1227072 8822
1215443 1229448 14005
1215470 1229877 14407
1218368 1230570 12202
1224803 1231626 6823
1220961 1231890 10929
1217929 1233078 15149
1227185 1233903 6718
1222112 1236675 14563
1231763 1238061 6298
1232193 1238490 6297
1231531 1238688 7157
1231024 1243110 12086
1238526 1245189 6663
1231443 1245420 13977
1232817 1245816 12999
1232657 1247268 14611
1238577 1249512 10935
1231045 1250370 19325
1233827 1250469 16642
1234835 1250898 16063
1235917 1251261 15344
1244304 1252977 8673
1244791 1253439 8648
1241670 1255650 13980
1244102 1256145 12043
1246418 1257168 10750
1247593 1257861 10268
1244681 1259148 14467
1244435 1259346 14911
1255732 1262382 6650
1249367 1262679 13312
1244706 1262877 18171
1256366 1263108 6742
1257134 1264494 7360
1257973 1264626 6653
1256508 1265484 8976
1244995 1265979 20984
1257180 1266045 8865
1249647 1269279 19632
1251599 1269840 18241
1252866 1270401 17535
1258707 1270962 12255
1261635 1272084 10449
1249338 1272612 23274
1259378 1274163 14785
1258314 1275714 17400
1250285 1276143 25858
1261711 1277364 15653
1271199 1277496 6297
1266022 1277925 11903
1266267 1280433 14166
1257044 1280994 23950
1271895 1280994 9099
1273044 1284096 11052
1270360 1284822 14462
1273963 1286010 12047
1275039 1287660 12621
1282383 1288683 6300
1282359 1289013 6654
1283290 1289574 6284
1283794 1290168 6374
1285006 1291290 6284
1280511 1291323 10812
1286358 1292643 6285
1288142 1294425 6283
1279336 1294524 15188
1288380 1294656 6276
1285053 1297626 12573
1287498 1298187 10689
1285039 1300662 15623
1290678 1301619 10941
1293735 1303863 10128
1293160 1304094 10934
1298117 1304754 6637
1298563 1305216 6653
1296044 1308054 12010
1300657 1308648 7991
1302367 1309275 6908
1299040 1309473 10433
1301561 1309968 8407
1304183 1310826 6643
1293952 1312179 18227
1303239 1314126 10887
1307576 1314225 6649
1300475 1314951 14476
1294501 1314984 20483
1310572 1317228 6656
1309030 1317657 8627
1311465 1318185 6720
1312810 1319109 6299
1313934 1320231 6297
1310574 1321023 10449
1311631 1322442 10811
1315562 1323465 7903
1313077 1323894 10817
1318399 1324686 6287
1313847 1324884 11037
1313018 1325148 12130
1316114 1325511 9397
1313333 1325676 12343
1315664 1326600 10936
1317786 1326600 8814
1325621 1331913 6292
1325284 1331946 6662
1319373 1333992 14619
1315835 1335015 19180
1324784 1335576 10792
1329592 1337325 7733
1329452 1337589 8137
1329769 1337820 8051
1328211 1338645 10434
1333138 1339437 6299
1330113 1340559 10446
1326375 1340823 14448
1335622 1342275 6653
1331485 1342308 10823
1327841 1343727 15886
1333659 1344090 10431
1338562 1344849 6287
1335271 1345476 10205
1333794 1348809 15015
1334787 1348875 14088
1339642 1351185 11543
1341466 1352406 10940
1346431 1352703 6272
1338589 1354320 15731
1348370 1355013 6643
1343909 1355277 11368
1333143 1355739 22596
1347449 1355805 8356
1348975 1356333 7358
1343934 1356762 12828
1351800 1358445 6645
1342238 1359105 16867
1345930 1359864 13934
1342067 1360293 18226
1340611 1361151 20540
1341588 1361514 19926
1352636 1362240 9604
1348956 1362702 13746
1343830 1363131 19301
1356888 1363164 6276
1356063 1363593 7530
1360101 1366398 6297
1366319 1372965 6646
1362401 1375440 13039
1361566 1375704 14138
1365667 1376100 10433
1365177 1379532 14355
1373866 1380522 6656
1365493 1380621 15128
1375353 1382007 6654
1371983 1382436 10453
1368318 1382667 14349
1368803 1384746 15943
1371159 1387980 16821
1378383 1388508 10125
1371758 1388574 16816
1380135 1390719 10584
1376380 1391049 14669
1369400 1391247 21847
1378417 1391742 13325
1383111 1391940 8829
1381642 1392468 10826
1378479 1393392 14913
1387585 1393887 6302
1383679 1394250 10571
1382850 1394877 12027
1388135 1395966 7831
1389882 1396164 6282
1382482 1397484 15002
1377448 1399200 21752
1376976 1399530 22554
1380863 1399728 18865
1384899 1400256 15357
1384332 1400949 16617
1390292 1401279 10987
1385712 1401543 15831
1386171 1402632 16461
1390332 1404612 14280
1394042 1404645 10603
1393015 1405140 12125
1387324 1405371 18047
1391004 1405932 14928
1391501 1406526 15025
1399174 1407087 7913
1389172 1408968 19796
1402886 1409166 6280
1392874 1409496 16622
1399077 1410717 11640
1397026 1411377 14351
1400622 1411575 10953
1400848 1411641 10793
1390215 1412961 22746
1397419 1413687 16268
1398987 1413687 14700
1402924 1413720 10796
1409727 1415997 6270
1409873 1416162 6289
1406168 1417020 10852
1401909 1418043 16134
1411650 1418307 6657
1409864 1420320 10456
1416994 1423653 6659
1417593 1424247 6654
1414062 1424511 10449
1421463 1427745 6282
1421288 1428207 6919
1423307 1430055 6748
1420950 1431771 10821
1421519 1432332 10813
1419492 1433190 13698
1426151 1434147 7996
1427503 1434147 6644
1428797 1435071 6274
1427041 1435863 8822
1421469 1436919 15450
1423006 1436985 13979
1421806 1437447 15641
1422674 1437975 15301
1425699 1437975 12276
1423252 1438206 14954
1433765 1440054 6289
1428218 1440120 11902
1433995 1440648 6653
1427482 1442199 14717
1426282 1443453 17171
1433736 1444971 11235
1438841 1445367 6526
1440181 1446456 6275
1432906 1447347 14441
1438496 1448931 10435
1435764 1450053 14289
1432812 1450614 17802
1436759 1451076 14317
1448569 1455234 6665
1445620 1456059 10439
1450380 1457016 6636
1438193 1457445 19252
1443992 1457940 13948
1447680 1458831 11151
1453349 1459656 6307
1447792 1461933 14141
1456252 1462527 6275
1452596 1463418 10822
1446564 1465662 19098
1459845 1467609 7764
1459404 1468302 8898
1458151 1468764 10613
1450647 1468995 18348
1460134 1468995 8861
1448957 1471107 22150
1454132 1471272 17140
1466411 1472691 6280
1460512 1474572 14060
1458556 1475133 16577
1454083 1475166 21083
1469017 1475298 6281
1462175 1475628 13453
1464808 1476222 11414
1467085 1477905 10820
1468367 1477905 9538
1472256 1478895 6639
1465705 1480182 14477
1461538 1482030 20492
1471594 1482492 10898
1470049 1482624 12575
1462950 1482921 19971
1470278 1484208 13930
1473595 1484472 10877
1474392 1485924 11532
1481344 1487640 6296
1477733 1487772 10039
1478534 1488333 9799
1478583 1490148 11565
1480738 1491171 10433
1476110 1491369 15259
1475428 1492293 16865
1482299 1493118 10819
1476372 1494372 18000
1483737 1494669 10932
1489196 1495494 6298
1490553 1496847 6294
1488107 1497771 9664
1489529 1498464 8935
1473911 1501665 27754
1487342 1501731 14389
1491941 1501995 10054
1477490 1502193 24703
1494524 1503183 8659
1485972 1503315 17343
1494591 1503711 9120
1489530 1504437 14907
1489629 1504470 14841
1492123 1505163 13040
1500265 1506549 6284
1489505 1507308 17803
1501039 1507407 6368
1488527 1508331 19804
1494728 1508661 13933
1502335 1508991 6656
1498629 1511499 12870
1497425 1511895 14470
1493435 1514865 21430
1499867 1515129 15262
1492713 1515393 22680
1505511 1515459 9948
1501124 1515591 14467
1503801 1516218 12417
1501659 1518165 16506
1500007 1518693 18686
1512756 1519419 6663
1514117 1520409 6292
1506327 1521267 14940
1500134 1521696 21562
1501116 1522422 21306
1513251 1523214 9963
1515597 1523313 7716
1507108 1525722 18614
1504779 1526382 21603
1509841 1527174 17333
1514290 1528659 14369
1522525 1528824 6299
1516923 1529121 12198
1518621 1529649 11028
1518666 1530540 11874
1524654 1531002 6348
1523339 1532619 9280
1520667 1534236 13569
1519739 1535688 15949
1530649 1536942 6293
1527540 1537041 9501
1528408 1537569 9161
1522839 1537932 15093
1531304 1537965 6661
1531745 1538394 6649
1533629 1539912 6283
1518047 1540605 22558
1514659 1541991 27332
1523753 1542189 18436
1532214 1542651 10437
1527638 1545093 17455
1535184 1545621 10437
1528626 1545654 17028
1529667 1546050 16383
1535914 1546479 10565
1537690 1548756 11066
1537380 1549185 11805
1542257 1549812 7555
1542629 1550406 7777
1544459 1551297 6838
1545048 1551957 6909
1539799 1552782 12983
1547241 1553541 6300
1547410 1554069 6659
1527931 1554696 26765
1534335 1555059 20724
1538542 1556049 17507
1549544 1556181 6637
1548257 1559052 10795
1553246 1559613 6367
1544884 1559844 14960
1550881 1561329 10448
1542800 1561890 19090
1546168 1562517 16349
1552462 1562913 10451
1542897 1563111 20214
1556699 1564332 7633
1554116 1565058 10942
1560255 1566543 6288
1552785 1572153 19368
1558664 1572549 13885
1562524 1573506 10982
1563660 1574463 10803
1561351 1574793 13442
1567135 1574892 7757
1564517 1575420 10903
1560836 1575453 14617
1568229 1575717 7488
1564243 1577895 13652
1569750 1579083 9333
1573234 1584033 10799
1571642 1584792 13150
1575920 1585320 9400
1564945 1585782 20837
1577828 1585848 8020
1575451 1586376 10925
1580230 1586508 6278
1581248 1587894 6646
1572048 1589742 17694
1577589 1591557 13968
1586232 1592877 6645
1586948 1594791 7843
1584875 1595682 10807
1585644 1596078 10434
1591164 1597563 6399
1582165 1597695 15530
1593164 1599807 6643
1590515 1601325 10810
1592612 1603404 10792
1600010 1606671 6661
1602118 1608420 6302
1599141 1609575 10434
1603501 1609773 6272
1597159 1611126 13967
1602119 1612941 10822
1608721 1615020 6299
1607565 1615284 7719
1605891 1616340 10449
1610800 1617462 6662
1610953 1618716 7763
1617833 1624491 6658
1617941 1624590 6649
1611823 1626768 14945
1621566 1628583 7017
1615818 1630035 14217
1621099 1631751 10652
1626027 1632312 6285
1627555 1633830 6275
1623214 1634853 11639
1632433 1639077 6644
1629263 1640067 10804
1634854 1641552 6698
1636204 1642476 6272
1633332 1644291 10959
1639798 1646073 6275
1636009 1646469 10460
1633878 1648581 14703
1640667 1648845 8178
1639761 1650198 10437
1639558 1650594 11036
1642337 1652772 10435
1646319 1652970 6651
1639327 1653828 14501
1645271 1655709 10438
1650141 1656435 6294
1652621 1659273 6652
1645370 1660329 14959
1651433 1662111 10678
1653085 1663530 10445
1652822 1663662 10840
1650768 1665543 14775
1645510 1666170 20660
1661503 1667853 6350
1653509 1668282 14773
1656013 1669998 13985
1655195 1671483 16288
1665725 1672011 6286
1654733 1672506 17773
1662552 1673001 10449
1663157 1673529 10372
1667672 1673958 6286
1666649 1675740 9091
1650323 1675839 25516
1669685 1676301 6616
1670782 1677390 6608
1667063 1678941 11878
1663723 1679436 15713
1667977 1679535 11558
1670557 1679832 9275
1655981 1680393 24412
1665940 1680525 14585
1662921 1681119 18198
1664142 1681680 17538
1661369 1682670 21301
1671013 1683561 12548
1670125 1683594 13469
1677350 1683726 6376
1664862 1684914 20052
1662316 1685574 23258
1668763 1685937 17174
1674294 1687554 13260
1672663 1687719 15056
1678418 1688874 10456
1676020 1689600 13580
1678493 1689666 11173
1672524 1690986 18462
1673333 1692735 19402
1676117 1692834 16717
1677763 1696530 18767
1683672 1696926 13254
1688361 1699170 10809
1683529 1700325 16796
1694511 1700787 6276
1689576 1701414 11838
1687311 1703559 16248
1686166 1703790 17624
1691214 1703823 12609
1687639 1704549 16910
1694625 1705077 10452
1691122 1705407 14285
1701076 1707717 6641
1702903 1709202 6299
1696253 1710687 14434
1700360 1711281 10921
1697094 1711578 14484
1699172 1714581 15409
1708076 1714713 6637
1708967 1715241 6274
1709649 1716330 6681
1705191 1717122 11931
1694789 1718112 23323
1705851 1718607 12756
1702222 1718838 16616
1704042 1719333 15291
1704114 1719861 15747
1707807 1720224 12417
1713795 1720785 6990
1696416 1721247 24831
1707840 1722930 15090
1708087 1723161 15074
1718337 1724976 6639
1716059 1726494 10435
1720192 1726494 6302
1708544 1727121 18577
1715922 1727154 11232
1721610 1732038 10428
1718556 1733028 14472
1721409 1735272 13863
1726372 1737516 11144
1725038 1739496 14458
1733692 1739991 6299
1734333 1740717 6384
1729542 1743918 14376
1730988 1745469 14481
1735228 1746030 10802
1735872 1750386 14514
1744457 1750749 6292
1737563 1751244 13681
1743820 1753092 9272
1739655 1754544 14889
1740860 1754610 13750
1745865 1756293 10428
1749722 1756722 7000
1751969 1758603 6634
1750315 1760748 10433
1744776 1760880 16104
1755445 1761738 6293
1755700 1762365 6665
1751833 1763058 11225
1744602 1764312 19710
1754727 1766985 12258
1756962 1767447 10485
1758485 1769295 10810
1755975 1770285 14310
1760037 1770879 10842
1760557 1771506 10949
1752918 1772496 19578
1758528 1773090 14562
1763218 1773651 10433
1755749 1774740 18991
1767441 1776324 8883
1760642 1777875 17233
1772212 1778502 6290
1764106 1778634 14528
1773545 1780185 6640
1769805 1780251 10446
1771063 1783056 11993
1768616 1783452 14836
1771752 1784475 12723
1774786 1786224 11438
1780014 1786290 6276
1767551 1786521 18970
1776835 1787577 10742
1770245 1788666 18421
1770934 1789425 18491
1778946 1790481 11535
1779792 1790745 10953
1784862 1791141 6279
1781530 1792527 10997
1782491 1792659 10168
1782756 1793220 10464
1782984 1793847 10863
1787860 1794771 6911
1788346 1795002 6656
1774205 1795794 21589
1784247 1796322 12075
1775830 1797213 21383
1783540 1797774 14234
1778919 1798269 19350
1775248 1798797 23549
1786705 1799622 12917
1793418 1799688 6270
1782269 1801008 18739
1784652 1801371 16719
1785795 1802394 16599
1793686 1802889 9203
1782704 1804110 21406
1787640 1804671 17031
1794670 1805166 10496
1794311 1805529 11218
1794784 1805892 11108
1795670 1806486 10816
1791926 1807608 15682
1798620 1807905 9285
1801657 1808697 7040
1790991 1809588 18597
1798606 1810116 11510
1794630 1810446 15816
1804251 1810545 6294
1792510 1810974 18464
1801519 1812459 10940
1791318 1813680 22362
1798120 1814208 16088
1796550 1814241 17691
1795702 1814604 18902
1806702 1817442 10740
1808798 1819752 10954
1813623 1819917 6294
1808245 1820016 11771
1810373 1820808 10435
1807873 1821006 13133
1810502 1821435 10933
1808125 1821765 13640
1814211 1823910 9699
1805628 1824108 18480
1818992 1825626 6634
1811929 1825890 13961
1820598 1827243 6645
1812086 1828893 16807
1813349 1828926 15577
1813074 1829124 16050
1813900 1829454 15554
1818705 1829454 10749
1815810 1830015 14205
1824771 1831104 6333
1818104 1832292 14188
1826176 1832820 6644
1822689 1834305 11616
1822828 1836945 14117
1818757 1837143 18386
1822784 1837242 14458
1831451 1838100 6649
1832172 1838463 6291
1828257 1839189 10932
1820519 1839948 19429
1834106 1840740 6634
1829307 1843644 14337
1827158 1845096 17938
1839380 1847439 8059
1838136 1849188 11052
1842755 1849419 6664
1833604 1850838 17234
1840151 1851102 10951
1845095 1851366 6271
1837250 1851729 14479
1846057 1852455 6398
1835820 1853247 17427
1842767 1853709 10942
1840981 1855590 14609
1843820 1856943 13123
1835615 1858329 22714
1839414 1858791 19377
1852034 1858791 6757
1848624 1859055 10431
1840677 1860540 19863
1854484 1860771 6287
1836296 1862091 25795
1854307 1864269 9962
1856961 1864764 7803
1854431 1864863 10432
1849906 1866414 16508
1845524 1866810 21286
1856143 1867041 10898
1860866 1867140 6274
1851394 1867437 16043
1859820 1869549 9729
1855052 1869912 14860
1853931 1870473 16542
1856788 1874334 17546
1861917 1876644 14727
1864809 1877172 12363
1860394 1877832 17438
1863643 1880505 16862
1862959 1880703 17744
1863326 1881033 17707
1867430 1881099 13669
1864696 1881264 16568
1870659 1881726 11067
1875849 1882485 6636
1870760 1884201 13441
1870780 1887501 16721
1870749 1887666 16917
1875667 1888128 12461
1873731 1888194 14463
1878537 1888689 10152
1876512 1890867 14355
1877862 1891494 13632
1878472 1892022 13550
1886816 1893111 6295
1868639 1893276 24637
1884947 1893375 8428
1886242 1893903 7661
1884362 1894794 10432
1884338 1896279 11941
1891569 1897863 6294
1892193 1898589 6396
1892295 1898622 6327
1890939 1898721 7782
1892600 1899348 6748
1894245 1900536 6291
1894456 1900734 6278
1891365 1901823 10458
1891998 1901856 9858
1895016 1902384 7368
1895396 1902945 7549
1887715 1904661 16946
1889329 1906278 16949
1890355 1906344 15989
1900183 1906476 6293
1891490 1907466 15976
1901785 1908060 6275
1901446 1908093 6647
1903665 1909941 6276
1903731 1910007 6276
1898367 1911426 13059
1905469 1911756 6287
1894478 1911822 17344
1891538 1911987 20449
1903061 1912581 9520
1907088 1913571 6483
1894406 1914924 20518
1896703 1915617 18914
1898573 1915716 17143
1905351 1916409 11058
1911025 1917300 6275
1910515 1917333 6818
1898852 1919676 20824
1906064 1919709 13645
1898464 1920171 21707
1905294 1920732 15438
1916157 1922448 6291
1914573 1922712 8139
1904053 1923834 19781
1909872 1925979 16107
1916493 1926639 10146
1913987 1929312 15325
1912178 1929774 17596
1918658 1931061 12403
1920297 1931094 10797
1925116 1931391 6275
1921679 1932513 10834
1926416 1932711 6295
1919645 1932843 13198
1919787 1933404 13617
1921869 1934526 12657
1926895 1935186 8291
1916420 1935912 19492
1932014 1938288 6274
1920554 1938453 17899
1926152 1939113 12961
1927701 1939212 11511
1932767 1939410 6643
1930466 1942116 11650
1936015 1942380 6365
1927656 1943172 15516
1929672 1944954 15282
1924911 1945383 20472
1935146 1946142 10996
1939912 1946571 6659
1933076 1947132 14056
1940914 1947198 6284
1937536 1947990 10454
1933015 1949838 16823
1945396 1952049 6653
1943386 1952643 9257
1942424 1953402 10978
1948662 1955316 6654
1944614 1958979 14365
1949124 1960134 11010
1950571 1961091 10520
1950125 1961223 11098
1955225 1961784 6559
1949046 1963500 14454
1959460 1966107 6647
1951905 1966470 14565
1953146 1966800 13654
1955819 1968417 12598
1957714 1968516 10802
1957736 1972839 15103
1967294 1973928 6634
1967819 1974093 6274
1963172 1978251 15079
1967823 1978614 10791
1961741 1979043 17302
1968985 1979934 10949
1965653 1980396 14743
1962958 1981089 18131
1976784 1983432 6648
1969754 1983498 13744
1967371 1985478 18107
1979343 1989801 10458
1966373 1989867 23494
1979430 1990230 10800
1976895 1990395 13500
1980710 1991154 10444
1983763 1993002 9239
1986576 1993695 7119
1984845 1995774 10929
1983359 1996797 13438
1990731 1997490 6759
1984565 1997655 13090
1986679 1997919 11240
1995743 2002044 6301
1991547 2002176 10629
1989210 2003859 14649
1994044 2004981 10937
1992085 2006466 14381
2002183 2008479 6296
1999301 2010294 10993
2003799 2014254 10455
1998655 2015475 16820
2009013 2015673 6660
2010145 2016432 6287
2002142 2016729 14587
2006596 2017521 10925
2004755 2017653 12898
2003833 2017851 14018
2008607 2018643 10036
2013913 2020194 6281
2003574 2020920 17346
2012532 2021052 8520
2013276 2021613 8337
2015632 2021910 6278
2012090 2024418 12328
2003145 2024451 21306
2014053 2024847 10794
2015039 2026002 10963
2014842 2026266 11424
2010495 2028114 17619
2011497 2028378 16881
2023699 2030556 6857
2024081 2030721 6640
2021198 2032470 11272
2027534 2033823 6289
2016677 2033922 17245
2023538 2034681 11143
2023094 2038047 14953
2032131 2038410 6279
2032837 2040192 7355
2029774 2040588 10814
2029376 2040951 11575
2032054 2043393 11339
2033888 2044812 10924
2039444 2046099 6655
2029922 2047485 17563
2041008 2047650 6642
2031938 2049234 17296
2043147 2049432 6285
2045178 2051841 6663
2037658 2052237 14579
2043614 2054052 10438
2050584 2056857 6273
2048189 2056890 8701
2048770 2057451 8681
2051386 2057715 6329
2049828 2059629 9801
2056033 2062335 6302
2053334 2063787 10453
2049743 2063952 14209
2057578 2064216 6638
2049341 2064381 15040
2052625 2067153 14528
2055907 2067681 11774
2053810 2068275 14465
2056448 2070816 14368
2058158 2070882 12724
2056792 2071278 14486
2061787 2072994 11207
2056002 2073621 17619
2064572 2073654 9082
2068573 2075865 7292
2061710 2076195 14485
2071092 2077746 6654
2068128 2078604 10476
2067317 2079396 12079
2074644 2080914 6270
2068545 2082597 14052
2066818 2083851 17033
2071482 2084544 13062
2069615 2085567 15952
2073745 2086095 12350
2076527 2087349 10822
2071717 2087712 15995
2081877 2088174 6297
2079054 2090748 11694
2083976 2091111 7135
2084461 2091738 7277
2086062 2092332 6270
2085669 2092431 6762
2079263 2094213 14950
2078767 2097348 18581
2083766 2097876 14110
2090412 2098635 8223
2088274 2099229 10955
2085201 2101308 16107
2095256 2101902 6646
2093519 2102496 8977
2095970 2103684 7714
2093296 2104245 10949
2087560 2104575 17015
2092587 2106489 13902
2096545 2106621 10076
2088379 2107710 19331
2100452 2108238 7786
2099123 2109558 10435
2089005 2109921 20916
2104274 2110548 6274
2094580 2111175 16595
2105118 2111769 6651
2105544 2111835 6291
2106031 2112429 6398
2099814 2116851 17037
2110764 2117412 6648
2100577 2118072 17495
2112073 2120778 8705
2110334 2121141 10807
2109921 2122164 12243
2115617 2122263 6646
2119203 2125497 6294
2108584 2125761 17177
2112899 2126058 13159
2120016 2126289 6273
2117091 2128038 10947
2122317 2128599 6282
2107345 2128764 21419
2119367 2129226 9859
2112357 2129259 16902
2114165 2129622 15457
2120145 2129820 9675
2124524 2132493 7969
2122580 2134572 11992
2131213 2137509 6296
2127271 2138169 10898
2127800 2138598 10798
2133587 2139885 6298
2124251 2141799 17548
2121906 2141865 19959
2123160 2141964 18804
2142144 2148432 6288
2130436 2149125 18689
2137413 2149455 12042
2138025 2150115 12090
2140307 2152227 11920
2146272 2152557 6285
2135642 2152623 16981
2136644 2153382 16738
2139230 2155461 16231
2142995 2156088 13093
2149546 2156187 6641
2143178 2156649 13471
2150076 2156715 6639
2150135 2156847 6712
2137610 2159619 22009
2141576 2159619 18043
2144000 2159982 15982
2150631 2161698 11067
2144765 2162886 18121
2143024 2164206 21182
2148205 2167011 18806
2160633 2167275 6642
2144574 2167671 23097
2160689 2167869 7180
2154308 2169684 15376
2157205 2170542 13337
2152501 2170641 18140
2159896 2170839 10943
2148126 2171499 23373
2166274 2172555 6281
2170097 2176449 6352
2157365 2178429 21064
2172902 2179188 6286
2164102 2183313 19211
2173354 2184171 10817
2174684 2185491 10807
2175836 2186778 10942
2176538 2186976 10438
2170530 2187504 16974
2163100 2190210 27110
2184301 2190936 6635
2181658 2192091 10433
2178761 2193378 14617
2180214 2193378 13164
2183218 2194500 11282
2185198 2196645 11447
2178991 2198493 19502
2192049 2198691 6642
2186053 2201496 15443
2196033 2202519 6486
2195149 2204499 9350
2193610 2205060 11450
2190786 2206611 15825
2182858 2206809 23951
2193703 2207700 13997
2194783 2207799 13016
2195487 2208954 13467
2196710 2209449 12739
2191417 2210109 18692
2198746 2210109 11363
2202132 2210274 8142
2202381 2211825 9444
2204123 2212353 8230
2202281 2213211 10930
2194776 2213277 18501
2197319 2215026 17707
2204086 2216379 12293
2201962 2216478 14516
2205724 2216940 11216
2213197 2219481 6284
2201152 2220801 19649
2207600 2221659 14059
2208925 2221857 12932
2204122 2224233 20111
2206608 2225157 18549
2211006 2225487 14481
2220838 2227203 6365
2212721 2227500 14779
2215238 2227995 12757
2220162 2230602 10440
2222654 2230800 8146
2216574 2231658 15084
2220673 2232219 11546
2227482 2234133 6651
2229072 2235420 6348
2221654 2236212 14558
2223515 2237334 13819
2226210 2237862 11652
2221040 2238687 17647
2228600 2239017 10417
2226426 2239149 12723
2225815 2239545 13730
2226932 2240964 14032
2229771 2240997 11226
2233587 2242515 8928
2237911 2244198 6287
2238112 2244396 6284
2238925 2245584 6659
2238974 2245617 6643
2230026 2247465 17439
2236298 2247927 11629
2229068 2248323 19255
2239332 2248620 9288
2233901 2249214 15313
2240229 2249214 8985
2237412 2249346 11934
2241271 2250666 9395
2242099 2250732 8633
2241109 2251128 10019
2245129 2251425 6296
2243305 2252382 9077
2244064 2252976 8912
2232166 2253240 21074
2243358 2255847 12489
2249542 2256078 6536
2240689 2256375 15686
2245627 2256540 10913
2251044 2257695 6651
2251857 2258157 6300
2248389 2259378 10989
2245234 2263371 18137
2245529 2263833 18304
2244490 2264361 19871
2249287 2264889 15602
2259683 2266341 6658
2245946 2267067 21121
2249600 2267595 17995
2251407 2267661 16254
2253041 2269608 16567
2243760 2270136 26376
2249517 2270796 21279
2254380 2271357 16977
2264371 2272413 8042
2251899 2272941 21042
2256463 2275647 19184
2254100 2275746 21646
2266496 2277660 11164
2257894 2278980 21086
2268649 2279079 10430
2273371 2279673 6302
2274665 2281323 6658
2276529 2282808 6279
2262989 2283039 20050
2268241 2283798 15557
2278535 2285184 6649
2276496 2286933 10437
2271926 2289375 17449
2276692 2289936 13244
2273811 2290035 16224
2280181 2290629 10448
2286381 2292675 6294
2279939 2293170 13231
2280591 2294424 13833
2281797 2295117 13320
2281202 2298483 17281
2284808 2298780 13972
2281127 2299704 18577
2293679 2301783 8104
2296920 2303202 6282
2297053 2303697 6644
2289330 2303796 14466
2297931 2304225 6294
2292047 2305380 13333
2294250 2306832 12582
2290935 2307393 16458
2283527 2307459 23932
2303121 2309406 6285
2302842 2309505 6663
2296308 2310429 14121
2298806 2311056 12250
2297714 2311683 13969
2298423 2312640 14217
2306603 2312904 6301
2304317 2314224 9907
2308239 2314884 6645
2307952 2316006 8054
2309551 2316204 6653
2310968 2317260 6292
2313519 2320164 6645
2307910 2320494 12584
2314482 2321121 6639
2307490 2321154 13664
2311023 2323596 12573
2305377 2324124 18747
2315190 2326137 10947
2310867 2327193 16326
2311749 2328150 16401
2311667 2328480 16813
2318229 2328678 10449
2312277 2328711 16434
2315886 2329173 13287
2324033 2330328 6295
2320340 2331813 11473
2309899 2335443 25544
2321588 2335872 14284
2322778 2336367 13589
2323463 2336598 13135
2316207 2338677 22470
2318582 2339733 21151
2325183 2340855 15672
2330977 2341416 10439
2330786 2341581 10795
2322876 2343033 20157
2329036 2343099 14063
2330692 2344023 13331
2329018 2344221 15203
2339879 2346168 6289
2340017 2346300 6283
2335813 2346762 10949
2328462 2347389 18927
2331114 2348049 16935
2334742 2348511 13769
2340712 2349138 8426
2342922 2349204 6282
2336199 2349534 13335
2333871 2349897 16026
2340501 2350854 10353
2334721 2350920 16199
2337095 2352933 15838
2343539 2356035 12496
2352263 2358543 6280
2345430 2360226 14796
2354826 2361480 6654
2351631 2362437 10806
2354738 2362866 8128
2355221 2363064 7843
2351068 2366364 15296
2353879 2367651 13772
2355016 2369004 13988
2350584 2369169 18585
2352572 2369928 17356
2356457 2371743 15286
2360992 2372337 11345
2364859 2372865 8006
2358669 2376825 18156
2370355 2376990 6635
2363869 2377122 13253
2366104 2379993 13889
2371126 2380224 9098
2371507 2380752 9245
2372364 2382765 10401
2370379 2383953 13574
2377771 2384052 6281
2377998 2384646 6648
2378025 2384646 6621
2378805 2385306 6501
2375100 2385900 10800
2378908 2389398 10490
2380817 2391246 10429
2380667 2391510 10843
2386239 2393028 6789
2379515 2393490 13975
2382959 2393886 10927
2380563 2394513 13950
2385134 2395932 10798
2377203 2398242 21039
2385518 2398803 13285
2382300 2399265 16965
2392627 2399265 6638
2390763 2401212 10449
2392337 2401971 9634
2385610 2402004 16394
2388507 2402070 13563
2394489 2402334 7845
2385178 2403951 18773
2378595 2404380 25785
2390209 2405172 14963
2388686 2407416 18730
2394867 2407911 13044
2397170 2408274 11104
2400566 2408406 7840
2397223 2408868 11645
2401045 2409396 8351
2393472 2410716 17244
2396960 2411244 14284
2388865 2411805 22940
2391532 2412630 21098
2404199 2413191 8992
2397450 2413521 16071
2407307 2413587 6280
2391920 2413983 22063
2405647 2414841 9194
2402535 2415336 12801
2408495 2415435 6940
2402762 2416491 13729
2395913 2416689 20776
2403104 2416689 13585
2410927 2419626 8699
2402750 2420682 17932
2410834 2423751 12917
2413352 2424279 10927
2410665 2425995 15330
2412434 2428008 15574
2417103 2430252 13149
2420946 2431737 10791
2415898 2432727 16829
2426549 2433189 6640
2422636 2433453 10817
2419072 2435829 16757
2430004 2436291 6287
2422817 2437281 14464
2419251 2438898 19647
2423666 2439129 15463
2415154 2439657 24503
2429749 2441043 11294
2431292 2442231 10939
2426422 2443254 16832
2433004 2443320 10316
2429588 2446191 16603
2439944 2446587 6643
2427104 2447313 20209
2427926 2447511 19585
2432352 2447511 15159
2438789 2448930 10141
2442438 2449095 6657
2438563 2449722 11159
2439910 2450679 10769
2441766 2451240 9474
2442204 2451735 9531
2445744 2452032 6288
2435892 2453715 17823
2447751 2454045 6294
2440667 2454705 14038
2444185 2456553 12368
2441394 2458797 17403
2444730 2459655 14925
2453966 2460249 6283
2450325 2461899 11574
2451546 2463450 11904
2453662 2466420 12758
2451332 2466684 15352
2454601 2467080 12479
2453532 2468730 15198
2464870 2471535 6665
2454961 2473515 18554
2462648 2474076 11428
2459621 2474472 14851
2469791 2476485 6694
2470374 2477013 6639
2456916 2477343 20427
2471404 2479158 7754
2452955 2480049 27094
2469268 2480214 10946
2470838 2480445 9607
2461990 2480643 18653
2473073 2480973 7900
2476113 2482392 6279
2474030 2483316 9286
2473184 2483844 10660
2474489 2483844 9355
2474542 2484867 10325
2477424 2484966 7542
2475582 2485461 9879
2471091 2487111 16020
2469221 2488233 19012
2483643 2490279 6636
2483758 2490873 7115
2473937 2490972 17035
2479128 2491599 12471
2474707 2491698 16991
2482383 2492820 10437
2487585 2494239 6654
2474249 2494899 20650
2485370 2496318 10948
2482835 2497506 14671
2486437 2499453 13016
2489349 2499783 10434
2493893 2500179 6286
2490315 2500674 10359
2486891 2505591 18700
2495346 2506284 10938
2500345 2508495 8150
2497984 2508792 10808
2499049 2509848 10799
2491157 2510772 19615
2498949 2512653 13704
2498147 2513115 14968
2500674 2513577 12903
2502773 2513676 10903
2503454 2513907 10453
2500090 2514138 14048
2503985 2514633 10648
2505230 2517405 12175
2512703 2519352 6649
2503754 2519814 16060
2495584 2520573 24989
2503950 2521431 17481
2510901 2521827 10926
2504818 2524566 19748
2506290 2524665 18375
2509464 2525127 15663
2511005 2525688 14683
2519661 2525952 6291
2507625 2526777 19152
2504593 2527899 23306
2508406 2529153 20747
2511077 2529483 18406
2519348 2530143 10795
2512095 2530572 18477
2524946 2531232 6286
2514485 2531727 17242
2522705 2533641 10936
2523974 2534433 10459
2525091 2534895 9804
2530229 2536875 6646
2530265 2536908 6643
2528261 2538789 10528
2527505 2538954 11449
2532675 2539317 6642
2518910 2539680 20770
2533317 2539680 6363
2534095 2541033 6938
2529329 2541264 11935
2529752 2541825 12073
2535494 2541891 6397
2531602 2543310 11708
2523688 2545158 21470
2524025 2545158 21133
2532646 2545191 12545
2540145 2546907 6762
2532693 2547468 14775
2541337 2547633 6296
2538238 2548326 10088
2533988 2548458 14470
2543019 2549316 6297
2535052 2550009 14957
2542637 2550207 7570
2544936 2551263 6327
2536162 2552418 16256
2542619 2553474 10855
2536627 2553771 17144
2545060 2555520 10460
2549504 2556147 6643
2552163 2558853 6690
2554791 2561064 6273
2550432 2561361 10929
2551228 2562153 10925
2559943 2566245 6302
2552140 2566509 14369
2553069 2570601 17532
2564005 2570667 6662
2555694 2572581 16887
2557135 2573142 16007
2568529 2575188 6659
2562614 2576310 13696
2566039 2576970 10931
2571735 2578026 6291
2570935 2580039 9104
2567199 2580567 13368
2574737 2581029 6292
2565043 2584164 19121
2574308 2585253 10945
2576171 2587728 11557
2578280 2587992 9712
2582604 2589246 6642
2578632 2589444 10812
2580893 2591622 10729
2582437 2593371 10934
2582625 2593668 11043
2577667 2594955 17288
2589914 2596209 6295
2590809 2597463 6654
2592989 2599641 6652
2583402 2600664 17262
2588633 2601225 12592
2587539 2602017 14478
2590852 2602182 11330
2597379 2604030 6651
2593688 2604690 11002
2600179 2606835 6656
2601433 2607726 6293
2594566 2608551 13985
2603890 2610597 6707
2601071 2611521 10450
2599514 2611752 12238
2598317 2612874 14557
2606726 2613534 6808
2601652 2615811 14159
2606967 2617428 10461
2602792 2617824 15032
2607619 2618022 10403
2601349 2619177 17828
2613066 2619705 6639
2605636 2620926 15290
2606791 2621091 14300
2614947 2621223 6276
2614267 2621388 7121
2611789 2623401 11612
2618740 2625018 6278
2616422 2628120 11698
2614645 2628813 14168
2614774 2628978 14204
2615384 2629374 13990
2615934 2630133 14199
2623581 2632245 8664
2614950 2633400 18450
2624425 2635116 10691
2624593 2635710 11117
2623513 2636403 12890
2611618 2636634 25016
2627741 2636898 9157
2626333 2636964 10631
2627666 2637492 9826
2629377 2638086 8709
2630716 2638779 8063
2632344 2638977 6633
2631841 2640033 8192
2621818 2640132 18314
2626415 2640165 13750
2618323 2641188 22865
2622571 2642013 19442
2627472 2643960 16488
2631675 2644488 12813
2635310 2645049 9739
2632699 2645577 12878
2639818 2646105 6287
2625372 2646633 21261
2634465 2646666 12201
2639732 2647194 7462
2633026 2648679 15653
2630095 2649108 19013
2632956 2650956 18000
2641301 2652474 11173
2644433 2654883 10450
2641171 2655345 14174
2648658 2655378 6720
2650469 2658678 8209
2645276 2659173 13897
2652680 2659338 6658
2646753 2661120 14367
2650417 2661450 11033
2653523 2663991 10468
2647418 2664156 16738
2655835 2664321 8486
2657575 2668017 10442
2657002 2669007 12005
2657674 2670525 12851
2662717 2670690 7973
2653786 2671053 17267
2655483 2671614 16131
2666855 2673132 6277
2667918 2674188 6270
2664159 2675178 11019
2658464 2677620 19156
2672099 2678907 6808
2667994 2678940 10946
2669245 2680194 10949
2670847 2681646 10799
2668926 2681877 12951
2670799 2681943 11144
2674389 2682240 7851
2668962 2682735 13773
2676572 2683395 6823
2671318 2684880 13562
2681287 2687949 6662
2675400 2689236 13836
2676974 2689533 12559
2677041 2690127 13086
2684188 2690490 6302
2672014 2691249 19235
2684647 2691282 6635
2678700 2691678 12978
2681175 2692437 11262
2678159 2694384 16225
2673174 2694549 21375
2680480 2695473 14993
2688161 2697057 8896
2683598 2697222 13624
2686598 2697420 10822
2686037 2700258 14221
2687085 2700324 13239
2689105 2700885 11780
2690462 2701281 10819
2689711 2701413 11702
2696006 2702304 6298
2696917 2703195 6278
2699076 2705736 6660
2691167 2706231 15064
2691963 2709399 17436
2703768 2711907 8139
2699634 2713656 14022
2708347 2715009 6662
2710246 2716890 6644
2710701 2716989 6288
2712716 2719002 6286
2705445 2719926 14481
2709885 2720685 10800
2715841 2722137 6296
2713892 2723787 9895
2714065 2724513 10448
2718462 2724744 6282
2711506 2724876 13370
2718215 2724876 6661
2719898 2726196 6298
2718144 2727648 9504
2717642 2728572 10930
2714948 2729298 14350
2723320 2729595 6275
2724298 2730585 6287
2717203 2730750 13547
2725646 2732301 6655
2725989 2732631 6642
2715615 2733885 18270
2719797 2734512 14715
2722691 2735601 12910
2723581 2736129 12548
2728386 2739165 10779
2724397 2739660 15263
2729512 2739693 10181
2730734 2739858 9124
2731757 2740452 8695
2728581 2742465 13884
2725326 2743851 18525
2733403 2743851 10448
2732035 2746293 14258
2728874 2746986 18112
2738936 2749032 10096
2729794 2749296 19502
2743657 2749956 6299
2739393 2750187 10794
2736606 2750319 13713
2739748 2750880 11132
2741198 2752563 11365
2735753 2752596 16843
2743802 2752629 8827
2743148 2754015 10867
2736151 2755764 19613
2741874 2756754 14880
2743728 2757315 13587
2739991 2758866 18875
2739558 2760219 20661
2752719 2763651 10932
2744664 2763684 19020
2747041 2764344 17303
2758278 2764575 6297
2748471 2764641 16170
2750800 2764872 14072
2745581 2765466 19885
2751728 2766324 14596
2752863 2766357 13494
2752090 2767809 15719
2758596 2769525 10929
2764010 2771604 7594
2764104 2772132 8028
2751902 2772759 20857
2769078 2775366 6288
2756468 2775531 19063
2753152 2775630 22478
2761705 2775894 14189
2762662 2776158 13496
2770578 2777214 6636
2766376 2778732 12356
2771080 2779260 8180
2762160 2779293 17133
2763358 2779821 16463
2765360 2779854 14494
2773846 2780118 6272
2773488 2784210 10722
2778161 2784540 6379
2764014 2784573 20559
2777546 2784903 7357
2771512 2787246 15734
2773695 2788005 14310
2773436 2788599 15163
2767961 2788731 20770
2783766 2790414 6648
2776063 2790777 14714
2778327 2791437 13110
2780259 2792889 12630
2781952 2793450 11498
2783151 2793879 10728
2788067 2794704 6637
2781764 2795298 13534
2781826 2796156 14330
2776397 2796618 20221
2777274 2797113 19839
2791595 2797872 6277
2792714 2798994 6280
2792834 2799126 6292
2794299 2800941 6642
2789175 2801073 11898
2795785 2802426 6641
2797229 2803515 6286
2799264 2805924 6660
2799814 2806089 6275
2795994 2806122 10128
2797256 2806452 9196
2795672 2807046 11374
2796216 2809125 12909
2799720 2810676 10956
2800898 2811897 10999
2801253 2812194 10941
2806206 2812491 6285
2802077 2812887 10810
2803154 2813613 10459
2801296 2816154 14858
2801952 2816319 14367
2812350 2818629 6279
2802674 2819256 16582
2805615 2819586 13971
2804182 2820642 16460
2801891 2820774 18883
2810626 2821566 10940
2816707 2822985 6278
2809225 2823711 14486
2818354 2824635 6281
2807724 2824668 16944
2815337 2826153 10816
2820194 2826846 6652
2820104 2827605 7501
2822346 2828991 6645
2824389 2830674 6285
2821181 2831994 10813
2827053 2833710 6657
2829063 2835360 6297
2824213 2836383 12170
2819268 2837736 18468
2823576 2838033 14457
2826972 2839056 12084
2832658 2839914 7256
2829796 2840244 10448
2823262 2840442 17180
2834910 2841564 6654
2828087 2843412 15325
2827720 2844831 17111
2832883 2847240 14357
2827745 2848065 20320
2838843 2851629 12786
2847081 2853378 6297
2842598 2853543 10945
2847365 2853642 6277
2847217 2853873 6656
2837254 2854896 17642
2841393 2857635 16242
2846961 2857767 10806
2852838 2859120 6282
2851862 2862816 10954
2843210 2863443 20233
2848764 2864037 15273
2858202 2864862 6660
2851887 2865027 13140
2848237 2866677 18440
2843467 2867139 23672
2854279 2867370 13091
2856870 2869416 12546
2850197 2870373 20176
2850877 2870439 19562
2848776 2870736 21960
2859274 2870934 11660
2853321 2871594 18273
2852069 2871627 19558
2860991 2872188 11197
2854535 2874399 19864
2848604 2874597 25993
2855841 2874762 18921
2869100 2875455 6355
2868242 2877864 9622
2865339 2878590 13251
2867675 2879151 11476
2852133 2879580 27447
2872789 2880273 7484
2868142 2881956 13814
2876674 2883309 6635
2867952 2884398 16446
2857358 2885223 27865
2870545 2886114 15569
2867877 2886180 18303
2872678 2889117 16439
2876419 2889249 12830
2874580 2889744 15164
2869979 2891889 21910
2885503 2891922 6419
2879182 2892846 13664
2873903 2892912 19009
2883052 2894034 10982
2887899 2894892 6993
2881549 2896014 14465
2888636 2896113 7477
2885039 2899314 14275
2888759 2900799 12040
2888893 2903868 14975
2897337 2904000 6663
2883448 2906409 22961
2891974 2906937 14963
2892409 2907036 14627
2888910 2907234 18324
2894346 2907795 13449
2893219 2910435 17216
2893224 2910633 17409
2897050 2911623 14573
2898288 2913933 15645
2894225 2914890 20665
2905153 2915946 10793
2903456 2916144 12688
2906563 2917530 10967
2909231 2917563 8332
2908822 2919048 10226
2906090 2919114 13024
2906047 2920434 14387
2903845 2921358 17513
2915111 2921391 6280
2904681 2923206 18525
2910989 2925549 14560
2911847 2929278 17431
2915250 2929410 14160
2923255 2929905 6650
2915644 2933172 17528
2919654 2936142 16488
2922826 2936241 13415
2918635 2936670 18035
2921859 2937561 15702
2930880 2938452 7572
2933521 2940168 6647
2929816 2940366 10550
2922065 2942841 20776
2923709 2943534 19825
2928961 2943930 14969
2928085 2946801 18716
2928927 2947164 18237
2930072 2947758 17686
2937588 2949573 11985
2943193 2949837 6644
2939581 2950167 10586
2935005 2950299 15294
2943951 2950596 6645
2941049 2951520 10471
2944810 2951520 6710
2946262 2952543 6281
2946690 2953599 6909
2947280 2953599 6319
2934833 2954061 19228
2935916 2954622 18706
2945468 2954820 9352
2949086 2955843 6757
2945219 2956899 11680
2948145 2957757 9612
2947202 2958252 11050
2952191 2958483 6292
2945157 2958780 13623
2945703 2960925 15222
2944513 2961585 17072
2951800 2962311 10511
2957963 2964621 6658
2943558 2965611 22053
2954390 2967393 13003
2961549 2967822 6273
2957053 2968713 11660
2964582 2970858 6276
2960071 2971056 10985
2965842 2972475 6633
2966665 2973300 6635
2959140 2973597 14457
2968138 2974785 6647
2960889 2974917 14028
2963362 2975181 11819
2968214 2975676 7462
2970444 2976732 6288
2970130 2976930 6800
2962825 2977722 14897
2963770 2978382 14612
2968541 2979042 10501
2969237 2979900 10663
2973416 2980494 7078
2967702 2982177 14475
2967723 2982210 14487
2971052 2983728 12676
2977854 2984124 6270
2978917 2985576 6659
2977662 2986599 8937
2980363 2986665 6302
2980064 2986698 6634
2978847 2987160 8313
2976411 2987226 10815
2980986 2990262 9276
2970845 2990427 19582
2985168 2991450 6282
2974457 2992011 17554
2972696 2992935 20239
2987320 2993661 6341
2976136 2993958 17822
2975725 2994354 18629
2970771 2994552 23781
2980916 2994882 13966
2987063 2997357 10294
2983459 2997621 14162
2991559 2997852 6293
2992005 2998644 6639
2987969 2999898 11929
2990636 3000426 9790
2994597 3000888 6291
2996462 3002736 6274
2992447 3003033 10586
2997663 3004320 6657
2998683 3004980 6297
2987209 3005079 17870
2989640 3005607 15967
2994367 3005607 11240
2999070 3005706 6636
2992126 3005970 13844
2999626 3006960 7334
2995282 3008742 13460
2996968 3009996 13028
2997727 3012537 14810
2999498 3013626 14128
3003165 3015804 12639
3003029 3017388 14359
3011108 3017388 6280
3010605 3018081 7476
3008572 3019566 10994
3011274 3020589 9315
3005028 3020985 15957
3014738 3021018 6280
3014822 3021480 6658
3013452 3023955 10503
3007526 3024549 17023
3015280 3025869 10589
3014739 3025935 11196
3009919 3029103 19184
3008959 3029136 20177
3018186 3029169 10983
3025290 3031578 6288
3022990 3031809 8819
3026373 3032667 6294
3017461 3033492 16031
3021039 3033954 12915
3024215 3035472 11257
3029183 3035472 6289
3030266 3036924 6658
3023956 3037056 13100
3015493 3037683 22190
3031147 3037881 6734
3028574 3039366 10792
3027937 3039597 11660
3028996 3042369 13373
3024366 3042765 18399
3029911 3043359 13448
3030803 3044778 13975
3028212 3046593 18381
3028787 3047121 18334
3040776 3047418 6642
3036157 3050322 14165
3029378 3050487 21109
3035431 3050751 15320
3046058 3052698 6640
3040153 3053127 12974
3030445 3053589 23144
3046713 3053655 6942
3049820 3056460 6640
3046455 3057384 10929
3047468 3058440 10972
3041641 3058473 16832
3047812 3058869 11057
3054104 3060387 6283
3048313 3061641 13328
3049048 3062400 13352
3057682 3064116 6434
3054044 3064842 10798
3059183 3065469 6286
3060414 3067053 6639
3055161 3069132 13971
3063130 3069792 6662
3065839 3072498 6659
3062630 3075369 12739
3064871 3075369 10498
3064369 3076425 12056
3074915 3081276 6361
3067622 3082101 14479
3068985 3082200 13215
3070887 3083223 12336
3077281 3084180 6899
3072688 3085962 13274
3080211 3086490 6279
3074031 3087447 13416
3079465 3088305 8840
3077388 3088503 11115
3072783 3090549 17766
3087601 3094245 6644
3082394 3095103 12709
3077804 3095334 17530
3079930 3096060 16130
3085994 3096423 10429
3078614 3096522 17908
3081979 3097380 15401
3085184 3099624 14440
3093435 3100086 6651
3094452 3101142 6690
3087089 3101571 14482
3096609 3103254 6645
3093221 3104145 10924
3089044 3105729 16685
3100561 3107214 6653
3099851 3108666 8815
3095219 3109689 14470
3104052 3110712 6660
3089913 3114243 24330
3105100 3116025 10925
3105579 3116520 10941
3095292 3116685 21393
3103984 3117741 13757
3105401 3120876 15475
3111453 3121470 10017
3103297 3123219 19922
3105607 3123978 18371
3114251 3124143 9892
3107044 3124638 17594
3111560 3126453 14893
3113380 3127839 14459
3112176 3127872 15696
3117697 3128961 11264
3114593 3129588 14995
3126110 3132756 6646
3126204 3133416 7212
3128824 3135132 6308
3123601 3135462 11861
3122638 3137970 15332
3132176 3138465 6289
3133277 3139917 6640
3129833 3140643 10810
3128285 3142821 14536
3136682 3143316 6634
3136359 3145626 9267
3133589 3146022 12433
3140510 3146781 6271
3138033 3148464 10431
3142855 3149157 6302
3140990 3151929 10939
3141960 3152754 10794
3141926 3152853 10927
3147353 3153645 6292
3146709 3154107 7398
3143281 3154206 10925
3148482 3155130 6648
3146384 3155922 9538
3149251 3156318 7067
3150733 3157473 6740
3153361 3160674 7313
3153125 3163941 10816
3150148 3164766 14618
3147896 3167175 19279
3161130 3167406 6276
3158268 3167934 9666
3164403 3170673 6270
3163761 3172026 8265
3165759 3172059 6300
3165707 3172587 6880
3160078 3172719 12641
3167310 3173610 6300
3162756 3173709 10953
3167980 3174369 6389
3167424 3174765 7341
3167834 3175062 7228
3165927 3176811 10884
3166264 3177075 10811
3166630 3178494 11864
3168087 3179022 10935
3172702 3179352 6650
3174079 3180738 6659
3175418 3181695 6277
3176557 3182850 6293
3161272 3184236 22964
3170668 3184368 13700
3174154 3184599 10445
3180334 3186612 6278
3181954 3188592 6638
3182025 3188658 6633
3178851 3190737 11886
3178573 3191364 12791
3185195 3191496 6301
3185808 3192090 6282
3186370 3192651 6281
3186776 3193410 6634
3176505 3193509 17004
3187385 3194037 6652
3175311 3196083 20772
3178982 3196611 17629
3186054 3197007 10953
3187498 3200010 12512
3189524 3200472 10948
3188978 3200505 11527
3191168 3206247 15079
3196090 3206907 10817
3196644 3207138 10494
3202133 3208788 6655
3197684 3208986 11302
3202323 3209382 7059
3203324 3209613 6289
3200123 3210570 10447
3200501 3210669 10168
3200504 3211560 11056
3203548 3211725 8177
3192840 3212088 19248
3204613 3212682 8069
3200145 3214365 14220
3208316 3214596 6280
3201297 3215223 13926
3200242 3216906 16664
3211210 3217500 6290
3203252 3218490 15238
3212877 3219150 6273
3201883 3221427 19544
3210911 3221724 10813
3204549 3222582 18033
3216471 3222747 6276
3216273 3222912 6639
3216858 3223506 6648
3217657 3223935 6278
3219462 3225750 6288
3216470 3227268 10798
3222232 3228885 6653
3222233 3229479 7246
3224803 3231096 6293
3217765 3231756 13991
3219906 3231954 12048
3226433 3232713 6280
3230932 3237234 6302
3230768 3237432 6664
3224177 3238653 14476
3232384 3241755 9371
3228747 3243207 14460
3229110 3244758 15648
3234062 3248355 14293
3238118 3250665 12547
3238111 3250863 12752
3239551 3251391 11840
3241226 3251655 10429
3239881 3252249 12368
3246510 3252810 6300
3246924 3253206 6282
3248216 3254493 6277
3250470 3256770 6300
3233710 3257595 23885
3245198 3258156 12958
3242258 3259146 16888
3242043 3259311 17268
3238843 3261258 22415
3251032 3261489 10457
3253502 3261819 8317
3258165 3264459 6294
3258988 3267627 8639
3261456 3268089 6633
3252639 3268485 15846
3255311 3269277 13966
3263673 3269970 6297
3258229 3271686 13457
3261232 3272181 10949
3265942 3272214 6272
3264738 3275184 10446
3259542 3275976 16434
3270884 3277527 6643
3269148 3280134 10986
3268428 3282411 13983
3275385 3285843 10458
3276088 3286899 10811
3281617 3287889 6272
3282095 3288747 6652
3280705 3289803 9098
3281330 3292278 10948
3279364 3293037 13673
3273490 3295281 21791
3285844 3295842 9998
3279858 3295941 16083
3279376 3296337 16961
3279975 3296601 16626
3280182 3297327 17145
3286789 3297723 10934
3285323 3297756 12433
3294345 3300627 6282
3287419 3301056 13637
3284993 3302772 17779
3288313 3302805 14492
3290419 3303168 12749
3291141 3303828 12687
3298655 3305313 6658
3290962 3306237 15275
3298441 3307062 8621
3301669 3307953 6284
3294691 3308382 13691
3301999 3308646 6647
3300667 3308745 8078
3302397 3309306 6909
3291024 3311847 20823
3305440 3314982 9542
3308907 3316038 7131
3310315 3316962 6647
3303527 3319305 15778
3313039 3319338 6299
3315946 3322242 6296
3309848 3322836 12988
3307162 3325542 18380
3319606 3325905 6299
3306851 3326070 19219
3309022 3326466 17444
3312036 3326928 14892
3314023 3326994 12971
3311999 3330162 18163
3316502 3331284 14782
3320945 3336366 15421
3330686 3336960 6274
3317728 3338313 20585
3325546 3338577 13031
3326538 3339006 12468
3318649 3339171 20522
3323421 3339600 16179
3329151 3339600 10449
3335227 3341514 6287
3321453 3342834 21381
3326902 3342900 15998
3328910 3342900 13990
3333461 3344385 10924
3326823 3346167 19344
3341413 3348081 6668
3337884 3348312 10428
3341202 3348543 7341
3335713 3350358 14645
3335757 3351282 15525
3341188 3351645 10457
3340750 3352668 11918
3333868 3353361 19493
3343164 3353658 10494
3339812 3353790 13978
3347955 3355374 7419
3349339 3355638 6299
3340535 3355968 15433
3343915 3358410 14495
3343952 3359235 15283
3342256 3359268 17012
3342962 3359499 16537
3339629 3361149 21520
3349430 3361479 12049
3357768 3364053 6285
3350559 3364449 13890
3351799 3366330 14531
3349765 3367254 17489
3356782 3368310 11528
3356406 3368376 11970
3353021 3368409 15388
3361035 3369861 8826
3355449 3370818 15369
3359671 3370851 11180
3366095 3372369 6274
3352262 3372402 20140
3352444 3373161 20717
3366939 3373623 6684
3359400 3373986 14586
3356052 3374646 18594
3360649 3375306 14657
3353149 3376230 23081
3370909 3377550 6641
3369229 3380025 10796
3371121 3382401 11280
3371991 3382929 10938
3370186 3383556 13370
3374749 3385206 10457
3376931 3385437 8506
3376719 3387648 10929
3378015 3388968 10953
3377471 3393093 15622
3378836 3393555 14719
3388749 3395403 6654
3385336 3395766 10430
3377072 3396624 19552
3386356 3397284 10928
3378549 3398340 19791
3378584 3398868 20284
3387867 3399297 11430
3387375 3399726 12351
3389256 3400452 11196
3395562 3402201 6639
3396254 3402894 6640
3396979 3403257 6278
3398087 3404379 6292
3389417 3404544 15127
3394467 3405072 10605
3391383 3406359 14976
3399531 3406623 7092
3393918 3407052 13134
3400434 3407316 6882
3392923 3408339 15416
3402373 3408702 6329
3397506 3410055 12549
3400083 3410880 10797
3404618 3410913 6295
3398741 3411441 12700
3405705 3412002 6297
3400114 3412035 11921
3406951 3413223 6272
3404120 3416457 12337
3403514 3417018 13504
3407715 3417084 9369
3402930 3417414 14484
3412319 3419064 6745
3408648 3419097 10449
3412751 3419592 6841
3412054 3420615 8561
3415463 3421737 6274
3409409 3424080 14671
3410737 3424707 13970
3417845 3427677 9832
3411447 3428073 16626
3414363 3428898 14535
3414307 3429756 15449
3424129 3430779 6650
3424451 3431109 6658
3416873 3431340 14467
3416699 3432924 16225
3429392 3435663 6271
3426478 3437412 10934
3426509 3437445 10936
3426949 3437808 10859
3418852 3438039 19187
3426426 3438303 11877
3427458 3443220 15762
3433868 3444804 10936
3434834 3445761 10927
3432506 3448467 15961
3438956 3449886 10930
3439445 3450348 10903
3441525 3451998 10473
3446893 3453186 6293
3444745 3453978 9233
3443865 3454803 10938
3445797 3456750 10953
3450044 3456783 6739
3450128 3456783 6655
3452160 3458466 6306
3449187 3459984 10797
3454378 3461040 6662
3454919 3461205 6286
3444233 3461634 17401
3447200 3463251 16051
3456794 3463449 6655
3453134 3464274 11140
3455934 3466386 10452
3461589 3467871 6282
3458257 3469191 10934
3455810 3471105 15295
3461419 3472359 10940
3460987 3474306 13319
3458729 3475098 16369
3466166 3477111 10945
3466407 3477210 10803
3468730 3480279 11549
3470768 3480345 9577
3465184 3480708 15524
3470776 3481302 10526
3471237 3481665 10428
3471423 3482391 10968
3468652 3483612 14960
3475662 3485196 9534
3482742 3489090 6348
3475250 3489288 14038
3477649 3489288 11639
3484137 3490410 6273
3479696 3490641 10945
3478611 3491730 13119
3474350 3492522 18172
3481947 3492753 10806
3479876 3493116 13240
3487751 3494040 6289
3475196 3494535 19339
3479031 3495459 16428
3484821 3495789 10968
3487011 3496185 9174
3475825 3497307 21482
3487845 3497340 9495
3489164 3497901 8737
3486354 3498231 11877
3491976 3498627 6651
3485501 3500475 14974
3491285 3501135 9850
3485192 3501465 16273
3491947 3502389 10442
3498435 3504732 6297
3490336 3505095 14759
3495751 3506217 10466
3502240 3508527 6287
3498949 3509451 10502
3495041 3509649 14608
3498005 3511827 13822
3505299 3511959 6660
3505743 3512388 6645
3503302 3514566 11264
3499427 3515424 15997
3501193 3515655 14462
3500949 3516315 15366
3513472 3520110 6638
3514966 3521694 6728
3512132 3522948 10816
3513519 3524499 10980
3511840 3524895 13055
3518821 3525093 6272
3514058 3525192 11134
3514092 3525291 11199
3513727 3527568 13841
3518825 3527667 8842
3523142 3529779 6637
3512213 3529944 17731
3516343 3532683 16340
3520408 3533970 13562
3527988 3534267 6279
3524518 3534960 10442
3528924 3535257 6333
3526024 3535455 9431
3519681 3538194 18513
3532057 3538359 6302
3520803 3538557 17754
3529165 3541362 12197
3535478 3542121 6643
3529622 3543309 13687
3533385 3544299 10914
3538539 3545190 6651
3539749 3546411 6662
3519811 3547071 27260
3529260 3547632 18372
3534879 3548160 13281
3531751 3548424 16673
3537129 3548919 11790
3543086 3549381 6295
3542959 3550041 7082
3540615 3551922 11307
3544505 3552153 7648
3546706 3552978 6272
3543638 3554133 10495
3544031 3554232 10201
3543642 3554826 11184
3549047 3555321 6274
3541131 3555354 14223
3549011 3556047 7036
3550523 3558225 7702
3539940 3558786 18846
3547755 3559050 11295
3544582 3559677 15095
3546049 3560172 14123
3551237 3562185 10948
3551490 3562317 10827
3549196 3563010 13814
3540392 3563307 22915
3546973 3563802 16829
3543741 3563868 20127
3548258 3564363 16105
3545312 3564396 19084
3556227 3566112 9885
3560802 3567465 6663
3559267 3567828 8561
3549455 3568224 18769
3554886 3568554 13668
3554686 3568785 14099
3554363 3569610 15247
3554206 3570732 16526
3552784 3571227 18443
3553429 3572844 19415
3548169 3572877 24708
3562820 3573735 10915
3567216 3573867 6651
3547706 3575814 28108
3562882 3576903 14021
3565969 3576903 10934
3567481 3576969 9488
3566582 3578619 12037
3571666 3579081 7415
3566779 3579741 12962
3566874 3580566 13692
3574829 3581490 6661
3574218 3582282 8064
3565336 3582381 17045
3576314 3582975 6661
3577348 3583635 6287
3566219 3585582 19363
3570680 3585747 15067
3566915 3586836 19921
3572332 3587892 15560
3556220 3588882 32662
3573344 3590136 16792
3580506 3591324 10818
3587036 3593337 6301
3574493 3593370 18877
3587118 3593931 6813
3581895 3594360 12465
3582781 3595053 12272
3589935 3596208 6273
3590273 3596571 6298
3580959 3598056 17097
3581339 3598353 17014
3593540 3600201 6661
3594110 3600861 6751
3594448 3601092 6644
3588927 3601455 12528
3596507 3602808 6301
3598171 3604458 6287
3598794 3605085 6291
3599376 3605646 6270
3597732 3608550 10818
3599473 3610035 10562
3597932 3611916 13984
