266 6567 6301
8742 19668 10926
18743 25377 6634
33974 40623 6649
35106 45540 10434
39887 50820 10933
45844 59829 13985
55055 61875 6820
59009 65307 6298
59895 70686 10791
68177 74811 6634
72970 79266 6296
72217 82665 10448
70128 84117 13989
79929 86592 6663
81789 88077 6288
82163 88803 6640
87101 93753 6652
93197 99495 6298
96336 102993 6657
107560 118008 10448
109130 119559 10429
126541 132825 6284
126909 137709 10800
132017 140481 8464
139968 146256 6288
136411 148896 12485
136882 149490 12608
135061 150051 14990
138108 152262 14154
148062 158994 10932
157694 164439 6745
156912 167343 10431
169800 176451 6651
170097 177045 6948
178412 188859 10447
182652 193083 10431
188013 198957 10944
195295 201597 6302
196683 207141 10458
195009 209616 14607
206499 217305 10806
221102 227766 6664
227511 238326 10815
237003 243276 6273
235719 246510 10791
251241 257895 6654
259438 272118 12680
262824 273636 10812
262543 277002 14459
273518 280170 6652
269759 280566 10807
281654 288288 6634
281162 291621 10459
287613 294261 6648
291740 298023 6283
290677 302181 11504
293137 303930 10793
298905 309837 10932
302449 312906 10457
314319 324753 10434
321306 327591 6285
313758 327723 13965
316925 327723 10798
324549 330825 6276
332416 338712 6296
332879 339306 6427
332277 342705 10428
331957 342771 10814
333211 346170 12959
340873 347523 6650
355517 365970 10453
362306 368940 6634
367227 381711 14484
392387 403194 10807
397350 403623 6273
404710 410982 6272
408080 418902 10822
420717 426987 6270
423718 434148 10430
421140 436425 15285
434681 441342 6661
437258 443553 6295
436990 443652 6662
456650 463287 6637
457435 463716 6281
449898 464871 14973
463987 470283 6296
467424 478368 10944
479456 485727 6271
500293 506946 6653
499992 510939 10947
502818 517275 14457
510109 519849 9740
509942 520377 10435
515510 521796 6286
515757 522390 6633
516121 522423 6302
525581 536019 10438
531260 542058 10798
540731 547371 6640
538965 549417 10452
549310 555588 6278
551725 557997 6272
548098 562584 14486
556694 567501 10807
553360 567831 14471
563575 578820 15245
566374 580833 14459
582495 592944 10449
582914 593736 10822
583796 594759 10963
596661 610632 13971
611831 618486 6655
605528 620499 14971
611847 622644 10797
630550 636834 6284
626566 641025 14459
641950 656436 14486
652509 663432 10923
652821 663630 10809
661255 667557 6302
657595 670428 12833
676408 682704 6296
681759 688050 6291
688540 694815 6275
691327 701778 10451
695527 704418 8891
693175 707157 13982
701770 708048 6278
702096 713031 10935
721306 731742 10436
733587 744381 10794
744450 754908 10458
755389 765831 10442
768610 774906 6296
764413 775236 10823
777374 787809 10435
783510 790152 6642
786362 793023 6661
790771 801570 10799
794955 803418 8463
795541 804639 9098
793323 807312 13989
794296 807312 13016
791586 808368 16782
802663 808962 6299
798419 811569 13150
799091 813549 14458
824943 840015 15072
831007 841830 10823
843742 850014 6272
858691 865326 6635
859679 866316 6637
870358 881166 10808
875173 884268 9095
874392 884829 10437
883432 890472 7040
883226 893673 10447
888596 895257 6661
895358 901659 6301
895550 906345 10795
896416 907368 10952
894076 909084 15008
902179 913110 10931
906284 917103 10819
913535 919809 6274
920206 926871 6665
937160 948090 10930
940223 951027 10804
948666 954954 6288
954730 961026 6296
950046 964524 14478
956397 970860 14463
965686 976140 10454
980171 986832 6661
989879 996171 6292
986956 1001418 14462
998065 1004718 6653
1001672 1007952 6280
998192 1008645 10453
1009684 1015971 6287
1016677 1023330 6653
1017771 1024419 6648
1015455 1025904 10449
1021612 1028247 6635
1027965 1038774 10809
1024891 1039500 14609
1051327 1057980 6653
1048534 1059465 10931
1050616 1064943 14327
1084041 1098999 14958
1081433 1100715 19282
1089439 1101639 12200
1107418 1113717 6299
1114546 1120845 6299
1106528 1121010 14482
1108246 1122858 14612
1121679 1132131 10452
1127285 1133583 6298
1127358 1134111 6753
1134933 1145859 10926
1145749 1156683 10934
1150753 1159587 8834
1150929 1163910 12981
1158517 1166286 7769
1160984 1167639 6655
1163250 1177209 13959
1165948 1180410 14462
1171022 1182324 11302
1182429 1189089 6660
1178530 1192917 14387
1186454 1196910 10456
1191475 1197768 6293
1190623 1205226 14603
1201759 1208394 6635
1202219 1208988 6769
1215499 1226445 10946
1225167 1231461 6294
1233374 1247334 13960
1265829 1272117 6288
1261881 1275846 13965
1271826 1286175 14349
1279276 1294227 14951
1295219 1301520 6301
1295760 1302048 6288
1293635 1304094 10459
1295680 1310298 14618
1304370 1311024 6654
1299465 1313928 14463
1319653 1334124 14471
1327800 1336962 9162
1328479 1337490 9011
1339598 1346235 6637
1337601 1348413 10812
1340923 1353000 12077
1343381 1353825 10444
1340864 1355244 14380
1344211 1358577 14366
1364487 1375440 10953
1361417 1375902 14485
1370376 1377024 6648
1373086 1384020 10934
1378702 1385340 6638
1375784 1387419 11635
1381389 1392204 10815
1388159 1394811 6652
1385564 1399134 13570
1396229 1402863 6634
1393671 1408638 14967
1402891 1409166 6275
1415889 1426821 10932
1422167 1432992 10825
1422504 1436985 14481
1444234 1450515 6281
1443510 1453947 10437
1444809 1456158 11349
1457533 1467972 10439
1466395 1477212 10817
1482137 1488432 6295
1481837 1488498 6661
1480391 1490841 10450
1486528 1493184 6656
1485833 1496286 10453
1491863 1498662 6799
1494407 1505361 10954
1490936 1506384 15448
1496457 1507506 11049
1519868 1526151 6283
1515815 1526250 10435
1520955 1531893 10938
1534082 1545027 10945
1542671 1548954 6283
1547705 1554366 6661
1550061 1556709 6648
1547996 1559217 11221
1552973 1563771 10798
1582668 1597002 14334
1591897 1602711 10814
1593879 1604328 10449
1597972 1607364 9392
1608773 1615053 6280
1607585 1618023 10438
1624534 1638912 14378
1638616 1645281 6665
1636870 1647327 10457
1646625 1652904 6279
1654020 1660659 6639
1654054 1660692 6638
1650665 1661121 10456
1663083 1669734 6651
1655601 1672869 17268
1660439 1673133 12694
1659414 1673892 14478
1667017 1675839 8822
1668837 1680492 11655
1672526 1683330 10804
1695666 1701942 6276
1704514 1715439 10925
1706639 1721610 14971
1720297 1726593 6296
1721400 1728045 6645
1720972 1731906 10934
1726083 1737021 10938
1732633 1747119 14486
1740451 1750254 9803
1736119 1750716 14597
1746656 1753290 6634
1757522 1772001 14479
1758104 1774674 16570
1776114 1786917 10803
1778356 1788798 10442
1789383 1799820 10437
1790973 1801404 10431
1789835 1803516 13681
1792962 1803912 10950
1793812 1805991 12179
1797587 1811271 13684
1829647 1836285 6638
1829911 1836549 6638
1829967 1841004 11037
1831228 1845690 14462
1830616 1847439 16823
1844244 1850904 6660
1849140 1855425 6285
1856462 1866909 10447
1861632 1869120 7488
1862774 1869417 6643
1860041 1871265 11224
1877221 1883508 6287
1880004 1886280 6276
1888135 1894431 6296
1888942 1895586 6644
1896646 1907103 10457
1918640 1925286 6646
1926543 1937364 10821
1934809 1941093 6284
1938197 1944855 6658
1940531 1951323 10792
1954526 1960827 6301
1960228 1974687 14459
1982714 1989009 6295
1989866 1996500 6634
1995389 2001681 6292
1996188 2010789 14601
2002439 2017026 14587
2020184 2031117 10933
2020212 2031777 11565
2029364 2035638 6274
2023574 2038047 14473
2033441 2039730 6289
2029806 2044284 14478
2041433 2052237 10804
2046018 2052666 6648
2054670 2065470 10800
2061188 2067483 6295
2062647 2069298 6651
2075787 2089758 13971
2081095 2092002 10907
2094643 2109129 14486
2117476 2124111 6635
2114169 2125101 10932
2128747 2135397 6650
2124979 2135793 10814
2132152 2142591 10439
2132862 2143680 10818
2134153 2145099 10946
2138679 2149884 11205
2154216 2165163 10947
2155424 2165856 10432
2162123 2168760 6637
2169489 2176152 6663
2172642 2187108 14466
2181177 2191992 10815
2188870 2195523 6653
2195836 2202486 6650
2207492 2214135 6643
2209831 2216478 6647
2205388 2219745 14357
2211092 2222022 10930
2223282 2229579 6297
2224827 2239281 14454
2239111 2245386 6275
2242917 2253372 10455
2243092 2253900 10808
2251571 2258223 6652
2279164 2285448 6284
2281775 2296140 14365
2288291 2299110 10819
2286507 2302641 16134
2309651 2320461 10810
2318741 2325378 6637
2322220 2328513 6293
2323179 2336697 13518
2330812 2337093 6281
2326739 2337555 10816
2328644 2339073 10429
2335884 2346828 10944
2348559 2355210 6651
2383781 2394711 10930
2394581 2401245 6664
2403180 2409462 6282
2410795 2417085 6290
2408100 2418900 10800
2412997 2419659 6662
2412750 2423685 10935
2439877 2446158 6281
2439505 2450448 10943
2450667 2456949 6282
2463151 2469423 6272
2469490 2475792 6302
2472153 2482953 10800
2482166 2488464 6298
2484133 2490774 6641
2481582 2492391 10809
2485191 2496120 10929
2491719 2498364 6645
2487928 2498859 10931
2502405 2513346 10941
2503257 2514072 10815
2501642 2516118 14476
2520802 2527074 6272
2516247 2527173 10926
2518248 2535324 17076
2521158 2535819 14661
2541775 2548062 6287
2547858 2558292 10434
2552418 2558688 6270
2556698 2562978 6280
2559860 2570667 10807
2567832 2574132 6300
2565167 2576112 10945
2571776 2582217 10441
2575617 2584956 9339
2581743 2588025 6282
2574581 2589048 14467
2583328 2594262 10934
2587531 2602149 14618
2593517 2604459 10942
2604586 2611224 6638
2598514 2612973 14459
2612633 2619276 6643
2638553 2644851 6298
2632591 2645676 13085
2642212 2648514 6302
2635744 2650230 14486
2645573 2651847 6274
2640674 2653332 12658
2644306 2658909 14603
2652952 2663760 10808
2654535 2665476 10941
2668302 2674947 6645
2667305 2681778 14473
2679277 2690094 10817
2685106 2691381 6275
2684194 2693031 8837
2699118 2713491 14373
2716453 2723094 6641
2712216 2726691 14475
2722997 2729298 6301
2733451 2744379 10928
2744242 2754675 10433
2758365 2765004 6639
2771704 2778006 6302
2801941 2812755 10814
2809604 2820543 10939
2813570 2827935 14365
2813893 2831235 17342
2835434 2842092 6658
2839128 2845788 6660
2835170 2849088 13918
2843980 2850276 6296
2850970 2863113 12143
2853929 2864730 10801
2860083 2874564 14481
2870844 2877501 6657
2868029 2878821 10792
2877551 2884200 6649
2877270 2888193 10923
2874586 2889051 14465
2881580 2892021 10441
2887694 2898621 10927
2890083 2901030 10947
2911230 2917893 6663
2920355 2930796 10441
2943539 2950200 6661
2954560 2968548 13988
2959232 2970858 11626
2972658 2978943 6285
2966947 2981418 14471
2981165 2987820 6655
2984798 2991450 6652
2982505 2993298 10793
2986823 3000756 13933
2993140 3007620 14480
3001607 3007884 6277
3013935 3020226 6291
3027509 3034152 6643
3054576 3060849 6273
3046604 3061212 14608
3060923 3067218 6295
3062949 3073389 10440
3071812 3082629 10817
3071988 3083289 11301
3092699 3099360 6661
3102557 3112989 10432
3106581 3117015 10434
3102926 3117675 14749
3111544 3120744 9200
3120374 3134835 14461
3148550 3155196 6646
3149318 3155592 6274
3148751 3159189 10438
3169139 3180078 10939
3176876 3183510 6634
3173119 3183576 10457
3187490 3193773 6283
3187636 3198096 10460
3192277 3198558 6281
3191475 3201924 10449
3214633 3225090 10457
3224671 3235485 10814
3227073 3237894 10821
3232904 3239544 6640
3236438 3246870 10432
3237662 3248091 10429
3243012 3249675 6663
3237677 3252150 14473
3250360 3256638 6278
3250201 3260994 10793
3268458 3274755 6297
3270489 3277989 7500
3269013 3279441 10428
3274059 3280332 6273
3270816 3281619 10803
3279007 3285645 6638
3281192 3287493 6301
3300637 3306930 6293
3299262 3309702 10440
3297428 3312408 14980
3307730 3314025 6295
3303052 3314784 11732
3313132 3319767 6635
3313966 3324420 10454
3310016 3324486 14470
3324000 3330657 6657
3323504 3334320 10816
3329792 3340722 10930
3334609 3341250 6641
3350806 3357090 6284
3351780 3362238 10458
3351841 3363393 11552
3365108 3371907 6799
3363097 3373557 10460
3367251 3378045 10794
3368201 3379134 10933
3364342 3381873 17531
3374659 3385470 10811
3380120 3386394 6274
3372901 3388011 15110
3385751 3392400 6649
3381978 3392433 10455
3392188 3406557 14369
3392000 3406590 14590
3392903 3407382 14479
3396432 3409758 13326
3406954 3413256 6302
3403401 3416589 13188
3406494 3420351 13857
3416307 3427248 10941
3424765 3435201 10436
3429822 3440745 10923
3432265 3446256 13991
3432494 3447081 14587
3449010 3455661 6651
3445001 3459456 14455
3464832 3471105 6273
3471501 3477771 6270
3472710 3483645 10935
3483221 3494172 10951
3488872 3499683 10811
3489557 3502917 13360
3498377 3513345 14968
3509091 3515754 6663
3512902 3523707 10805
3531686 3542121 10435
3533492 3543936 10444
3536658 3551130 14472
3559810 3566475 6665
3560565 3567267 6702
3562178 3568818 6640
3564403 3571062 6659
3564926 3571590 6664
3564589 3575022 10433
3567561 3578487 10926
3573010 3583470 10460
3582246 3588519 6273
3580164 3590961 10797
3592215 3603138 10923
3592293 3605844 13551
