1341 7623 6282
8122 22110 13988
16554 22836 6282
16427 27225 10798
14156 28611 14455
24253 35178 10925
41713 48378 6665
51782 62238 10456
52391 63327 10936
53106 64185 11079
59770 70719 10949
62753 73689 10936
67241 73887 6646
68323 80223 11900
90546 97185 6639
90946 101376 10430
98972 105270 6298
98208 108636 10428
105790 112068 6278
110138 116424 6286
115166 121803 6637
130809 141603 10794
140223 146883 6660
141088 151932 10844
148479 159423 10944
154647 169026 14379
164689 171336 6647
171208 177507 6299
171395 186351 14956
182090 188727 6637
183076 193875 10799
194481 208956 14475
195959 210441 14482
208511 214797 6286
206653 217107 10454
220423 231363 10940
231918 238194 6276
228833 239646 10813
233903 242418 8515
234072 242979 8907
239982 246279 6297
244497 250767 6270
241046 251856 10810
245281 255717 10436
253534 259809 6275
270838 281655 10817
275895 286704 10809
275726 290202 14476
279103 293700 14597
282788 296967 14179
287376 299310 11934
292685 306735 14050
300939 307230 6291
299450 309903 10453
309514 315810 6296
314389 321024 6635
312256 323070 10814
313529 324456 10927
315129 326073 10944
318577 329373 10796
320949 331881 10932
326852 333135 6283
341457 347754 6297
343661 349932 6271
340966 354948 13982
351998 358281 6283
351455 365937 14482
352241 369006 16765
364304 370590 6286
357677 375804 18127
367039 378543 11504
371513 385011 13498
371446 385935 14489
381645 392568 10923
388206 399135 10929
409169 415470 6301
409682 416328 6646
413603 419892 6289
410742 421674 10932
414565 425007 10442
418752 433224 14472
434045 440319 6274
436882 447810 10928
442577 448866 6289
461713 468006 6293
462761 469425 6664
470979 477642 6663
467098 481569 14471
475690 484110 8420
488245 494901 6656
490847 501666 10819
504031 510675 6644
508036 514338 6302
511336 518001 6665
524162 530805 6643
524236 531399 7163
527733 534369 6636
527811 534468 6657
528138 534798 6660
536228 542883 6655
534278 544731 10453
560405 566676 6271
557482 568755 11273
560784 571230 10446
575275 586212 10937
580316 591129 10813
580687 591492 10805
594215 600501 6286
590257 604593 14336
599286 613899 14613
612328 618618 6290
614324 620598 6274
622292 636768 14476
631272 642213 10941
636908 644424 7516
641286 647922 6636
644352 655149 10797
645406 655842 10436
649602 655875 6273
647760 658581 10821
644280 659406 15126
646798 661254 14456
660538 670989 10451
656649 671121 14472
673029 679305 6276
683264 697719 14455
681683 698049 16366
688470 699270 10800
690390 705342 14952
699667 706332 6665
695436 710391 14955
698210 712668 14458
701357 712701 11344
703219 717156 13937
708058 719037 10979
701533 721677 20144
718256 724911 6655
721330 727617 6287
718269 728706 10437
724571 735372 10801
721418 736032 14614
751131 757416 6285
752484 759132 6648
756535 762828 6293
756898 763554 6656
761128 767415 6287
775243 781539 6296
771728 782661 10933
772539 785301 12762
780389 791340 10951
785178 791472 6294
780626 795531 14905
785472 795927 10455
809992 820446 10454
828851 843810 14959
842780 849420 6640
854863 865293 10430
858738 868428 9690
874838 881133 6295
877709 888657 10948
889429 896082 6653
890002 896643 6641
894724 901032 6308
894912 905718 10806
893784 908259 14475
903155 914100 10945
904172 914628 10456
912851 919149 6298
936093 947034 10941
938865 949674 10809
943923 954360 10437
943915 958386 14471
948315 959112 10797
958482 965118 6636
971719 978021 6302
971986 982806 10820
1004460 1014915 10455
1004488 1015311 10823
1015619 1022274 6655
1013466 1027950 14484
1040074 1050522 10448
1041452 1056528 15076
1048137 1059069 10932
1056923 1063194 6271
1059985 1070784 10799
1063767 1074579 10812
1070996 1077285 6289
1071989 1078638 6649
1076493 1083126 6633
1088982 1095270 6288
1084702 1095501 10799
1085297 1096095 10798
1090619 1097283 6664
1093334 1103784 10450
1109872 1120812 10940
1121828 1132758 10930
1130573 1141371 10798
1134821 1141470 6649
1132041 1146651 14610
1139159 1150545 11386
1140208 1150644 10436
1137956 1151931 13975
1142238 1153053 10815
1147655 1155429 7774
1162297 1168596 6299
1167427 1178232 10805
1170535 1184898 14363
1182232 1198428 16196
1191955 1198593 6638
1188769 1199583 10814
1188947 1199748 10801
1199493 1211694 12201
1198187 1212651 14464
1205498 1215951 10453
1209730 1216380 6650
1208147 1218591 10444
1210768 1225224 14456
1215753 1226544 10791
1230288 1241097 10809
1248405 1259214 10809
1260531 1267167 6636
1263402 1270038 6636
1261604 1272546 10942
1270311 1276605 6294
1268754 1279212 10458
1271220 1285185 13965
1276004 1286934 10930
1284849 1295646 10797
1290112 1296768 6656
1282700 1297164 14464
1284502 1299243 14741
1291847 1302774 10927
1294916 1305711 10795
1301007 1311453 10446
1313270 1319571 6301
1317954 1324587 6633
1318576 1324851 6275
1314787 1325247 10460
1321811 1332738 10927
1334327 1340988 6661
1342969 1349271 6302
1359144 1365804 6660
1356167 1367091 10924
1361972 1368609 6637
1362793 1369071 6278
1372784 1383228 10444
1373483 1387947 14464
1392650 1403589 10939
1404072 1414512 10440
1408233 1414875 6642
1410092 1420914 10822
1412460 1426920 14460
1413802 1429461 15659
1424380 1430682 6302
1421744 1432563 10819
1428121 1438569 10448
1434660 1449624 14964
1440765 1455366 14601
1465693 1476486 10793
1470793 1477080 6287
1472308 1478961 6653
1489208 1495494 6286
1484967 1499553 14586
1493713 1500378 6665
1507507 1513809 6302
1502255 1517901 15646
1507652 1518594 10942
1505009 1519485 14476
1506138 1520607 14469
1554743 1565190 10447
1557572 1568523 10951
1563908 1570569 6661
1578995 1585650 6655
1598215 1604856 6641
1628765 1639572 10807
1640073 1646370 6297
1645898 1652541 6643
1649928 1660725 10797
1652319 1666698 14379
1661711 1668414 6703
1657528 1668975 11447
1664288 1670559 6271
1659715 1674090 14375
1664389 1675212 10823
1664198 1677027 12829
1673045 1679337 6292
1675571 1686003 10432
1675978 1690458 14480
1681355 1693065 11710
1686963 1693263 6300
1692735 1699005 6270
1697003 1707948 10945
1703375 1713822 10447
1717122 1723755 6633
1746711 1757151 10440
1751514 1757811 6297
1752083 1758471 6388
1753786 1760088 6302
1747418 1761903 14485
1756241 1762530 6289
1756746 1763388 6642
1765536 1772199 6663
1785180 1791834 6654
1805308 1815759 10451
1832019 1838661 6642
1833895 1840179 6284
1831063 1841862 10799
1833724 1844172 10448
1839072 1849518 10446
1843764 1858725 14961
1851090 1861893 10803
1864833 1871496 6663
1868027 1874664 6637
1864413 1878393 13980
1867838 1881660 13822
1873434 1887897 14463
1879316 1889745 10429
1883750 1892847 9097
1890225 1896873 6648
1895923 1906872 10949
1907759 1922217 14458
1923895 1930533 6638
1928463 1935120 6657
1925725 1937595 11870
1924669 1940895 16226
1930542 1941357 10815
1935201 1941852 6651
1944036 1950696 6660
1931829 1951818 19989
1960564 1966866 6302
1961510 1972443 10933
1970257 1976898 6641
1971878 1982805 10927
1974952 1985412 10460
1984983 1991616 6633
1990219 2004684 14465
1999699 2010129 10430
2009267 2016267 7000
2005823 2016630 10807
2007540 2018346 10806
2005097 2019567 14470
2009628 2019798 10170
2016053 2030523 14470
2050459 2061411 10952
2056039 2062335 6296
2058419 2065074 6655
2056642 2067153 10511
2054629 2069298 14669
2066361 2073753 7392
2064311 2075106 10795
2064799 2075733 10934
2069739 2079528 9789
2068141 2084247 16106
2074774 2087349 12575
2079669 2090484 10815
2083162 2097645 14483
2084113 2099064 14951
2084913 2099295 14382
2093618 2101077 7459
2096548 2103189 6641
2099626 2106291 6665
2098192 2109129 10937
2103215 2109492 6277
2100498 2111010 10512
2092946 2111736 18790
2111845 2118138 6293
2103940 2118435 14495
2112224 2121504 9280
2115447 2122164 6717
2118817 2125464 6647
2123116 2129391 6275
2123257 2134605 11348
2120339 2136948 16609
2129025 2139753 10728
2141209 2147871 6662
2141191 2155791 14600
2145383 2159355 13972
2152271 2163348 11077
2153145 2163942 10797
2154427 2164866 10439
2156340 2165064 8724
2155496 2167242 11746
2158514 2170377 11863
2157660 2177472 19812
2161844 2178858 17014
2181860 2192289 10429
2193436 2204367 10931
2193516 2208492 14976
2201232 2215587 14355
2209293 2223276 13983
2228884 2243835 14951
2242138 2248422 6284
2239840 2250270 10430
2243080 2254065 10985
2262408 2276868 14460
2264523 2278485 13962
2277886 2284161 6275
2277668 2284326 6658
2286728 2293005 6277
2286787 2297724 10937
2293484 2300133 6649
2295178 2305974 10796
2292922 2307393 14471
2296853 2307657 10804
2313772 2324718 10946
2321695 2327985 6290
2322808 2333265 10457
2326807 2333463 6656
2323076 2334024 10948
2328650 2336004 7354
2332221 2338512 6291
2330504 2344485 13981
2338159 2344815 6656
2339951 2350689 10738
2351642 2362437 10795
2377468 2384118 6650
2379894 2386527 6633
2400516 2410947 10431
2408790 2419593 10803
2405851 2419824 13973
2420798 2431242 10444
2424846 2435664 10818
2423763 2438238 14475
2439399 2453880 14481
2441659 2456124 14465
2459415 2466057 6642
2457141 2467773 10632
2475091 2485527 10436
2478580 2489388 10808
2484091 2498562 14471
2502708 2509353 6645
2500670 2511465 10795
2507694 2514336 6642
2508200 2519022 10822
2525983 2532618 6635
2534864 2541528 6664
2529416 2543871 14455
2549825 2556477 6652
2554096 2560371 6275
2569611 2580534 10923
2570294 2583306 13012
2586346 2597298 10952
2589840 2600763 10923
2594664 2601324 6660
2599899 2610333 10434
2611073 2617725 6652
2617704 2628153 10449
2621438 2632377 10939
2640628 2646930 6302
2649974 2660922 10948
2654550 2661186 6636
2664972 2675772 10800
2672605 2683560 10955
2680567 2691018 10451
2688802 2699235 10433
2687126 2701611 14485
2692857 2703789 10932
2692712 2703855 11143
2704451 2710752 6301
2706031 2712303 6272
2714822 2721477 6655
2724232 2735040 10808
2732984 2739627 6643
2738482 2749428 10946
2738485 2756259 17774
2748619 2759064 10445
2743367 2759493 16126
2750058 2760879 10821
2756090 2762364 6274
2754375 2763684 9309
2758452 2764740 6288
2753668 2767644 13976
2761471 2770647 9176
2766228 2772891 6663
2775705 2782362 6657
2784026 2790315 6289
2776052 2790513 14461
2776812 2790777 13965
2786680 2793318 6638
2790711 2797344 6633
2793111 2799390 6279
2798044 2808498 10454
2807166 2813448 6282
2810928 2821731 10803
2812449 2823381 10932
2814210 2830113 15903
2827549 2834205 6656
2820986 2836647 15661
2830551 2841003 10452
2832800 2843610 10810
2834020 2844963 10943
2831997 2846976 14979
2838325 2849253 10928
2839386 2849814 10428
2836319 2850804 14485
2836573 2852784 16211
2856185 2867007 10822
2860817 2871759 10942
2870786 2877072 6286
2870927 2877666 6739
2876780 2887599 10819
2878758 2889711 10953
2894838 2905650 10812
2917687 2928486 10799
2918160 2932644 14484
2933875 2940531 6656
2936415 2947362 10947
2940622 2951058 10436
2953404 2960067 6663
2944409 2961981 17572
2961415 2968053 6638
2970902 2977194 6292
2987293 2993595 6302
2983028 2993958 10930
2984355 2995575 11220
2982960 2997423 14463
2993632 3000294 6662
2999093 3010029 10936
3014126 3024582 10456
3020734 3027024 6290
3013764 3028245 14481
3016269 3031248 14979
3024603 3039069 14466
3039010 3045306 6296
3042174 3048837 6663
3035022 3049497 14475
3053771 3060057 6286
3055065 3061344 6279
3059708 3065997 6289
3062042 3072498 10456
3071914 3082728 10814
3096689 3107148 10459
3099720 3110151 10431
3103863 3110514 6651
3116816 3131271 14455
3117524 3132129 14605
3146883 3157836 10953
3153504 3160146 6642
3150598 3160971 10373
3152512 3162951 10439
3157112 3168066 10954
3162906 3173346 10440
3162062 3177042 14980
3167617 3178065 10448
3169583 3180144 10561
3171415 3188559 17144
3194151 3205092 10941
3198835 3208128 9293
3239003 3245649 6646
3260934 3267594 6660
3263419 3277890 14471
3278117 3284754 6637
3280115 3291057 10942
3280176 3291717 11541
3287800 3294456 6656
3303699 3318183 14484
3310647 3321450 10803
3328974 3335244 6270
3339356 3350292 10936
3350080 3356364 6284
3354292 3360588 6296
3350866 3361743 10877
3363267 3369927 6660
3387881 3398703 10822
3393949 3400782 6833
3393503 3407976 14473
3419763 3426423 6660
3422792 3429426 6634
3417157 3431142 13985
3426483 3436917 10434
3436149 3446586 10437
3449200 3460017 10817
3455188 3461733 6545
3447520 3461997 14477
3458994 3465627 6633
3457231 3468036 10805
3467660 3478596 10936
3466780 3481236 14456
3471192 3483744 12552
3477940 3488760 10820
3485460 3495888 10428
3488886 3498660 9774
3490535 3501333 10798
3502912 3509187 6275
3506312 3512586 6274
3505989 3516942 10953
3507196 3521166 13970
3523166 3529812 6646
3544741 3551394 6653
3539688 3554166 14478
3551666 3562482 10816
3559616 3565914 6298
3556820 3567762 10942
3568524 3579345 10821
3573158 3579444 6286
3573925 3584856 10931
3580564 3586836 6272
3577669 3588618 10949
3588921 3595581 6660
3599344 3606009 6665
