3324 10263 6939
3661 10296 6635
4361 11022 6661
2714 13662 10948
7372 13662 6290
3017 13959 10942
9814 16104 6290
7032 17061 10029
7659 19206 11547
12147 19734 7587
9333 20262 10929
13856 20559 6703
14314 20625 6311
15607 21945 6338
4727 22011 17284
5601 22704 17103
13840 23430 9590
10536 24519 13983
12762 25839 13077
18872 26796 7924
12906 27390 14484
16103 28116 12013
11483 29403 17920
21994 30822 8828
16463 31350 14887
21638 34452 12814
29543 36201 6658
22839 36927 14088
30755 37389 6634
22931 38412 15481
15962 38940 22978
25823 39534 13711
16986 39600 22614
33132 42900 9768
34476 44088 9612
38922 45210 6288
35044 45474 10430
34110 48015 13905
41773 48411 6638
35889 48543 12654
40570 51183 10613
29715 51414 21699
47042 53328 6286
33032 54351 21319
33221 54978 21757
33799 55044 21245
46227 57882 11655
38441 58212 19771
41949 62040 20091
56270 67089 10819
59103 69894 10791
63699 70356 6657
61737 72171 10434
59091 73128 14037
68213 74877 6664
64820 75801 10981
61583 76065 14482
62901 77913 15012
70211 78540 8329
68958 82137 13179
71438 82368 10930
71970 84645 12675
78745 85041 6296
76293 85371 9078
77528 85899 8371
79699 86757 7058
77403 88209 10806
72709 89100 16391
65124 89463 24339
72810 89661 16851
72442 90222 17780
85117 91773 6656
83075 93423 10348
74964 94050 19086
79499 94776 15277
80280 95634 15354
86440 96888 10448
73777 97350 23573
93404 100155 6751
94107 100386 6279
91076 102696 11620
92057 103356 11299
98681 105336 6655
94002 105996 11994
98794 106524 7730
92743 107217 14474
95584 108999 13415
102834 109131 6297
93968 109956 15988
97061 111045 13984
108991 115698 6707
100179 116259 16080
104661 116457 11796
110743 117381 6638
112571 118866 6295
109148 118965 9817
102624 119361 16737
114238 120945 6707
110300 121242 10942
115243 121902 6659
107258 122628 15370
106309 122661 16352
113536 124344 10808
116996 125235 8239
110893 125367 14474
109008 125730 16722
117841 127149 9308
108561 127512 18951
123197 129492 6295
117310 129525 12215
115444 132693 17249
129369 135663 6294
131332 137610 6278
131695 138336 6641
133446 140085 6639
137117 147576 10459
140972 147609 6637
143772 150414 6642
144671 150942 6271
137572 152031 14459
144135 154572 10437
149147 155430 6283
149279 155925 6646
147647 158103 10456
146700 158136 11436
151542 160842 9300
154274 160908 6634
151183 160974 9791
155465 161766 6301
147813 161832 14019
155876 162162 6286
150298 164010 13712
147825 164637 16812
156721 167178 10457
146032 167772 21740
154821 170874 16053
165780 172425 6645
161705 174141 12436
156865 174537 17672
158617 175692 17075
161881 175890 14009
169999 177936 7937
172159 178794 6635
172733 179025 6292
173128 179784 6656
169770 180609 10839
166299 180939 14640
167548 181599 14051
162119 182391 20272
169299 183348 14049
176167 183711 7544
177468 183744 6276
176370 183876 7506
173716 185229 11513
171494 185724 14230
180672 186945 6273
171435 189288 17853
183493 190146 6653
185202 191862 6660
182186 193116 10930
182420 193776 11356
184624 195063 10439
186132 196845 10713
187492 198429 10937
189733 198462 8729
187974 199221 11247
191081 201531 10450
194987 201927 6940
188825 203181 14356
192646 205557 12911
188241 206415 18174
191264 208560 17296
197767 209616 11849
194643 210441 15798
194675 211299 16624
196389 211794 15405
206896 214005 7109
203659 214104 10445
200752 216480 15728
210653 217305 6652
203586 217371 13785
206759 217569 10810
205257 221958 16701
204554 223278 18724
218222 224499 6277
219127 225786 6659
208822 226545 17723
214862 227040 12178
216929 227370 10441
220134 229152 9018
215312 229779 14467
224626 230901 6275
225823 232122 6299
214816 233013 18197
228037 234333 6296
225091 234696 9605
224917 235719 10802
229665 235950 6285
216074 236115 20041
219164 236676 17512
223064 236676 13612
224570 237204 12634
220845 237369 16524
234359 240636 6277
224977 242616 17639
231588 243969 12381
233970 244398 10428
229765 244728 14963
239721 246081 6360
236080 250602 14522
244881 251526 6645
244759 257202 12443
250960 257235 6275
252364 258654 6290
251108 262053 10945
256648 262944 6296
257274 264396 7122
258378 265023 6645
259614 266442 6828
261603 267894 6291
256947 268026 11079
255535 270006 14471
259559 270501 10942
264618 271524 6906
258887 272250 13363
260090 274560 14470
267450 276738 9288
263050 277464 14414
263489 277893 14404
261251 279147 17896
270757 281028 10271
265096 281952 16856
271074 282876 11802
275143 285582 10439
275227 286044 10817
278431 286671 8240
277136 288585 11449
275972 290433 14461
279195 290961 11766
275597 291687 16090
284622 292941 8319
285984 293766 7782
283114 295251 12137
281632 295878 14246
284364 297792 13428
280316 298485 18169
282178 302313 20135
292617 303072 10455
293185 303831 10646
299724 306372 6648
292941 308352 15411
290658 308715 18057
298572 309012 10440
301489 312312 10823
296776 315117 18341
302738 315150 12412
309421 315711 6290
310671 316965 6294
308368 318252 9884
313619 319935 6316
313860 320133 6273
305188 320760 15572
311286 321783 10497
301452 322509 21057
303426 323037 19611
320193 326502 6309
321221 327492 6271
322749 329406 6657
315541 330000 14459
319189 330000 10811
320421 331914 11493
327413 334059 6646
327887 338316 10429
332477 338778 6301
328488 339438 10950
333462 339768 6306
329083 340197 11114
333538 340296 6758
329083 344025 14942
337686 344322 6636
335094 346632 11538
342221 348876 6655
343305 354255 10950
348230 354519 6289
343691 354717 11026
350680 356961 6281
344042 357324 13282
352276 359040 6764
349489 359931 10442
347712 362670 14958
357214 363858 6644
356317 365343 9026
359725 366366 6641
359982 370920 10938
361013 371811 10798
366590 372867 6277
367601 374253 6652
368989 375639 6650
370071 376365 6294
372210 378510 6300
365733 379698 13965
366061 381018 14957
377589 383889 6300
373496 384450 10954
371466 385935 14469
380319 386958 6639
381832 388113 6281
382970 389268 6298
380446 389631 9185
381835 393954 12119
379427 394416 14989
388586 395934 7348
381663 397023 15360
391403 397683 6280
392442 398739 6297
393107 399762 6655
393139 400356 7217
390379 401247 10868
394654 401313 6659
388368 403656 15288
390938 404349 13411
398616 404910 6294
401150 407451 6301
403249 409530 6281
402811 410883 8072
404576 411213 6637
403219 411411 8192
403865 411939 8074
401535 412467 10932
406148 412797 6649
408038 414678 6640
410007 420948 10941
414573 421212 6639
417393 424050 6657
418315 424611 6296
419145 425799 6654
419925 426195 6270
416736 427185 10449
415629 430089 14460
419515 430188 10673
424745 435699 10954
426660 437613 10953
423909 440352 16443
430501 440946 10445
427841 442299 14458
425933 445005 19072
437517 445401 7884
440700 446985 6285
436768 449031 12263
444255 450912 6657
445058 451341 6283
442483 451803 9320
438156 452331 14175
449497 455796 6299
453417 459690 6273
454383 460680 6297
455276 461934 6658
456455 462726 6271
456564 463221 6657
449821 464442 14621
451767 466224 14457
452254 466719 14465
464252 470547 6295
465769 472428 6659
458516 473121 14605
466844 473121 6277
459746 474705 14959
461624 476751 15127
466595 477048 10453
466389 477180 10791
472580 479226 6646
466529 479325 12796
475344 481998 6654
479345 485991 6646
475697 486387 10690
470592 487542 16950
476085 488466 12381
478126 488565 10439
472715 488862 16147
478461 489423 10962
485353 491634 6281
480973 492525 11552
479054 495495 16441
475635 498498 22863
478751 499257 20506
488750 501138 12388
490409 501468 11059
483171 501567 18396
484165 502227 18062
496505 502788 6283
496185 503382 7197
496545 503910 7365
490650 504603 13953
494047 504999 10952
492623 505956 13333
494722 506583 11861
492124 508860 16736
492105 509289 17184
492902 509421 16519
499816 510609 10793
502640 513579 10939
496620 516252 19632
512467 518760 6293
505933 520410 14477
506383 521136 14753
509299 521664 12365
515292 521928 6636
507877 522258 14381
511012 522621 11609
506746 523479 16733
512224 524337 12113
518731 525030 6299
515018 525426 10408
512282 529221 16939
517507 530310 12803
521285 532356 11071
516553 532554 16001
516241 533115 16874
515193 533808 18615
516346 536910 20564
514265 537042 22777
514842 537603 22761
533238 539880 6642
527730 540573 12843
521425 542454 21029
532635 543114 10479
528621 544830 16209
521703 545028 23325
534647 545589 10942
535527 545985 10458
536233 547239 11006
538148 547833 9685
525316 547932 22616
534779 549747 14968
541249 552486 11237
535054 552618 17564
540339 552816 12477
539605 552849 13244
539845 552849 13004
541306 553443 12137
526247 553674 27427
548578 554862 6284
529993 556776 26783
535871 557370 21499
541774 557997 16223
544407 558657 14250
541705 560373 18668
547144 560934 13790
546846 561759 14913
557346 563640 6294
553504 564300 10796
558473 564762 6289
552348 566313 13965
557038 567402 10364
557194 567996 10802
561670 568326 6656
560554 569085 8531
563364 569646 6282
558272 570570 12298
560416 571296 10880
563563 574398 10835
564575 574992 10417
563876 578226 14350
568486 581427 12941
570605 581427 10822
565636 582516 16880
567187 583143 15956
579384 585684 6300
572414 586377 13963
571544 587763 16219
582578 589215 6637
583409 589710 6301
575525 590172 14647
577388 592614 15226
579470 592647 13177
586069 595782 9713
590102 596376 6274
587013 597465 10452
590498 600930 10432
596348 602646 6298
586549 603702 17153
594850 605781 10931
592180 606969 14789
601502 607794 6292
602031 608421 6390
597004 609378 12374
594608 610467 15859
600843 611292 10449
600971 611985 11014
602732 612744 10012
601404 613536 12132
609177 615450 6273
608836 615483 6647
609803 616440 6637
603139 617661 14522
613037 619311 6274
600517 620268 19751
601428 620598 19170
604431 621423 16992
605935 621423 15488
604471 621951 17480
607262 624261 16999
611601 624294 12693
619779 626076 6297
611079 626703 15624
611797 627429 15632
618082 628518 10436
615628 629673 14045
613897 630201 16304
617167 631521 14354
620646 631587 10941
622968 634392 11424
619057 634557 15500
624160 634755 10595
630112 636405 6293
625726 636537 10811
630309 636603 6294
624909 637659 12750
626361 638253 11892
621416 638418 17002
628169 640794 12625
633378 641289 7911
628902 641355 12453
635936 642213 6277
636896 643203 6307
637428 643698 6270
627640 643797 16157
635232 644325 9093
637871 644523 6652
634476 647130 12654
633150 647559 14409
634674 647625 12951
636801 648648 11847
636126 649011 12885
631063 649143 18080
636854 649902 13048
641712 652179 10467
637047 652377 15330
642765 652740 9975
634436 653136 18700
637693 655380 17687
641207 655875 14668
638878 656238 17360
645967 656403 10436
639407 656832 17425
640368 657591 17223
644953 659703 14750
643323 660066 16743
645761 660363 14602
654219 660495 6276
648576 660594 12018
645860 661155 15295
644063 661221 17158
644203 661914 17711
650892 663135 12243
644029 663333 19304
650059 664026 13967
644250 664719 20469
654393 665115 10722
655863 666303 10440
644886 668019 23133
648935 668844 19909
650802 669207 18405
660586 671022 10436
662094 672540 10446
666243 672540 6297
666502 673134 6632
667536 674190 6654
668533 675180 6647
667207 681153 13946
675648 681945 6297
675783 683430 7647
677248 683529 6281
676006 683958 7952
672416 684189 11773
678362 685047 6685
678873 685509 6636
680919 687225 6306
675124 688017 12893
675005 689601 14596
683279 689931 6652
679020 690228 11208
681730 692538 10808
687179 693825 6646
683422 694353 10931
695185 701481 6296
696661 702933 6272
693263 704055 10792
699831 706464 6633
703107 709401 6294
703031 709764 6733
696863 710985 14122
697141 711117 13976
696930 711414 14484
701561 712503 10942
702352 712833 10481
703630 714219 10589
704569 714549 9980
708153 714813 6660
705566 715605 10039
704783 719598 14815
708752 719697 10945
714780 721347 6567
707715 722469 14754
718266 724911 6645
715629 726297 10668
716411 727353 10942
720265 730719 10454
720684 731610 10926
719669 732567 12898
728695 735339 6644
725639 735372 9733
729794 736098 6304
729593 736296 6703
723202 737550 14348
722943 737913 14970
730354 740784 10430
734151 740784 6633
734657 740949 6292
727152 741213 14061
730761 744348 13587
736785 747714 10929
738322 749265 10943
740038 750486 10448
740477 751146 10669
745729 752004 6275
731966 752136 20170
743645 754578 10933
739279 755766 16487
745636 756096 10460
751115 757416 6301
744863 759462 14599
747068 761442 14374
751169 761970 10801
749513 765171 15658
758887 765171 6284
749636 766722 17086
762189 772068 9879
766268 772563 6295
755410 773091 17681
753487 773619 20132
763412 773850 10438
767917 774576 6659
762001 776325 14324
760021 776853 16832
763358 776919 13561
767907 778833 10926
767295 781044 13749
770262 781209 10947
774164 782562 8398
776472 782760 6288
769751 784740 14989
771962 785070 13108
780437 786720 6283
776731 787182 10451
781397 787710 6313
773084 788040 14956
772144 789228 17084
776678 791307 14629
782961 792924 9963
786496 793518 7022
787135 794145 7010
784360 795168 10808
778578 796224 17646
782406 796620 14214
779056 796719 17663
786269 797082 10813
791201 799161 7960
788861 799458 10597
795034 801306 6272
796039 802362 6323
796483 802758 6275
796730 803385 6655
797359 804012 6653
794274 805959 11685
791277 809127 17850
794759 809226 14467
802939 809226 6287
804964 811239 6275
805057 811701 6644
798089 812097 14008
809124 815397 6273
810130 816420 6290
798495 816519 18024
801347 816651 15304
798645 819225 20580
801003 819687 18684
815801 822096 6295
809267 822327 13060
809686 827376 17690
813203 827541 14338
821910 828564 6654
816128 831435 15307
821144 834537 13393
825477 836286 10809
825745 836682 10937
822504 838233 15729
828465 839256 10791
832715 839355 6640
822322 840873 18551
832305 841005 8700
831021 841467 10446
832750 842424 9674
834273 843117 8844
831064 843810 12746
837915 844569 6654
831583 845724 14141
839719 846384 6665
834581 846615 12034
837710 846912 9202
847078 853380 6302
840349 854106 13757
848134 854436 6302
843755 854997 11242
848756 856515 7759
843506 857472 13966
853084 859386 6302
854187 860838 6651
847133 863676 16543
859510 866151 6641
849174 866349 17175
853769 866811 13042
852957 867438 14481
854566 868164 13598
861991 868263 6272
867691 873972 6281
860307 874566 14259
868878 875160 6282
854425 875424 20999
865167 876117 10950
867106 877536 10430
868181 878559 10378
865217 879219 14002
872811 879450 6639
876239 882519 6280
872611 885918 13307
872511 886380 13869
870241 888162 17921
882528 888822 6294
880879 888855 7976
874577 889053 14476
883501 889779 6278
884307 890604 6297
880446 891396 10950
884065 892023 7958
887193 893475 6282
883986 894432 10446
889061 895719 6658
882371 896841 14470
882816 899712 16896
886181 899943 13762
887528 900504 12976
880124 901626 21502
888343 903210 14867
888204 904926 16722
891208 905487 14279
895317 906345 11028
887105 907335 20230
901840 909678 7838
893888 910074 16186
905362 911658 6296
904120 912087 7967
904253 913242 8989
890240 913308 23068
896778 913374 16596
902570 913737 11167
899806 914562 14756
896005 916410 20405
910935 917235 6300
905849 917598 11749
897347 919512 22165
915003 921657 6654
915717 922350 6633
902247 922779 20532
903793 924561 20768
902916 925815 22899
913178 926376 13198
904148 928917 24769
922393 929049 6656
914559 931293 16734
909586 932910 23324
919681 933306 13625
926804 933438 6634
910689 933735 23046
928188 934824 6636
930201 936474 6273
922364 937035 14671
930717 937365 6648
931827 938487 6660
919880 940599 20719
929808 940764 10956
925062 944361 19299
930647 944427 13780
926966 944724 17758
936498 946935 10437
937292 947463 10171
930451 947529 17078
933766 947727 13961
940226 950037 9811
928222 950565 22343
935129 950862 15733
937989 951423 13434
930399 951786 21387
940238 951951 11713
943095 952743 9648
938924 953304 14380
937136 955020 17884
932853 955614 22761
940226 955713 15487
945385 957462 12077
952457 958749 6292
942880 961554 18674
946800 961950 15150
948880 962478 13598
941861 962610 20749
942862 962874 20012
953001 965151 12150
953407 965283 11876
951216 968385 17169
955814 969177 13363
950259 969738 19479
951537 969804 18267
954699 970365 15666
965291 971949 6658
965208 972114 6906
966524 972807 6283
952225 973137 20912
955568 975777 20209
960825 975909 15084
956763 976107 19344
967565 976932 9367
966163 977097 10934
971580 978219 6639
970949 978351 7402
973902 980199 6297
965441 980595 15154
974424 980793 6369
975881 982179 6298
974504 985314 10810
979792 986436 6644
972054 987459 15405
982775 989076 6301
975605 991650 16045
985673 991947 6274
991172 997458 6286
987260 998052 10792
988693 999702 11009
994449 1004883 10434
998848 1005147 6299
1002113 1008414 6301
1002155 1008810 6655
1003660 1009998 6338
998944 1012902 13958
1002655 1013100 10445
1002201 1013133 10932
999239 1013694 14455
1003903 1014354 10451
1004165 1015542 11377
1008319 1015674 7355
1007625 1018017 10392
1011399 1018050 6651
1008654 1020360 11706
1014262 1020558 6296
1006632 1020987 14355
1010541 1020987 10446
1011492 1022472 10980
1007515 1026993 19478
1021761 1028049 6288
1017871 1029204 11333
1022943 1029600 6657
1018960 1029897 10937
1016979 1030953 13974
1024351 1030986 6635
1027293 1034286 6993
1019403 1036596 17193
1031239 1037520 6281
1031107 1039170 8063
1032984 1039269 6285
1025428 1039896 14468
1023000 1042008 19008
1036339 1042635 6296
1039464 1045737 6273
1040345 1046628 6283
1039996 1046925 6929
1039698 1050489 10791
1039862 1050654 10792
1046112 1052766 6654
1038520 1053822 15302
1040581 1053822 13241
1043147 1054845 11698
1045740 1056561 10821
1045435 1056726 11291
1049492 1057056 7564
1042688 1057089 14401
1049319 1057221 7902
1051004 1057287 6283
1052660 1058937 6277
1042484 1060125 17641
1054433 1060719 6286
1055652 1061940 6288
1050400 1065570 15170
1055428 1065867 10439
1057662 1068474 10812
1054103 1068705 14602
1063601 1069893 6292
1059327 1070256 10929
1056483 1071444 14961
1060440 1072830 12390
1066534 1073094 6560
1068338 1074612 6274
1058323 1074678 16355
1061221 1077780 16559
1067052 1078341 11289
1065469 1079925 14456
1073682 1080321 6639
1067146 1083159 16013
1069811 1083258 13447
1076750 1083390 6640
1078989 1085337 6348
1080716 1087350 6634
1082371 1089033 6662
1083442 1090089 6647
1071441 1090518 19077
1078225 1092696 14471
1086442 1093092 6650
1087704 1094346 6642
1081045 1095633 14588
1092407 1098702 6295
1085590 1099560 13970
1090628 1101078 10450
1087755 1102101 14346
1089004 1104246 15242
1090081 1104840 14759
1096977 1107975 10998
1103580 1110219 6639
1095939 1112958 17019
1104227 1114674 10447
1105116 1117116 12000
1111420 1117710 6290
1105325 1118205 12880
1107622 1118568 10946
1104620 1119195 14575
1114255 1120911 6656
1111326 1122264 10938
1109300 1125993 16693
1121142 1127775 6633
1121667 1127940 6273
1116346 1129227 12881
1114578 1130283 15705
1115313 1130811 15498
1116852 1131141 14289
1115148 1131372 16224
1114598 1131999 17401
1118625 1133088 14463
1126877 1134144 7267
1124424 1134309 9885
1128226 1135398 7172
1124849 1136619 11770
1130461 1136751 6290
1131586 1137873 6287
1127352 1138170 10818
1125427 1138995 13568
1133066 1140249 7183
1133505 1140777 7272
1129380 1141404 12024
1131579 1142031 10452
1129815 1144572 14757
1128645 1145694 17049
1140017 1146288 6271
1136244 1147047 10803
1139720 1150149 10429
1144185 1150479 6294
1144440 1151337 6897
1133851 1151535 17684
1133204 1153251 20047
1136662 1153977 17315
1137737 1154406 16669
1143281 1154637 11356
1144184 1157772 13588
1141054 1157904 16850
1138791 1160346 21555
1144243 1161864 17621
1156005 1162293 6288
1155687 1162326 6639
1152401 1162854 10453
1152590 1163019 10429
1158135 1164768 6633
1159670 1165956 6286
1160520 1166814 6294
1156006 1170279 14273
1165681 1172325 6644
1159081 1173414 14333
1166569 1176615 10046
1166133 1176945 10812
1170729 1177374 6645
1172264 1178562 6298
1173959 1180608 6649
1169215 1181367 12152
1175882 1182159 6277
1176671 1182951 6280
1172071 1183314 11243
1173481 1183941 10460
1167482 1185492 18010
1179757 1190574 10817
1176566 1191036 14470
1182074 1196052 13978
1190338 1199154 8816
1188474 1199550 11076
1189557 1200375 10818
1189612 1200474 10862
1186598 1201332 14734
1199344 1205622 6278
1191390 1205985 14595
1196014 1207041 11027
1197493 1208427 10934
1195173 1209252 14079
1194541 1212486 17945
1207296 1213575 6279
1201943 1213872 11929
1197922 1215225 17303
1204391 1216149 11758
1207068 1217040 9972
1211202 1217865 6663
1213339 1219614 6275
1206176 1220274 14098
1214060 1220340 6280
1210519 1223079 12560
1214491 1223178 8687
1216810 1223475 6665
1211681 1226643 14962
1217646 1228095 10449
1221592 1228227 6635
1219539 1230339 10800
1224112 1234926 10814
1222265 1236873 14608
1224522 1237434 12912
1231388 1237665 6277
1221708 1238061 16353
1232899 1239546 6647
1223630 1240239 16609
1226961 1241163 14202
1222858 1241295 18437
1227986 1242351 14365
1237510 1243803 6293
1234840 1244463 9623
1238562 1244859 6297
1238342 1244991 6649
1226305 1245453 19148
1232829 1247202 14373
1242721 1249017 6296
1244092 1250865 6773
1239628 1251492 11864
1245236 1251888 6652
1237289 1254132 16843
1243329 1255056 11727
1247578 1258026 10448
1247189 1261161 13972
1253002 1264329 11327
1253719 1264527 10808
1250607 1267464 16857
1260512 1267992 7480
1257570 1268520 10950
1263334 1270038 6704
1263821 1270599 6778
1257111 1270632 13521
1257488 1271193 13705
1266728 1273734 7006
1260201 1274295 14094
1261411 1274889 13478
1261531 1277496 15965
1255481 1277826 22345
1258991 1278222 19231
1260745 1278288 17543
1258988 1279080 20092
1264539 1279740 15201
1266147 1279905 13758
1267810 1282182 14372
1271259 1282743 11484
1276754 1283040 6286
1269684 1284360 14676
1278442 1284723 6281
1271122 1286043 14921
1282300 1288584 6284
1270098 1289277 19179
1271326 1290828 19502
1276896 1292379 15483
1272957 1292874 19917
1271236 1293270 22034
1269834 1294227 24393
1278404 1295976 17572
1282370 1296537 14167
1292416 1298715 6299
1292977 1299276 6299
1285119 1299540 14421
1282137 1299639 17502
1282198 1302576 20378
1288292 1303104 14812
1286835 1303434 16599
1291739 1306239 14500
1296158 1306536 10378
1299089 1309902 10813
1299810 1310760 10950
1299869 1315446 15577
1304630 1315578 10948
1301187 1315644 14457
1304263 1318185 13922
1311551 1318185 6634
1308616 1318746 10130
1311195 1319274 8079
1307573 1319868 12295
1314608 1320924 6316
1308193 1321287 13094
1314385 1321914 7529
1309774 1322970 13196
1307227 1324521 17294
1314023 1327656 13633
1321225 1327953 6728
1320560 1331484 10924
1318646 1333794 15148
1322899 1333827 10928
1325197 1335642 10445
1321284 1335939 14655
1328423 1336203 7780
1329276 1336632 7356
1331709 1338348 6639
1325155 1339173 14018
1334505 1340790 6285
1327804 1345575 17771
1329091 1346598 17507
1341738 1348017 6279
1330661 1348677 18016
1339115 1349106 9991
1339235 1349667 10432
1341021 1349766 8745
1338067 1352439 14372
1326119 1352901 26782
1336586 1355673 19087
1332257 1355937 23680
1337288 1356234 18946
1348664 1356861 8197
1341774 1359501 17727
1347020 1359765 12745
1342376 1363890 21514
1342927 1364286 21359
1344647 1367421 22774
1346297 1367421 21124
1344109 1370424 26315
1359525 1371810 12285
1365625 1371909 6284
1360454 1374450 13996
1362434 1374450 12016
1357893 1374978 17085
1363641 1375671 12030
1369042 1375704 6662
1370361 1376661 6300
1361938 1377783 15845
1367595 1381875 14280
1364216 1381974 17758
1373404 1382073 8669
1368535 1382436 13901
1375019 1382931 7912
1365726 1383162 17436
1362458 1383261 20803
1374411 1385208 10797
1374241 1385406 11165
1368207 1387782 19575
1377356 1387815 10459
1381663 1387947 6284
1372383 1388145 15762
1377006 1389135 12129
1387541 1393821 6280
1387585 1394250 6665
1388020 1394679 6659
1386537 1399299 12762
1381662 1400586 18924
1397855 1404150 6295
1403212 1409496 6284
1401293 1410849 9556
1404926 1411212 6286
1400966 1411410 10444
1399334 1413390 14056
1407145 1416492 9347
1407827 1416921 9094
1409255 1420188 10933
1407230 1421838 14608
1412733 1423686 10953
1412816 1426425 13609
1421847 1428141 6294
1410819 1429131 18312
1418254 1429197 10943
1418489 1432497 14008
1420358 1433058 12700
1421780 1433421 11641
1419143 1433553 14410
1426619 1435566 8947
1428587 1435698 7111
1429746 1436028 6282
1423080 1437150 14070
1431023 1437678 6655
1431676 1437975 6299
1422558 1438635 16077
1426186 1440153 13967
1434175 1440450 6275
1435067 1441341 6274
1431487 1441737 10250
1436468 1442760 6292
1436130 1442793 6663
1433447 1444377 10930
1422666 1445037 22371
1438968 1445268 6300
1440154 1446456 6302
1434828 1446819 11991
1438853 1448205 9352
1438292 1448733 10441
1442450 1449096 6646
1438400 1449327 10927
1436369 1451472 15103
1435732 1452000 16268
1443610 1454046 10436
1445051 1454574 9523
1440052 1458732 18680
1450283 1461075 10792
1455237 1461537 6300
1447197 1461768 14571
1445145 1464177 19032
1445386 1465134 19748
1454331 1467345 13014
1458405 1468335 9930
1458130 1469952 11822
1454392 1471998 17606
1468083 1474374 6291
1461449 1474770 13321
1462091 1475529 13438
1464953 1475925 10972
1468835 1479786 10951
1473225 1479885 6660
1474052 1480347 6295
1459800 1481799 21999
1467389 1482789 15400
1473380 1485099 11719
1479327 1485627 6300
1473477 1487442 13965
1474604 1487871 13267
1476948 1490544 13596
1479912 1490841 10929
1477464 1491138 13674
1484901 1491534 6633
1482619 1493415 10796
1483649 1493943 10294
1476715 1494438 17723
1485821 1496748 10927
1491801 1498101 6300
1489435 1499949 10514
1491267 1500180 8913
1491984 1500576 8592
1484903 1500840 15937
1486439 1502358 15919
1490057 1502688 12631
1490879 1504107 13228
1489153 1504140 14987
1488297 1504734 16437
1493518 1505691 12173
1497287 1507275 9988
1490419 1507440 17021
1503851 1510509 6658
1504331 1510608 6277
1497609 1510971 13362
1499652 1511565 11913
1494826 1512027 17201
1507567 1514205 6638
1500107 1514865 14758
1500638 1514865 14227
1509407 1515690 6283
1495706 1516746 21040
1501776 1518099 16323
1513335 1519980 6645
1507366 1520838 13472
1504364 1521201 16837
1511524 1521366 9842
1511350 1521762 10412
1517673 1523973 6300
1509184 1524105 14921
1513519 1527999 14480
1521805 1528461 6656
1514282 1529055 14773
1523237 1529880 6643
1524034 1530309 6275
1522406 1532190 9784
1525454 1536249 10795
1526708 1537140 10432
1525815 1539483 13668
1535379 1541661 6282
1536226 1542882 6656
1531961 1543113 11152
1531717 1546182 14465
1537142 1547601 10459
1541549 1547832 6283
1536885 1548987 12102
1539487 1550439 10952
1544689 1550967 6278
1548169 1554828 6659
1545997 1556445 10448
1543762 1557237 13475
1551155 1557435 6280
1543289 1558260 14971
1549002 1562946 13944
1549562 1563540 13978
1561761 1568424 6663
1558368 1568820 10452
1563929 1570206 6277
1560631 1571064 10433
1563233 1571262 8029
1565348 1571625 6277
1561653 1572450 10797
1562714 1575222 12508
1565076 1575882 10806
1564059 1578522 14463
1565011 1578588 13577
1568322 1579248 10926
1573396 1579677 6281
1574386 1581030 6644
1571500 1581360 9860
1572568 1583010 10442
1572245 1583043 10798
1571484 1584066 12582
1578021 1585089 7068
1574304 1585254 10950
1579215 1585485 6270
1579661 1585947 6286
1578759 1586079 7320
1576501 1588686 12185
1574720 1592019 17299
1577947 1592613 14666
1578647 1593108 14461
1582493 1595781 13288
1581665 1596045 14380
1585898 1596837 10939
1591875 1598322 6447
1592300 1598586 6286
1583676 1599081 15405
1593595 1599873 6278
1593554 1600203 6649
1581752 1600401 18649
1591448 1602381 10933
1582853 1602678 19825
1591522 1603305 11783
1587070 1604295 17225
1590128 1606605 16477
1589329 1606968 17639
1591140 1607397 16257
1597444 1607925 10481
1599564 1610235 10671
1599057 1611060 12003
1600482 1611588 11106
1605636 1611918 6282
1605793 1612083 6290
1597098 1614294 17196
1600187 1615284 15097
1602540 1615878 13338
1605337 1617066 11729
1597458 1618089 20631
1606731 1618122 11391
1612303 1618584 6281
1608507 1618947 10440
1604505 1620828 16323
1615370 1621653 6283
1616928 1623204 6276
1613420 1623864 10444
1617743 1624095 6352
1619797 1626075 6278
1617029 1627824 10795
1617820 1628748 10928
1622569 1628847 6278
1624719 1630992 6273
1625486 1636437 10951
1626890 1637823 10933
1626109 1639638 13529
1630417 1643301 12884
1633142 1643598 10456
1633189 1644126 10937
1639133 1645413 6280
1634572 1645512 10940
1641089 1647360 6271
1641694 1648086 6392
1642821 1649109 6288
1645522 1652178 6656
1642227 1653036 10809
1646848 1653498 6650
1643854 1654653 10799
1643784 1656237 12453
1644605 1658580 13975
1647067 1659009 11942
1642047 1659108 17061
1645824 1660428 14604
1647919 1663596 15677
1657763 1664058 6295
1651227 1665708 14481
1657496 1666698 9202
1658935 1667226 8291
1658817 1669635 10818
1663662 1670295 6633
1656201 1670328 14127
1666655 1672935 6280
1655317 1673001 17684
1660078 1673067 12989
1668924 1675641 6717
1664997 1676466 11469
1667148 1678215 11067
1669722 1680162 10440
1658149 1680261 22112
1664838 1681416 16578
1671624 1681416 9792
1662250 1682307 20057
1670602 1682505 11903
1675992 1683825 7833
1669336 1685046 15710
1679817 1686102 6285
1677300 1688115 10815
1677390 1688544 11154
1681912 1690755 8843
1682266 1690986 8720
1680434 1691448 11014
1678461 1693131 14670
1687067 1693362 6295
1680169 1695969 15800
1687910 1698840 10930
1688517 1699467 10950
1684617 1700028 15411
1685497 1700622 15125
1685861 1701216 15355
1689362 1701777 12415
1685022 1704186 19164
1685143 1704879 19736
1690659 1705539 14880
1691855 1706331 14476
1700924 1707222 6298
1692872 1708146 15274
1694482 1708509 14027
1698476 1709400 10924
1688889 1709532 20643
1692296 1709565 17269
1704202 1710489 6287
1693510 1711446 17936
1706293 1712568 6275
1706724 1712997 6273
1707977 1714251 6274
1694434 1716231 21797
1710887 1717188 6301
1711290 1717584 6294
1703943 1718409 14466
1709816 1719399 9583
1708125 1721016 12891
1707425 1722039 14614
1716071 1725174 9103
1717298 1725669 8371
1717521 1726197 8676
1716130 1727055 10925
1710056 1727913 17857
1708947 1729002 20055
1723837 1734447 10610
1719997 1734810 14813
1728636 1735272 6636
1718430 1736559 18129
1729231 1739364 10133
1723456 1741674 18218
1734242 1745040 10798
1734366 1745172 10806
1729959 1748472 18513
1739279 1749297 10018
1735102 1752036 16934
1741159 1752333 11174
1733903 1752366 18463
1738832 1753026 14194
1733639 1756227 22588
1746262 1756227 9965
1750345 1756986 6641
1749235 1759032 9797
1739937 1759131 19194
1751594 1762233 10639
1757071 1763718 6647
1749480 1763751 14271
1751098 1765533 14435
1755442 1766754 11312
1760640 1767282 6642
1758454 1769460 11006
1760009 1769856 9847
1762034 1772958 10924
1762828 1776027 13199
1769464 1779393 9929
1764946 1779558 14612
1776933 1783221 6288
1768944 1783353 14409
1776489 1786917 10428
1780751 1787412 6661
1781298 1787577 6279
1774232 1789260 15028
1774786 1789491 14705
1785342 1791999 6657
1783707 1792230 8523
1780638 1792263 11625
1782431 1793847 11416
1785393 1795068 9675
1786681 1797477 10796
1792141 1798797 6656
1793053 1799754 6701
1792531 1800744 8213
1791112 1802064 10952
1796182 1802460 6278
1788284 1802955 14671
1791120 1804308 13188
1795004 1804902 9898
1795466 1808466 13000
1798443 1809390 10947
1803117 1809753 6636
1798841 1809786 10945
1806249 1812525 6276
1808897 1815198 6301
1800814 1815429 14615
1802197 1816815 14618
1806612 1817046 10434
1798780 1817211 18431
1811156 1821963 10807
1812361 1823217 10856
1813195 1826088 12893
1812152 1829487 17335
1815810 1830279 14469
1823853 1830510 6657
1822322 1832259 9937
1827444 1834272 6828
1828966 1835262 6296
1825579 1839948 14369
1830709 1841169 10460
1827785 1841202 13417
1835805 1842456 6651
1829107 1843248 14141
1837971 1844271 6300
1827404 1844337 16933
1828428 1844997 16569
1833905 1847439 13534
1842068 1848363 6295
1838557 1849584 11027
1841552 1849947 8395
1840332 1851663 11331
1841302 1852125 10823
1839123 1853874 14751
1847749 1854039 6290
1838763 1854237 15474
1840847 1856976 16129
1850705 1856976 6271
1844105 1857537 13432
1841485 1857834 16349
1851716 1857999 6283
1852997 1859286 6289
1854721 1861002 6281
1856049 1862322 6273
1853473 1864401 10928
1856079 1866876 10797
1858152 1867437 9285
1849925 1869219 19294
1859624 1870143 10519
1864604 1870902 6298
1861399 1872222 10823
1856816 1872783 15967
1862636 1873080 10444
1859028 1874961 15933
1869223 1875522 6299
1870359 1876644 6285
1863515 1878063 14548
1872693 1879350 6657
1872841 1879581 6740
1869810 1880604 10794
1877853 1884135 6282
1878949 1885224 6275
1879376 1885653 6277
1874702 1886082 11380
1873372 1886610 13238
1882643 1888986 6343
1864478 1889250 24772
1883053 1889349 6296
1880013 1890834 10821
1873551 1891428 17877
1880323 1891494 11171
1880626 1895091 14465
1881068 1895685 14617
1890160 1897830 7670
1887603 1898061 10458
1888426 1898886 10460
1894518 1900800 6282
1890479 1900932 10453
1889591 1901295 11704
1884053 1901361 17308
1885153 1901988 16835
1890341 1902087 11746
1888678 1902912 14234
1893899 1904397 10498
1892870 1904892 12022
1894511 1904991 10480
1896020 1907664 11644
1895171 1909281 14110
1898540 1910337 11797
1891712 1910370 18658
1897061 1913604 16543
1903982 1914924 10942
1904327 1915089 10762
1910298 1916937 6639
1915240 1921887 6647
1910113 1922877 12764
1912582 1923537 10955
1914891 1925649 10758
1915373 1926309 10936
1912675 1928223 15548
1922049 1928685 6636
1917863 1931424 13561
1924017 1934823 10806
1920871 1936044 15173
1919189 1937199 18010
1924098 1941786 17688
1931111 1942050 10939
1932939 1943370 10431
1937711 1943997 6286
1937396 1944096 6700
1923492 1944492 21000
1937415 1944624 7209
1938416 1945581 7165
1943311 1949970 6659
1936661 1951125 14464
1938178 1951587 13409
1950404 1961223 10819
1952187 1963005 10818
1956967 1963269 6302
1953493 1964292 10799
1955519 1966338 10819
1961407 1967691 6284
1962050 1968714 6664
1962608 1968879 6271
1965130 1971420 6290
1961840 1972278 10438
1965274 1979637 14363
1975950 1982244 6294
1971952 1982772 10820
1972839 1983267 10428
1974746 1985577 10831
1976802 1987755 10953
1977065 1991550 14485
1978147 1992606 14459
1982257 1992705 10448
1985120 1993266 8146
1983712 1994817 11105
1988215 1994850 6635
1986458 1995642 9184
1989107 1995807 6700
1986343 1997820 11477
1994877 2001516 6639
1986183 2003100 16917
1988300 2003727 15427
1988024 2004288 16264
1992669 2004288 11619
1993478 2004288 10810
1988617 2006796 18179
1998717 2009172 10455
2004557 2011218 6661
1997097 2011680 14583
1997248 2011680 14432
2004677 2011812 7135
1998053 2012109 14056
2002767 2013660 10893
1996815 2014650 17835
2005725 2015244 9519
2009793 2016069 6276
2009208 2018313 9105
2009968 2018643 8675
2010601 2019171 8570
2011891 2019699 7808
2008145 2020524 12379
2008408 2022009 13601
2009115 2022108 12993
2010021 2023230 13209
2015626 2026035 10409
2022106 2028741 6635
2014772 2028774 14002
2015791 2031084 15293
2015196 2031744 16548
2015596 2032767 17171
2023741 2034054 10313
2019532 2034384 14852
2026073 2035143 9070
2019400 2037189 17789
2023179 2038707 15528
2033865 2040159 6294
2018853 2040918 22065
2030562 2042469 11907
2028424 2044218 15794
2027766 2045373 17607
2031095 2045571 14476
2036435 2047353 10918
2035839 2047749 11910
2041720 2048376 6656
2045447 2051742 6295
2045529 2051808 6279
2042820 2053722 10902
2042430 2053986 11556
2040410 2055075 14665
2050715 2056989 6274
2046459 2057286 10827
2048978 2057847 8869
2044331 2059035 14704
2048549 2060487 11938
2051434 2062137 10703
2049194 2062170 12976
2053024 2063292 10268
2047236 2063688 16452
2056276 2063787 7511
2054018 2064975 10957
2058013 2065470 7457
2051266 2066493 15227
2045639 2067087 21448
2052417 2067384 14967
2060720 2067384 6664
2057981 2072466 14485
2062336 2073159 10823
2065846 2073819 7973
2068420 2074776 6356
2058445 2075601 17156
2065573 2076756 11183
2066407 2077350 10943
2071360 2077647 6287
2069263 2078010 8747
2065296 2078670 13374
2073370 2079660 6290
2065644 2079759 14115
2062562 2081442 18880
2074788 2081442 6654
2073009 2084214 11205
2080648 2086920 6272
2077256 2087217 9961
2075634 2088867 13233
2076917 2089857 12940
2074933 2090484 15551
2076964 2090550 13586
2084102 2095038 10936
2088551 2095203 6652
2077242 2095335 18093
2090337 2096622 6285
2090342 2096622 6280
2091912 2098206 6294
2088477 2098470 9993
2096446 2102727 6281
2093751 2104674 10923
2100073 2106720 6647
2094964 2107149 12185
2102554 2109195 6641
2103559 2110218 6659
2103841 2115135 11294
2105126 2116257 11131
2106051 2117280 11229
2106897 2118303 11406
2102312 2119161 16849
2107330 2121471 14141
2113300 2121636 8336
2108983 2122362 13379
2117001 2123286 6285
2116162 2123814 7652
2114754 2125431 10677
2106977 2125662 18685
2107936 2126058 18122
2117314 2129061 11747
2118652 2129622 10970
2115039 2131404 16365
2115542 2131965 16423
2125776 2132064 6288
2114833 2132757 17924
2108519 2134110 25591
2123441 2135529 12088
2130215 2136486 6271
2116403 2137410 21007
2122060 2138565 16505
2132016 2138664 6648
2125320 2139786 14466
2125394 2140413 15019
2129894 2142459 12565
2132743 2144241 11498
2133719 2144538 10819
2135643 2144868 9225
2129980 2147046 17066
2133286 2147739 14453
2135049 2149224 14175
2131602 2149884 18282
2131084 2151336 20252
2135522 2152986 17464
2150345 2156649 6304
2136394 2156682 20288
2144720 2156913 12193
2150719 2157243 6524
2140233 2159487 19254
2135876 2160147 24271
2139158 2160378 21220
2137683 2161005 23322
2148029 2167407 19378
2150258 2167539 17281
2156500 2169189 12689
2149028 2170080 21052
2142995 2170410 27415
2164146 2170443 6297
2148051 2170575 22524
2155113 2170773 15660
2164821 2171103 6282
2159689 2171961 12272
2161647 2172621 10974
2152998 2173281 20283
2164718 2174436 9718
2167974 2175558 7584
2154404 2177076 22672
2169111 2177076 7965
2158790 2177373 18583
2161090 2177571 16481
2162104 2177901 15797
2162139 2178231 16092
2168764 2181300 12536
2175900 2182554 6654
2166271 2184435 18164
2173027 2185392 12365
2170823 2185953 15130
2166400 2187174 20774
2170025 2187735 17710
2173436 2188725 15289
2182450 2188725 6275
2182682 2189319 6637
2178781 2189583 10802
2184094 2190375 6281
2171814 2191695 19881
2187760 2194104 6344
2188214 2194500 6286
2188535 2194830 6295
2189200 2195853 6653
2185442 2196348 10906
2186849 2197536 10687
2191861 2198526 6665
2188695 2202684 13989
2197100 2203377 6277
2193958 2204895 10937
2193901 2205390 11489
2199054 2207304 8250
2196693 2207634 10941
2196963 2207832 10869
2194704 2208030 13326
2195640 2208030 12390
2195197 2210406 15209
2195660 2210934 15274
2195002 2210967 15965
2207122 2213409 6287
2203434 2214234 10800
2198769 2214729 15960
2201960 2215422 13462
2207656 2217039 9383
2202780 2219646 16866
2213710 2220504 6794
2204166 2222913 18747
2212180 2223276 11096
2213632 2224431 10799
2213912 2225685 11773
2216146 2226939 10793
2211796 2228325 16529
2214837 2229216 14379
2217531 2229579 12048
2220018 2231460 11442
2224500 2231625 7125
2218409 2232582 14173
2226224 2233869 7645
2226526 2234397 7871
2222206 2235684 13478
2231804 2238423 6619
2223972 2238456 14484
2234515 2241162 6647
2231767 2241426 9659
2231537 2243373 11836
2237385 2243670 6285
2238486 2244759 6273
2231359 2245320 13961
2227466 2245485 18019
2232251 2246739 14488
2232993 2247003 14010
2234451 2248290 13839
2242497 2248785 6288
2239987 2250138 10151
2234982 2252382 17400
2238963 2252976 14013
2247492 2254494 7002
2248013 2254824 6811
2245394 2257497 12103
2245811 2259147 13336
2242541 2259444 16903
2253929 2260203 6274
2242441 2260335 17894
2254634 2260995 6361
2256143 2262414 6271
2245612 2263074 17462
2243333 2263602 20269
2249817 2264922 15105
2245639 2266704 21065
2248937 2270070 21133
2264831 2271126 6295
2265343 2271621 6278
2262944 2273898 10954
2265624 2276109 10485
2266604 2277000 10396
2267079 2277627 10548
2268531 2279475 10944
2260191 2280861 20670
2269483 2282445 12962
2269955 2284524 14569
2278820 2285481 6661
2271901 2285712 13811
2279627 2285910 6283
2275890 2286339 10449
2280211 2290662 10451
2285146 2291784 6638
2285991 2292279 6288
2286074 2292345 6271
2287026 2297955 10929
2291650 2302575 10925
2293377 2304258 10881
2290201 2304951 14750
2291058 2305017 13959
2291652 2306172 14520
2291997 2306469 14472
2296157 2309142 12985
2298399 2309274 10875
2298157 2309670 11513
2300208 2310990 10782
2300344 2311716 11372
2299508 2313960 14452
2299125 2316237 17112
2312397 2318943 6546
2312049 2322507 10458
2308076 2322540 14464
2312329 2322771 10442
2318054 2324718 6664
2312229 2325609 13380
2322270 2328546 6276
2318185 2328645 10460
2316830 2329041 12211
2316178 2331087 14909
2321028 2331483 10455
2321865 2332803 10938
2328550 2335212 6662
2325066 2338446 13380
2329393 2340195 10802
2327276 2341251 13975
2328771 2343396 14625
2334392 2343495 9103
2337416 2343693 6277
2329886 2345904 16018
2332256 2346465 14209
2333441 2346630 13189
2332919 2346762 13843
2334660 2348610 13950
2335767 2349732 13965
2340007 2349897 9890
2344603 2351250 6647
2339150 2351910 12760
2343590 2352999 9409
2342090 2354022 11932
2341195 2355672 14477
2344188 2356167 11979
2343548 2357091 13543
2338755 2358906 20151
2349164 2362074 12910
2353789 2363163 9374
2340075 2364813 24738
2345849 2367948 22099
2349988 2368311 18323
2344778 2368575 23797
2358031 2369532 11501
2349298 2371050 21752
2363150 2372667 9517
2350675 2374713 24038
2362364 2374911 12547
2368879 2377716 8837
2364745 2378145 13400
2369533 2378244 8711
2351864 2378508 26644
2372379 2380620 8241
2359301 2380818 21517
2374822 2381115 6293
2375552 2381907 6355
2367289 2382501 15212
2369520 2384745 15225
2375778 2386725 10947
2381434 2387715 6281
2378159 2389101 10942
2374127 2389827 15700
2373456 2389959 16503
2381487 2391939 10452
2385753 2392038 6285
2380037 2392698 12661
2386988 2393622 6634
2383309 2395866 12557
2386931 2397384 10453
2380267 2398968 18701
2387256 2401245 13989
2387267 2402037 14770
2395693 2402334 6641
2389738 2403984 14246
2394502 2404776 10274
2388592 2404875 16283
2398608 2404908 6300
2396755 2405733 8978
2396033 2406855 10822
2396731 2407977 11246
2401863 2408604 6741
2399033 2410254 11221
2400744 2411178 10434
2402846 2413653 10807
2407095 2417547 10452
2412394 2419032 6638
2409705 2420517 10812
2415383 2422068 6685
2414329 2423157 8828
2413539 2424477 10938
2415187 2425632 10445
2409750 2425698 15948
2414241 2427711 13470
2420978 2427711 6733
2416731 2427744 11013
2419922 2430846 10924
2421179 2432133 10954
2421911 2432727 10816
2421936 2436390 14454
2430660 2437314 6654
2423311 2439591 16280
2429261 2443221 13960
2432718 2443518 10800
2437988 2444640 6652
2438521 2445168 6647
2435805 2446752 10947
2433109 2446884 13775
2432938 2447841 14903
2426475 2447940 21465
2441993 2448270 6277
2432504 2449524 17020
2436430 2451174 14744
2440278 2451834 11556
2440436 2454276 13840
2443484 2454408 10924
2439578 2455068 15490
2450422 2456751 6329
2443244 2457642 14398
2442835 2458929 16094
2454657 2460942 6285
2454777 2461074 6297
2443093 2461602 18509
2449524 2461866 12342
2448249 2462328 14079
2453231 2464671 11440
2451551 2465925 14374
2456159 2466618 10459
2456685 2468235 11550
2462429 2468730 6301
2452557 2468763 16206
2461093 2472030 10937
2460528 2473515 12987
2458039 2474175 16136
2463466 2474439 10973
2456660 2476914 20254
2470820 2477112 6292
2469780 2479059 9279
2462481 2479389 16908
2473292 2479587 6295
2466049 2480148 14099
2465865 2482590 16725
2468519 2483778 15259
2467746 2484372 16626
2475961 2486781 10820
2471905 2486913 15008
2473392 2488431 15039
2477269 2489652 12383
2479348 2489784 10436
2480700 2491599 10899
2485233 2491896 6663
2482443 2493414 10971
2487705 2493975 6270
2479005 2494041 15036
2485800 2496747 10947
2479292 2497308 18016
2487167 2497869 10702
2492604 2499288 6684
2498034 2504304 6270
2483589 2504535 20946
2493963 2506185 12222
2491874 2509419 17545
2493602 2509881 16279
2493489 2509980 16491
2490345 2510244 19899
2504945 2511234 6289
2506138 2512653 6515
2494892 2513247 18355
2503513 2513973 10460
2502581 2515986 13405
2505652 2516151 10499
2508636 2516283 7647
2510669 2516943 6274
2499136 2518098 18962
2512359 2520342 7983
2515542 2522190 6648
2506969 2522355 15386
2509165 2522883 13718
2517034 2523312 6278
2517129 2523411 6282
2513112 2524500 11388
2511194 2525655 14461
2519958 2527437 7479
2514107 2528790 14683
2518190 2530110 11920
2524738 2532024 7286
2525675 2532321 6646
2516481 2532915 16434
2513830 2534664 20834
2529253 2535555 6302
2531896 2538195 6299
2527790 2538228 10438
2525662 2540274 14612
2533854 2540505 6651
2531082 2541033 9951
2530901 2541825 10924
2528193 2542716 14523
2526883 2543607 16724
2528830 2544168 15338
2536344 2546016 9672
2540259 2546544 6285
2533146 2548854 15708
2534906 2548887 13981
2534708 2549316 14608
2536715 2549976 13261
2538632 2550273 11641
2536151 2550735 14584
2535370 2552682 17312
2543390 2552715 9325
2543670 2553573 9903
2548348 2554992 6644
2549301 2555949 6648
2536580 2558457 21877
2537555 2558457 20902
2548768 2561790 13022
2548160 2561856 13696
2545073 2563572 18499
2548624 2564199 15575
2546294 2564628 18334
2558750 2565519 6769
2559742 2566377 6635
2556910 2567334 10424
2554169 2567730 13561
2559520 2568060 8540
2556740 2569116 12376
2558648 2569710 11062
2552935 2571030 18095
2550777 2571657 20880
2563305 2574099 10794
2559693 2574396 14703
2564022 2574759 10737
2568430 2576442 8012
2565914 2576706 10792
2558402 2577531 19129
2568080 2578521 10441
2572583 2579247 6664
2569802 2579544 9742
2575071 2581722 6651
2568720 2582019 13299
2565512 2583999 18487
2579579 2585880 6301
2581335 2587629 6294
2585995 2592282 6287
2581776 2592579 10803
2588645 2595285 6640
2589325 2595615 6290
2592950 2599245 6295
2585050 2600004 14954
2588511 2602479 13968
2592544 2603469 10925
2593518 2604327 10809
2594971 2604525 9554
2594704 2609079 14375
2604884 2615811 10927
2605433 2616372 10939
2605017 2618946 13929
2609213 2621817 12604
2612578 2622213 9635
2612734 2622774 10040
2612434 2623236 10802
2615322 2625843 10521
2612529 2625975 13446
2614725 2626668 11943
2616613 2627064 10451
2623222 2629506 6284
2613483 2629902 16419
2620460 2630892 10432
2617424 2633961 16537
2618827 2633961 15134
2628434 2634720 6286
2617786 2636403 18617
2624828 2636964 12136
2623448 2640231 16783
2630533 2641353 10820
2635799 2642442 6643
2632943 2643036 10093
2627161 2643531 16370
2638037 2644323 6286
2638778 2645049 6271
2636324 2647260 10936
2634269 2648943 14674
2643368 2649669 6301
2636659 2651121 14462
2640794 2651253 10459
2638096 2653068 14972
2644276 2655279 11003
2642630 2655741 13111
2646633 2655840 9207
2648547 2656335 7788
2644768 2658744 13976
2648027 2659437 11410
2648791 2659734 10943
2645448 2659965 14517
2656461 2662737 6276
2659792 2666433 6641
2657995 2668446 10451
2661554 2668677 7123
2658742 2669535 10793
2658509 2671548 13039
2660928 2672307 11379
2656728 2674980 18252
2663250 2675409 12159
2664049 2677719 13670
2660689 2678346 17657
2668232 2679039 10807
2673063 2679336 6273
2674255 2680920 6665
2662342 2681118 18776
2667009 2682405 15396
2665161 2682438 17277
2668618 2684286 15668
2677520 2688444 10924
2678948 2689764 10816
2684019 2691117 7098
2681506 2692437 10931
2680541 2693856 13315
2684070 2694516 10446
2683883 2694681 10798
2688664 2695308 6644
2680964 2695671 14707
2690273 2698674 8401
2682871 2698971 16100
2691813 2699202 7389
2686745 2700258 13513
2684840 2700753 15913
2695662 2701941 6279
2689235 2702700 13465
2687169 2702997 15828
2693936 2704482 10546
2690856 2704845 13989
2694531 2705043 10512
2699633 2706297 6664
2691938 2706396 14458
2700346 2707056 6710
2692023 2707617 15594
2701011 2707815 6804
2695367 2707980 12613
2690652 2708508 17856
2696321 2708574 12253
2699469 2709630 10161
2703077 2709729 6652
2697267 2710785 13518
2700745 2711346 10601
2701552 2711610 10058
2697313 2713359 16046
2709347 2715636 6289
2699120 2715867 16747
2709276 2715933 6657
2710282 2718111 7829
2701682 2719035 17353
2703677 2720487 16810
2709777 2721576 11799
2712427 2723358 10931
2702777 2723787 21010
2717454 2725998 8544
2717765 2726526 8761
2720088 2726724 6636
2712438 2727087 14649
2711205 2727945 16740
2716897 2730189 13292
2718762 2730222 11460
2724303 2730585 6282
2726679 2732961 6282
2722935 2733390 10455
2722032 2736624 14592
2721068 2737053 15985
2727574 2738373 10799
2733391 2740056 6665
2733973 2741277 7304
2728075 2742531 14456
2733342 2744280 10938
2737930 2744643 6713
2739768 2746425 6657
2735958 2746755 10797
2740117 2747019 6902
2733879 2748504 14625
2744127 2750418 6291
2744155 2750715 6560
2744796 2751507 6711
2740804 2751606 10802
2741533 2754906 13373
2749468 2755764 6296
2751298 2757579 6281
2751964 2758305 6341
2743932 2758536 14604
2741894 2758800 16906
2752046 2761968 9922
2756050 2762331 6281
2756381 2762925 6544
2746277 2764608 18331
2754694 2765499 10805
2757233 2767644 10411
2757064 2767875 10811
2759353 2770152 10799
2764448 2771109 6661
2768224 2774871 6647
2768605 2774904 6299
2766120 2777247 11127
2772846 2779128 6282
2769062 2780019 10957
2770260 2780745 10485
2767544 2781900 14356
2772457 2783055 10598
2772669 2783616 10947
2773350 2784342 10992
2776586 2787510 10924
2776995 2787939 10944
2778740 2790051 11311
2783221 2791371 8150
2785083 2791371 6288
2781384 2792229 10845
2785827 2792460 6633
2786170 2792460 6290
2777240 2794968 17728
2785849 2796783 10934
2781903 2797146 15243
2779503 2799291 19788
2785953 2800017 14064
2794311 2800974 6663
2795829 2802129 6300
2792623 2802789 10166
2796404 2803053 6649
2799262 2805561 6299
2799926 2806584 6658
2791880 2806617 14737
2797141 2809653 12512
2801139 2812821 11682
2806250 2813382 7132
2809531 2819751 10220
2804109 2820312 16203
2810508 2820939 10431
2815577 2822325 6748
2809156 2823117 13961
2809718 2825460 15742
2812329 2825559 13230
2814963 2826087 11124
2813618 2826582 12964
2816557 2828727 12170
2814480 2833380 18900
2821754 2833545 11791
2826108 2837043 10935
2819664 2837076 17412
2821168 2838000 16832
2828159 2838957 10798
2830478 2840937 10459
2826129 2842224 16095
2836039 2843016 6977
2830650 2845392 14742
2839995 2846646 6651
2830755 2848626 17871
2838012 2848956 10944
2840435 2851365 10930
2834729 2851728 16999
2835621 2852421 16800
2848760 2855061 6301
2848928 2855589 6661
2834748 2855721 20973
2839619 2857899 18280
2843128 2857899 14771
2852130 2858427 6297
2846981 2859021 12040
2855929 2862585 6656
2854717 2864070 9353
2854185 2865126 10941
2846956 2867172 20216
2857292 2867733 10441
2858385 2869317 10932
2859010 2869812 10802
2861116 2869812 8696
2859632 2870571 10939
2862223 2872419 10196
2856780 2873706 16926
2859234 2875554 16320
2865420 2875851 10431
2870511 2878095 7584
2872015 2878656 6641
2872371 2879019 6648
2872589 2881989 9400
2867286 2885223 17937
2875005 2885817 10812
2872028 2885949 13921
2875061 2891625 16564
2873422 2892186 18764
2871783 2892285 20502
2875375 2893374 17999
2890280 2896938 6658
2891171 2897466 6295
2891909 2898192 6283
2885388 2898225 12837
2881142 2898687 17545
2888785 2898786 10001
2879419 2900403 20984
2898654 2904924 6270
2899387 2906046 6659
2891829 2906310 14481
2902003 2908290 6287
2903048 2909346 6298
2895233 2909610 14377
2903556 2909841 6285
2897276 2910270 12994
2904579 2910864 6285
2904611 2910897 6286
2904560 2911194 6634
2905405 2912118 6713
2906831 2913471 6640
2908553 2915187 6634
2908637 2915286 6649
2913381 2920038 6657
2913844 2920500 6656
2908012 2921358 13346
2909447 2921919 12472
2907663 2922843 15180
2909171 2924097 14926
2914153 2925219 11066
2915026 2925978 10952
2918956 2926506 7550
2912486 2926869 14383
2914786 2928057 13271
2912306 2928123 15817
2913710 2929245 15535
2924295 2930565 6270
2925461 2931753 6292
2921129 2931951 10822
2921992 2932809 10817
2927325 2933634 6309
2927924 2934195 6271
2926523 2936967 10444
2932102 2938386 6284
2916479 2939475 22996
2929328 2939772 10444
2929850 2942016 12166
2937527 2943798 6271
2937654 2943930 6276
2928522 2945250 16728
2930567 2948352 17785
2942239 2948880 6641
2944190 2950827 6637
2931913 2951652 19739
2946346 2953005 6659
2942607 2953038 10431
2933986 2954886 20900
2949656 2956305 6649
2949237 2957955 8718
2937251 2957988 20737
2937273 2958747 21474
2948439 2959242 10803
2952587 2959242 6655
2948847 2960628 11781
2955508 2962146 6638
2957058 2963697 6639
2943270 2963730 20460
2951572 2965809 14237
2939869 2967294 27425
2959516 2968416 8900
2963525 2972343 8818
2958974 2976732 17758
2964530 2976996 12466
2962700 2977161 14461
2972580 2979240 6660
2966667 2980164 13497
2968254 2980692 12438
2974542 2981253 6711
2974597 2983299 8702
2972961 2983398 10437
2971449 2983827 12378
2974011 2985840 11829
2972228 2986698 14470
2973938 2986929 12991
2976037 2988513 12476
2977712 2989965 12253
2979376 2990196 10820
2981657 2992110 10453
2980366 2993298 12932
2978988 2994222 15234
2985574 2996367 10793
2987548 2998479 10931
2984792 2999139 14347
2989789 2999502 9713
2993271 3000261 6990
2994600 3001383 6783
2995401 3001680 6279
2995311 3002043 6732
2992393 3005277 12884
2995923 3006729 10806
2996253 3007191 10938
3002240 3008511 6271
2994041 3008907 14866
3002797 3009171 6374
3000800 3011745 10945
3006953 3013230 6277
3006780 3013428 6648
2999422 3014022 14600
3002125 3014781 12656
3011074 3017718 6644
3007532 3018180 10648
3001037 3018840 17803
3002892 3020358 17466
3007075 3021117 14042
3009164 3023625 14461
3018412 3025407 6995
3019925 3026199 6274
3019154 3028707 9553
3018809 3029268 10459
3013652 3030159 16507
3016559 3031017 14458
3022513 3032370 9857
3019407 3033525 14118
3023717 3034515 10798
3029964 3036297 6333
3026646 3037584 10938
3025220 3039828 14608
3026095 3040422 14327
3030149 3040587 10438
3026739 3040686 13947
3032181 3043128 10947
3028980 3043656 14676
3031263 3046395 15132
3041571 3048210 6639
3034290 3048870 14580
3039918 3051345 11427
3032129 3051576 19447
3037495 3051675 14180
3040013 3052203 12190
3036932 3052236 15304
3040225 3052368 12143
3038891 3053358 14467
3040344 3053952 13608
3042921 3054975 12054
3045730 3055008 9278
3040408 3055371 14963
3043834 3055701 11867
3042711 3057813 15102
3052871 3059529 6658
3045088 3059760 14672
3048282 3062994 14712
3048118 3065568 17450
3054548 3067251 12703
3054060 3068043 13983
3060195 3070650 10455
3055924 3070947 15023
3062240 3073059 10819
3062027 3076656 14629
3067327 3077778 10451
3072786 3079065 6279
3073516 3079791 6275
3067864 3080715 12851
3073822 3084642 10820
3078948 3086952 8004
3081135 3087414 6279
3079522 3087447 7925
3082782 3089427 6645
3077911 3092397 14486
3082858 3093651 10793
3083720 3094179 10459
3087535 3094179 6644
3087825 3096852 9027
3091655 3097941 6286
3092553 3098832 6279
3089514 3100449 10935
3094872 3101142 6270
3090065 3101208 11143
3090505 3101703 11198
3091496 3102429 10933
3092968 3103419 10451
3098274 3104937 6663
3095515 3109755 14240
3101450 3112395 10945
3098006 3112461 14455
3097877 3114804 16927
3107385 3117840 10455
3102898 3118071 15173
3105768 3118566 12798
3112404 3118962 6558
3105271 3119754 14483
3114321 3120612 6291
3111200 3121998 10798
3111968 3122526 10558
3112071 3125661 13590
3116388 3128730 12342
3122797 3129456 6659
3116202 3130974 14772
3114365 3131007 16642
3117193 3131667 14474
3120880 3134142 13262
3127573 3134208 6635
3123760 3136089 12329
3122037 3136914 14877
3127782 3137442 9660
3123606 3138267 14661
3127914 3139224 11310
3129281 3139455 10174
3129441 3140049 10608
3125006 3140313 15307
3124393 3140676 16283
3136534 3142821 6287
3137300 3143580 6280
3131040 3145890 14850
3134971 3146451 11480
3129041 3148068 19027
3135269 3148299 13030
3142122 3151005 8883
3146233 3152886 6653
3137922 3154569 16647
3145225 3158496 13271
3145387 3159321 13934
3142654 3159783 17129
3146268 3160938 14670
3145697 3162555 16858
3152628 3163578 10950
3145425 3165525 20100
3154288 3168792 14504
3159366 3169386 10020
3154624 3169452 14828
3160735 3169914 9179
3164161 3170442 6281
3155031 3172554 17523
3159232 3173181 13949
3153713 3173412 19699
3168508 3175095 6587
3160019 3176778 16759
3162501 3177075 14574
3157809 3177240 19431
3167871 3179121 11250
3167240 3179220 11980
3173701 3181233 7532
3171749 3182190 10441
3176083 3182355 6272
3174150 3185424 11274
3175637 3186084 10447
3177865 3188790 10925
3180421 3190869 10448
3184767 3191430 6663
3185278 3191562 6284
3185983 3192255 6272
3177549 3193971 16422
3185071 3196611 11540
3186205 3197271 11066
3187856 3198657 10801
3192695 3198987 6292
3189085 3199515 10430
3190095 3200538 10443
3195050 3201693 6643
3193091 3204036 10945
3202039 3208689 6650
3197480 3211956 14476
3204931 3215388 10457
3207555 3218490 10935
3207629 3222087 14458
3216031 3222318 6287
3213042 3223473 10431
3217909 3224562 6653
3212767 3225288 12521
3212433 3226905 14472
3219202 3230205 11003
3224389 3230667 6278
3221628 3232086 10458
3216385 3233472 17087
3220633 3234297 13664
3221103 3234462 13359
3219671 3234726 15055
3219311 3237399 18088
3227305 3237762 10457
3230109 3238818 8709
3231587 3238851 7264
3232663 3239445 6782
3227933 3240072 12139
3234036 3240699 6663
3227498 3243108 15610
3229970 3244659 14689
3231846 3246309 14463
3229894 3247497 17603
3229401 3247629 18228
3237044 3247827 10783
3241113 3248982 7869
3242626 3249741 7115
3243141 3249774 6633
3236034 3254097 18063
3238280 3254757 16477
3239565 3255780 16215
3252563 3258849 6286
3249538 3260334 10796
3255327 3261720 6393
3250806 3261753 10947
3254669 3265119 10450
3252816 3267297 14481
3261317 3267957 6640
3258319 3270597 12278
3258950 3271521 12571
3257029 3271983 14954
3254884 3272643 17759
3256434 3273666 17232
3260123 3273831 13708
3265381 3275118 9737
3268924 3275712 6788
3264447 3276141 11694
3266101 3276999 10898
3263600 3277230 13630
3260711 3279771 19060
3264657 3280035 15378
3269340 3280266 10926
3262250 3280464 18214
3274284 3280926 6642
3278191 3284490 6299
3275495 3285942 10447
3276654 3288285 11631
3280593 3291651 11058
3283929 3294720 10791
3279546 3295611 16065
3285305 3296238 10933
3286394 3297888 11494
3294374 3301023 6649
3294588 3301221 6633
3287922 3301980 14058
3293270 3303729 10459
3296064 3306501 10437
3300616 3307260 6644
3297103 3308052 10949
3299772 3309636 9864
3301751 3311748 9997
3300860 3311814 10954
3305257 3311913 6656
3307930 3314223 6293
3301851 3316830 14979
3311342 3318381 7039
3304574 3319140 14566
3305616 3320790 15174
3304996 3322077 17081
3315699 3322374 6675
3314775 3325212 10437
3311153 3325311 14158
3305784 3326532 20748
3315317 3327390 12073
3313839 3328380 14541
3323197 3329469 6272
3320331 3330492 10161
3315143 3332637 17494
3317334 3333792 16458
3319021 3334716 15695
3321839 3334815 12976
3318219 3335277 17058
3329284 3337026 7742
3330828 3337224 6396
3330810 3337455 6645
3320116 3339567 19451
3331443 3339567 8124
3329603 3340425 10822
3330228 3340656 10428
3332130 3344319 12189
3332989 3348477 15488
3342668 3348939 6271
3333647 3349368 15721
3343472 3349797 6325
3336609 3351117 14508
3340810 3351612 10802
3349077 3355737 6660
3337343 3355902 18559
3341295 3356067 14772
3339239 3356562 17323
3344628 3358740 14112
3353716 3360357 6641
3349703 3361875 12172
3345933 3361941 16008
3357534 3364185 6651
3359428 3366066 6638
3361955 3368244 6289
3357720 3368541 10821
3362665 3368937 6272
3355110 3370488 15378
3359237 3370950 11713
3365806 3372138 6332
3362111 3373623 11512
3363036 3375669 12633
3360965 3375900 14935
3360012 3377253 17241
3372451 3379299 6848
3369555 3379629 10074
3366882 3380916 14034
3367162 3381642 14480
3368311 3383820 15509
3369574 3387087 17513
3373985 3387252 13267
3373571 3387648 14077
3381736 3389694 7958
3380981 3391773 10792
3377880 3392334 14454
3380319 3392565 12246
3383557 3394050 10493
3381150 3395139 13989
3386465 3395172 8707
3389416 3395799 6383
3384796 3397218 12422
3390207 3397218 7011
3387772 3398571 10799
3383987 3400452 16465
3389013 3400980 11967
3389420 3401541 12121
3395487 3402135 6648
3397027 3404148 7121
3390806 3404643 13837
3393098 3408240 15142
3392982 3410088 17106
3404565 3411210 6645
3393390 3412959 19569
3407265 3413916 6651
3410107 3416754 6647
3407268 3418206 10938
3410547 3421143 10596
3412698 3423519 10821
3419778 3426060 6282
3418070 3427281 9211
3418471 3428931 10460
3417129 3430812 13683
3420819 3431637 10818
3422238 3433056 10818
3428758 3435036 6278
3425588 3435828 10240
3425489 3436290 10801
3431501 3441966 10465
3430747 3445233 14486
3431628 3446091 14463
3435685 3446619 10934
3431903 3447378 15475
3438941 3449886 10945
3439039 3449985 10946
3444813 3451998 7185
3439867 3453879 14012
3443380 3454308 10928
3449196 3455859 6663
3452124 3458763 6639
3454013 3460314 6301
3446995 3461139 14144
3455419 3462063 6644
3456013 3462294 6281
3456109 3462888 6779
3458508 3464802 6294
3460308 3466584 6276
3456245 3467310 11065
3455415 3467508 12093
3459638 3470445 10807
3457613 3470544 12931
3455020 3472029 17009
3452894 3472755 19861
3467417 3473712 6295
3458049 3473778 15729
3463852 3474801 10949
3461657 3475593 13936
3466159 3475824 9665
3466279 3476418 10139
3462626 3476616 13990
3468286 3477903 9617
3471172 3478431 7259
3465799 3479652 13853
3463682 3481104 17422
3471088 3481962 10874
3471130 3482655 11525
3479078 3485361 6283
3468512 3485625 17113
3480924 3487209 6285
3480411 3487605 7194
3475893 3488430 12537
3471408 3489321 17913
3483379 3489651 6272
3479015 3489816 10801
3483049 3490080 7031
3483244 3491202 7958
3474224 3492291 18067
3481914 3492852 10938
3481681 3493446 11765
3486996 3493644 6648
3484583 3495723 11140
3485241 3496185 10944
3482447 3497208 14761
3485222 3498066 12844
3494117 3500772 6655
3494201 3501366 7165
3491774 3502587 10813
3488493 3502950 14457
3497936 3504699 6763
3494115 3504930 10815
3498700 3504996 6296
3490120 3505359 15239
3502925 3513873 10948
3503025 3513972 10947
3506984 3517074 10090
3511287 3517932 6645
3513787 3521364 7577
3506196 3521628 15432
3507860 3522321 14461
3512297 3522750 10453
3516594 3522882 6288
3508482 3522948 14466
3516271 3523740 7469
3507193 3525291 18098
3511671 3525522 13851
3521027 3527667 6640
3513741 3528030 14289
3522772 3529053 6281
3521439 3531132 9693
3524649 3531297 6648
3529740 3536379 6639
3525169 3537369 12200
3527056 3538689 11633
3533119 3539778 6659
3529541 3541131 11590
3528056 3541956 13900
3533564 3544497 10933
3535676 3544959 9283
3538287 3547962 9675
3532124 3548226 16102
3528607 3548325 19718
3534147 3550767 16620
3538076 3551394 13318
3538523 3552813 14290
3539075 3553836 14761
3541480 3554133 12653
3545400 3554529 9129
3539540 3554628 15088
3542873 3555156 12283
3549806 3557070 7264
3540081 3557730 17649
3544832 3557730 12898
3545913 3558258 12345
3548994 3559941 10947
3554624 3561261 6637
3555754 3562053 6299
3545814 3562845 17031
3557575 3563868 6293
3553011 3564660 11649
3546764 3566013 19249
3543170 3566970 23800
3562206 3568488 6282
3561960 3568719 6759
3553255 3569148 15893
3559828 3570633 10805
3561583 3572382 10799
3563488 3573933 10445
3563785 3576672 12887
3568530 3576837 8307
3565554 3577464 11910
3567464 3579939 12475
3571905 3582348 10443
3572342 3582777 10435
3567288 3583140 15852
3576492 3585615 9123
3576541 3586341 9800
3573727 3587100 13373
3582258 3588552 6294
3574585 3588750 14165
3578188 3589278 11090
3575775 3589311 13536
3575425 3589740 14315
3573619 3590202 16583
3583752 3591489 7737
3583576 3592050 8474
3585639 3592611 6972
3587185 3593469 6284
3579185 3593502 14317
3589471 3596109 6638
3585419 3596373 10954
3586911 3598353 11442
3592620 3599277 6657
3585373 3599904 14531
3584003 3601587 17584
3595736 3602379 6643
3588062 3607197 19135
3596938 3607989 11051
3594917 3609045 14128
3596940 3609078 12138
3595074 3610464 15390
3598214 3611058 12844
3599236 3614325 15089
3598697 3617955 19258
