653 7293 6640
5560 15279 9719
5482 16302 10820
11186 17457 6271
11469 18315 6846
13901 24717 10816
18516 24816 6300
16018 26961 10943
17018 27951 10933
25858 32505 6647
26991 41448 14457
31061 45540 14479
39919 46200 6281
29440 47157 17717
41005 47289 6284
33496 47817 14321
35162 47982 12820
43857 50127 6270
35833 51744 15911
46177 52833 6656
50374 56661 6287
41805 58245 16440
50389 64845 14456
64694 71346 6652
65479 71775 6296
60948 71874 10926
65559 72204 6645
72053 78342 6289
71828 81543 9715
70795 84777 13982
71622 86592 14970
77634 88605 10971
76640 90618 13978
84930 91575 6645
85011 92169 7158
80018 93885 13867
90642 101442 10800
96028 106458 10430
103052 109494 6442
99330 109758 10428
99468 110418 10950
99840 111144 11304
102625 113058 10433
102766 113223 10457
100702 114675 13973
106524 120648 14124
105153 121671 16518
106651 124014 17363
114219 124707 10488
119106 129921 10815
122017 132957 10940
128749 139557 10808
131953 142395 10442
142785 149061 6276
141213 151668 10455
149113 155397 6284
144201 158664 14463
147828 158763 10935
153330 160050 6720
149151 161271 12120
151238 162162 10924
157024 163317 6293
159351 165990 6639
152475 167574 15099
160096 174966 14870
165589 176022 10433
172580 178860 6280
168501 179322 10821
172472 183282 10810
180124 186417 6293
179023 189948 10925
180629 191433 10804
188858 195492 6634
190451 196746 6295
196180 207108 10928
198390 208824 10434
200786 211596 10810
201995 212949 10954
205353 214236 8883
205931 216381 10450
205704 220341 14637
214382 227271 12889
215417 228030 12613
223562 234003 10441
231759 238392 6633
233031 239316 6285
234032 244464 10432
238950 247005 8055
237084 249810 12726
247223 253506 6283
245731 256542 10811
242796 257400 14604
250276 260502 10226
255376 262020 6644
249682 264066 14384
265326 271623 6297
266116 272778 6662
267873 278817 10944
267701 279213 11512
275040 281688 6648
272420 281952 9532
276605 282876 6271
278206 284493 6287
276725 291687 14962
279677 294162 14485
288586 295251 6665
291179 301620 10441
295479 304293 8814
299205 310002 10797
308653 314952 6299
313473 320133 6660
313715 324654 10939
315578 326007 10429
322112 328746 6634
319400 333861 14461
324266 335082 10816
336718 343002 6284
336731 347655 10924
341569 348216 6647
338383 349206 10823
340235 351351 11116
342957 355509 12552
346452 357390 10938
350408 357588 7180
344253 358116 13863
355439 361713 6274
357177 363825 6648
353733 364551 10818
354067 365343 11276
355567 366399 10832
353874 368478 14604
363663 369963 6300
363126 370821 7695
362344 372801 10457
371913 378213 6300
377128 383427 6299
374293 385242 10949
380806 387090 6284
381396 392337 10941
382390 392865 10475
386503 393162 6659
392322 398970 6648
395470 405900 10430
407604 413886 6282
404762 415701 10939
412072 422895 10823
409392 423852 14460
419515 429957 10442
425527 432168 6641
431022 437316 6294
422870 437349 14479
427299 440418 13119
434864 445797 10933
439802 450747 10945
448267 454542 6275
442208 456687 14479
449729 463716 13987
459923 466224 6301
460684 467049 6365
460853 467511 6658
465650 471933 6283
465992 476421 10429
468569 479523 10954
474514 480810 6296
470471 481272 10801
470113 481734 11621
485927 492591 6664
477271 493317 16046
488699 495000 6301
481011 495396 14385
488464 498498 10034
483956 499059 15103
489574 500511 10937
490083 500511 10428
488495 501633 13138
496185 502821 6636
499832 506121 6289
496808 511269 14461
501117 511929 10812
503358 513810 10452
510285 516945 6660
506253 517176 10923
512277 518925 6648
509942 524403 14461
520283 526944 6661
521432 527703 6271
518740 529683 10943
518729 533214 14485
525115 535920 10805
522152 536118 13966
531044 538296 7252
536980 547800 10820
542767 549516 6749
545963 552618 6655
539540 554136 14596
540225 557106 16881
546790 557238 10448
546857 557304 10447
562981 569283 6302
557066 571527 14461
564044 578424 14380
570322 581130 10808
573917 584364 10447
574945 585915 10970
572090 586575 14485
582824 593637 10813
580847 593670 12823
594316 600963 6647
595621 606078 10457
602200 613008 10808
609417 615714 6297
606570 616143 9573
609248 616671 7423
606433 619806 13373
610958 625317 14359
619345 625647 6302
616681 627495 10814
626228 632874 6646
621548 634821 13273
621711 635217 13506
621518 636108 14590
628792 639243 10451
635404 641685 6281
632943 647427 14484
638085 649737 11652
643266 649902 6636
639204 652542 13338
648212 654852 6640
641874 657723 15849
648326 662805 14479
649327 663696 14369
657836 664125 6289
657493 664158 6665
655145 666072 10927
659770 666435 6665
660147 667029 6882
665358 671649 6291
671012 677655 6643
672807 683760 10953
673368 684387 11019
679408 686169 6761
694724 701019 6295
691544 703131 11587
691533 705870 14337
701263 707916 6653
699762 710688 10926
706329 712965 6636
703246 713790 10544
710705 721149 10444
718515 724812 6297
717979 728904 10925
734367 740652 6285
730084 740883 10799
736571 743325 6754
739689 745965 6276
742302 748935 6633
743395 749694 6299
736076 750057 13981
748978 755634 6656
748067 758868 10801
754209 760485 6276
751681 762135 10454
756996 765996 9000
756219 767415 11196
762774 769428 6654
758562 773025 14463
764635 775071 10436
762637 777249 14612
768389 778833 10444
769238 780186 10948
772148 781935 9787
772436 784311 11875
780066 786720 6654
780517 787182 6665
783119 789756 6637
777296 790086 12790
781593 795762 14169
785340 796290 10950
781590 796488 14898
779234 797049 17815
794782 801075 6293
780695 802890 22195
784376 804309 19933
800988 807279 6291
798911 809358 10447
798852 809391 10539
807576 813846 6270
809961 816255 6294
816888 823548 6660
817895 824175 6280
815388 829851 14463
820807 831237 10430
820856 831303 10447
826076 833085 7009
827995 834636 6641
832119 839157 7038
825842 841368 15526
831924 842853 10929
839953 846615 6662
841415 847704 6289
841523 848166 6643
841036 855624 14588
851713 858363 6650
850007 860805 10798
852799 863610 10811
857844 864501 6657
867525 874170 6645
868062 878988 10926
870599 881034 10435
872486 882915 10429
877923 884202 6279
879871 886149 6278
885643 896445 10802
891795 898458 6663
896480 902781 6301
889025 903375 14350
891874 906708 14834
888462 907038 18576
900795 907071 6276
890787 907170 16383
893276 907863 14587
901586 908226 6640
902785 909084 6299
910521 917169 6648
906886 917829 10943
904174 920898 16724
916386 923043 6657
924485 938949 14464
936084 942843 6759
936417 943074 6657
936989 943734 6745
935437 949443 14006
936077 950532 14455
946152 956604 10452
952670 959310 6640
951128 966108 14980
953990 968451 14461
959729 968880 9151
966655 981024 14369
977085 983730 6645
981841 988119 6278
981902 988548 6646
987274 998217 10943
994451 1000725 6274
997648 1003926 6278
999443 1005741 6298
1000455 1006764 6309
996768 1007721 10953
992716 1009800 17084
1006773 1017225 10452
1003274 1017753 14479
1006609 1020987 14378
1015336 1021614 6278
1019817 1026465 6648
1023786 1030425 6639
1022826 1037289 14463
1034879 1041150 6271
1036616 1043262 6646
1026807 1044153 17346
1037857 1044153 6296
1040641 1046925 6284
1042154 1048806 6652
1045222 1051512 6290
1043215 1054119 10904
1040753 1055934 15181
1052038 1066626 14588
1061205 1067484 6279
1063684 1069959 6275
1062202 1076658 14456
1067850 1079397 11547
1073253 1079892 6639
1072391 1083324 10933
1071353 1087317 15964
1073844 1088802 14958
1081547 1089627 8080
1085627 1091904 6277
1083273 1094214 10941
1090813 1101243 10430
1088442 1102926 14484
1097405 1103685 6280
1095479 1106424 10945
1099235 1109691 10456
1099399 1112925 13526
1107593 1113882 6289
1110300 1116951 6651
1104317 1118799 14482
1114625 1121274 6649
1114276 1125201 10925
1115010 1125960 10950
1117346 1131636 14290
1118608 1132494 13886
1126942 1133583 6641
1118779 1135695 16916
1125016 1139490 14474
1140675 1151601 10926
1142627 1151832 9205
1145551 1152195 6644
1141934 1152393 10459
1142769 1153284 10515
1140716 1155198 14482
1148939 1155231 6292
1153763 1160412 6649
1156023 1162293 6270
1154444 1165395 10951
1155015 1165461 10446
1155130 1166517 11387
1158899 1169718 10819
1163651 1169949 6298
1166206 1172853 6647
1163015 1177473 14458
1171662 1178298 6636
1168000 1180410 12410
1175706 1182357 6651
1173820 1184271 10451
1168855 1186845 17990
1172389 1186845 14456
1177910 1187307 9397
1182236 1192785 10549
1185249 1195689 10440
1181679 1196283 14604
1191369 1197669 6300
1189930 1199319 9389
1202230 1208889 6659
1206074 1220538 14464
1208797 1222782 13985
1211501 1225488 13987
1215168 1228689 13521
1217435 1228953 11518
1231042 1237335 6293
1235147 1241790 6643
1232496 1242945 10449
1237765 1244430 6665
1243189 1249479 6290
1239081 1250007 10926
1245186 1251459 6273
1248320 1258752 10432
1250688 1261128 10440
1251392 1263768 12376
1252010 1269543 17533
1260575 1271391 10816
1273451 1279740 6289
1273680 1280334 6654
1271406 1281852 10446
1277455 1284096 6641
1274529 1285482 10953
1280853 1287495 6642
1276193 1290564 14371
1274428 1291059 16631
1287936 1294590 6654
1283881 1295118 11237
1286195 1296999 10804
1284861 1297494 12633
1294676 1300959 6283
1286848 1306074 19226
1298134 1308582 10448
1302373 1308648 6275
1291389 1309341 17952
1303363 1310001 6638
1307268 1321749 14481
1322228 1333035 10807
1330507 1337160 6653
1326849 1337292 10443
1326552 1340526 13974
1333322 1343760 10438
1335581 1346532 10951
1341844 1352274 10430
1350326 1356960 6634
1345354 1357059 11705
1348024 1358841 10817
1357258 1363923 6665
1357922 1364583 6661
1357482 1367916 10434
1357650 1368840 11190
1354708 1371711 17003
1358602 1373262 14660
1367689 1373988 6299
1366792 1378014 11222
1384134 1390785 6651
1382485 1393425 10940
1391313 1406262 14949
1399150 1409595 10445
1401297 1412103 10806
1408862 1419297 10435
1406681 1422135 15454
1414854 1425303 10449
1411759 1425435 13676
1420972 1431771 10799
1426320 1432596 6276
1434170 1440450 6280
1428077 1442562 14485
1434615 1445070 10455
1433164 1447644 14480
1437788 1448601 10813
1437990 1450317 12327
1439863 1450317 10454
1450149 1456422 6273
1441258 1457577 16319
1452379 1467576 15197
1461248 1472064 10816
1465996 1472658 6662
1462098 1476057 13959
1476742 1483383 6641
1475371 1485825 10454
1477012 1487937 10925
1474589 1488960 14371
1487454 1494108 6654
1489680 1500114 10434
1491520 1502457 10937
1489574 1504173 14599
1493390 1504338 10948
1498057 1504701 6644
1494438 1504866 10428
1497554 1507968 10414
1503785 1510443 6658
1501774 1516251 14477
1505396 1516350 10954
1510524 1517175 6651
1509968 1518990 9022
1508968 1523643 14675
1518780 1529220 10440
1524911 1531563 6652
1526056 1532355 6299
1529613 1536249 6636
1530699 1537338 6639
1532157 1538427 6270
1533296 1539945 6649
1541572 1552386 10814
1542222 1553013 10791
1547204 1557633 10429
1559392 1565685 6293
1556274 1567203 10929
1557497 1568424 10927
1558118 1568919 10801
1564960 1571625 6665
1567013 1573671 6658
1559450 1574430 14980
1560755 1577994 17239
1570545 1581492 10947
1575672 1581954 6282
1583412 1590072 6660
1575810 1591920 16110
1582958 1593900 10942
1593491 1604427 10936
1590732 1605186 14454
1597842 1607166 9324
1600444 1607199 6755
1602239 1608519 6280
1602289 1608948 6659
1602366 1609014 6648
1605919 1612215 6296
1607851 1614129 6278
1613922 1620564 6642
1611649 1622577 10928
1609597 1624062 14465
1619977 1626273 6296
1626638 1633302 6664
1624518 1635315 10797
1629527 1639968 10441
1631948 1642377 10429
1638745 1645380 6635
1635163 1653168 18005
1642660 1656468 13808
1648556 1659009 10453
1654349 1660626 6277
1652633 1667094 14461
1656810 1667259 10449
1662171 1668447 6276
1664845 1671978 7133
1662872 1673694 10822
1669298 1675575 6277
1664719 1676103 11384
1671587 1678248 6661
1669914 1678743 8829
1676538 1682835 6297
1672208 1683000 10792
1673220 1686729 13509
1677613 1692570 14957
1679299 1694088 14789
1684077 1694517 10440
1684906 1695408 10502
1686873 1695870 8997
1681679 1698873 17194
1685837 1699533 13696
1693401 1701018 7617
1687211 1701678 14467
1695671 1702305 6634
1687956 1702767 14811
1687527 1705869 18342
1698650 1713129 14479
1716105 1722765 6660
1709873 1724349 14476
1719105 1725768 6663
1720451 1726725 6274
1738730 1745007 6277
1751531 1762464 10933
1753351 1768173 14822
1760826 1775103 14277
1758154 1775631 17477
1769504 1778700 9196
1774247 1785201 10954
1789606 1795893 6287
1787592 1798038 10446
1791820 1802262 10442
1798841 1809291 10450
1802970 1809621 6651
1805143 1815594 10451
1810420 1817079 6659
1814976 1821270 6294
1811935 1822887 10952
1813121 1824075 10954
1820173 1826814 6641
1813747 1828233 14486
1822421 1833348 10927
1827135 1841598 14463
1840047 1846680 6633
1836574 1847010 10436
1839294 1850112 10818
1847081 1853379 6298
1849726 1856382 6656
1843999 1858461 14462
1849736 1860672 10936
1847179 1863081 15902
1855402 1866216 10814
1861810 1872750 10940
1863253 1875192 11939
1864440 1875258 10818
1870474 1876776 6302
1876265 1886049 9784
1876252 1890735 14483
1885380 1895817 10437
1890221 1896873 6652
1889697 1900140 10443
1891652 1906278 14626
1900207 1906872 6665
1898494 1909446 10952
1901788 1912713 10925
1901864 1912812 10948
1903534 1913967 10433
1909603 1916244 6641
1912547 1918818 6271
1907281 1921260 13979
1914141 1924626 10485
1918176 1929114 10938
1920352 1931292 10940
1919071 1933041 13970
1927972 1934625 6653
1926733 1936176 9443
1932836 1939113 6277
1936480 1947429 10949
1941256 1947528 6272
1934461 1948947 14486
1945342 1951620 6278
1943091 1951719 8628
1942441 1952874 10433
1940289 1955217 14928
1947344 1961685 14341
1955586 1961883 6297
1954935 1965744 10809
1956190 1966635 10445
1958121 1968912 10791
1968311 1974588 6277
1960022 1974753 14731
1969926 1976832 6906
1971382 1977657 6275
1968804 1979604 10800
1965203 1979670 14467
1965339 1980528 15189
1975855 1982145 6290
1976209 1990890 14681
1987329 1993992 6663
1983680 1998150 14470
1991252 2002044 10792
1991385 2002176 10791
1996736 2004090 7354
1998977 2005278 6301
1995274 2006070 10796
1997690 2008644 10954
2011334 2017983 6649
2010117 2020920 10803
2011975 2022900 10925
2011665 2023197 11532
2013583 2025705 12122
2020275 2026563 6288
2026916 2033196 6280
2031254 2037552 6298
2028130 2042601 14471
2036839 2046132 9293
2041418 2048079 6661
2033590 2048442 14852
2036312 2049432 13120
2036295 2050752 14457
2042950 2057550 14600
2051458 2062269 10811
2048706 2063061 14355
2053406 2063853 10447
2059762 2066064 6302
2064267 2070915 6648
2065946 2076756 10810
2074653 2081310 6657
2071312 2081772 10460
2071758 2082564 10806
2075468 2082795 7327
2073782 2084313 10531
2081623 2092068 10445
2089106 2095401 6295
2094245 2100879 6634
2091166 2101968 10802
2095340 2102001 6661
2092064 2108931 16867
2099203 2113683 14480
2109668 2120118 10450
2120764 2127048 6284
2126465 2133120 6655
2127972 2134242 6270
2133153 2139786 6633
2132580 2143020 10440
2133383 2146650 13267
2133901 2148432 14531
2134396 2148861 14465
2139960 2150412 10452
2144301 2150940 6639
2141248 2153250 12002
2146281 2156715 10434
2150360 2157012 6652
2148380 2159619 11239
2143210 2160609 17399
2151659 2166417 14758
2159908 2169519 9611
2160506 2171730 11224
2168303 2174601 6298
2170787 2177439 6652
2163173 2177769 14596
2173752 2180046 6294
2170969 2181399 10430
2177139 2183412 6273
2173534 2184468 10934
2171572 2185062 13490
2180945 2187240 6295
2175036 2188296 13260
2178839 2189286 10447
2185282 2195721 10439
2183263 2197239 13976
2185742 2200209 14467
2199165 2205819 6654
2200093 2206743 6650
2199426 2210241 10815
2203901 2210538 6637
2202997 2217501 14504
2210842 2220669 9827
2217446 2223738 6292
2233679 2239974 6295
2241749 2248026 6277
2234204 2248191 13987
2238480 2249412 10932
2239224 2250402 11178
2248237 2254989 6752
2245430 2260401 14971
2247675 2261655 13980
2255248 2265681 10433
2260576 2266869 6293
2260384 2267034 6650
2256584 2270961 14377
2264265 2273700 9435
2261234 2275845 14611
2276394 2286834 10440
2291515 2297790 6275
2292090 2298747 6657
2292635 2298912 6277
2288143 2298945 10802
2299816 2306106 6290
2305994 2312277 6283
2307098 2313399 6301
2308192 2314488 6296
2304446 2315247 10801
2315413 2322078 6665
2312727 2323167 10440
2320229 2326500 6271
2319540 2326797 7257
2317395 2327919 10524
2319103 2330130 11027
2319358 2330559 11201
2318134 2332737 14603
2320468 2332737 12269
2326103 2332737 6634
2330852 2337126 6274
2330466 2341416 10950
2337532 2344188 6656
2343799 2350458 6659
2340173 2350623 10450
2338453 2353428 14975
2347372 2356068 8696
2348650 2359104 10454
2354858 2361150 6292
2354912 2361546 6634
2352292 2361909 9617
2356840 2363493 6653
2360236 2366529 6293
2360307 2371743 11436
2366325 2372601 6276
2369166 2380092 10926
2374162 2384976 10814
2377349 2387781 10432
2379079 2389530 10451
2386361 2392995 6634
2382608 2393061 10453
2387080 2393358 6278
2392540 2398836 6296
2399902 2406558 6656
2400573 2406855 6282
2397645 2408076 10431
2402281 2408571 6290
2409711 2415996 6285
2408179 2422662 14483
2412567 2423025 10458
2419888 2430681 10793
2425257 2433090 7833
2429331 2435994 6663
2432622 2438898 6276
2430982 2441439 10457
2434585 2448963 14378
2444196 2450481 6285
2445677 2452329 6652
2446905 2457345 10440
2451350 2457642 6292
2448306 2458764 10458
2456454 2462724 6270
2454399 2464902 10503
2452188 2465694 13506
2453796 2468268 14472
2459574 2470545 10971
2456830 2473449 16619
2457242 2473944 16702
2463476 2474274 10798
2473320 2479983 6663
2464095 2481534 17439
2481959 2488596 6637
2485806 2500278 14472
2494928 2501202 6274
2496520 2502852 6332
2491303 2505789 14486
2493788 2508198 14410
2494777 2509056 14279
2499296 2510310 11014
2498795 2510937 12142
2500298 2511498 11200
2505379 2511663 6284
2513476 2520111 6635
2514848 2521497 6649
2515252 2526051 10799
2530551 2537205 6654
2526760 2541231 14471
2526842 2541429 14587
2530630 2541561 10931
2535269 2541561 6292
2541455 2552253 10798
2543894 2554332 10438
2549815 2556114 6299
2547618 2557071 9453
2557818 2568753 10935
2559542 2569974 10432
2565538 2571822 6284
2565811 2572086 6275
2559821 2573802 13981
2573568 2580204 6636
2567593 2582184 14591
2577052 2583339 6287
2573775 2585847 12072
2577102 2588454 11352
2582321 2588619 6298
2585435 2591721 6286
2591058 2597694 6636
2593751 2600400 6649
2587773 2602248 14475
2593971 2605251 11280
2601357 2607627 6270
2593971 2611092 17121
2594442 2612049 17607
2602050 2613039 10989
2604076 2614920 10844
2603906 2615250 11344
2604904 2617923 13019
2613962 2624391 10429
2624788 2635611 10823
2631175 2637822 6647
2628594 2643069 14475
2635366 2646171 10805
2652901 2659173 6272
2648086 2662473 14387
2658196 2664948 6752
2656222 2667027 10805
2657107 2667555 10448
2661198 2671647 10449
2666946 2677752 10806
2671789 2678445 6656
2668935 2679864 10929
2668699 2683164 14465
2677294 2683593 6299
2675453 2686398 10945
2681046 2687685 6639
2682103 2696694 14591
2698360 2705010 6650
2700864 2707518 6654
2693542 2708013 14471
2695802 2710389 14587
2708930 2715207 6277
2709271 2715570 6299
2711570 2722500 10930
2715959 2722599 6640
2717027 2723985 6958
2716608 2727549 10941
2724683 2735634 10951
2727477 2738274 10797
2732563 2739198 6635
2728342 2739297 10955
2726468 2741079 14611
2742995 2749659 6664
2740806 2751243 10437
2736707 2751936 15229
2745752 2756919 11167
2745457 2759823 14366
2750801 2761968 11167
2758361 2765004 6643
2754232 2765301 11069
2759013 2765301 6288
2756474 2767281 10807
2756980 2767908 10928
2759534 2771241 11707
2762660 2773584 10924
2771375 2778072 6697
2772110 2782560 10450
2770407 2783385 12978
2773377 2784309 10932
2778485 2785134 6649
2775213 2786124 10911
2784422 2791074 6652
2786500 2792790 6290
2789117 2795760 6643
2786106 2797377 11271
2784370 2798961 14591
2788545 2802921 14376
2792575 2803020 10445
2791244 2805858 14614
2799743 2810181 10438
2803955 2810247 6292
2802420 2812854 10434
2808442 2814735 6293
2811077 2825691 14614
2815777 2826219 10442
2820786 2827077 6291
2823559 2829849 6290
2819928 2834403 14475
2824461 2835327 10866
2834649 2840937 6288
2832678 2843115 10437
2843358 2850012 6654
2839107 2853081 13974
2847756 2854401 6645
2844494 2859186 14692
2846370 2861661 15291
2854068 2864499 10431
2854258 2864763 10505
2866014 2872287 6273
2858738 2874300 15562
2863511 2874465 10954
2857735 2875719 17984
2875563 2881857 6294
2876992 2883276 6284
2877171 2883804 6633
2869421 2884794 15373
2871837 2886312 14475
2889776 2896047 6271
2891717 2897994 6277
2884931 2898753 13822
2884686 2900205 15519
2896173 2906607 10434
2901265 2907927 6662
2902557 2908851 6294
2902987 2909643 6656
2900913 2911359 10446
2904151 2914461 10310
2909738 2916012 6274
2913713 2920005 6292
2906014 2921391 15377
2916577 2922876 6299
2917449 2924097 6648
2912831 2927298 14467
2925460 2935911 10451
2927898 2938716 10818
2933881 2940432 6551
2933568 2944359 10791
2935182 2945613 10431
2931299 2945646 14347
2944996 2951289 6293
2948282 2954919 6637
2949716 2956008 6292
2955644 2962278 6634
2951974 2962773 10799
2953685 2964621 10936
2955053 2965875 10822
2960155 2966799 6644
2963145 2969802 6657
2966340 2976798 10458
2972176 2978448 6272
2979845 2986137 6292
2980708 2986995 6287
2985309 2991582 6273
2982381 2995707 13326
2985717 2996169 10452
2991625 3002439 10814
2994402 3008874 14472
2996231 3011745 15514
3002859 3013791 10932
3005477 3014847 9370
3002589 3017058 14469
3008486 3019236 10750
3014547 3021249 6702
3015427 3026232 10805
3020209 3031017 10808
3021808 3031446 9638
3021576 3032502 10926
3022815 3033261 10446
3030992 3037650 6658
3036135 3042798 6663
3036302 3047649 11347
3039290 3050091 10801
3038506 3052863 14357
3043944 3054876 10932
3048489 3055140 6651
3049591 3055866 6275
3053989 3064941 10952
3053359 3067845 14486
3065044 3071343 6299
3061844 3071574 9730
3061657 3072102 10445
3059823 3073785 13962
3068976 3075633 6657
3066907 3077712 10805
3066891 3077712 10821
3071649 3082464 10815
3077794 3084114 6320
3075176 3090153 14977
3076126 3090582 14456
3080627 3096192 15565
3084638 3097776 13138
3089060 3099987 10927
3098377 3105036 6659
3100172 3110976 10804
3105432 3111702 6270
3102225 3112659 10434
3110750 3117048 6298
3110561 3117213 6652
3116104 3122394 6290
3112789 3123582 10793
3114397 3125331 10934
3127303 3133581 6278
3137047 3143712 6665
3141741 3148398 6657
3138303 3149256 10953
3143920 3151500 7580
3145285 3152094 6809
3147530 3158331 10801
3152261 3158925 6664
3153110 3159387 6277
3153447 3159717 6270
3155898 3166713 10815
3161306 3172125 10819
3166107 3172389 6282
3166088 3176547 10459
3172127 3183081 10954
3183398 3189681 6283
3187335 3198261 10926
3200784 3207072 6288
3201926 3208227 6301
3198632 3209085 10453
3206539 3216972 10433
3207600 3218523 10923
3211700 3222648 10948
3225098 3235914 10816
3226558 3238752 12194
3234613 3241260 6647
3225389 3242712 17323
3235345 3246144 10799
3239526 3249972 10446
3247878 3254163 6285
3255673 3261951 6278
3261370 3267660 6290
3257751 3268188 10437
3258741 3269640 10899
3262908 3270036 7128
3254408 3270729 16321
3257914 3272379 14465
3257916 3275679 17763
3266780 3277725 10945
3274786 3281421 6635
3274588 3285513 10925
3285822 3292476 6654
3288936 3295578 6642
3294105 3300759 6654
3295974 3302310 6336
3289592 3303927 14335
3295160 3305973 10813
3300231 3306864 6633
3303502 3310164 6662
3304644 3311286 6642
3295823 3313233 17410
3298489 3314157 15668
3310343 3316995 6652
3307483 3317919 10436
3304324 3320724 16400
3315860 3322506 6646
3314304 3323496 9192
3309358 3324321 14963
3312485 3326664 14179
3320422 3329700 9278
3324667 3331317 6650
3321604 3332043 10439
3320345 3332439 12094
3318979 3332967 13988
3323957 3338412 14455
3334407 3345342 10935
3341602 3347883 6281
3338573 3349005 10432
3331687 3349368 17681
3344586 3350886 6300
3345125 3351777 6652
3340389 3355374 14985
3349418 3355704 6286
3350549 3356826 6277
3344925 3359400 14475
3349871 3364251 14380
3355757 3366363 10606
3365788 3372072 6284
3372321 3378606 6285
3373321 3379959 6638
3373603 3380256 6653
3366046 3380421 14375
3371623 3382731 11108
3385800 3392070 6270
3386756 3397218 10462
3393065 3403521 10456
3397647 3404280 6633
3408800 3415434 6634
3406300 3417249 10949
3411692 3418338 6646
3404244 3418569 14325
3407718 3422067 14349
3409315 3423783 14468
3413556 3424014 10458
3421040 3435003 13963
3425965 3436917 10952
3424053 3439029 14976
3427853 3442824 14971
3438273 3444936 6663
3439425 3445695 6270
3436557 3447510 10953
3436472 3447939 11467
3438321 3450018 11697
3440468 3451404 10936
3439981 3454176 14195
3443880 3457839 13959
3448466 3460248 11782
3463291 3469587 6296
3467781 3478233 10452
3473497 3479784 6287
3474286 3480939 6653
3478041 3484338 6297
3480786 3487440 6654
3473700 3487671 13971
3480288 3490740 10452
3501945 3509649 7704
3503039 3510177 7138
3500666 3514995 14329
3510667 3521760 11093
3509163 3523641 14478
3518600 3525720 7120
3516256 3530736 14480
3524702 3531363 6661
3517771 3532254 14483
3523514 3537699 14185
3529007 3539448 10441
3525638 3540603 14965
3534342 3540636 6294
3530523 3542220 11697
3531307 3542385 11078
3536136 3544827 8691
3540022 3550470 10448
3548450 3555090 6640
3554896 3561195 6299
3551712 3562515 10803
3561490 3572415 10925
3566425 3573075 6650
3573774 3580071 6297
3577792 3584064 6272
3578138 3584790 6652
3575991 3586473 10482
3575488 3589476 13988
3582105 3592908 10803
3583507 3593964 10457
3588282 3594921 6639
3595581 3606372 10791
