5489 11451 5962
863 16830 15967
7042 22671 15629
16765 22737 5972
7350 23727 16377
17811 23760 5949
4352 24552 20200
219 29304 29085
17184 32670 15486
15580 33363 17783
3566 34386 30820
4896 35310 30414
29755 35706 5951
2913 36432 33519
2400 38676 36276
33252 39699 6447
12835 39732 26897
5365 45738 40373
31974 47190 15216
36649 47751 11102
42319 48279 5960
29319 50556 21237
26236 52965 26729
29403 54450 25047
33386 55473 22087
25885 56661 30776
31206 58938 27732
33367 59301 25934
24906 60456 35550
57953 64284 6331
26011 66561 40550
63605 69564 5959
37916 69729 31813
25572 70290 44718
66856 72798 5942
67127 73293 6166
61876 75108 13232
27143 75867 48724
31921 75900 43979
25672 77319 51647
45306 77880 32574
54724 78474 23750
72677 79002 6325
62099 81246 19147
73927 88308 14381
79042 89397 10355
81269 90057 8788
62213 90387 28174
63427 90585 27158
80584 91938 11354
67823 93720 25897
70770 94281 23511
79503 96294 16791
84869 100386 15517
93689 100386 6697
86592 100881 14289
51373 101178 49805
74884 101871 26987
85437 103092 17655
91014 103587 12573
68468 104676 36208
64008 105105 41097
94757 105369 10612
96141 105897 9756
85579 106392 20813
98958 106425 7467
77030 107316 30286
82471 108570 26099
82909 110682 27773
85495 111243 25748
86833 112332 25499
90063 113421 23358
93660 113949 20289
94617 114444 19827
77461 114609 37148
94843 115005 20162
73086 117876 44790
78942 118437 39495
90793 118998 28205
71476 119394 47918
112807 120582 7775
116614 122562 5948
113353 123090 9737
72975 123882 50907
119475 125433 5958
114211 126456 12245
120494 126456 5962
106450 126489 20039
119967 130449 10482
83309 132429 49120
89137 133089 43952
104302 133782 29480
96354 135729 39375
92515 135894 43379
103012 136422 33410
111650 136851 25201
114627 137346 22719
86318 138402 52084
114469 138567 24098
90394 138930 48536
121204 140712 19508
92404 141735 49331
128665 141801 13136
96908 142362 45454
99011 143088 44077
101702 143550 41848
118438 143748 25310
101007 144111 43104
119673 144276 24603
140207 146388 6181
124662 148467 23805
126009 149028 23019
102165 149193 47028
143948 149919 5971
128500 151008 22508
113795 152559 38764
123190 153252 30062
128832 153813 24981
126427 154539 28112
108168 155298 47130
116984 156585 39601
107375 158664 51289
137510 160281 22771
130389 160908 30519
154848 161172 6324
122371 161337 38966
116591 162558 45967
142596 163614 21018
145225 164175 18950
155230 165264 10034
105697 165792 60095
157198 165858 8660
129208 165891 36683
132246 166881 34635
160861 166980 6119
136907 167409 30502
161878 167838 5960
120108 167937 47829
159169 170181 11012
125881 172425 46544
151305 174504 23199
153231 175659 22428
160559 176220 15661
170546 176517 5971
156197 177936 21739
162513 178497 15984
170235 179091 8856
147966 179322 31356
145369 179388 34019
163950 180015 16065
119451 180576 61125
104420 181137 76717
159500 181731 22231
130135 182688 52553
146447 183216 36769
166647 184833 18186
156134 185394 29260
180811 186813 6002
172721 189189 16468
177288 189816 12528
148822 189882 41060
174772 192654 17882
184194 194535 10341
186582 195162 8580
152644 195888 43244
161098 197175 36077
181252 197835 16583
170173 203313 33140
163079 203379 40300
184805 205689 20884
185657 206250 20593
189227 207174 17947
196424 207240 10816
181811 208329 26518
188065 208824 20759
186211 208857 22646
202846 209484 6638
203781 209748 5967
193979 209913 15934
203937 210243 6306
169273 210573 41300
180423 211662 31239
206305 212256 5951
197597 212718 15121
164039 213741 49702
200228 215193 14965
190682 216018 25336
199949 217206 17257
210950 217734 6784
196455 218559 22104
172912 219384 46472
173944 221298 47354
207922 223575 15653
212541 224004 11463
188226 224664 36438
181675 225093 43418
212452 225357 12905
218042 226578 8536
200894 226776 25882
214450 230241 15791
189903 230670 40767
219568 230901 11333
216903 232815 15912
217263 233376 16113
198225 234564 36339
210918 235653 24735
220321 235653 15332
220270 236181 15911
231165 237105 5940
233390 239712 6322
225136 240075 14939
230371 240603 10232
236053 242022 5969
226189 243111 16922
228801 243639 14838
229715 244167 14452
214980 244431 29451
198267 244992 46725
193437 245190 51753
199548 245784 46236
224745 246444 21699
231629 246444 14815
223742 247038 23296
236930 247599 10669
232677 250932 18255
234161 251493 17332
202265 251889 49624
206201 252450 46249
215739 253110 37371
228167 253737 25570
214608 254529 39921
245498 255750 10252
238456 260634 22178
234212 261855 27643
237418 263769 26351
244967 264066 19099
251056 264594 13538
248588 264825 16237
252982 265155 12173
256288 266079 9791
243475 266541 23066
261045 267003 5958
260865 267630 6765
261761 267729 5968
238158 267861 29703
243913 270435 26522
251371 270996 19625
245770 271029 25259
235075 272547 37472
241496 273240 31744
253930 273372 19442
227326 273702 46376
228993 274362 45369
256606 277728 21122
241397 278685 37288
228393 279807 51414
258072 279807 21735
248659 282909 34250
273450 284724 11274
235991 285879 49888
269322 286836 17514
271419 288090 16671
273307 289344 16037
253265 291852 38587
263919 294360 30441
280504 294426 13922
263128 299871 36743
255717 300465 44748
268139 300564 32425
277705 301719 24014
267092 302115 35023
258740 302577 43837
273678 302676 28998
271486 302775 31289
275715 303666 27951
293664 304854 11190
294430 305382 10952
264801 306570 41769
288166 308187 20021
297687 308715 11028
262162 309870 47708
263407 310332 46925
263481 311058 47577
288252 311190 22938
265037 311520 46483
300304 312609 12305
309768 315711 5943
282176 315876 33700
288920 316404 27484
291818 316965 25147
294265 316998 22733
311238 317196 5958
298947 318384 19437
297925 318450 20525
307152 320100 12948
268438 320661 52223
311509 320661 9152
268538 321090 52552
271357 321618 50261
279498 322146 42648
281421 323301 41880
301046 324456 23410
282064 325578 43514
297526 327195 29669
313361 327195 13834
306727 328284 21557
311038 328812 17774
319598 329340 9742
299206 329472 30266
290558 329868 39310
319937 329934 9997
322936 330429 7493
298685 333729 35044
300982 334422 33440
324664 336303 11639
326863 336831 9968
322514 338547 16033
326566 339108 12542
301428 339867 38439
327663 340956 13293
305442 341319 35877
311477 341880 30403
324519 343002 18483
328418 343530 15112
324530 345972 21442
316878 346401 29523
331799 347886 16087
304917 348447 43530
343121 349074 5953
315945 349569 33624
307507 350097 42590
324048 350757 26709
318402 351219 32817
319275 351747 32472
309623 351813 42190
332312 351813 19501
337721 352803 15082
341328 352803 11475
325860 354585 28725
309266 355146 45880
340443 356169 15726
324097 357852 33755
351830 360228 8398
335825 363891 28066
322795 365178 42383
354563 367092 12529
362115 368445 6330
338004 368676 30672
314723 369204 54481
341436 369798 28362
327076 371316 44240
343472 371877 28405
361829 374253 12424
356326 375738 19412
350787 376893 26106
370989 377322 6333
347382 377883 30501
356986 380721 23735
360203 381282 21079
336632 381744 45112
363956 382371 18415
337343 382404 45061
351074 382932 31858
370087 383163 13076
372465 384615 12150
375521 385176 9655
369560 386529 16969
363618 387915 24297
342221 389301 47080
373805 391050 17245
381348 391578 10230
385657 392238 6581
375505 393360 17855
383247 393888 10641
373596 394416 20820
363110 396429 33319
390478 396429 5951
384808 401412 16604
390126 401874 11748
394894 401973 7079
360972 402567 41595
366066 403128 37062
376714 404745 28031
356410 405735 49325
354212 406296 52084
388925 407121 18196
402775 408738 5963
388157 410553 22396
385382 412401 27019
406723 412665 5942
406541 412863 6322
382816 413325 30509
383297 413853 30556
385195 414447 29252
391357 415008 23651
403257 416064 12807
412113 418077 5964
388709 418275 29566
412368 418572 6204
376965 419298 42333
392405 419364 26959
375752 420585 44833
381641 421542 39901
388712 422103 33391
393531 422664 29133
384592 422763 38171
391566 423291 31725
383166 423555 40389
387556 427086 39530
395118 427647 32529
402032 428208 26176
403489 428736 25247
416934 429297 12363
420832 429792 8960
412476 431739 19263
415611 432069 16458
416569 432630 16061
417489 433191 15702
424886 434676 9790
375976 435369 59393
429885 436194 6309
400016 437316 37300
420568 437547 16979
412514 438372 25858
420064 438933 18869
408593 438999 30406
413602 439560 25958
406747 440682 33935
394937 441111 46174
423596 442332 18736
410125 444444 34319
403939 445005 41066
415534 445203 29669
424313 446226 21913
431315 446292 14977
427046 446688 19642
426627 447744 21117
426233 449361 23128
429535 449922 20387
432583 452166 19583
404424 453882 49458
421020 454410 33390
435351 455532 20181
431895 455730 23835
439295 457776 18481
443530 459228 15698
445112 459987 14875
407968 461175 53207
439214 461505 22291
443985 462495 18510
422755 463023 40268
444991 463056 18065
424474 463584 39110
426109 464145 38036
414092 464673 50581
438163 465795 27632
416034 467313 51279
443301 467841 24540
422596 468435 45839
438486 469557 31071
463666 469623 5957
458373 470151 11778
433689 470679 36990
445238 471735 26497
439075 473385 34310
458394 475827 17433
462033 477279 15246
428396 477873 49477
439656 478401 38745
440331 480018 39687
448622 480546 31924
467024 481173 14149
473936 483153 9217
455124 484968 29844
437132 485166 48034
418265 485826 67561
455141 486453 31312
434835 488664 53829
458236 489192 30956
449341 489753 40412
464044 491304 27260
468533 491865 23332
467195 492426 25231
440060 492987 52927
443844 493548 49704
478556 494241 15685
436306 494670 58364
475689 495726 20037
449891 498564 48673
492967 498927 5960
441938 499224 57286
493904 499851 5947
448112 501864 53752
462218 503019 40801
455489 503547 48058
491990 503745 11755
464728 503943 39215
494482 504273 9791
456605 504537 47932
481211 506550 25339
494293 507639 13346
484698 508398 23700
504138 510081 5943
492137 510444 18307
495596 511005 15409
483385 512688 29303
492433 513216 20783
507286 514470 7184
495189 515328 20139
488858 515361 26503
487050 516417 29367
484449 516582 32133
450206 517011 66805
502054 517737 15683
505792 517770 11978
500916 519750 18834
506414 520806 14392
506695 521367 14672
477875 522918 45043
478678 525723 47045
494794 526284 31490
508244 526317 18073
520455 526416 5961
499518 526977 27459
515948 527307 11359
514154 528066 13912
523225 529584 6359
503846 531135 27289
493118 531366 38248
504700 531696 26996
495734 533181 37447
503794 534369 30575
524157 536019 11862
521142 537372 16230
511755 538395 26640
508605 539319 30714
508144 540441 32297
519508 543741 24233
541010 546975 5965
523978 548724 24746
530487 549285 18798
500740 549879 49139
517395 550440 33045
525684 551166 25482
522091 551661 29570
529404 551727 22323
546413 552354 5941
545368 555093 9725
547636 555588 7952
524640 555852 31212
539633 556446 16813
547354 557700 10346
543409 558360 14951
532313 558426 26113
538481 558987 20506
550397 559581 9184
518230 564432 46202
537216 565092 27876
547560 565785 18225
549432 566313 16881
523363 566577 43214
538458 566676 28218
521886 570570 48684
561121 571824 10703
557725 573837 16112
538476 573870 35394
555320 574695 19375
559737 575223 15486
553986 575751 21765
560221 576609 16388
569287 577764 8477
554134 578556 24422
572890 578853 5963
551822 579909 28087
526654 581328 54674
557107 582450 25343
557209 583044 25835
576677 584100 7423
575183 585915 10732
556144 587829 31685
562808 587895 25087
542333 588456 46123
553622 589116 35494
558547 589215 30668
551402 589578 38176
576070 590304 14234
551018 590667 39649
560106 590667 30561
567823 592251 24428
544293 592746 48453
582980 592812 9832
584385 593406 9021
547272 595155 47883
554169 595782 41613
559863 596310 36447
548409 597861 49452
580205 599181 18976
592406 599709 7303
579472 600072 20600
589353 602283 12930
585028 602547 17519
546049 604395 58346
598098 604428 6330
580881 604593 23712
584962 605121 20159
581413 605319 23906
593750 606441 12691
592410 606936 14526
567064 608685 41621
602864 608817 5953
586443 609213 22770
600078 610632 10554
564249 610830 46581
580406 612579 32173
600316 616836 16520
603958 616836 12878
589881 617430 27549
607532 617925 10393
591829 617958 26129
592688 618519 25831
589865 618585 28720
602461 619047 16586
585499 621852 36353
589833 622380 32547
618951 624921 5970
603812 630432 26620
610469 630498 20029
610555 631521 20966
615852 632610 16758
609250 634920 25670
596644 636438 39794
604011 636999 32988
615406 637659 22253
601613 639078 37465
609205 639738 30533
630083 639870 9787
612477 640332 27855
614300 641883 27583
632480 642477 9997
604247 644655 40408
625054 644721 19667
617411 645546 28135
631149 646107 14958
638524 648087 9563
639995 648681 8686
646288 652245 5957
620145 653301 33156
633207 653829 20622
616955 654456 37501
617570 655017 37447
644773 656634 11861
634989 658449 23460
617642 659307 41665
646031 659538 13507
612539 659835 47296
630435 661551 31116
641487 663168 21681
651661 664323 12662
659293 665643 6350
634891 666567 31676
637243 667689 30446
648493 668184 19691
640282 668250 27968
629013 668877 39864
656977 669273 12296
647905 669372 21467
662713 669801 7088
627173 669867 42694
650297 670395 20098
664371 670494 6123
653364 672078 18714
633989 676500 42511
661363 677556 16193
633629 680691 47062
645229 682275 37046
659784 682836 23052
650973 683298 32325
660694 683331 22637
621343 683826 62483
624176 683925 59749
657437 684585 27148
650708 685707 34999
653921 686433 32512
656095 686598 30503
681992 688314 6322
684145 690459 6314
650377 690558 40181
677088 692175 15087
686375 693231 6856
667757 693726 25969
678426 695178 16752
674343 698544 24201
680341 699105 18764
685404 699633 14229
666646 699864 33218
677253 702438 25185
690355 704055 13700
686760 709566 22806
676122 710622 34500
695697 712305 16608
703888 713328 9440
706604 713889 7285
679939 714582 34643
686520 715671 29151
704649 716694 12045
710068 717222 7154
694546 718113 23567
700372 718641 18269
700278 719763 19485
692939 723855 30916
703520 724383 20863
687505 724482 36977
674764 725175 50411
679801 725736 45935
719783 725736 5953
683171 726396 43225
697867 726924 29057
690561 728541 37980
709380 729366 19986
716244 729894 13650
696914 731214 34300
684450 732435 47985
702931 732996 30065
690649 734778 44129
723801 735735 11934
709545 735867 26322
714050 739134 25084
685962 739728 53766
721940 739728 17788
711734 740652 28918
718381 741180 22799
700164 741741 41577
703563 742302 38739
713203 742962 29759
716840 743193 26353
719966 743754 23788
727267 744084 16817
722552 744282 21730
737162 745866 8704
712648 747879 35231
703219 748473 45254
706289 749298 43009
728760 749529 20769
714572 749727 35155
732108 750552 18444
735778 751608 15830
745810 752301 6491
722200 752664 30464
734639 754413 19774
718601 755304 36703
736378 755832 19454
726038 756393 30355
729269 756426 27157
724652 758670 34018
747452 759726 12274
742533 760815 18282
727217 765732 38515
763002 768966 5964
748950 774378 25428
762796 777909 15113
761707 778866 17159
734779 779361 44582
769462 779559 10097
745667 780450 34783
753070 780582 27512
755342 780978 25636
754749 781209 26460
766770 782661 15891
768702 782859 14157
757000 783090 26090
757326 783750 26424
758059 784344 26285
766617 784806 18189
775096 784872 9776
779080 785400 6320
779961 785928 5967
755956 786423 30467
746228 789855 43627
784356 790317 5961
774183 792066 17883
770760 795102 24342
773643 795630 21987
760939 795861 34922
738813 795894 57081
784175 796653 12478
790523 796917 6394
791471 797412 5941
768369 798369 30000
774450 802395 27945
780564 805695 25131
790097 806223 16126
769884 806685 36801
785850 807741 21891
795163 808302 13139
783721 811701 27980
796366 812262 15896
774750 813747 38997
798369 813780 15411
800610 814308 13698
806585 814473 7888
802976 814935 11959
785708 816024 30316
770182 819357 49175
801262 819654 18392
783358 820413 37055
797863 820479 22616
785133 821304 36171
788309 821865 33556
794362 822459 28097
803735 822987 19252
816711 823581 6870
802219 824670 22451
801952 828564 26612
818420 828696 10276
785149 828993 43844
789959 829521 39562
791111 830214 39103
809736 833382 23646
809426 836649 27223
831822 837771 5949
824338 838134 13796
820770 839190 18420
828416 840081 11665
801521 843876 42355
797748 843942 46194
798663 844536 45873
836435 846219 9784
820389 846450 26061
835713 847539 11826
837420 847572 10152
836280 848100 11820
838696 848628 9932
832201 850839 18638
829217 851037 21820
810435 851301 40866
844058 852192 8134
822794 853578 30784
827204 853743 26539
833715 856284 22569
837746 857340 19594
847793 857901 10108
811676 858561 46885
814139 858627 44488
850657 859056 8399
824469 859683 35214
835956 860640 24684
848405 863742 15337
843228 864006 20778
840332 866547 26215
853809 868428 14619
833372 869187 35815
847326 870441 23115
853951 871002 17051
850784 871035 20251
856958 871530 14572
841101 872685 31584
828917 875325 46408
837486 876579 39093
830355 877008 46653
854070 879747 25677
858491 880308 21817
874520 880473 5953
867963 881397 13434
868387 881991 13604
849217 882420 33203
851871 882585 30714
869926 884169 14243
854500 884631 30131
854508 885192 30684
846442 885720 39278
881283 887238 5955
879694 888690 8996
867848 894432 26584
863803 896544 32741
867460 900438 32978
883712 901692 17980
885745 902121 16376
857830 902715 44885
874847 904299 29452
879263 904827 25564
888537 904827 16290
866545 904893 38348
895351 905355 10004
897056 905949 8893
888972 906576 17604
855589 907137 51548
869572 907731 38159
865252 908259 43007
887856 908721 20865
861448 909876 48428
894628 912087 17459
906550 912516 5966
907238 913605 6367
904716 913704 8988
884541 915882 31341
876778 916410 39632
899390 917136 17746
877514 917169 39655
884533 917763 33230
896004 918456 22452
903356 919545 16189
891096 920667 29571
895066 922383 27317
873658 924429 50771
893877 924990 31113
895007 925650 30643
884823 926046 41223
905101 927201 22100
896454 927630 31176
901095 928158 27063
904705 928719 24014
910209 928818 18609
913977 929742 15765
888395 930600 42205
893564 931689 38125
895827 931755 35928
908702 932712 24010
867503 932976 65473
909717 933306 23589
893894 933735 39841
925092 933867 8775
913768 935187 21419
927307 936771 9464
930963 937860 6897
917958 938553 20595
921118 939675 18557
913225 939873 26648
885790 940401 54611
925452 940467 15015
898178 941325 43147
897686 941853 44167
937198 943140 5942
927790 944130 16340
921119 944229 23110
930241 944658 14417
901607 944691 43084
906874 945153 38279
922807 946275 23468
926417 946935 20518
908348 947298 38950
942416 948387 5971
910131 949575 39444
908826 951555 42729
945878 952215 6337
929578 953370 23792
918799 954393 35594
918239 954558 36319
927994 956637 28643
941255 956703 15448
925144 957726 32582
929448 958320 28872
934670 959178 24508
951537 959706 8169
941145 961158 20013
950207 961686 11479
951146 962214 11068
947408 962544 15136
953735 963633 9898
937744 963897 26153
958343 964293 5950
955190 964656 9466
931476 965316 33840
955284 967560 12276
954623 967989 13366
957970 968088 10118
956279 969903 13624
939859 971322 31463
926706 971850 45144
944956 973698 28742
949084 974688 25604
960154 975216 15062
953158 975876 22718
955571 976866 21295
957443 977427 19984
933962 978582 44620
954907 981189 26282
953435 981882 28447
950715 982410 31695
967573 983169 15596
975803 985710 9907
977875 986403 8528
961018 986535 25517
962678 987096 24418
965858 989010 23152
939620 989175 49555
951813 989769 37956
953549 992541 38992
980946 992574 11628
968706 993201 24495
948841 994818 45977
949841 995874 46033
953681 996435 42754
962584 996468 33884
964140 996996 32856
991354 997326 5972
952555 997524 44969
968267 998217 29950
994545 1000494 5949
983833 1001352 17519
984936 1004751 19815
989167 1005312 16145
970744 1005873 35129
973409 1006434 33025
994168 1006434 12266
979615 1006995 27380
983638 1008018 24380
989893 1008084 18191
996353 1008282 11929
989275 1009734 20459
1003803 1009767 5964
989732 1011120 21388
975457 1012440 36983
978216 1013034 34818
964284 1013166 48882
996999 1014453 17454
999269 1015014 15745
999381 1015476 16095
1010004 1016235 6231
982287 1016664 34377
973264 1019337 46073
1001311 1019469 18158
967392 1020426 53034
974449 1021053 46604
984898 1022241 37343
991735 1022670 30935
1012239 1022835 10596
1001148 1023726 22578
997729 1023759 26030
980570 1024254 43684
1001563 1025376 23813
990320 1026432 36112
1009501 1028709 19208
986950 1029732 42782
1019731 1029798 10067
988073 1030854 42781
1024921 1030887 5966
1002691 1032108 29417
1009049 1034550 25501
1020125 1039533 19408
1007415 1040688 33273
992028 1041216 49188
1011458 1042272 30814
1001904 1044582 42678
1001235 1045572 44337
1000579 1046100 45521
1001957 1046595 44638
1018861 1046661 27800
1043166 1049136 5970
995249 1050588 55339
1014939 1050621 35682
1023510 1053855 30345
1030154 1056000 25846
1038742 1056066 17324
1043573 1056792 13219
1032720 1058541 25821
1036542 1059102 22560
1039481 1059630 20149
1012662 1061181 48519
1016988 1064679 47691
1046151 1065900 19749
1047164 1066461 19297
1047708 1067847 20139
1040814 1068441 27627
1043741 1069563 25822
1029553 1070586 41033
1039970 1070685 30715
1056842 1070817 13975
1064845 1070817 5972
1052660 1073358 20698
1052752 1073952 21200
1067999 1074315 6316
1054024 1074513 20489
1048267 1074579 26312
1065691 1075833 10142
1066110 1076196 10086
1065819 1076592 10773
1035335 1077879 42544
1039307 1078440 39133
1061744 1079166 17422
1075163 1081113 5950
1075855 1082169 6314
1045007 1083852 38845
1053008 1083918 30910
1054325 1085304 30979
1062552 1085469 22917
1065248 1085997 20749
1068002 1088571 20569
1075953 1089198 13245
1069198 1091310 22112
1059878 1091805 31927
1069344 1093686 24342
1049877 1094676 44799
1062287 1095204 32917
1072450 1096293 23843
1079761 1101012 21251
1089994 1101078 11084
1098735 1105038 6303
1097334 1106292 8958
1097666 1106853 9187
1066767 1107381 40614
1079315 1108965 29650
1089495 1109328 19833
1096043 1109493 13450
1096714 1109592 12878
1089925 1109889 19964
1086022 1110450 24428
1104876 1110846 5970
1084643 1111011 26368
1087126 1111011 23885
1091481 1111539 20058
1069982 1112661 42679
1106852 1112793 5941
1103945 1113915 9970
1071597 1115301 43704
1078483 1115367 36884
1085653 1116588 30935
1069295 1117116 47821
1088344 1117215 28871
1106227 1121373 15146
1086442 1122561 36119
1087622 1123122 35500
1088709 1123683 34974
1078684 1125861 47177
1079837 1126455 46618
1082962 1126917 43955
1118376 1128171 9795
1116211 1128270 12059
1119081 1128864 9783
1098726 1131141 32415
1088615 1133319 44704
1090444 1134507 44063
1118109 1136685 18576
1107874 1138269 30395
1118087 1138995 20908
1101186 1139325 38139
1119812 1139523 19711
1105416 1140447 35031
1113574 1141569 27995
1115373 1141734 26361
1116627 1142295 25668
1113319 1146915 33596
1127398 1148697 21299
1103343 1149852 46509
1116915 1150281 33366
1124639 1151172 26533
1125886 1151733 25847
1129329 1152591 23262
1130312 1154538 24226
1141875 1155165 13290
1136718 1155627 18909
1109500 1155858 46358
1119150 1156419 37269
1120317 1156485 36168
1127652 1157013 29361
1125593 1157310 31717
1134887 1158168 23281
1133190 1158927 25737
1141937 1159521 17584
1143205 1160082 16877
1146514 1160115 13601
1144074 1160610 16536
1156245 1162194 5949
1132698 1162260 29562
1121481 1164438 42957
1120061 1164999 44938
1135108 1165725 30617
1129428 1166682 37254
1150234 1167738 17504
1157213 1168299 11086
1136975 1171731 34756
1138072 1171731 33659
1146414 1173744 27330
1170857 1177176 6319
1160809 1177704 16895
1161258 1178265 17007
1144509 1180410 35901
1166959 1180707 13748
1130706 1180971 50265
1135591 1181037 45446
1134146 1181301 47155
1141441 1181730 40289
1147899 1182060 34161
1155177 1182456 27279
1151913 1182984 31071
1157368 1183512 26144
1170124 1185360 15236
1135808 1187307 51499
1163123 1188561 25438
1170575 1192290 21715
1187288 1193874 6586
1167522 1195095 27573
1161444 1195656 34212
1189771 1195722 5951
1172196 1196646 24450
1141299 1197867 56568
1165391 1198395 33004
1192447 1198395 5948
1182357 1199187 16830
1166094 1200606 34512
1170397 1201167 30770
1194086 1201728 7642
1195665 1201992 6327
1181577 1202223 20646
1195230 1202289 7059
1161956 1203873 41917
1156292 1203906 47614
1164872 1204962 40090
1147165 1205193 58028
1152850 1205886 53036
1185280 1206447 21167
1192839 1206447 13608
1202223 1208526 6303
1167741 1212453 44712
1171618 1213014 41396
1181540 1214664 33124
1192765 1215225 22460
1190201 1215720 25519
1209949 1217370 7421
1205862 1217898 12036
1210700 1217898 7198
1188693 1221726 33033
1216036 1222353 6317
1215203 1224993 9790
1207757 1225653 17896
1173735 1229316 55581
1199372 1230372 31000
1213194 1230471 17277
1211294 1231032 19738
1184804 1232682 47878
1206179 1235322 29143
1199173 1235355 36182
1199790 1236444 36654
1200301 1237038 36737
1200694 1237665 36971
1203594 1238061 34467
1203010 1238655 35645
1206552 1238721 32169
1235822 1241790 5968
1236216 1245816 9600
1236340 1246410 10070
1238534 1246509 7975
1236534 1251129 14595
1241183 1251657 10474
1213667 1251855 38188
1227742 1251888 24146
1191100 1253307 62207
1202698 1253868 51170
1236358 1255419 19061
1215589 1256541 40952
1214095 1257201 43106
1241568 1257366 15798
1217761 1260567 42806
1219759 1261029 41270
1246460 1262217 15757
1236865 1263735 26870
1241763 1264296 22533
1247621 1265352 17731
1255724 1266441 10717
1222691 1266573 43882
1252080 1268751 16671
1254032 1269312 15280
1230047 1269873 39826
1234203 1270434 36231
1243783 1270896 27113
1253789 1271193 17404
1257175 1271754 14579
1255029 1272084 17055
1255907 1272612 16705
1267831 1273899 6068
1251028 1274559 23531
1253304 1275120 21816
1262323 1275648 13325
1261740 1277001 15261
1240326 1277298 36972
1255873 1282281 26408
1256119 1282974 26855
1278074 1284030 5956
1255330 1284426 29096
1257818 1285020 27202
1251847 1285548 33701
1261638 1286241 24603
1240925 1286670 45745
1258530 1287198 28668
1279404 1288419 9015
1275078 1289244 14166
1268308 1289343 21035
1251234 1290564 39330
1282242 1293270 11028
1279775 1295184 15409
1281272 1297164 15892
1289343 1297824 8481
1275678 1298550 22872
1291279 1298847 7568
1263229 1299870 36641
1294107 1300068 5961
1272755 1300926 28171
1288805 1302477 13672
1297906 1303863 5957
1272256 1304556 32300
1263934 1305117 41183
1293501 1305381 11880
1282395 1305777 23382
1290121 1307262 17141
1300104 1309902 9798
1263637 1310661 47024
1284149 1310694 26545
1302152 1311750 9598
1303549 1312806 9257
1283966 1314588 30622
1282518 1314984 32466
1280612 1317723 37111
1275127 1318383 43256
1277019 1318812 41793
1304559 1320000 15441
1310920 1320594 9674
1316454 1322409 5955
1298725 1323894 25169
1270585 1325181 54596
1312106 1325478 13372
1290771 1325742 34971
1313182 1326039 12857
1309116 1326435 17319
1318080 1328052 9972
1312080 1328679 16599
1314410 1331451 17041
1311974 1333563 21589
1328016 1334619 6603
1329193 1335510 6317
1316162 1336830 20668
1318498 1337919 19421
1317831 1341186 23355
1300385 1341879 41494
1316421 1343760 27339
1328327 1344288 15961
1335383 1344816 9433
1310744 1349304 38560
1328564 1350426 21862
1335643 1350492 14849
1333642 1351548 17906
1326430 1352670 26240
1340898 1353363 12465
1342653 1360821 18168
1347722 1360854 13132
1351685 1361382 9697
1354067 1361877 7810
1347010 1364715 17705
1346082 1365177 19095
1316380 1365738 49358
1355841 1365804 9963
1361266 1367223 5957
1342967 1368642 25675
1362294 1369170 6876
1342544 1371909 29365
1339961 1373328 33367
1350347 1373856 23509
1362738 1373988 11250
1352675 1374450 21775
1334785 1376529 41744
1368358 1377915 9557
1361057 1378938 17881
1360053 1379301 19248
1333473 1379334 45861
1344135 1380456 36321
1347636 1381182 33546
1364100 1381842 17742
1370489 1384812 14323
1379145 1385109 5964
1361995 1385340 23345
1372924 1385340 12416
1343224 1386561 43337
1369661 1387089 17428
1383811 1389762 5951
1358200 1389861 31661
1376600 1391742 15142
1378682 1395108 16426
1373080 1395867 22787
1340247 1397319 57072
1389513 1399002 9489
1390966 1399629 8663
1360569 1400553 39984
1394620 1400586 5966
1386065 1402269 16204
1375662 1403853 28191
1398790 1404744 5954
1368142 1406724 38582
1369885 1407285 37400
1374565 1408308 33743
1379740 1408341 28601
1391902 1408836 16934
1367630 1408968 41338
1404951 1410915 5964
1359219 1411773 52554
1392181 1412169 19988
1401521 1412697 11176
1386809 1413720 26911
1395464 1416063 20599
1405700 1416789 11089
1411220 1417185 5965
1373299 1419363 46064
1378073 1419924 41851
1414257 1420584 6327
1375912 1421046 45134
1408734 1422366 13632
1406392 1422993 16601
1406874 1423554 16680
1408078 1424082 16004
1399608 1425930 26322
1397849 1426260 28411
1376750 1428438 51688
1385006 1429098 44092
1397495 1430253 32758
1391762 1430781 39019
1407440 1431210 23770
1406917 1431738 24821
1376634 1431771 55137
1399527 1432893 33366
1426732 1433421 6689
1399790 1433883 34093
1394525 1437876 43351
1431191 1438107 6916
1432797 1442265 9468
1420544 1442529 21985
1434380 1443024 8644
1418036 1443882 25846
1437425 1444641 7216
1414590 1445169 30579
1423828 1445499 21671
1440878 1447182 6304
1435682 1447446 11764
1436240 1447941 11701
1395375 1448667 53292
1421962 1449195 27233
1415174 1449657 34483
1417840 1450350 32510
1422504 1450911 28407
1399733 1451307 51574
1439853 1451439 11586
1425671 1451835 26164
1425332 1452495 27163
1426886 1452561 25675
1397302 1453089 55787
1443336 1454178 10842
1416357 1454673 38316
1426132 1455366 29234
1443977 1456290 12313
1446162 1456818 10656
1447141 1457379 10238
1413311 1458567 45256
1418349 1459260 40911
1421854 1460844 38990
1432955 1461735 28780
1444857 1463187 18330
1460130 1466091 5961
1442334 1466553 24219
1414024 1467873 53849
1428043 1468401 40358
1456265 1471008 14743
1443152 1472691 29539
1451192 1473252 22060
1460007 1474473 14466
1447576 1475364 27788
1437988 1476585 38597
1447522 1477113 29591
1446519 1477773 31254
1455671 1478301 22630
1433343 1478664 45321
1448571 1479192 30621
1453144 1479720 26576
1458704 1479786 21082
1463028 1480314 17286
1445621 1480809 35188
1464365 1481337 16972
1416439 1482558 66119
1439516 1482591 43075
1446572 1483185 36613
1452384 1484208 31824
1467717 1484736 17019
1470149 1485264 15115
1480258 1486221 5963
1481524 1487475 5951
1477558 1487739 10181
1474977 1488597 13620
1466524 1490544 24020
1470910 1491600 20690
1468501 1491864 23363
1473330 1492557 19227
1453418 1493184 39766
1469554 1494933 25379
1476368 1496682 20314
1482382 1497243 14861
1484348 1497903 13555
1479551 1501203 21652
1458695 1502688 43993
1473278 1503216 29938
1460180 1503777 43597
1467289 1509750 42461
1505584 1512951 7367
1508548 1514502 5954
1490587 1514535 23948
1478610 1515855 37245
1496337 1516218 19881
1498784 1518429 19645
1492064 1518957 26893
1485109 1520541 35432
1494583 1521201 26618
1510221 1521366 11145
1504213 1522917 18704
1488402 1523313 34911
1488770 1523874 35104
1512349 1526085 13736
1482265 1526679 44414
1503653 1527240 23587
1504715 1527735 23020
1490966 1528164 37198
1515622 1528857 13235
1516590 1529385 12795
1522936 1529946 7010
1495227 1531068 35841
1514352 1532190 17838
1519289 1532718 13429
1519291 1533312 14021
1486584 1533873 47289
1515480 1535061 19581
1516389 1535754 19365
1521959 1538559 16600
1526897 1539120 12223
1501845 1539384 37539
1521727 1541298 19571
1517626 1542453 24827
1519265 1543014 23749
1521150 1543542 22392
1525925 1545357 19432
1515449 1547304 31855
1514287 1548426 34139
1487995 1549086 61091
1520590 1549515 28925
1534925 1551726 16801
1545127 1552815 7688
1526756 1554564 27808
1551311 1557270 5959
1551734 1557699 5965
1514632 1557732 43100
1523547 1558953 35406
1532494 1559184 26690
1544566 1560273 15707
1552430 1562220 9790
1541375 1562550 21175
1543473 1563111 19638
1532979 1563375 30396
1545097 1563639 18542
1557692 1563639 5947
1558773 1565091 6318
1533865 1566444 32579
1522674 1568556 45882
1531241 1569117 37876
1530403 1569645 39242
1535648 1570173 34525
1534782 1571328 36546
1549531 1571493 21962
1523356 1572450 49094
1529232 1573110 43878
1540997 1573539 32542
1547428 1574232 26804
1546033 1574661 28628
1560873 1575189 14316
1548843 1575750 26907
1557469 1576311 18842
1561196 1576806 15610
1561185 1577400 16215
1572678 1578621 5943
1571466 1580007 8541
1570067 1583736 13669
1571270 1584264 12994
1578683 1584627 5944
1572779 1586541 13762
1575811 1587102 11291
1576169 1587663 11494
1577910 1588191 10281
1556055 1588422 32367
1557480 1590435 32955
1580878 1590666 9788
1574349 1590963 16614
1577203 1591524 14321
1584745 1592052 7307
1554787 1592679 37892
1552818 1593240 40422
1577231 1593372 16141
1561565 1593801 32236
1569220 1594329 25109
1539290 1595385 56095
1565196 1596573 31377
1583902 1598223 14321
1578282 1598685 20403
1589233 1599015 9782
1557921 1599345 41424
1595210 1601523 6313
1582138 1605186 23048
1586844 1605747 18903
1592811 1605846 13035
1564808 1605879 41071
1575466 1606407 30941
1586176 1607727 21551
1579941 1608024 28083
1588291 1608651 20360
1597127 1609212 12085
1591099 1611852 20753
1581288 1613172 31884
1597614 1613601 15987
1599107 1614426 15319
1591338 1614459 23121
1587791 1616670 28879
1598991 1619310 20319
1579524 1620432 40908
1583564 1621059 37495
1601583 1622676 21093
1601523 1623732 22209
1607030 1624293 17263
1618514 1624458 5944
1607341 1624854 17513
1613387 1625943 12556
1602092 1627131 25039
1608174 1627692 19518
1608225 1628187 19962
1613799 1628715 14916
1622842 1628814 5972
1584595 1629738 45143
1621211 1629870 8659
1586603 1630827 44224
1627759 1633731 5972
1618084 1635117 17033
1621702 1635645 13943
1613637 1635876 22239
1581430 1635942 54512
1610464 1636998 26534
1614707 1638450 23743
1626649 1639539 12890
1627779 1641387 13608
1634737 1642443 7706
1617196 1642839 25643
1600148 1644456 44308
1630722 1645743 15021
1612027 1646502 34475
1626023 1647723 21700
1630723 1648812 18089
1630299 1649406 19107
1635295 1649934 14639
1623444 1653729 30285
1648179 1654125 5946
1616463 1654389 37926
1638883 1655181 16298
1648196 1656765 8569
1651837 1657788 5951
1616311 1659372 43061
1633271 1660395 27124
1630023 1661187 31164
1627379 1661880 34501
1648029 1662639 14610
1651759 1664586 12827
1632001 1664685 32684
1637060 1666269 29209
1628977 1667325 38348
1635497 1667853 32356
1628033 1668579 40546
1639642 1669569 29927
1640709 1672341 31632
1655776 1673397 17621
1632515 1674585 42070
1665906 1676697 10791
1669889 1677225 7336
1639294 1677720 38426
1641727 1678281 36554
1665304 1680591 15287
1671398 1681317 9919
1674541 1681845 7304
1675701 1681845 6144
1676565 1682868 6303
1677193 1683165 5972
1643285 1683858 40573
1644656 1684419 39763
1646712 1685178 38466
1668874 1685442 16568
1659168 1686399 27231
1666333 1688016 21683
1660914 1688676 27762
1684057 1690029 5972
1644207 1691316 47109
1664035 1691316 27281
1636569 1692438 55869
1652226 1692999 40773
1653621 1693692 40071
1658066 1694682 36616
1684131 1696827 12696
1687604 1696827 9223
1688649 1698477 9828
1667105 1701744 34639
1659347 1702371 43024
1685838 1707090 21252
1663424 1709169 45745
1703317 1709268 5951
1671203 1709730 38527
1692227 1710390 18163
1683603 1710456 26853
1681630 1710984 29354
1692732 1711017 18285
1699730 1712073 12343
1702529 1712634 10105
1682877 1713195 30318
1699973 1713360 13387
1704459 1713888 9429
1708733 1714713 5980
1684411 1715868 31457
1696407 1716462 20055
1687740 1716561 28821
1679739 1716990 37251
1693227 1717056 23829
1691158 1717089 25931
1687371 1718739 31368
1683484 1719300 35816
1707485 1719729 12244
1700652 1721346 20694
1685630 1722369 36739
1699260 1725735 26475
1700645 1731840 31195
1698233 1732434 34201
1709938 1733127 23189
1715280 1733160 17880
1702815 1733325 30510
1722822 1733655 10833
1678896 1733754 54858
1700018 1734414 34396
1716128 1734447 18319
1704852 1734975 30123
1704558 1735503 30945
1708442 1736691 28249
1712889 1741575 28686
1727157 1742103 14946
1717456 1742598 25142
1729684 1744809 15125
1705540 1746558 41018
1719126 1747086 27960
1696697 1747614 50917
1737170 1748175 11005
1740176 1749198 9022
1712157 1749726 37569
1740848 1751178 10330
1746235 1752564 6329
1718910 1755138 36228
1728848 1756326 27478
1731959 1756854 24895
1728239 1757316 29077
1717459 1758372 40913
1737234 1758438 21204
1723672 1760550 36878
1728112 1763322 35210
1732688 1763355 30667
1727254 1764411 37157
1720698 1764939 44241
1727275 1765467 38192
1721240 1766688 45448
1753481 1767744 14263
1756148 1769922 13774
1733015 1771110 38095
1743882 1772199 28317
1722953 1773750 50797
1765562 1773882 8320
1749225 1774245 25020
1749363 1775994 26631
1770478 1776423 5945
1760061 1777743 17682
1772376 1778337 5961
1747249 1779096 31847
1739734 1779855 40121
1733321 1780383 47062
1775129 1782891 7762
1751102 1784013 32911
1751214 1784673 33459
1764704 1785894 21190
1769890 1786455 16565
1775868 1787214 11346
1757821 1787313 29492
1776441 1787544 11103
1777739 1788303 10564
1762510 1789194 26684
1741958 1790679 48721
1771767 1791207 19440
1778442 1793913 15471
1750227 1795068 44841
1758034 1797741 39707
1743185 1798302 55117
1787428 1800546 13118
1764847 1802559 37712
1768805 1803879 35074
1761231 1804440 43209
1759815 1805298 45483
1757066 1805826 48760
1759889 1806354 46465
1772411 1806915 34504
1787675 1807014 19339
1795142 1807542 12400
1768282 1807938 39656
1801276 1810017 8741
1805953 1811898 5945
1768305 1812426 44121
1773830 1813053 39223
1766902 1813713 46811
1771705 1814670 42965
1791024 1815231 24207
1795040 1815726 20686
1791366 1815792 24426
1800003 1817937 17934
1803255 1818465 15210
1809793 1818993 9200
1814628 1820577 5949
1802020 1821237 19217
1780222 1821732 41510
1812914 1821765 8851
1810521 1824075 13554
1817942 1824438 6496
1777642 1827243 49601
1783021 1829322 46301
1776421 1830510 54089
1782554 1831830 49276
1798528 1832688 34160
1796158 1833216 37058
1818290 1833381 15091
1822815 1833909 11094
1826020 1834536 8516
1804838 1834833 29995
1799314 1836450 37136
1794915 1838661 43746
1811698 1839156 27458
1828677 1839750 11073
1823922 1840806 16884
1831740 1840971 9231
1834675 1842126 7451
1797238 1842588 45350
1800498 1843149 42651
1799514 1843710 44196
1825590 1844172 18582
1821652 1844238 22586
1836763 1844667 7904
1811100 1845723 34623
1842063 1848033 5970
1828848 1848066 19218
1830512 1848594 18082
1782890 1853181 70291
1790275 1853775 63500
1810487 1854336 43849
1806851 1855029 48178
1818388 1855425 37037
1845047 1855524 10477
1838814 1858923 20109
1852723 1859088 6365
1829856 1859319 29463
1832639 1859880 27241
1835965 1860441 24476
1811459 1860573 49114
1832310 1861563 29253
1832366 1861761 29395
1830115 1863213 33098
1842570 1863774 21204
1847838 1864830 16992
1858887 1865193 6306
1820091 1866579 46488
1826167 1867140 40973
1845353 1867503 22150
1843493 1869879 26386
1864280 1870242 5962
1819110 1870341 51231
1865367 1871331 5964
1866546 1872849 6303
1836538 1875060 38522
1837885 1875852 37967
1849776 1875918 26142
1870575 1876545 5970
1864883 1878063 13180
1827550 1878327 50777
1841928 1879548 37620
1836857 1880538 43681
1853439 1881231 27792
1867187 1881891 14704
1867460 1882551 15091
1876945 1883112 6167
1847054 1883310 36256
1864330 1884432 20102
1855026 1885686 30660
1862142 1887237 25095
1881059 1888788 7729
1876925 1889349 12424
1848560 1890405 41845
1870061 1891098 21037
1868123 1892748 24625
1879133 1896081 16948
1891711 1898028 6317
1877775 1899117 21342
1872222 1899876 27654
1847110 1900404 53294
1864152 1901196 37044
1866794 1901889 35095
1875999 1902483 26484
1885624 1903044 17420
1869909 1904661 34752
1887594 1905222 17628
1885081 1905387 20306
1888848 1905915 17067
1890749 1907070 16321
1871321 1908588 37267
1881270 1909116 27846
1867420 1910667 43247
1883269 1910700 27431
1873167 1911756 38589
1888962 1911756 22794
1893364 1912812 19448
1885327 1923867 38540
1896648 1925319 28671
1908504 1925880 17376
1906539 1926441 19902
1908480 1927002 18522
1901823 1928685 26862
1889156 1931325 42169
1899459 1931358 31899
1926209 1932150 5941
1900898 1932579 31681
1890444 1933569 43125
1904355 1933701 29346
1911955 1934229 22274
1898071 1934262 36191
1920061 1934295 14234
1902188 1934691 32503
1904091 1935219 31128
1900215 1936143 35928
1902438 1938387 35949
1918016 1941324 23308
1901656 1941720 40064
1921606 1941852 20246
1910297 1942413 32116
1924057 1943172 19115
1934323 1943700 9377
1917456 1943997 26541
1917873 1944558 26685
1934916 1944591 9675
1919836 1948386 28550
1908769 1949178 40409
1922898 1949871 26973
1939277 1950993 11716
1945596 1951554 5958
1885765 1952676 66911
1935094 1954392 19298
1916458 1955316 38858
1902281 1956570 54289
1907647 1957164 49517
1921682 1957593 35911
1939107 1958814 19707
1945221 1959309 14088
1934839 1960299 25460
1932431 1961388 28957
1950309 1961916 11607
1957561 1963533 5972
1937869 1964655 26786
1946625 1967196 20571
1929269 1968021 38752
1959076 1969176 10100
1961790 1969671 7881
1943846 1970529 26683
1953511 1971618 18107
1949626 1971882 22256
1956370 1972443 16073
1952196 1974456 22260
1960408 1975545 15137
1960449 1976106 15657
1925205 1976667 51462
1932752 1977195 44443
1948014 1977756 29742
1956672 1978845 22173
1965037 1978944 13907
1937411 1979307 41896
1955870 1980429 24559
1946422 1981551 35129
1946647 1981683 35036
1962607 1982244 19637
1947427 1982673 35246
1943387 1983531 40144
1933289 1986567 53278
1981592 1987557 5965
1981313 1988613 7300
1982050 1989141 7091
1969206 1992012 22806
1975749 1992078 16329
1981606 1992606 11000
1982349 1993167 10818
1971425 1994553 23128
1949233 1995378 46145
1985224 1995642 10418
1975655 1999008 23353
1977537 1999041 21504
1994029 1999998 5969
1985220 2000064 14844
1970624 2000691 30067
1988086 2001252 13166
1981802 2001912 20110
1972110 2002275 30165
1982045 2003364 21319
1977754 2004453 26699
1966787 2005113 38326
1975686 2005542 29856
1977801 2006235 28434
1983534 2006862 23328
1972057 2007192 35135
1997041 2007720 10679
1997645 2008314 10669
1979943 2010360 30417
1988579 2012703 24124
1987193 2013726 26533
2005188 2013858 8670
2008423 2014551 6128
1989566 2015178 25612
2005336 2015739 10403
1986917 2016003 29086
1997134 2016069 18935
2002039 2016597 14558
2003991 2017092 13101
2011347 2017653 6306
2000298 2022438 22140
2009191 2023527 14336
2010610 2026959 16349
1991485 2027850 36365
2005609 2030226 24617
1989233 2030589 41356
2013504 2030688 17184
2004980 2031645 26665
1999643 2032899 33256
2017804 2033922 16118
2008775 2036661 27886
2011314 2037189 25875
2028022 2037783 9761
2018460 2038311 19851
2031978 2038839 6861
2014243 2040522 26279
2022437 2040621 18184
2027855 2041182 13327
2031433 2043096 11663
2035880 2043591 7711
2006677 2043855 37178
2017309 2043921 26612
2037690 2044251 6561
2011735 2045307 33572
2017461 2045835 28374
2006810 2048673 41863
2040136 2051511 11375
2011710 2054514 42804
2030532 2055735 25203
2027223 2057385 30162
2041344 2057946 16602
2031499 2058573 27074
2039120 2060652 21532
2034647 2061873 27226
2047943 2065140 17197
2055115 2065668 10553
2056539 2066229 9690
2043203 2066559 23356
2028292 2068440 40148
2042119 2069034 26915
2046673 2069034 22361
2063212 2069166 5954
2059164 2070552 11388
2048868 2071014 22146
2048825 2071047 22222
2056404 2071575 15171
2019564 2072664 53100
2062296 2073885 11589
2046342 2074281 27939
2028048 2075304 47256
2033312 2075931 42619
2049317 2076426 27109
2043340 2077548 34208
2039346 2078670 39324
2050691 2079792 29101
2034798 2080320 45522
2038686 2082663 43977
2045442 2083752 38310
2069897 2084181 14284
2045601 2085864 40263
2080565 2086953 6388
2061852 2087712 25860
2073213 2090550 17337
2077326 2091111 13785
2051413 2091870 40457
2036762 2091903 55141
2062534 2092959 30425
2063062 2096688 33626
2070086 2098272 28186
2072988 2098833 25845
2063313 2099328 36015
2066424 2099394 32970
2069595 2100582 30987
2095270 2101242 5972
2048715 2101704 52989
2076487 2101704 25217
2060146 2102232 42086
2069456 2102760 33304
2097904 2105268 7364
2090567 2107116 16549
2068328 2107149 38821
2091989 2108634 16645
2091615 2114541 22926
2074443 2115861 41418
2073781 2117016 43235
2091036 2117511 26475
2106733 2118996 12263
2114331 2120646 6315
2067332 2120679 53347
2097697 2121240 23543
2104197 2121372 17175
2103281 2121834 18553
2106167 2121900 15733
2103634 2123319 19685
2078241 2123385 45144
2086013 2124573 38560
2106222 2129358 23136
2116639 2130480 13841
2094382 2130579 36197
2115612 2131107 15495
2116123 2132196 16073
2093515 2133879 40364
2094821 2134407 39586
2115030 2134968 19938
2129017 2134968 5951
2119641 2138532 18891
2120326 2139126 18800
2133615 2139555 5940
2120869 2140941 20072
2123787 2142426 18639
2111136 2144670 33534
2117400 2145198 27798
2131553 2146815 15262
2110998 2147310 36312
2135950 2147310 11360
2116868 2147343 30475
2118995 2148432 29437
2128101 2148960 20859
2103853 2148993 45140
2119223 2150082 30859
2102732 2150676 47944
2112005 2151600 39595
2138905 2156715 17810
2147448 2157276 9828
2108176 2157738 49562
2148743 2157804 9061
2117597 2158464 40867
2140194 2160609 20415
2135254 2162490 27236
2127145 2163942 36797
2127649 2165031 37382
2136910 2165064 28154
2133193 2165328 32135
2151527 2165856 14329
2156559 2166351 9792
2150946 2167011 16065
2150779 2167473 16694
2158235 2167506 9271
2157580 2170707 13127
2121171 2171301 50130
2138113 2172390 34277
2132806 2172456 39650
2137556 2173017 35461
2141542 2174667 33125
2155927 2175723 19796
2139722 2175822 36100
2158366 2176284 17918
2160304 2176812 16508
2163284 2177340 14056
2122318 2177406 55088
2170251 2177868 7617
2155765 2179122 23357
2146332 2179155 32823
2162938 2180706 17768
2165926 2181267 15341
2149886 2181729 31843
2170778 2182356 11578
2161692 2184006 22314
2177686 2184006 6320
2179746 2187603 7857
2146805 2187867 41062
2168826 2188395 19569
2143483 2188428 44945
2168776 2189319 20543
2160016 2189451 29435
2172023 2189946 17923
2172558 2190441 17883
2159554 2190507 30953
2182080 2191563 9483
2172658 2192685 20027
2175079 2193378 18299
2173564 2194962 21398
2163442 2196447 33005
2176199 2196447 20248
2165677 2197041 31364
2165050 2198691 33641
2179968 2199219 19251
2138205 2199252 61047
2161254 2199780 38526
2192691 2202519 9828
2189167 2205819 16652
2192666 2206116 13450
2181677 2207172 25495
2181906 2207766 25860
2193898 2208063 14165
2175436 2208558 33122
2169115 2211363 42248
2171624 2213310 41686
2200360 2213475 13115
2192296 2214432 22136
2196672 2214993 18321
2178742 2216676 37934
2198825 2217237 18412
2200465 2217798 17333
2182503 2220570 38067
2182725 2221098 38373
2197810 2221725 23915
2204556 2222286 17730
2191067 2223210 32143
2197801 2223804 26003
2189281 2227137 37856
2183292 2227170 43878
2219819 2229975 10156
2215437 2231196 15759
2227465 2233407 5942
2215787 2233770 17983
2213905 2234529 20624
2228698 2234958 6260
2204411 2235882 31471
2213675 2236410 22735
2230300 2236608 6308
2178711 2236938 58227
2191910 2237301 45391
2218418 2237862 19444
2216004 2238159 22155
2214472 2239050 24578
2225980 2239677 13697
2193629 2240535 46906
2208756 2241195 32439
2232177 2241888 9711
2208606 2241954 33348
2208604 2244561 35957
2223104 2245551 22447
2229328 2248323 18995
2234161 2248851 14690
2243816 2249775 5959
2223107 2253867 30760
2231398 2255748 24350
2227524 2256012 28488
2252159 2258487 6328
2209243 2259873 50630
2215509 2259939 44430
2240730 2260533 19803
2247848 2261028 13180
2207175 2261325 54150
2213892 2261820 47928
2235980 2262447 26467
2237828 2262480 24652
2251386 2262876 11490
2228817 2264559 35742
2250893 2266506 15613
2240223 2266935 26712
2239318 2269707 30389
2239395 2270136 30741
2244184 2271192 27008
2237108 2271225 34117
2246843 2271720 24877
2255587 2272809 17222
2238122 2275119 36997
2229162 2277726 48564
2246436 2278386 31950
2258749 2279178 20429
2259515 2279772 20257
2274617 2280564 5947
2274843 2281059 6216
2275605 2281554 5949
2276162 2282115 5953
2250914 2284425 33511
2257172 2285019 27847
2237313 2285085 47772
2255274 2286141 30867
2264555 2287593 23038
2268462 2288682 20220
2248111 2291355 43244
2281367 2291652 10285
2261942 2292576 30634
2259320 2293137 33817
2270219 2294688 24469
2261475 2295777 34302
2280273 2296833 16560
2253912 2298582 44670
2262486 2299110 36624
2271545 2299671 28126
2279730 2300727 20997
2263849 2301750 37901
2282890 2301849 18959
2276012 2303169 27157
2268183 2307855 39672
2283062 2307921 24859
2301582 2307921 6339
2285136 2308449 23313
2278413 2309307 30894
2290193 2309472 19279
2290096 2310429 20333
2296703 2311023 14320
2277874 2316435 38561
2306073 2319735 13662
2311970 2320263 8293
2280667 2322573 41906
2294726 2323101 28375
2288164 2325873 37709
2310518 2328084 17566
2308814 2328579 19765
2318108 2332770 14662
2324041 2334321 10280
2314377 2334453 20076
2324750 2334519 9769
2315372 2336169 20797
2312219 2336664 24445
2326048 2338974 12926
2313029 2340426 27397
2312788 2340987 28199
2317548 2343726 26178
2311370 2345376 34006
2315390 2346564 31174
2314073 2347653 33580
2329377 2347653 18276
2333780 2348709 14929
2317112 2349732 32620
2335485 2349831 14346
2308518 2350986 42468
2304603 2351382 46779
2335292 2351745 16453
2319950 2352009 32059
2320206 2352504 32298
2320367 2354550 34183
2325034 2355672 30638
2306571 2355870 49299
2333089 2358444 25355
2338318 2359005 20687
2316569 2360556 43987
2323255 2361150 37895
2347942 2361711 13769
2317285 2364582 47297
2345342 2365704 20362
2331247 2366661 35414
2344790 2367750 22960
2350953 2368311 17358
2355459 2368839 13380
2338528 2369367 30839
2357678 2369367 11689
2340387 2369928 29541
2342035 2370456 28421
2326658 2370588 43930
2334689 2371149 36460
2333335 2372271 38936
2345331 2373855 28524
2351431 2375175 23744
2357461 2376000 18539
2357216 2376066 18850
2367570 2376792 9222
2343488 2378541 35053
2345360 2379135 33775
2338990 2379861 40871
2343695 2380422 36727
2364191 2380752 16561
2321135 2381016 59881
2343243 2381181 37938
2362191 2381577 19386
2344387 2381742 37355
2365285 2382072 16787
2370482 2382105 11623
2358352 2382435 24083
2353364 2383590 30226
2365131 2384085 18954
2340026 2384547 44521
2365446 2384646 19200
2356447 2385207 28760
2366197 2385273 19076
2325191 2388573 63382
2377912 2390190 12278
2362288 2391741 29453
2386237 2392203 5966
2369821 2392896 23075
2353852 2394579 40727
2350702 2395140 44438
2373366 2395338 21972
2366710 2395668 28958
2356927 2397516 40589
2362420 2397879 35459
2355410 2398407 42997
2372327 2398605 26278
2388837 2400090 11253
2395212 2401179 5967
2366837 2402532 35695
2364318 2405304 40986
2376835 2407020 30185
2370335 2407185 36850
2388639 2407548 18909
2400113 2408637 8524
2397527 2409891 12364
2393392 2411310 17918
2363627 2411343 47716
2366480 2412432 45952
2372527 2413059 40532
2394371 2413191 18820
2407633 2413587 5954
2368872 2413752 44880
2403313 2415732 12419
2403452 2416821 13369
2386496 2418570 32074
2404111 2420715 16604
2415685 2421639 5954
2377282 2421738 44456
2382302 2422398 40096
2405791 2423190 17399
2408522 2424081 15559
2410458 2426556 16098
2390287 2427876 37589
2375798 2429196 53398
2394905 2429790 34885
2419737 2430021 10284
2411119 2430450 19331
2403939 2436588 32649
2409372 2437743 28371
2433978 2439921 5943
2408254 2440911 32657
2417135 2442561 25426
2419468 2445861 26393
2421641 2447181 25540
2429281 2448072 18791
2431083 2448600 17517
2443009 2448963 5954
2426125 2450547 24422
2403228 2451372 48144
2445445 2451405 5960
2413217 2453319 40102
2437168 2455002 17834
2426380 2455068 28688
2441748 2455530 13782
2413228 2456685 43457
2419198 2459325 40127
2438091 2459919 21828
2424567 2460579 36012
2454665 2460612 5947
2432464 2463846 31382
2454976 2465331 10355
2455798 2465892 10094
2419858 2466585 46727
2434240 2466651 32411
2442949 2467707 24758
2429077 2467740 38663
2429792 2468268 38476
2456373 2468730 12357
2432665 2469720 37055
2439204 2471172 31968
2461706 2472591 10885
2442909 2472657 29748
2453651 2474538 20887
2456980 2475099 18119
2458315 2475627 17312
2469995 2475957 5962
2460807 2476386 15579
2427916 2477310 49394
2464608 2477574 12966
2459088 2478993 19905
2467328 2480214 12886
2454296 2482392 28096
2442720 2483316 40596
2438665 2484438 45773
2456440 2484999 28559
2444970 2486682 41712
2441463 2487210 45747
2460420 2487672 27252
2451155 2487870 36715
2482363 2490345 7982
2455056 2490576 35520
2472329 2491104 18775
2473202 2492193 18991
2476060 2492721 16661
2447887 2493744 45857
2448515 2494338 45823
2457850 2495196 37346
2484580 2495559 10979
2479824 2495757 15933
2482002 2496285 14283
2476288 2496615 20327
2485682 2498529 12847
2489265 2502027 12762
2489194 2505195 16001
2485178 2505360 20182
2485916 2506548 20632
2471089 2507307 36218
2466119 2508561 42442
2461895 2510673 48778
2494218 2510904 16686
2484526 2511729 27203
2500841 2512818 11977
2496480 2513346 16866
2502425 2513379 10954
2464576 2514468 49892
2496446 2516184 19738
2501790 2516712 14922
2486227 2517867 31640
2507421 2520606 13185
2496606 2524401 27795
2508602 2524995 16393
2472080 2525325 53245
2481943 2525853 43910
2516998 2527140 10142
2485702 2528559 42857
2500296 2530275 29979
2495223 2531826 36603
2488209 2532585 44376
2492937 2533047 40110
2520963 2533740 12777
2494963 2534565 39602
2497912 2534664 36752
2511322 2538558 27236
2525322 2543178 17856
2529016 2543739 14723
2532935 2544069 11134
2531938 2544267 12329
2523797 2546544 22747
2540336 2547600 7264
2532945 2550933 17988
2518816 2552550 33734
2522551 2553111 30560
2506681 2554827 48146
2510397 2556444 46047
2510214 2558688 48474
2527936 2559249 31313
2540981 2559744 18763
2549744 2560305 10561
2554774 2561130 6356
2548903 2561922 13019
2529609 2562582 32973
2530375 2563176 32801
2557109 2563176 6067
2539997 2564661 24664
2556406 2566773 10367
2551725 2567169 15444
2552269 2568093 15824
2561916 2570337 8421
2551504 2570535 19031
2559419 2571096 11677
2557766 2572977 15211
2563065 2575518 12453
2556725 2577366 20641
2558961 2577894 18933
2553978 2579049 25071
2543667 2580435 36768
2575013 2580963 5950
2563100 2583240 20140
2568901 2585352 16451
2573012 2585913 12901
2549512 2586573 37061
2560918 2587200 26282
2576614 2588718 12104
2575269 2589180 13911
2558684 2589873 31189
2579300 2591193 11893
2586581 2595186 8605
2589557 2595516 5959
2556600 2595879 39279
2587649 2596176 8527
2559881 2597166 37285
2565249 2597826 32577
2572676 2598453 25777
2580516 2598882 18366
2573453 2599608 26155
2579134 2600136 21002
2575646 2601225 25579
2572749 2602875 30126
2573723 2604558 30835
2559467 2605119 45652
2563335 2605581 42246
2564193 2606142 41949
2564943 2606670 41727
2585432 2608287 22855
2590921 2608815 17894
2595329 2609343 14014
2597809 2609904 12095
2594458 2612709 18251
2579103 2613864 34761
2600378 2614260 13882
2587512 2614392 26880
2595093 2615184 20091
2601313 2615745 14432
2591001 2616009 25008
2580893 2619870 38977
2588842 2621322 32480
2574460 2621850 47390
2605158 2622444 17286
2607254 2623005 15751
2585413 2627394 41981
2573722 2628450 54728
2593030 2628450 35420
2591919 2629110 37191
2604645 2629704 25059
2598129 2631090 32961
2615476 2631189 15713
2607443 2631750 24307
2614323 2632311 17988
2605695 2633862 28167
2604840 2637855 33015
2608717 2638383 29666
2625386 2640000 14614
2619460 2640495 21035
2625164 2641617 16453
2628499 2642145 13646
2626724 2642541 15817
2630639 2642937 12298
2632468 2643729 11261
2617522 2643861 26339
2636833 2644422 7589
2591585 2645313 53728
2632194 2646435 14241
2623782 2648679 24897
2643630 2651121 7491
2612047 2651319 39272
2613075 2651352 38277
2638520 2653200 14680
2641281 2653860 12579
2610157 2654685 44528
2642124 2654784 12660
2618858 2655312 36454
2649516 2655708 6192
2626653 2655906 29253
2616933 2658513 41580
2616672 2661879 45207
2660265 2666235 5970
2641513 2666532 25019
2639374 2667357 27983
2661770 2667720 5950
2656505 2668710 12205
2650023 2668941 18918
2648824 2670426 21602
2647391 2670921 23530
2650991 2670987 19996
2659871 2671515 11644
2651288 2671548 20260
2652941 2672010 19069
2660389 2672076 11687
2658156 2673924 15768
2660578 2674485 13907
2644644 2674782 30138
2642911 2676432 33521
2657583 2677686 20103
2653386 2678676 25290
2661149 2679204 18055
2666775 2680293 13518
2667147 2682504 15357
2640630 2682603 41973
2671235 2683032 11797
2662578 2683725 21147
2666031 2684187 18156
2678148 2685243 7095
2646564 2685738 39174
2637466 2686398 48932
2662742 2686926 24184
2665501 2687190 21689
2671588 2688081 16493
2677726 2688279 10553
2633488 2691381 57893
2662160 2691414 29254
2677278 2692932 15654
2659657 2694516 34859
2664454 2696034 31580
2690087 2696034 5947
2666806 2696661 29855
2664417 2697189 32772
2670423 2698410 27987
2690018 2699565 9547
2674797 2700456 25659
2675022 2701578 26556
2677523 2702238 24715
2681222 2702667 21445
2663300 2702700 39400
2688608 2703195 14587
2681291 2703723 22432
2694057 2705373 11316
2696898 2705868 8970
2696560 2705901 9341
2661763 2706363 44600
2697578 2706429 8851
2703261 2709201 5940
2668600 2709861 41261
2674991 2710290 35299
2691882 2710884 19002
2705198 2711610 6412
2683522 2712534 29012
2706330 2712633 6303
2692521 2714547 22026
2707639 2715075 7436
2706673 2716461 9788
2681960 2717319 35359
2702638 2717847 15209
2708583 2719530 10947
2710038 2721378 11340
2710661 2721939 11278
2684506 2723886 39380
2672006 2726691 54685
2711760 2727219 15459
2681561 2727780 46219
2700891 2728275 27384
2709253 2728803 19550
2715283 2729331 14048
2699448 2733852 34404
2715073 2735766 20693
2720620 2736294 15674
2721118 2736591 15473
2716564 2738538 21974
2714783 2744676 29893
2732934 2746458 13524
2710903 2747316 36413
2706562 2747844 41282
2726294 2748438 22144
2697580 2748570 50990
2711936 2749131 37195
2723794 2749692 25898
2728734 2750220 21486
2714507 2750682 36175
2736763 2752332 15569
2738203 2752860 14657
2744735 2753487 8752
2711919 2754576 42657
2715407 2755137 39730
2722499 2755236 32737
2740250 2757249 16999
2707879 2757744 49865
2722977 2758437 35460
2721750 2758833 37083
2740841 2759757 18916
2741861 2760615 18754
2746307 2761176 14869
2733045 2763882 30837
2736496 2763915 27419
2754456 2767545 13089
2759726 2768040 8314
2734759 2768535 33776
2739718 2770416 30698
2763590 2770416 6826
2740527 2772561 32034
2752574 2773683 21109
2755459 2774211 18752
2748657 2775168 26511
2754438 2775729 21291
2759524 2775729 16205
2760369 2776290 15921
2723907 2778567 54660
2742211 2779689 37478
2729636 2780217 50581
2762654 2780646 17992
2755060 2780778 25718
2770710 2781207 10497
2738451 2781735 43284
2740872 2782296 41424
2745898 2782857 36959
2769076 2783748 14672
2778634 2784606 5972
2737267 2787873 50606
2782492 2788434 5942
2775328 2788698 13370
2783075 2789028 5953
2748036 2789325 41289
2761818 2790612 28794
2769273 2791536 22263
2772942 2791998 19056
2769312 2792097 22785
2762418 2792559 30141
2773909 2792625 18716
2787777 2797938 10161
2772493 2799720 27227
2779848 2800710 20862
2786326 2801337 15011
2774133 2802558 28425
2762934 2803086 40152
2771141 2803647 32506
2764096 2805858 41762
2760480 2806254 45774
2781784 2807739 25955
2787695 2808069 20374
2782915 2813184 30269
2764703 2813745 49042
2808753 2814702 5949
2804643 2814801 10158
2808952 2815197 6245
2773981 2816550 42569
2765943 2819388 53445
2789574 2820576 31002
2790290 2821137 30847
2815856 2821797 5941
2801420 2821830 20410
2807884 2822325 14441
2782054 2823018 40964
2816104 2824734 8630
2815591 2825955 10364
2802312 2826582 24270
2780245 2829882 49637
2824190 2830146 5956
2820756 2830542 9786
2806838 2831169 24331
2820895 2831400 10505
2815049 2832093 17044
2812769 2832258 19489
2797944 2837307 39363
2831654 2837604 5950
2776996 2837835 60839
2817497 2838429 20932
2806385 2838924 32539
2821416 2838990 17574
2822934 2839320 16386
2830498 2840046 9548
2834716 2840673 5957
2827901 2841366 13465
2807833 2844435 36602
2813066 2845128 32062
2824836 2845557 20721
2826608 2846118 19510
2840272 2846217 5945
2804641 2847075 42434
2814309 2847141 32832
2837148 2848824 11676
2811548 2850903 39355
2844909 2851068 6159
2802252 2853741 51489
2848436 2854401 5965
2831936 2855193 23257
2850312 2856645 6333
2849889 2857140 7251
2850675 2857635 6960
2846510 2858559 12049
2824468 2859879 35411
2823314 2860407 37093
2841606 2860473 18867
2848635 2860968 12333
2835762 2864664 28902
2843516 2865885 22369
2860888 2867106 6218
2833082 2868558 35476
2841490 2869185 27695
2853842 2870274 16432
2854855 2871726 16871
2854782 2872815 18033
2864091 2872914 8823
2867031 2873871 6840
2864987 2876181 11194
2875752 2881692 5940
2868852 2883111 14259
2844975 2884431 39456
2846597 2884992 38395
2861077 2885058 23981
2860044 2886444 26400
2863901 2886510 22609
2864360 2887005 22645
2858358 2888556 30198
2868673 2891328 22655
2843287 2891361 48074
2868033 2891361 23328
2858287 2892450 34163
2871156 2893539 22383
2861875 2894661 32786
2881922 2895750 13828
2886613 2896311 9698
2863857 2898423 34566
2881851 2900634 18783
2876803 2903175 26372
2882606 2903736 21130
2882603 2904000 21397
2888956 2904528 15572
2882597 2906541 23944
2884497 2908422 23925
2892680 2910435 17755
2875335 2912547 37212
2868100 2913108 45008
2907710 2914956 7246
2894683 2915319 20636
2882855 2915352 32497
2888329 2916573 28244
2890141 2917695 27554
2903389 2917728 14339
2905759 2919741 13982
2911534 2920401 8867
2901115 2921391 20276
2898711 2921886 23175
2905788 2922513 16725
2913999 2923041 9042
2916599 2923569 6970
2916909 2924163 7254
2904952 2925780 20828
2920362 2928222 7860
2922570 2928519 5949
2924694 2930664 5970
2923015 2931060 8045
2916543 2932413 15870
2906823 2934360 27537
2913839 2934426 20587
2923850 2935383 11533
2919119 2936670 17551
2904798 2939310 34512
2917649 2939343 21694
2900351 2940564 40213
2903603 2941092 37489
2920958 2943501 22543
2931147 2944293 13146
2933924 2944821 10897
2936098 2945316 9218
2921512 2945877 24365
2912310 2949738 37428
2937959 2949771 11812
2923376 2950332 26956
2934751 2952609 17858
2945921 2953302 7381
2927389 2954556 27167
2928060 2955150 27090
2916353 2955876 39523
2931422 2956503 25081
2942889 2956767 13878
2947250 2957691 10441
2929014 2957856 28842
2931904 2958450 26546
2940018 2960166 20148
2955337 2961288 5951
2934672 2962938 28266
2929002 2963301 34299
2939925 2963829 23904
2927742 2964390 36648
2948023 2967723 19700
2944592 2968053 23461
2953826 2968284 14458
2948237 2969340 21103
2961722 2969340 7618
2943152 2970594 27442
2935952 2972145 36193
2928171 2973861 45690
2932009 2974422 42413
2933074 2975049 41975
2957058 2975181 18123
2924009 2975544 51535
2964775 2976303 11528
2958878 2977194 18316
2948933 2979108 30175
2927800 2979372 51572
2931804 2979900 48096
2959051 2982111 23060
2945498 2982375 36877
2957068 2982441 25373
2953347 2984685 31338
2957104 2988579 31475
2954785 2989008 34223
2972748 2989701 16953
2980378 2990163 9785
2957080 2990724 33644
2964369 2992374 28005
2978154 2993331 15177
2946147 2994420 48273
2985277 2994420 9143
2959385 2995608 36223
2983537 2996697 13160
2957336 2997852 40516
2981999 2998479 16480
2974285 2999172 24887
2978596 3002538 23942
2959426 3003858 44432
2946542 3004386 57844
2954104 3005310 51206
2977561 3008544 30983
3002746 3008709 5963
2970122 3012438 42316
2972339 3014682 42343
2987918 3015243 27325
2995995 3015738 19743
2995493 3019104 23611
3001312 3020193 18881
2981236 3021876 40640
3016237 3022206 5969
2996435 3022404 25969
3004296 3024087 19791
3011094 3024615 13521
3018476 3024780 6304
3011231 3025209 13978
3004680 3026529 21849
3020735 3026694 5959
2997916 3027882 29966
2970333 3027915 57582
2997990 3029136 31146
3023186 3029499 6313
2992927 3029697 36770
3012915 3030060 17145
2990349 3030258 39909
3012509 3031017 18508
3019822 3033888 14066
3007116 3036990 29874
3001305 3038673 37368
3029474 3040290 10816
3027267 3040818 13551
3030593 3040818 10225
3033584 3041346 7762
3014518 3041379 26861
3032977 3044184 11207
3029404 3045174 15770
3033614 3046164 12550
3040552 3046494 5942
3010141 3051873 41732
3018056 3052401 34345
3032221 3052599 20378
3031162 3056097 24935
3011488 3056559 45071
3032521 3056625 24104
3024315 3057219 32904
3046850 3057912 11062
3027226 3058275 31049
3047085 3058506 11421
3034338 3059298 24960
3029224 3059364 30140
3014965 3060585 45620
3032414 3062664 30250
3056716 3064116 7400
3057698 3065271 7573
3041854 3068802 26948
3061984 3071739 9755
3067205 3073158 5953
3069561 3075501 5940
3068452 3075600 7148
3033334 3075897 42563
3034437 3076491 42054
3039948 3077052 37104
3061230 3077316 16086
3041799 3078108 36309
3065145 3078933 13788
3041856 3079593 37737
3044382 3080187 35805
3033257 3080550 47293
3074975 3081705 6730
3035628 3082266 46638
3051885 3083322 31437
3054032 3083355 29323
3049038 3084444 35406
3051602 3084444 32842
3027674 3084477 56803
3060168 3085269 25101
3079731 3088932 9201
3077836 3089361 11525
3075969 3092694 16725
3087605 3093552 5947
3045887 3093750 47863
3077869 3093783 15914
3062135 3094311 32176
3054580 3095004 40424
3075001 3095169 20168
3066101 3095631 29530
3070102 3095994 25892
3082631 3096126 13495
3071704 3098535 26831
3083716 3099624 15908
3065663 3099822 34159
3091814 3100119 8305
3049330 3100350 51020
3079043 3100944 21901
3040993 3101307 60314
3088337 3101868 13531
3088601 3102429 13828
3081282 3103023 21741
3095408 3104310 8902
3064662 3104541 39879
3095770 3104805 9035
3088579 3105894 17315
3096597 3106455 9858
3092672 3106818 14146
3074438 3108567 34129
3084511 3109194 24683
3081026 3110679 29653
3097002 3111207 14205
3095833 3113352 17519
3094884 3114573 19689
3091998 3116718 24720
3094531 3117774 23243
3090048 3117873 27825
3094736 3118302 23566
3099967 3118863 18896
3096511 3119193 22682
3111752 3119490 7738
3101793 3122559 20766
3116847 3122790 5943
3102417 3123153 20736
3116994 3123285 6291
3094448 3125298 30850
3088521 3128664 40143
3097409 3129192 31783
3112592 3129357 16765
3120881 3130446 9565
3097227 3131304 34077
3097017 3131832 34815
3088881 3132426 43545
3114251 3134208 19957
3089989 3138564 48575
3112807 3141732 28925
3135857 3141798 5941
3114959 3142392 27433
3136649 3142590 5941
3126789 3142920 16131
3124177 3144207 20030
3128128 3147870 19742
3092938 3147936 54998
3106772 3149025 42253
3143807 3149751 5944
3131354 3150444 19090
3143078 3153381 10303
3145744 3154536 8792
3139486 3154932 15446
3115878 3156582 40704
3145467 3158199 12732
3121883 3158661 36778
3132191 3158694 26503
3153434 3159750 6316
3141933 3160806 18873
3151014 3161334 10320
3120126 3165855 45729
3161738 3168066 6328
3126585 3171366 44781
3153027 3171696 18669
3147550 3172059 24509
3154126 3172257 18131
3158413 3172785 14372
3145481 3173313 27832
3152103 3174435 22332
3160520 3174435 13915
3162663 3175557 12894
3162699 3176118 13419
3155636 3180573 24937
3155297 3181134 25837
3158207 3181695 23488
3166454 3184830 18376
3173593 3185358 11765
3158106 3186579 28473
3158676 3186612 27936
3152217 3187701 35484
3170781 3188724 17943
3158197 3189879 31682
3166351 3191166 24815
3162161 3195852 33691
3167800 3196380 28580
3186707 3196578 9871
3164519 3197172 32653
3161634 3197832 36198
3173936 3198987 25051
3167845 3202386 34541
3157198 3204564 47366
3177516 3206115 28599
3180047 3207006 26959
3196175 3208821 12646
3195082 3209349 14267
3202378 3209382 7004
3204891 3210834 5943
3189339 3212649 23310
3160817 3213870 53053
3205677 3215190 9513
3196732 3216081 19349
3201900 3216609 14709
3202551 3217170 14619
3211556 3217863 6307
3178737 3219876 41139
3172688 3220437 47749
3190288 3221328 31040
3197867 3222450 24583
3194610 3222516 27906
3201698 3223572 21874
3182121 3224661 42540
3176199 3225189 48990
3197050 3225750 28700
3203737 3225915 22178
3184196 3226146 41950
3182548 3227301 44753
3221515 3227466 5951
3193192 3228423 35231
3189857 3228588 38731
3183296 3231558 48262
3213624 3231723 18099
3201127 3233406 32279
3198541 3235650 37109
3210307 3237729 27422
3200044 3238290 38246
3228153 3238950 10797
3227468 3239181 11713
3229305 3239742 10437
3189946 3243867 53921
3198225 3243933 45708
3237992 3243933 5941
3198867 3244494 45627
3221425 3245055 23630
3221270 3245319 24049
3218856 3246375 27519
3240507 3246474 5967
3219445 3246969 27524
3231376 3248025 16649
3220778 3248685 27907
3236082 3250500 14418
3240955 3251028 10073
3244823 3251589 6766
3222509 3253206 30697
3235793 3254097 18304
3222606 3254790 32184
3232734 3255747 23013
3226689 3259740 33051
3243700 3260169 16469
3242828 3260631 17803
3246203 3260697 14494
3207935 3260895 52960
3220543 3261720 41177
3254454 3262248 7794
3231601 3262281 30680
3245779 3263733 17954
3251609 3264063 12454
3251060 3264261 13201
3253029 3264624 11595
3247710 3265053 17343
3253466 3265218 11752
3254441 3265548 11107
3259452 3265779 6327
3234163 3266538 32375
3222247 3267858 45611
3262026 3268353 6327
3201560 3268386 66826
3202573 3268485 65912
3214013 3269310 55297
3231882 3269541 37659
3220791 3269739 48948
3265480 3272148 6668
3252398 3273897 21499
3243935 3274392 30457
3251934 3275448 23514
3249361 3277197 27836
3251175 3278583 27408
3244737 3278682 33945
3254737 3282576 27839
3236026 3285744 49718
3269711 3286833 17122
3259707 3287196 27489
3275948 3288285 12337
3282794 3288747 5953
3269593 3290529 20936
3276545 3291090 14545
3276749 3291651 14902
3248442 3291882 43440
3244003 3292443 48440
3262774 3292509 29735
3281486 3292740 11254
3272783 3295017 22234
3270332 3298416 28084
3289210 3298977 9767
3272851 3299406 26555
3291697 3299505 7808
3254146 3300561 46415
3262919 3301023 38104
3269786 3301617 31831
3268035 3302178 34143
3285319 3302211 16892
3280827 3302805 21978
3287621 3303729 16108
3290032 3304290 14258
3295783 3304884 9101
3280248 3306567 26319
3273899 3309867 35968
3282183 3310395 28212
3294990 3312078 17088
3273057 3315873 42816
3279614 3316434 36820
3274608 3317193 42585
3308237 3318744 10507
3286775 3319008 32233
3289649 3319569 29920
3309444 3319734 10290
3291762 3320559 28797
3301292 3321912 20620
3283131 3322407 39276
3287813 3323298 35485
3298625 3323826 25201
3306432 3323826 17394
3295466 3325707 30241
3307801 3327720 19919
3313189 3328281 15092
3316548 3328809 12261
3323087 3329040 5953
3316612 3329370 12758
3316735 3329964 13229
3302106 3331746 29640
3321354 3335178 13824
3322627 3338544 15917
3312928 3339864 26936
3288580 3340392 51812
3293641 3340458 46817
3309449 3341481 32032
3311609 3341481 29872
3312931 3342504 29573
3330159 3343494 13335
3310281 3344682 34401
3328385 3345936 17551
3310002 3347322 37320
3342646 3348609 5963
3327076 3349203 22127
3344069 3350028 5959
3344426 3350523 6097
3337431 3352305 14874
3338292 3352833 14541
3346930 3353394 6464
3348092 3354417 6325
3320399 3354582 34183
3331571 3355704 24133
3321497 3356232 34735
3306284 3357750 51466
3348560 3359169 10609
3342668 3363096 20428
3349312 3363261 13949
3348744 3363624 14880
3330032 3363855 33823
3319408 3363921 44513
3320589 3364482 43893
3323772 3365175 41403
3337534 3366495 28961
3350144 3367518 17374
3361426 3368607 7181
3341563 3368673 27110
3352520 3369366 16846
3360928 3369894 8966
3332161 3371313 39152
3339743 3371841 32098
3323713 3371907 48194
3332148 3372402 40254
3335508 3372567 37059
3356255 3374679 18424
3364061 3375735 11674
3366179 3376296 10117
3358352 3378408 20056
3362186 3380718 18532
3376601 3382566 5965
3359525 3383193 23668
3367305 3384282 16977
3368287 3384843 16556
3374190 3385074 10884
3364995 3385206 20211
3369812 3385371 15559
3380527 3386493 5966
3374706 3387054 12348
3373303 3387120 13817
3358333 3388407 30074
3334851 3389298 54447
3367709 3389562 21853
3341775 3389694 47919
3369530 3390090 20560
3347004 3390222 43218
3373652 3390453 16801
3363109 3391344 28235
3354858 3392664 37806
3361709 3395304 33595
3363638 3395865 32227
3366780 3396426 29646
3359165 3396954 37789
3383016 3398670 15654
3385964 3400287 14323
3388858 3401343 12485
3389826 3401937 12111
3393192 3402465 9273
3377177 3402564 25387
3365843 3405732 39889
3353341 3406326 52985
3377871 3408603 30732
3399710 3408834 9124
3388088 3410550 22462
3399605 3411672 12067
3376838 3411870 35032
3388561 3412992 24431
3399209 3415038 15829
3399643 3417117 17474
3390906 3417942 27036
3394703 3418404 23701
3395680 3418503 22823
3374786 3418833 44047
3405858 3418899 13041
3404149 3419559 15410
3377282 3420582 43300
3390785 3421572 30787
3384835 3422661 37826
3398186 3423222 25036
3415403 3424443 9040
3414931 3424806 9875
3421678 3427644 5966
3407448 3428700 21252
3413690 3429261 15571
3388764 3429723 40959
3395515 3430449 34934
3396849 3431076 34227
3403710 3431472 27762
3417345 3431736 14391
3411127 3431967 20840
3418387 3432231 13844
3408831 3434541 25710
3398399 3437181 38782
3417436 3438435 20999
3419827 3438996 19169
3412884 3440679 27795
3411917 3441240 29323
3412421 3441834 29413
3429873 3442461 12588
3415626 3442527 26901
3409597 3445200 35603
3421596 3446091 24495
3410372 3446685 36313
3432062 3449919 17857
3417760 3450579 32819
3436963 3451008 14045
3421867 3452658 30791
3419575 3453747 34172
3424197 3454308 30111
3404117 3454836 50719
3449502 3455463 5961
3432211 3455496 23285
3432901 3455595 22694
3435087 3455991 20904
3445501 3456189 10688
3440768 3456552 15784
3446320 3457080 10760
3448530 3457410 8880
3453407 3459357 5950
3451228 3459687 8459
3421210 3461304 40094
3451473 3461568 10095
3431821 3462558 30737
3451784 3464010 12226
3447184 3464604 17420
3438450 3466815 28365
3441054 3467343 26289
3422955 3468432 45477
3443012 3469554 26542
3444047 3470214 26167
3425861 3470676 44815
3446313 3471237 24924
3458221 3472293 14072
3441145 3473382 32237
3420041 3474570 54529
3452625 3475032 22407
3465660 3476187 10527
3451801 3477771 25970
3427825 3477870 50045
3426249 3478299 52050
3452334 3478299 25965
3464505 3479190 14685
3475200 3481170 5970
3462881 3482556 19675
3448580 3483381 34801
3478447 3484404 5957
3436210 3485328 49118
3469812 3485856 16044
3451090 3486450 35360
3478735 3488100 9365
3445056 3488529 43473
3465080 3489222 24142
3460071 3490971 30900
3460394 3491532 31138
3456379 3492588 36209
3456255 3492918 36663
3438121 3493050 54929
3466429 3493776 27347
3448713 3494502 45789
3467866 3495525 27659
3470736 3495591 24855
3471385 3501861 30476
3497292 3503247 5955
3499124 3505458 6334
3484353 3506547 22194
3499154 3507636 8482
3487585 3508395 20810
3493876 3510441 16565
3473007 3516579 43572
3489011 3517767 28756
3484945 3518592 33647
3480660 3518691 38031
3493229 3519747 26518
3497947 3520308 22361
3498686 3520836 22150
3502852 3521364 18512
3496813 3525720 28907
3489376 3526281 36905
3520311 3526512 6201
3501737 3527766 26029
3521939 3527898 5959
3506481 3528591 22110
3522623 3528591 5968
3506503 3528855 22352
3514943 3529152 14209
3523279 3530769 7490
3510431 3533310 22879
3524696 3534960 10264
3517821 3535554 17733
3525064 3536643 11579
3506286 3536676 30390
3485297 3537204 51907
3503596 3537798 34202
3516927 3538359 21432
3520517 3538920 18403
3507268 3540438 33170
3533074 3544794 11720
3527390 3544827 17437
3530730 3545949 15219
3510840 3546609 35769
3539465 3546972 7507
3502379 3547665 45286
3512195 3547665 35470
3542168 3549810 7642
3501504 3549876 48372
3507947 3550404 42457
3528357 3550932 22575
3507988 3551196 43208
3538473 3551460 12987
3522093 3552318 30225
3529958 3552813 22855
3531011 3553374 22363
3538161 3554265 16104
3528130 3554529 26399
3515542 3555882 40340
3534309 3556179 21870
3518759 3556410 37651
3503460 3556476 53016
3516051 3557169 41118
3523801 3557499 33698
3528030 3557499 29469
3547669 3558456 10787
3529117 3558489 29372
3512840 3560535 47695
3552925 3562449 9524
3528266 3563307 35041
3531420 3564429 33009
3539500 3565683 26183
3541928 3565716 23788
3560082 3566046 5964
3541241 3567729 26488
3555523 3568818 13295
3559028 3568818 9790
3532626 3570666 38040
3536998 3571293 34295
3515465 3573867 58402
3532454 3574395 41941
3533268 3575187 41919
3563332 3579114 15782
3568718 3579642 10924
3548360 3579873 31513
3526996 3579906 52910
3532263 3580500 48237
3540896 3581193 40297
3542107 3581490 39383
3531716 3581754 50038
3565129 3582414 17285
3554713 3583008 28295
3570646 3583008 12362
3559052 3586407 27355
3573039 3587463 14424
3558201 3588585 30384
3559700 3589146 29446
3543993 3590994 47001
3578017 3593337 15320
3580056 3593898 13842
3577876 3594195 16319
3553523 3594558 41035
3559723 3594624 34901
3583972 3596175 12203
3579350 3596208 16858
3569967 3596637 26670
3591540 3597495 5955
3579756 3599178 19422
3583758 3599739 15981
3593523 3600465 6942
3592364 3602544 10180
3573166 3603864 30698
3582285 3606438 24153
3595559 3606801 11242
3594105 3606999 12894
3574500 3608550 34050
3585015 3610497 25482
3569966 3611322 41356
3575171 3611883 36712
3561418 3612576 51158
3584325 3614259 29934
3579852 3615678 35826
3580132 3615744 35612
3585776 3616899 31123
3582849 3617394 34545
3598770 3624654 25884
3599292 3626535 27243
3596873 3627855 30982
3597367 3628416 31049
3573679 3629175 55496
3598647 3629868 31221
3598666 3632541 33875
3562216 3633102 70886
3583049 3635313 52264
3597373 3635874 38501
3598962 3638679 39717
3594726 3642573 47847
