836 6798 5962
1088 8052 6964
7157 13464 6307
167 15378 15211
2997 19503 16506
1182 19800 18618
6442 21153 14711
11977 21153 9176
1730 23034 21304
3431 23562 20131
7305 23760 16455
1658 24123 22465
4754 24255 19501
327 25344 25017
1234 26796 25562
5733 27522 21789
14495 30195 15700
20778 30723 9945
11400 31449 20049
3482 32373 28891
10649 32901 22252
13162 33033 19871
17726 36003 18277
11376 37455 26079
7219 37521 30302
15939 38544 22605
19250 38577 19327
12642 39138 26496
12609 39369 26760
26218 39600 13382
25142 41316 16174
25998 41580 15582
21075 44088 23013
31703 44616 12913
12985 45276 32291
15194 45375 30181
16708 45804 29096
19812 46563 26751
5305 47058 41753
6751 47586 40835
6870 47652 40782
7999 48708 40709
29241 49764 20523
39101 49896 10795
13062 51282 38220
17142 51381 34239
21549 52932 31383
9304 55473 46169
29007 56397 27390
15240 56595 41355
19404 57321 37917
44152 57519 13367
51986 57948 5962
24218 58443 34225
33887 59466 25579
35310 60027 24717
38680 60522 21842
40351 61050 20699
13838 61446 47608
14054 61479 47425
22801 62073 39272
47026 62568 15542
39365 63393 24028
15967 64911 48944
23243 65604 42361
59477 65802 6325
35949 66165 30216
16608 66660 50052
47165 66957 19792
32321 67188 34867
54454 67485 13031
51264 67716 16452
61990 68574 6584
29205 69300 40095
40795 69531 28736
41511 69993 28482
35159 70488 35329
15239 70653 55414
18376 71082 52706
58986 72204 13218
46877 73326 26449
47918 76065 28147
16947 76593 59646
64293 77649 13356
58569 77847 19278
19910 79464 59554
35674 80487 44813
54267 81708 27441
38469 81906 43437
67173 82104 14931
31935 82137 50202
43121 82467 39346
54703 82929 28226
74127 83160 9033
58978 84018 25040
69860 85074 15214
47230 85470 38240
68995 86460 17465
57653 87384 29731
67800 87747 19947
70611 88803 18192
46395 89034 42639
70630 89364 18734
53333 89562 36229
74387 89595 15208
71847 89958 18111
70393 91773 21380
63357 93522 30165
67961 93819 25858
55123 93951 38828
65784 94743 28959
34390 95073 60683
69895 95139 25244
30702 95535 64833
43309 95634 52325
72606 95733 23127
41794 96096 54302
74705 97317 22612
52027 99528 47501
90930 99528 8598
75748 101112 25364
64421 101211 36790
80592 101673 21081
83609 102201 18592
85656 102729 17073
36415 103455 67040
90781 103521 12740
46922 103983 57061
67054 104544 37490
69156 105105 35949
55274 105336 50062
82493 105534 23041
53105 105666 52561
64018 106128 42110
67102 106194 39092
90226 106656 16430
68681 106788 38107
73620 106920 33300
75031 107349 32318
78730 107778 29048
97399 107976 10577
79869 108273 28404
72819 109461 36642
75247 109989 34742
59412 110022 50610
57969 111078 53109
72141 111144 39003
75774 111375 35601
77384 111969 34585
81543 112266 30723
67731 113058 45327
82252 113355 31103
82620 113916 31296
83810 114147 30337
86460 116193 29733
95948 117315 21367
74998 117381 42383
84539 117810 33271
79014 117942 38928
101845 118107 16262
74908 118206 43298
95737 118866 23129
76204 119130 42926
82156 119592 37436
77560 119757 42197
98472 121341 22869
102478 122430 19952
108725 122958 14233
82420 123288 40868
109962 123486 13524
87880 123915 36035
75705 124047 48342
102982 126720 23738
54655 127446 72791
107142 127512 20370
82660 127974 45314
112486 128271 15785
111739 129558 17819
89475 130911 41436
87706 133452 45746
127423 133749 6326
74234 133980 59746
84901 134541 49640
98574 134541 35967
85822 135168 49346
93321 136323 43002
103133 136884 33751
79387 137049 57662
103805 137445 33640
108479 137610 29131
100965 138006 37041
106585 138006 31421
114960 138699 23739
91659 139854 48195
105555 140283 34728
95577 141273 45696
111550 141339 29789
82918 141471 58553
125538 142131 16593
119407 142461 23054
91249 143055 51806
99357 143649 44292
104360 143715 39355
103370 143781 40411
123703 145332 21629
134715 145893 11178
138735 146388 7653
101978 146784 44806
139423 146916 7493
92605 147510 54905
100610 147576 46966
102160 148698 46538
102762 149259 46497
125383 149688 24305
137075 150744 13669
109667 151470 41803
118641 152031 33390
127306 153912 26606
131574 154902 23328
128834 155001 26167
132430 155463 23033
99200 157476 58276
101992 158598 56606
110976 159159 48183
95880 159192 63312
131837 159720 27883
124437 160842 36405
110103 161040 50937
121296 161172 39876
122964 161733 38769
132533 161898 29365
122336 165297 42961
93058 165528 72470
134671 165825 31154
121202 166551 45349
122661 167046 44385
127706 167607 39901
134838 167706 32868
107908 168168 60260
150214 169323 19109
150970 169917 18947
99625 171270 71645
97730 171501 73771
116977 171567 54590
141054 171798 30744
165416 171798 6382
133883 172128 38245
149539 172392 22853
133859 173118 39259
150596 173118 22522
136007 173646 37639
157829 173679 15850
156267 173877 17610
123693 175461 51768
148149 178464 30315
141241 178926 37685
151887 179586 27699
142663 179784 37121
157400 180345 22945
143063 180411 37348
158491 181104 22613
135823 181302 45479
164427 181797 17370
137108 181863 44755
150474 182754 32280
135613 183381 47768
131673 184305 52632
132064 184866 52802
134508 185064 50556
140749 185592 44843
146035 186186 40151
156647 186285 29638
172791 188628 15837
131256 189156 57900
152057 189519 37462
164987 189915 24928
107862 190575 82713
135912 191037 55125
110302 191103 80801
135619 191103 55484
148273 191565 43292
141287 191664 50377
134561 192126 57565
166968 192357 25389
123502 195294 71792
160599 195327 34728
161468 196086 34618
146814 196614 49800
172843 197340 24497
176035 197670 21635
182441 198198 15757
142937 199452 56515
127063 200541 73478
149638 201465 51827
175358 201597 26239
192672 202422 9750
184176 202653 18477
159289 202917 43628
169694 204039 34345
170423 204864 34441
143194 205458 62264
160684 205491 44807
178073 206580 28507
137000 207141 70141
147285 207372 60087
148861 208263 59402
161184 209055 47871
152725 209385 56660
168669 209616 40947
159970 209913 49943
141597 213213 71616
173497 213510 40013
172696 213939 41243
162164 214335 52171
173012 214500 41488
167523 215061 47538
153613 215094 61481
175021 215193 40172
143853 215721 71868
193627 216183 22556
180968 217338 36370
185690 218493 32803
179586 219285 39699
168982 219846 50864
192138 220044 27906
186655 220407 33752
171600 220605 49005
174924 220605 45681
151901 221133 69232
183570 223476 39906
200150 223674 23524
138103 224037 85934
207460 224433 16973
168741 224466 55725
200645 226347 25702
171982 230010 58028
163249 230076 66827
189182 230571 41389
195406 231132 35726
219399 231627 12228
185616 231726 46110
176431 232551 56120
226655 232617 5962
170738 232914 62176
194850 232947 38097
226807 233112 6305
201472 233475 32003
183514 233673 50159
182708 236148 53440
164788 237138 72350
128811 237369 108558
184700 237930 53230
185314 238029 52715
197609 238392 40783
188846 238458 49612
195324 239052 43728
177565 239283 61718
175364 239514 64150
204311 240240 35929
200151 241329 41178
202143 241890 39747
194244 243507 49263
198566 243540 44974
209707 243573 33866
162802 243804 81002
179651 243870 64219
198819 244068 45249
229612 246147 16535
193982 246477 52495
233184 246708 13524
197370 247467 50097
235906 247500 11594
242222 248226 6004
179407 248424 69017
191386 249084 57698
197578 249612 52034
218231 249876 31645
200119 250041 49922
215448 253176 37728
175247 253473 78226
244213 254529 10316
248647 254595 5948
209764 255156 45392
197060 255981 58921
178112 256905 78793
221770 257136 35366
185121 257631 72510
214122 257631 43509
201988 260634 58646
205401 261393 55992
206862 261789 54927
208789 262086 53297
211251 262647 51396
184632 263043 78411
184783 263604 78821
194170 263868 69698
233837 266805 32968
240411 268125 27714
223647 268752 45105
200244 269280 69036
226289 269346 43057
211266 271458 60192
211978 272052 60074
255794 273009 17215
215247 273141 57894
233601 273339 39738
220340 273537 53197
222604 274230 51626
238892 275088 36196
245317 276441 31124
210802 276969 66167
220211 278025 57814
203218 278586 75368
236198 280830 44632
202952 280929 77977
241260 281358 40098
216216 283536 67320
223056 285384 62328
192715 285714 92999
174078 286374 112296
180884 286770 105886
240415 287034 46619
196646 287430 90784
229943 287562 57619
230961 287826 56865
186718 287859 101141
241282 289344 48062
252398 290796 38398
221397 291423 70026
259805 291885 32080
222148 292380 70232
254972 293667 38695
233837 295449 61612
258930 295515 36585
236003 296010 60007
229840 296439 66599
234949 296967 62018
246965 297330 50365
244905 297660 52755
176634 298221 121587
253300 298485 45185
223902 299475 75573
223932 303369 79437
217376 305052 87676
230869 305580 74711
186662 305877 119215
197166 306504 109338
202296 307296 105000
203658 309144 105486
237921 309177 71256
232416 309375 76959
248997 309804 60807
240421 309804 69383
227819 310068 82249
254712 310398 55686
241730 310596 68866
232549 310629 78080
212409 311058 98649
227156 311190 84034
219133 311355 92222
259633 311586 51953
216630 311619 94989
242314 311685 69371
230871 312015 81144
229312 312246 82934
246506 312246 65740
260535 313335 52800
255414 313335 57921
264021 314424 50403
231998 314787 82789
265201 314985 49784
234668 315348 80680
257790 315513 57723
267138 315513 48375
236186 315942 79756
226177 316008 89831
251381 316965 65584
262417 317328 54911
244929 319341 74412
306660 319638 12978
255138 320661 65523
264806 321354 56548
272404 323070 50666
276301 323829 47528
267875 324291 56416
239716 324984 85268
235149 325974 90825
260100 326832 66732
264949 327591 62642
259259 327690 68431
249333 327954 78621
218401 328911 110510
230021 329538 99517
285884 329670 43786
228811 329967 101156
258517 330660 72143
258878 331221 72343
281059 333300 52241
272173 333531 61358
248425 333960 85535
294564 334422 39858
297608 334983 37375
260560 335049 74489
232338 335511 103173
243541 335676 92135
235815 335940 100125
245049 336237 91188
294662 337326 42664
299629 337887 38258
309787 338415 28628
294041 339834 45793
234678 340032 105354
224139 340395 116256
243747 340593 96846
264178 340956 76778
268678 341253 72575
247708 341517 93809
249677 341814 92137
256262 342078 85816
323999 342177 18178
324438 342705 18267
265000 343464 78464
266019 343992 77973
272514 344454 71940
294550 344949 50399
282975 345906 62931
288865 346698 57833
252421 346929 94508
299191 347061 47870
291575 347259 55684
305095 347688 42593
292887 347820 54933
268749 348051 79302
271391 348612 77221
268591 348975 80384
300849 349800 48951
250740 350031 99291
295586 351747 56161
259923 351978 92055
251735 353034 101299
242817 353562 110745
255888 354156 98268
271961 354684 82723
282462 355245 72783
268326 355542 87216
259037 355806 96769
268722 356433 87711
238265 357291 119026
311535 357390 45855
312703 358974 46271
284967 359040 74073
265399 359535 94136
276530 359568 83038
281408 359634 78226
299915 360063 60148
285342 360162 74820
305874 361185 55311
312684 361713 49029
323105 361911 38806
283196 362802 79606
334924 363033 28109
340042 363561 23519
257103 363858 106755
342696 366201 23505
291177 367455 76278
308515 368577 60062
309195 369105 59910
363147 369105 5958
307334 369336 62002
295936 369567 73631
307642 370227 62585
301135 370425 69290
305225 370920 65695
310995 371019 60024
311874 371547 59673
294298 372834 78536
304266 374814 70548
313403 375045 61642
316745 375342 58597
314107 375606 61499
315758 376200 60442
290976 376365 85389
261813 377058 115245
312684 377454 64770
294948 377454 82506
273189 379269 106080
290489 379665 89176
282542 380061 97519
286653 380589 93936
270185 381513 111328
287473 381711 94238
270893 382074 111181
311889 382404 70515
317991 382668 64677
319071 382800 63729
328222 383196 54974
310187 383592 73405
348104 385341 37237
353631 386463 32832
280941 386793 105852
361795 387585 25790
341392 388047 46655
369157 389631 20474
305823 391446 85623
323993 391908 67915
317796 393327 75531
341110 393591 52481
321379 394152 72773
308630 394317 85687
333483 394845 61362
337466 395439 57973
330302 396000 65698
338469 396561 58092
339879 397122 57243
331539 397452 65913
316231 397980 81749
320225 398046 77821
329363 399168 69805
324818 399630 74812
329404 399762 70358
337610 400290 62680
294932 400917 105985
343992 401445 57453
296838 401610 104772
280964 402039 121075
320068 402732 82664
323301 403293 79992
324517 403854 79337
294457 404118 109661
297928 404679 106751
364413 405273 40860
287243 405504 118261
366931 405834 38903
309530 405867 96337
348999 405966 56967
321177 406395 85218
310664 406659 95995
331636 407055 75419
326519 407220 80701
340303 407352 67049
329138 407649 78511
314893 408309 93416
391670 410421 18751
375124 411279 36155
288357 411345 122988
405314 411642 6328
372277 412071 39794
338533 412104 73571
294258 412434 118176
382873 414051 31178
326999 415338 88339
341637 418869 77232
341509 418902 77393
315087 421476 106389
369903 421509 51606
335107 423060 87953
348563 423588 75025
352245 423621 71376
350682 424182 73500
353569 424743 71174
301724 425040 123316
357603 425304 67701
358741 425436 66695
323822 425469 101647
332495 426030 93535
347185 426657 79472
350567 427218 76651
315570 427680 112110
319127 428076 108949
320944 428637 107693
347302 429165 81863
375865 429396 53531
350487 429726 79239
328339 430353 102014
306103 431046 124943
340169 431079 90910
311307 431145 119838
341078 432168 91090
358483 432696 74213
327547 435270 107723
380383 435567 55184
315346 435798 120452
390223 436128 45905
327491 436359 108868
390741 436689 45948
399886 437085 37199
342353 437712 95359
348220 438240 90020
341220 439461 98241
416561 439659 23098
345794 440418 94624
364875 441309 76434
368058 441870 73812
355451 442926 87475
375433 442992 67559
376526 443025 66499
357877 443487 85610
378605 443520 64915
377623 443619 65996
358429 444015 85586
377902 444411 66509
362832 445137 82305
318894 445467 126573
364696 445764 81068
321552 446028 124476
332802 446589 113787
377606 446622 69016
352973 447183 94210
334480 447381 112901
348580 448503 99923
385590 448932 63342
356145 449064 92919
377781 449394 71613
324795 449493 124698
359533 449625 90092
359547 450153 90606
362698 450219 87521
342636 451539 108903
348197 452397 104200
415934 453288 37354
428701 453519 24818
354384 453981 99597
361265 454443 93178
368383 454542 86159
354915 455037 100122
363017 455202 92185
368509 455565 87056
368050 455895 87845
372227 456126 83899
447835 457281 9446
399376 459525 60149
358292 459822 101530
410165 460086 49921
333048 460383 127335
354807 460383 105576
412121 460680 48559
355826 460944 105118
421973 461109 39136
424749 461670 36921
433380 463386 30006
377443 463881 86438
386354 465333 78979
395893 465597 69704
391184 465927 74743
369276 466917 97641
408902 467082 58180
410026 467775 57749
420494 468435 47941
441518 469095 27577
345415 469458 124043
446590 469722 23132
360686 469986 109300
398248 470679 72431
401928 470712 68784
364156 471372 107216
391657 472593 80936
388432 473055 84623
394473 473088 78615
398479 473649 75170
375030 476124 101094
380400 476685 96285
426656 477279 50623
366287 477378 111091
433321 477840 44519
382179 478038 95859
396820 478236 81416
376016 478401 102385
378600 478797 100197
433453 479061 45608
382737 479358 96621
397413 479985 82572
390638 480183 89545
370464 483318 112854
421780 483516 61736
374217 483846 109629
409530 484077 74547
444384 485100 40716
386127 487476 101349
465185 487839 22654
395784 488037 92253
390166 488598 98432
420875 489588 68713
448848 489885 41037
462365 490479 28114
425032 490743 65711
464358 491040 26682
428446 491337 62891
470620 492426 21806
426909 492558 65649
431843 493119 61276
370898 493449 122551
436662 493713 57051
373429 493977 120548
410967 494010 83043
424797 494571 69774
398839 495165 96326
387987 496485 108498
369501 497046 127545
375821 497475 121654
397384 498201 100817
384388 499224 114836
387827 499884 112057
415316 500016 84700
432494 501105 68611
403073 501270 98197
381007 501501 120494
439036 501798 62762
453987 503052 49065
480654 505329 24675
401389 507276 105887
453637 507507 53870
486947 507540 20593
430053 507804 77751
454092 508068 53976
434477 508365 73888
426260 509223 82963
481125 509355 28230
475276 510246 34970
447026 510279 63253
484041 511368 27327
400169 511467 111298
425234 512424 87190
424115 512952 88837
484142 513315 29173
436548 513447 76899
425288 513645 88357
439485 513975 74490
441263 514569 73306
478976 514635 35659
449600 514932 65332
444546 515163 70617
450003 515526 65523
454837 515757 60920
458574 516582 58008
462289 517209 54920
461502 517275 55773
437433 517473 80040
456064 517506 61442
443222 518562 75340
434125 519057 84932
426014 519156 93142
431030 519750 88720
459313 520476 61163
440433 520608 80175
390968 521037 130069
470333 521037 50704
440907 521136 80229
391382 521466 130084
467300 522126 54826
480181 522258 42077
400405 522522 122117
449808 523809 74001
484659 525525 40866
414166 525954 111788
448832 527769 78937
441075 527901 86826
490818 529881 39063
447019 530244 83225
492149 530442 38293
485713 531300 45587
438810 531333 92523
466613 532158 65545
409894 532323 122429
446101 532422 86321
454836 533049 78213
416838 533379 116541
501494 534534 33040
502780 535062 32282
443986 535326 91340
520621 535854 15233
468518 535887 67369
470755 536580 65825
521106 536613 15507
471238 537141 65903
488332 537372 49040
475222 537570 62348
456137 537735 81598
458154 538197 80043
471759 539517 67758
501582 540012 38430
479238 540573 61335
502425 540804 38379
465500 540837 75337
508838 541464 32626
479877 541992 62115
509572 542091 32519
447364 543147 95783
485602 543378 57776
472890 545061 72171
495864 549219 53355
487424 549516 62092
468767 549747 80980
496893 549978 53085
475267 550407 75140
485144 550935 65791
446544 551067 104523
499790 551529 51739
483632 551694 68062
455771 552123 96352
488288 552156 63868
493184 552684 59500
538343 554433 16090
542328 554961 12633
486597 555522 68925
545302 555522 10220
494285 555555 61270
482938 556380 73442
480985 556644 75659
487909 556941 69032
524787 557106 32319
482768 557205 74437
537296 557601 20305
527394 557700 30306
498259 557766 59507
488815 559449 70634
554666 560637 5971
530249 561957 31708
532119 562122 30003
531458 562551 31093
491883 563475 71592
540838 563871 23033
495062 564630 69568
551647 564630 12983
487465 565455 77990
497114 565983 68869
488096 566544 78448
517622 567204 49582
491372 569052 77680
488280 569613 81333
507622 570735 63113
499857 573144 73287
534788 573375 38587
489222 573804 84582
523965 573804 49839
523829 574365 50536
533381 574596 41215
493504 575058 81554
521253 575124 53871
491393 575421 84028
513313 575718 62405
505130 576081 70951
513670 576312 62642
535305 576741 41436
552084 577896 25812
546655 579282 32627
494142 579513 85371
503081 579843 76762
498376 580041 81665
454252 580437 126185
564072 581097 17025
568365 581658 13293
565956 581856 15900
519122 583473 64351
470894 584001 113107
546392 584463 38071
552325 585321 32996
543872 586146 42274
565847 586443 20596
573178 586575 13397
500589 586806 86217
549884 587268 37384
500782 587334 86552
571838 587796 15958
508622 587895 79273
516670 589050 72380
532471 589347 56876
539654 589875 50221
501089 591393 90304
556061 591690 35629
481070 592383 111313
520057 593043 72986
486658 593043 106385
499789 593472 93683
507439 593505 86066
509669 594132 84463
541758 596079 54321
556948 597234 40286
508810 597300 88490
518085 597531 79446
562028 598620 36592
464598 599049 134451
520963 599115 78152
548314 599445 51131
557788 600171 42383
567854 600732 32878
476966 601293 124327
594360 602382 8022
516299 603504 87205
576708 603834 27126
534101 604395 70294
595396 604560 9164
558432 604989 46557
582686 606045 23359
551873 607464 55591
478805 607893 129088
556077 608553 52476
570257 609114 38857
531232 609510 78278
579086 609873 30787
543403 612051 68648
553533 612612 59079
567201 613338 46137
563992 613767 49775
569235 613866 44631
493607 615153 121546
510725 615384 104659
505976 616935 110959
508785 617991 109206
549258 618387 69129
544241 618981 74740
572897 619542 46645
576176 620136 43960
602148 621258 19110
538625 621291 82666
578733 621390 42657
559552 621720 62168
506742 622347 115605
575925 622941 47016
576467 623073 46606
537075 623667 86592
574075 624228 50153
580965 624756 43791
585728 625812 40084
599720 627297 27577
562393 627330 64937
491033 627990 136957
616773 628551 11778
612697 629310 16613
623368 630168 6800
575389 631455 56066
619416 632907 13491
620740 633468 12728
584228 633534 49306
592175 633897 41722
603253 634458 31205
606447 634689 28242
576147 634920 58773
576184 635514 59330
616803 636009 19206
580219 636372 56153
617623 636801 19178
543338 636966 93628
588165 637461 49296
605137 637956 32819
613415 639540 26125
497947 639738 141791
544032 640002 95970
498917 640398 141481
545928 640794 94866
518725 641058 122333
545978 641487 95509
580787 641586 60799
543266 643104 99838
616620 644061 27441
619681 644589 24908
577503 645513 68010
605679 645942 40263
587436 647064 59628
588067 647130 59063
612089 647691 35602
608075 648252 40177
493931 649275 155344
625902 649341 23439
511434 649836 138402
637645 650991 13346
617980 651288 33308
607541 651453 43912
645312 651717 6405
621442 651816 30374
603965 652410 48445
625082 652938 27856
636794 653070 16276
632236 653598 21362
508323 655908 147585
618500 657360 38860
622651 657558 34907
627665 658218 30553
652759 658713 5954
634465 658779 24314
590753 658911 68158
625411 659340 33929
640366 660132 19766
548941 661452 112511
581496 661485 79989
612836 661782 48946
524067 663663 139596
556423 663960 107537
617923 665049 47126
566799 665049 98250
636764 665577 28813
622726 666138 43412
580294 666270 85976
623780 666699 42919
554965 667326 112361
627089 667524 40435
501045 669504 168459
636163 669768 33605
596225 669801 73576
598352 670395 72043
609989 670560 60571
644432 670560 26128
602108 670857 68749
625314 671154 45840
611544 671583 60039
531643 673299 141656
648749 673893 25144
654239 674982 20743
647212 675279 28067
622036 675345 53309
658692 675510 16818
635284 676566 41282
521047 677061 156014
529527 677094 147567
653631 677853 24222
525489 679470 153981
641107 679899 38792
661564 680922 19358
641795 681582 39787
658169 681879 23710
641904 682176 40272
663809 682407 18598
642591 682770 40179
617432 682902 65470
620016 683463 63447
620161 684354 64193
631872 685410 53538
631705 685509 53804
637721 686103 48382
640629 687093 46464
643795 687324 43529
536234 687720 151486
585828 688842 103014
578125 688908 110783
629484 689502 60018
605634 689898 84264
581441 691350 109909
650599 691482 40883
655775 692076 36301
663771 692637 28866
677676 693165 15489
654020 693297 39277
630462 693528 63066
624379 693759 69380
681404 693957 12553
647621 694056 46435
629772 695046 65274
637212 695574 58362
665691 695640 29949
543242 696663 153421
665492 697884 32392
558082 698775 140693
678372 698973 20601
664251 699501 35250
550858 700887 150029
670105 701877 31772
683776 702801 19025
643328 703461 60133
535331 703923 168592
542703 704583 161880
552014 705111 153097
676000 705342 29342
652964 705573 52609
682992 705903 22911
660148 706101 45953
633817 706926 73109
686724 706959 20235
673150 708609 35459
643341 709170 65829
581839 709467 127628
654363 709797 55434
618916 709995 91079
667341 710985 43644
552877 711150 158273
629132 711381 82249
636188 712503 76315
559017 712602 153585
648144 713064 64920
641870 713064 71194
648609 713592 64983
671342 714252 42910
695115 716067 20952
703273 717123 13850
597494 717156 119662
663820 717387 53567
682175 717849 35674
683519 718410 34891
669778 719037 49259
639059 719499 80440
694223 719730 25507
681988 721314 39326
679233 723294 44061
693952 723327 29375
682541 723558 41017
683676 724086 40410
698120 724416 26296
687833 725901 38068
557296 727452 170156
712559 727485 14926
571943 727980 156037
634323 728904 94581
641216 729432 88216
681223 729597 48374
681584 730191 48607
701761 730488 28727
684498 730752 46254
685918 731346 45428
712172 731808 19636
692671 731907 39236
664977 732402 67425
719226 732567 13341
700016 732699 32683
665096 732963 67867
649981 733458 83477
677838 733491 55653
668456 733524 65068
654747 735966 81219
675628 737055 61427
585206 737352 152146
671790 737946 66156
593848 737979 144131
672097 741147 69050
630350 741807 111457
571960 742038 170078
645129 742269 97140
685344 742566 57222
685826 742962 57136
689462 743094 53632
663198 743358 80160
663345 743952 80607
692646 744183 51537
694798 744249 49451
701962 744777 42815
693385 745767 52382
696130 746328 50198
688733 747285 58552
689738 747516 57778
699367 747582 48215
725997 747879 21882
700802 748671 47869
708395 748770 40375
731817 749067 17250
581313 749397 168084
732788 749661 16873
578628 751938 173310
583477 752631 169154
709689 753555 43866
736113 753885 17772
710245 754149 43904
670880 754908 84028
742357 754941 12584
672935 755469 82534
724253 755898 31645
679382 756525 77143
659583 757449 97866
680287 758538 78251
701359 759033 57674
682498 759396 76898
599661 759693 160032
687088 759957 72869
723471 760122 36651
693057 760518 67461
665740 761046 95306
699885 761112 61227
691894 761574 69680
606443 761607 155164
742748 762960 20212
746162 763488 17326
755642 764676 9034
758709 765237 6528
653777 765270 111493
692701 765501 72800
734319 765798 31479
698519 766029 67510
673336 766227 92891
575719 766590 190871
683746 766920 83174
719637 767052 47415
734186 768207 34021
595494 769263 173769
702760 769329 66569
699919 771276 71357
724685 771507 46822
673637 771903 98266
733026 772035 39009
717634 772464 54830
754108 773025 18917
727624 773289 45665
740909 773784 32875
759821 774081 14260
746573 774147 27574
737866 777249 39383
731986 777546 45560
754144 778173 24029
756975 778734 21759
689689 778932 89243
746740 778932 32192
750113 780417 30304
685298 780978 95680
701820 781803 79983
687791 782067 94276
725588 782100 56512
609927 783651 173724
748735 783783 35048
706100 783849 77749
614854 784344 169490
703849 784905 81056
715787 785004 69217
620735 785565 164830
734852 785598 50746
717087 786192 69105
704812 787248 82436
765114 787479 22365
770322 789129 18807
736065 789294 53229
605977 789393 183416
770446 790053 19607
692953 790284 97331
692979 790812 97833
774684 790812 16128
603915 791043 187128
760191 791142 30951
700147 791604 91457
711671 791967 80296
745956 792165 46209
768246 792198 23952
765504 792264 26760
608174 793221 185047
714420 793320 78900
720258 793914 73656
720692 794475 73783
725178 795036 69858
707983 795300 87317
749631 795531 45900
764090 797643 33553
768241 798204 29963
776621 798732 22111
746535 799458 52923
751329 799986 48657
754638 800382 45744
701337 800415 99078
774752 802659 27907
702924 802923 99999
779979 803187 23208
706413 804342 97929
716301 805464 89163
699076 806025 106949
755192 806619 51427
730726 808467 77741
753342 809061 55719
720631 811338 90707
785535 811536 26001
730385 811866 81481
786392 812097 25705
789398 812625 23227
801548 813153 11605
709061 814374 105313
757901 814869 56968
713543 815595 102052
766806 815727 48921
778014 816750 38736
780088 817311 37223
735187 817344 82157
786784 817344 30560
738653 817905 79252
725896 819291 93395
620490 819984 199494
789230 821106 31876
782000 823449 41449
794249 823977 29728
788129 824373 36244
810469 824802 14333
762423 825099 62676
703762 825528 121766
787682 825891 38209
796259 827970 31711
714605 828003 113398
717525 828531 111006
721376 829092 107716
744559 829455 84896
709194 829488 120294
792289 830808 38519
624801 831138 206337
795974 831237 35263
635573 831798 196225
749801 831963 82162
656409 832425 176016
663251 833052 169801
746526 833052 86526
756352 833349 76997
784312 833580 49268
671521 833646 162125
745189 834141 88952
816044 834966 18922
748903 835296 86393
821329 835494 14165
746118 837144 91026
751467 837507 86040
765879 837969 72090
795853 838662 42809
784070 839454 55384
821289 839586 18297
770880 841335 70455
773330 841896 68566
822555 842754 20199
789851 843513 53662
801226 843579 42353
803919 844206 40287
802485 844206 41721
622488 844866 222378
805456 845097 39641
811967 845691 33724
817905 846846 28941
829689 847011 17322
819112 847473 28361
711472 847869 136397
804258 848397 44139
714445 848529 134084
723820 849057 125237
832454 849321 16867
725652 850905 125253
735004 851499 116495
735672 852060 116388
811163 853248 42085
758243 853446 95203
817793 854271 36478
760464 855393 94929
693657 855756 162099
697520 856317 158797
768612 856482 87870
754650 856911 102261
702604 857439 154835
764078 859782 95704
774519 861531 87012
818304 861630 43326
799767 862686 62919
700247 862884 162637
827803 863115 35312
703058 863379 160321
803228 865326 62098
821637 866778 45141
833170 867306 34136
813232 867504 54272
814521 867867 53346
835881 868395 32514
833244 870243 36999
838725 871464 32739
678706 871992 193286
824361 872388 48027
739104 872421 133317
864371 873213 8842
826187 873708 47521
831029 874302 43273
746930 875424 128494
750888 875952 125064
758965 876513 117548
783743 877470 93727
786953 877998 91045
740387 879087 138700
703125 879153 176028
792830 879384 86554
873530 879483 5953
825415 879681 54266
704070 879747 175677
832842 880209 47367
769737 880902 111165
780770 881463 100693
822943 881628 58685
715376 881694 166318
861007 883509 22502
796602 883872 87270
806008 885390 79382
742493 885720 143227
878066 885753 7687
768301 886413 118112
863871 886479 22608
868648 888261 19613
832399 890406 58007
810654 891297 80643
829145 891561 62416
816717 891858 75141
788779 891924 103145
856789 892485 35696
837806 892617 54811
841535 893079 51544
829060 893607 64547
724073 893739 169666
847958 893937 45979
714678 895983 181305
837963 896445 58482
836047 898095 62048
785179 900669 115490
786679 901230 114551
820048 901461 81413
895927 901890 5963
830887 901989 71102
825114 902550 77436
775453 903111 127658
726741 903144 176403
833253 903672 70419
838523 903705 65182
833763 903936 70173
731981 904266 172285
801354 904926 103572
839896 905091 65195
739028 905421 166393
829712 905487 75775
842422 905685 63263
809062 906180 97118
831116 907434 76318
777579 909282 131703
875652 909513 33861
780781 909744 128963
876778 910074 33296
821124 910503 89379
833787 910998 77211
880735 911064 30329
833305 911163 77858
704719 911592 206873
728492 911592 183100
736143 912153 176010
743998 912681 168683
838730 913341 74611
746505 913770 167265
857132 915288 58156
840654 915519 74865
852117 915552 63435
836674 915816 79142
862712 915849 53137
746290 917235 170945
842624 918192 75568
833217 918489 85272
782254 919314 137060
885964 919380 33416
910030 920799 10769
863995 921558 57563
910419 921954 11535
877607 922119 44512
786711 922812 136101
787535 923373 135838
881368 923505 42137
884313 924462 40149
896149 925221 29072
835115 925452 90337
824456 925716 101260
843491 925980 82489
844789 926574 81785
858698 927135 68437
878965 927762 48797
763627 928323 164696
850005 928554 78549
767420 928917 161497
886827 929049 42222
852180 929709 77529
845046 931227 86181
904931 931458 26527
845672 931821 86149
907414 932019 24605
915970 933141 17171
874234 933273 59039
840577 933372 92795
809532 933702 124170
910130 933933 23803
823710 934395 110685
898974 935121 36147
865362 937332 71970
874695 937893 63198
845172 939279 94107
912622 939279 26657
891024 939510 48486
864871 939609 74738
874057 940731 66674
822702 941820 119118
876787 941853 65066
748389 943965 195576
768626 944493 175867
828192 946902 118710
939575 946902 7327
924080 948024 23944
929874 948783 18909
861068 949476 88408
864296 949509 85213
882149 950103 67954
909266 951093 41827
774879 951159 176280
913245 951621 38376
892339 952842 60503
852102 952908 100806
896164 953535 57371
911498 953601 42103
873435 955416 81981
891490 955845 64355
930712 956076 25364
747428 957528 210100
830304 957825 127521
925187 957957 32770
918486 958386 39900
919462 958881 39419
893460 961323 67863
878726 963270 84544
889884 963534 73650
925536 964392 38856
927011 965118 38107
920005 965184 45179
896298 965547 69249
829515 966240 136725
927864 967098 39234
928392 967461 39069
783860 967989 184129
922044 968385 46341
785749 968616 182867
917555 969012 51457
927498 969474 41976
932031 969573 37542
935857 971289 35432
942050 971916 29866
847930 972048 124118
827551 972972 145421
895581 973500 77919
873207 973731 100524
909759 974556 64797
797533 975150 177617
799289 975711 176422
912449 975942 63493
900503 976932 76429
916103 976998 60895
812645 977394 164749
932980 977526 44546
916887 977592 60705
813042 977988 164946
918278 978219 59941
935807 978252 42445
934291 978813 44522
902465 979374 76909
945643 979968 34325
956738 981057 24319
927528 981288 53760
906624 981387 74763
861114 981816 120702
962563 981816 19253
927694 983070 55376
931956 984126 52170
794857 985182 190325
918503 985248 66745
938030 986799 48769
931046 987327 56281
840333 987525 147192
934751 987921 53170
842254 988086 145832
950665 988449 37784
856632 988647 132015
917175 988713 71538
788748 989241 200493
925066 989604 64538
942123 989802 47679
943777 993366 49589
953418 995016 41598
947243 996864 49621
879258 996930 117672
884952 997491 112539
913541 1000923 87382
937166 1001616 64450
835553 1001682 166129
937907 1002210 64303
949965 1002738 52773
945532 1005279 59747
875819 1005741 129922
806147 1006038 199891
807292 1006467 199175
919790 1006995 87205
912159 1006995 94836
951915 1006995 55080
954681 1007523 52842
943597 1008018 64421
947946 1008051 60105
942959 1009899 66940
970749 1011285 40536
940190 1011615 71425
956881 1013067 56186
876202 1013232 137030
813173 1013265 200092
959689 1013661 53972
944838 1013859 69021
965353 1014255 48902
968465 1014816 46351
977822 1015410 37588
951587 1015476 63889
817003 1015938 198935
986573 1016202 29629
951462 1016367 64905
821128 1016598 195470
988728 1016862 28134
877593 1016961 139368
998640 1017489 18849
903414 1018908 115494
963142 1019073 55931
966564 1019832 53268
911416 1021185 109769
932713 1021449 88736
950874 1021482 70608
963122 1022604 59482
841577 1023165 181588
970963 1023594 52631
842786 1023726 180940
843725 1024254 180529
918589 1025046 106457
938474 1025310 86836
940220 1025475 85255
849311 1026003 176692
943650 1026036 82386
954822 1026135 71313
1006056 1026927 20871
919045 1027224 108179
1007294 1028643 21349
909532 1029270 119738
940605 1029369 88764
815738 1031052 215314
924773 1031184 106411
956446 1031580 75134
962032 1032141 70109
1007170 1032273 25103
845653 1032669 187016
854108 1033197 179089
906932 1035507 128575
957291 1035804 78513
964705 1036398 71693
958385 1036926 78541
967027 1037487 70460
1009792 1038246 28454
953645 1039467 85822
1022391 1039566 17175
954723 1040028 85305
1005075 1040391 35316
844968 1040457 195489
983768 1041909 58141
919821 1042833 123012
1002454 1043592 41138
1004770 1044615 39845
926195 1045143 118948
908265 1045473 137208
926677 1045737 119060
971336 1046034 74698
977965 1046562 68597
987416 1046694 59278
854489 1047156 192667
988386 1047222 58836
945166 1047387 102221
859576 1047684 188108
996362 1047750 51388
945439 1047948 102509
871787 1048245 176458
953852 1048509 94657
926676 1049037 122361
878864 1049400 170536
962260 1049631 87371
965444 1053525 88081
971673 1054119 82446
923358 1054449 131091
991946 1054548 62602
924980 1055010 130030
947141 1055043 107902
1006681 1055076 48395
925819 1055571 129752
968166 1055637 87471
982641 1056000 73359
969572 1056693 87121
993806 1056759 62953
877022 1057749 180727
980466 1059069 78603
971950 1059300 87350
1008989 1059333 50344
1022279 1060389 38110
1038843 1061478 22635
882991 1063326 180335
1008675 1063986 55311
1008698 1064448 55750
1012515 1065339 52824
1012389 1066098 53709
1019403 1066758 47355
1021297 1067286 45989
1024988 1067847 42859
933043 1068045 135002
1014682 1069992 55310
1007904 1070520 62616
1019638 1071180 51542
1023809 1071246 47437
984828 1072830 88002
982792 1072929 90137
909498 1073160 163662
1037740 1073523 35783
1008264 1074183 65919
983224 1075206 91982
1049867 1076361 26494
1034888 1077285 42397
976201 1077516 101315
979037 1078110 99073
1054336 1078407 24071
1025899 1078539 52640
979283 1078605 99322
928639 1078836 150197
1017681 1079067 61386
981104 1079265 98161
931987 1079529 147542
1003539 1079694 76155
938084 1079958 141874
1043789 1080354 36565
985501 1081278 95777
987217 1081839 94622
991337 1082367 91030
961615 1083291 121676
1024203 1083522 59319
1042246 1083555 41309
1051296 1083885 32589
1055331 1084083 28752
1053691 1084413 30722
1063425 1085073 21648
1067316 1086129 18813
940894 1086162 145268
890808 1087317 196509
901120 1087878 186758
1060720 1088373 27653
1041528 1088406 46878
1052962 1088967 36005
1033244 1089330 56086
1028584 1089594 61010
1030742 1090452 59710
943481 1090914 147433
1047584 1091013 43429
1056368 1091607 35239
1062321 1092399 30078
972200 1093191 120991
984345 1093455 109110
973147 1093785 120638
991684 1094610 102926
934514 1094676 160162
922274 1095138 172864
927373 1095699 168326
939248 1095732 156484
995420 1095930 100510
928160 1096260 168100
1024075 1097580 73505
993191 1099329 106138
1065055 1101276 36221
1017750 1101375 83625
962786 1101705 138919
1018266 1102068 83802
969883 1102398 132515
1019658 1102530 82872
1026337 1103058 76721
1046758 1103058 56300
912953 1103619 190666
1045478 1103685 58207
1009733 1103685 93952
1022410 1104741 82331
1043477 1105269 61792
1020575 1105335 84760
1022042 1106490 84448
990524 1107282 116758
1038642 1107348 68706
1075598 1107513 31915
1032262 1107645 75383
952515 1108041 155526
1065252 1108404 43152
898894 1108569 209675
929368 1109460 180092
1072432 1109526 37094
1082944 1110648 27704
1076941 1112298 35357
1081667 1114476 32809
1054250 1114740 60490
1082183 1115070 32887
1057390 1115301 57911
1082245 1115664 33419
1089800 1116456 26656
989050 1117413 128363
1045466 1117908 72442
931889 1119624 187735
933892 1120284 186392
1033364 1120845 87481
1014855 1120911 106056
934500 1120944 186444
1042685 1121373 78688
1025590 1121571 95981
940592 1121571 180979
1043062 1121901 78839
1031190 1123353 92163
1032459 1123815 91356
1096270 1124079 27809
1096781 1124673 27892
1105818 1125201 19383
1077009 1125300 48291
1077612 1125531 47919
979540 1125861 146321
1021658 1126059 104401
1105892 1126125 20233
980836 1126323 145487
1027509 1126488 98979
1110851 1126884 16033
985025 1127016 141991
1069356 1127049 57693
1073162 1127082 53920
1071971 1127148 55177
988950 1127445 138495
1062784 1128138 65354
1052472 1129887 77415
1042130 1131273 89143
1082671 1131570 48899
1070129 1131702 61573
1047764 1132395 84631
1039278 1132428 93150
1086498 1132626 46128
1077641 1132956 55315
930540 1133154 202614
1089452 1134012 44560
1115121 1134771 19650
1079667 1135464 55797
1093654 1136388 42734
1094087 1137906 43819
1096458 1138500 42042
1100666 1139094 38428
1118755 1140414 21659
1080208 1140975 60767
1007982 1141107 133125
1084657 1142328 57671
1050369 1143384 93015
1099002 1143450 44448
1094762 1144011 49249
1052219 1144473 92254
960952 1144836 183884
1061013 1146222 85209
1136204 1148598 12394
1048813 1149159 100346
1049078 1149390 100312
1066156 1149984 83828
992605 1150248 157643
1006071 1150842 144771
1042962 1151040 108078
1091912 1151106 59194
1067269 1155297 88028
1071484 1155330 83846
1149365 1155330 5965
1094690 1155528 60838
1107120 1156089 48969
1094446 1156386 61940
995600 1156650 161050
1111640 1156914 45274
1131975 1157574 25599
1008385 1157739 149354
1126866 1158828 31962
949193 1159323 210130
1141858 1159620 17762
954651 1159983 205332
1116543 1160379 43836
1101973 1161237 59264
1093937 1161468 67531
1105978 1161798 55820
1107961 1162326 54365
1012877 1162920 150043
1135364 1163250 27886
1120942 1163481 42539
1121555 1164273 42718
997396 1166550 169154
1009846 1166616 156770
1126662 1167144 40482
1073587 1167375 93788
1078028 1168827 90799
1059045 1169058 110013
1124375 1169586 45211
1085777 1169916 84139
1154299 1170972 16673
1159498 1172622 13124
1125664 1173282 47618
1071820 1173513 101693
1166933 1173678 6745
1018097 1173810 155713
961561 1173942 212381
1023514 1174239 150725
980113 1174635 194522
1124947 1175427 50480
1159389 1176252 16863
1116033 1176318 60285
1100921 1176846 75925
1075119 1177341 102222
1074584 1179288 104704
1050895 1179354 128459
1059238 1179948 120710
1126733 1180476 53743
1019538 1180641 161103
1092307 1181301 88994
950589 1181367 230778
991012 1181928 190916
991026 1183446 192420
1026545 1184007 157462
1045263 1187934 142671
1046911 1188495 141584
1058828 1189716 130888
1079561 1189980 110419
1121875 1190541 68666
1126283 1191102 64819
1135976 1191729 55753
994001 1191729 197728
1137248 1192290 55042
1091046 1193049 102003
1088397 1195359 106962
1170441 1195524 25083
1088759 1195887 107128
1173432 1196085 22653
1182747 1197174 14427
1143910 1197273 53363
1076239 1197504 121265
1033075 1197801 164726
1089547 1197966 108419
1034156 1198395 164239
1126713 1198461 71748
1053376 1198923 145547
1168138 1199286 31148
1158482 1199616 41134
1162165 1199715 37550
1089316 1203279 113963
1074511 1203312 128801
1171328 1203576 32248
1116598 1203642 87044
1173690 1203906 30216
1187200 1204566 17366
1109287 1204599 95312
1147786 1204665 56879
1157211 1205160 47949
1102945 1205358 102413
1200081 1206051 5970
1134003 1207470 73467
1000174 1208625 208451
1187905 1208955 21050
1141376 1209615 68239
1165918 1210341 44423
1142001 1210374 68373
1063146 1210902 147756
1144428 1211166 66738
1082341 1211463 129122
1104151 1213179 109028
1149333 1213509 64176
1140399 1214532 74133
1009256 1215654 206398
1010865 1216248 205383
1100462 1216842 116380
1089042 1216908 127866
1011648 1216908 205260
1017932 1217535 199603
1091319 1217997 126678
1145237 1218723 73486
1095901 1219449 123548
1189265 1219515 30250
1192592 1220109 27517
1197487 1220637 23150
1094474 1221165 126691
1105461 1221528 116067
1105121 1221759 116638
1091983 1222254 130271
1154786 1222617 67831
991471 1223046 231575
1160862 1223079 62217
1098643 1223211 124568
1164892 1223640 58748
1218399 1224366 5967
1175929 1225224 49295
1119615 1225323 105708
1123264 1227072 103808
1108428 1227270 118842
1093394 1227501 134107
1119014 1227831 108817
1094162 1227864 133702
1167699 1227897 60198
1188536 1228392 39856
1002947 1229481 226534
1164246 1231461 67215
1213927 1231659 17732
1225825 1232253 6428
1225883 1232847 6964
1210145 1232913 22768
1179087 1233936 54849
1114633 1234926 120293
1117273 1235520 118247
1104689 1237467 132778
1139933 1237500 97567
1110564 1238028 127464
1120408 1238589 118181
1122892 1239150 116258
1131908 1239381 107473
1129580 1240272 110692
1045891 1240470 194579
1101804 1240932 139128
1139947 1241130 101183
1116929 1241493 124564
1047759 1241856 194097
1209201 1242054 32853
1132256 1243803 111547
1206300 1245288 38988
1120473 1245387 124914
1210715 1245816 35101
1240294 1246245 5951
1126682 1246443 119761
1176186 1246542 70356
1240693 1246740 6047
1241194 1247268 6074
1178932 1247631 68699
1187169 1248192 61023
1195625 1248258 52633
1136349 1249314 112965
1138809 1250733 111924
1139494 1251261 111767
1135090 1251294 116204
1129173 1251360 122187
1210262 1251591 41329
1152647 1251822 99175
1219489 1252449 32960
1133715 1253208 119493
1136633 1253307 116674
1030472 1253769 223297
1242269 1254198 11929
1046581 1256013 209432
1231837 1256376 24539
1206400 1257267 50867
1234316 1257498 23182
1147702 1257597 109895
1161009 1258158 97149
1224473 1258356 33883
1166719 1258719 92000
1148648 1260072 111424
1154950 1260633 105683
1159566 1261755 102189
1210259 1261986 51727
1121514 1262547 141033
1058161 1263141 204980
1166922 1263735 96813
1069797 1264758 194961
1143484 1265055 121571
1159799 1265055 105256
1123067 1265583 142516
1079679 1265913 186234
1166907 1266177 99270
1251786 1266969 15183
1018509 1269378 250869
1140815 1269840 129025
1198133 1270071 71938
1157939 1270269 112330
1219825 1270500 50675
1167962 1270896 102934
1235646 1271061 35415
1145500 1271457 125957
1078703 1271622 192919
1150979 1271952 120973
1082313 1272117 189804
1161568 1273338 111770
1172141 1274460 102319
1172544 1275021 102477
1145362 1275285 129923
1137622 1275285 137663
1258138 1275846 17708
1063315 1279476 216161
1067405 1279938 212533
1233143 1280598 47455
1275566 1281522 5956
1170348 1283502 113154
1173365 1284888 111523
1144252 1285482 141230
1173570 1286010 112440
1174743 1286538 111795
1167653 1287396 119743
1183687 1287561 103874
1091630 1288287 196657
1092758 1288848 196090
1156023 1289046 133023
1103026 1289970 186944
1270678 1290960 20282
1279672 1292610 12938
1165622 1293270 127648
1168534 1293501 124967
1172931 1293732 120801
1184711 1294227 109516
1176506 1294491 117985
1243940 1295052 51112
1178822 1295151 116329
1246613 1295580 48967
1100515 1296174 195659
1188354 1297329 108975
1192851 1297923 105072
1160061 1299276 139215
1260118 1299507 39389
1261216 1299606 38390
1200701 1299639 98938
1192686 1299804 107118
1208092 1300167 92075
1276755 1300464 23709
1269554 1300695 31141
1272810 1300695 27885
1279631 1301685 22054
1180266 1301751 121485
1282997 1302213 19216
1283171 1302774 19603
1240137 1303467 63330
1294364 1303566 9202
1240297 1303995 63698
1085493 1304424 218931
1088654 1305117 216463
1186464 1306932 120468
1194399 1307493 113094
1197113 1308021 110908
1198646 1308549 109903
1202122 1310001 107879
1201745 1310529 108784
1203250 1310562 107312
1207808 1311057 103249
1103261 1311156 207895
1209001 1311552 102551
1104326 1312311 207985
1194257 1312905 118648
1175690 1314126 138436
1206465 1315215 108750
1307421 1315545 8124
1309796 1316172 6376
1202001 1317162 115161
1310851 1317162 6311
1284858 1317525 32667
1196996 1317690 120694
1287681 1318086 30405
1276438 1318482 42044
1193822 1318680 124858
1211838 1320000 108162
1254434 1320066 65632
1255376 1320165 64789
1210879 1321320 110441
1187957 1323333 135376
1276363 1323531 47168
1276643 1323630 46987
1228590 1323894 95304
1250233 1324686 74453
1202204 1324686 122482
1302337 1325082 22745
1113127 1325742 212615
1304258 1326204 21946
1259267 1327458 68191
1260510 1328019 67509
1104068 1328613 224545
1108193 1329174 220981
1212668 1329570 116902
1217393 1330131 112738
1223795 1330989 107194
1215978 1331517 115539
1224756 1331682 106926
1225633 1332177 106544
1218182 1332375 114193
1225322 1333431 108109
1210009 1333464 123455
1233872 1334553 100681
1236980 1335081 98101
1117398 1335147 217749
1212390 1335213 122823
1241642 1335378 93736
1250511 1335939 85428
1265777 1336467 70690
1266541 1337028 70487
1225653 1337061 111408
1266989 1337589 70600
1317216 1339503 22287
1326455 1340064 13609
1329452 1340592 11140
1218601 1341384 122783
1114956 1343034 228078
1194967 1343595 148628
1301120 1344156 43036
1309939 1344717 34778
1218175 1345278 127103
1268138 1345806 77668
1223490 1347291 123801
1310748 1347522 36774
1217228 1347852 130624
1276770 1348149 71379
1314320 1348413 34093
1261316 1351449 90133
1336626 1351614 14988
1268573 1352571 83998
1230563 1353561 122998
1282110 1353924 71814
1283525 1354716 71191
1225923 1354914 128991
1285088 1355277 70189
1241317 1355277 113960
1227646 1355475 127829
1293494 1355805 62311
1232155 1356564 124409
1247628 1356630 109002
1222252 1356960 134708
1249998 1357290 107292
1231333 1358016 126683
1238729 1359072 120343
1270173 1359369 89196
1271053 1359963 88910
1139286 1360755 221469
1272202 1360821 88619
1233834 1360920 127086
1246464 1361514 115050
1284526 1361910 77384
1235728 1365507 129779
1302929 1365804 62875
1250507 1366068 115561
1275774 1366563 90789
1254863 1366662 111799
1267326 1366827 99501
1263358 1367058 103700
1117908 1367586 249678
1276405 1367619 91214
1235348 1367949 132601
1122364 1368180 245816
1119398 1368246 248848
1134716 1368741 234025
1280691 1369929 89238
1227596 1371315 143719
1311681 1371513 59832
1327996 1372206 44210
1336474 1372800 36326
1336561 1373889 37328
1275625 1374483 98858
1121939 1376034 254095
1299392 1377123 77731
1295374 1377354 81980
1208401 1377519 169118
1299021 1377915 78894
1228919 1378146 149227
1262157 1378146 115989
1307340 1378476 71136
1372790 1378740 5950
1277096 1379235 102139
1248933 1380060 131127
1255731 1381182 125451
1323162 1381512 58350
1254451 1382040 127589
1260538 1382535 121997
1290601 1383393 92792
1277629 1383657 106028
1297248 1384515 87267
1279188 1385043 105855
1302552 1385076 82524
1315286 1385670 70384
1290965 1387782 96817
1358563 1389300 30737
1280651 1389531 108880
1348604 1390521 41917
1294230 1390554 96324
1120712 1391214 270502
1139905 1391577 251672
1315599 1394415 78816
1327441 1395603 68162
1286581 1395801 109220
1342646 1395999 53353
1329507 1396197 66690
1340262 1396362 56100
1353157 1396560 43403
1378180 1396560 18380
1379217 1397121 17904
1255485 1397649 142164
1310794 1399464 88670
1313877 1400025 86148
1146010 1400454 254444
1150713 1401015 250302
1325339 1401906 76567
1284695 1402467 117772
1260898 1402929 142031
1263724 1403490 139766
1296146 1403589 107443
1361603 1404348 42745
1264726 1404381 139655
1276847 1404909 128062
1366696 1405008 38312
1288667 1405404 116737
1232388 1405503 173115
1243122 1406559 163437
1277665 1406559 128894
1326410 1407384 80974
1290486 1407681 117195
1166454 1407714 241260
1174059 1408242 234183
1321037 1408902 87865
1285052 1409430 124378
1177227 1409793 232566
1285299 1409991 124692
1336871 1410519 73648
1283825 1411212 127387
1352874 1411542 58668
1346316 1413522 67206
1369757 1413555 43798
1308034 1414050 106016
1268942 1414512 145570
1308886 1414512 105626
1293069 1415040 121971
1151832 1415040 263208
1333544 1415205 81661
1332925 1415667 82742
1350696 1415733 65037
1344149 1416228 72079
1353908 1417284 63376
1344171 1417911 73740
1351900 1418769 66869
1326671 1419297 92626
1324168 1419330 95162
1383840 1419528 35688
1367125 1419924 52799
1324743 1420122 95379
1416479 1422432 5953
1156491 1423224 266733
1166382 1424346 257964
1401160 1424379 23219
1176056 1425006 248950
1369597 1425336 55739
1238566 1425402 186836
1297176 1425534 128358
1258177 1425930 167753
1370740 1425930 55190
1306235 1426623 120388
1383074 1427085 44011
1313337 1428636 115299
1313436 1429296 115860
1388804 1429461 40657
1311019 1431045 120026
1353065 1432068 79003
1361108 1432596 71488
1348664 1432926 84262
1312029 1433520 121491
1352250 1435236 82986
1368704 1437513 68809
1337794 1437942 100148
1300177 1438503 138326
1382379 1438569 56190
1360163 1439163 79000
1319472 1439559 120087
1309519 1439592 130073
1206957 1440714 233757
1215414 1441275 225861
1369720 1441341 71621
1375878 1441902 66024
1380343 1442430 62087
1297111 1442793 145682
1387145 1442958 55813
1417514 1443519 26005
1303943 1443816 139873
1374802 1443882 69080
1388817 1444179 55362
1304604 1444608 140004
1314301 1445136 130835
1191763 1445730 253967
1199001 1446258 247257
1368813 1447446 78633
1184573 1447974 263401
1429590 1448370 18780
1290685 1448502 157817
1291667 1449030 157363
1400628 1449327 48699
1307471 1449426 141955
1403045 1449888 46843
1318690 1450119 131429
1404654 1450416 45762
1404692 1450944 46252
1321256 1451241 129985
1324116 1452000 127884
1409315 1452330 43015
1324382 1452528 128146
1330496 1452594 122098
1367710 1453452 85742
1404275 1453980 49705
1224011 1455168 231157
1225724 1455762 230038
1241586 1456818 215232
1366289 1456917 90628
1356378 1457577 101199
1260467 1457973 197506
1374257 1458138 83881
1317659 1459194 141535
1385203 1459557 74354
1329897 1459722 129825
1386105 1460250 74145
1412068 1461372 49304
1318768 1461834 143066
1328863 1462296 133433
1316069 1462824 146755
1384930 1463055 78125
1399009 1465893 66884
1387668 1467279 79611
1327150 1467510 140360
1391240 1467807 76567
1330012 1468038 138026
1399481 1468071 68590
1319077 1468368 149291
1246038 1469094 223056
1449621 1469688 20067
1404732 1471470 66738
1455292 1471635 16343
1237123 1471998 234875
1458738 1472427 13689
1318217 1472559 154342
1428039 1473318 45279
1333252 1473549 140297
1349431 1474110 124679
1349977 1474671 124694
1457201 1475793 18592
1361193 1476024 114831
1459630 1476552 16922
1356798 1476618 119820
1375334 1477179 101845
1368522 1477278 108756
1332469 1477344 144875
1265207 1479159 213952
1377820 1479390 101570
1355350 1479555 124205
1356615 1480149 123534
1275130 1480842 205712
1375174 1480908 105734
1398678 1481370 82692
1279716 1481436 201720
1393975 1481469 87494
1383571 1483977 100406
1402455 1485396 82941
1427699 1485693 57994
1405080 1485957 80877
1375918 1486419 110501
1398702 1486551 87849
1441248 1486650 45402
1410703 1487112 76409
1455825 1487211 31386
1420118 1487904 67786
1453900 1488168 34268
1423926 1488399 64473
1409659 1489323 79664
1408681 1491831 83150
1419472 1491897 72425
1454672 1492557 37885
1345860 1493085 147225
1478194 1493679 15485
1265279 1494108 228829
1402477 1494471 91994
1485607 1494702 9095
1281375 1495923 214548
1444305 1496583 52278
1340393 1496979 156586
1390616 1500939 110323
1396405 1501467 105062
1495713 1501665 5952
1449514 1501995 52481
1453478 1502094 48616
1361822 1503084 141262
1286569 1503150 216581
1401648 1503381 101733
1381157 1504206 123049
1410224 1504503 94279
1291085 1504602 213517
1375792 1505064 129272
1299190 1505130 205940
1390111 1505658 115547
1299949 1505658 205709
1399867 1509288 109421
1423943 1509519 85576
1462749 1509849 47100
1413205 1509948 96743
1488399 1510443 22044
1426038 1510509 84471
1411088 1510542 99454
1379446 1511004 131558
1428367 1511202 82835
1268268 1511598 243330
1309982 1512159 202177
1374768 1515294 140526
1460206 1515525 55319
1483426 1515591 32165
1438174 1516119 77945
1425944 1517175 91231
1473180 1517307 44127
1482054 1519452 37398
1287368 1519914 232546
1387438 1520475 133037
1502868 1521333 18465
1505331 1521894 16563
1405072 1522389 117317
1516300 1522554 6254
1426478 1522917 96439
1405736 1522950 117214
1413980 1523478 109498
1428839 1523478 94639
1403893 1525458 121565
1383077 1525986 142909
1396807 1526019 129212
1310561 1527141 216580
1421480 1527273 105793
1310565 1527735 217170
1425443 1527834 102391
1310905 1528296 217391
1412000 1529055 117055
1325441 1529418 203977
1449409 1529517 80108
1414419 1529583 115164
1428377 1530177 101800
1398598 1530705 132107
1431494 1531596 100102
1434088 1532223 98135
1436563 1533279 96716
1435710 1533378 97668
1440760 1533411 92651
1451255 1533675 82420
1436664 1534005 97341
1443026 1534038 91012
1437116 1534731 97615
1498743 1535061 36318
1437157 1535325 98168
1437654 1535919 98265
1445690 1536216 90526
1461727 1537899 76172
1439724 1539285 99561
1498750 1539516 40766
1508289 1539615 31326
1439419 1539879 100460
1477000 1540209 63209
1325426 1541364 215938
1465768 1541892 76124
1518709 1544367 25658
1523735 1544895 21160
1425779 1547205 121426
1456097 1547502 91405
1467637 1548921 81284
1451044 1549977 98933
1437624 1550076 112452
1446610 1551132 104522
1457537 1551396 93859
1418572 1551627 133055
1465691 1551957 86266
1430737 1552914 122177
1470096 1553046 82950
1455971 1557270 101299
1462239 1557270 95031
1457654 1557501 99847
1470891 1557831 86940
1468389 1557963 89574
1416865 1558227 141362
1329823 1558491 228668
1521563 1558557 36994
1530167 1559613 29446
1535904 1560240 24336
1341062 1560768 219706
1342667 1561296 218629
1474847 1563276 88429
1435570 1563309 127739
1524631 1563507 38876
1423300 1563870 140570
1445985 1564431 118446
1464894 1565223 100329
1453177 1565586 112409
1331970 1567335 235365
1338791 1567962 229171
1562229 1568193 5964
1532777 1568391 35614
1549464 1568787 19323
1453001 1571229 118228
1566398 1572351 5953
1525053 1573473 48420
1530404 1574001 43597
1450414 1575057 124643
1344203 1575156 230953
1451522 1575585 124063
1459283 1575750 116467
1355103 1576839 221736
1468999 1576905 107906
1356238 1577400 221162
1466034 1579479 113445
1467143 1580634 113491
1473358 1581294 107936
1480411 1581525 101114
1476155 1581756 105601
1338813 1581954 243141
1471613 1581987 110374
1449435 1582548 133113
1472455 1582746 110291
1497187 1583406 86219
1478998 1583406 104408
1471192 1583967 112775
1487076 1585320 98244
1497744 1586805 89061
1430659 1587300 156641
1483643 1587300 103657
1555718 1587531 31813
1498588 1587564 88976
1558693 1588158 29465
1465648 1588356 122708
1483005 1589214 106209
1570537 1589643 19106
1570812 1590204 19392
1572946 1590732 17786
1344708 1591458 246750
1576413 1591524 15111
1347028 1591887 244859
1364455 1592448 227993
1481175 1592976 111801
1587519 1593471 5952
1484728 1593504 108776
1572994 1593900 20906
1583306 1594428 11122
1511228 1597431 86203
1557835 1597464 39629
1455042 1600929 145887
1394459 1601424 206965
1474860 1602480 127620
1484179 1603305 119126
1472571 1605153 132582
1566824 1605384 38560
1566741 1605813 39072
1584224 1606044 21820
1500966 1606407 105441
1470056 1606539 136483
1506317 1606836 100519
1506108 1609344 103236
1509672 1610664 100992
1482824 1610796 127972
1515297 1611357 96060
1569144 1611522 42378
1521991 1611852 89861
1572767 1612083 39316
1489534 1612446 122912
1595814 1612545 16731
1373160 1612578 239418
1501843 1612974 111131
1601714 1613073 11359
1506387 1614063 107676
1482898 1615119 132221
1368405 1615317 246912
1368613 1615944 247331
1370557 1616670 246113
1398664 1617099 218435
1464760 1617561 152801
1508026 1617627 109601
1471002 1618419 147417
1511249 1618914 107665
1481796 1618980 137184
1530591 1620036 89445
1531624 1620861 89237
1486256 1621455 135199
1507124 1622082 114958
1405877 1623732 217855
1415617 1624590 208973
1466753 1625019 158266
1418103 1625151 207048
1495032 1625679 130647
1486114 1626339 140225
1485709 1626900 141191
1517340 1627494 110154
1446435 1629144 182709
1536962 1629474 92512
1608513 1629507 20994
1608437 1629804 21367
1532321 1630332 98011
1503910 1630563 126653
1463824 1631025 167201
1598711 1631124 32413
1482849 1631421 148572
1522446 1633335 110889
1526312 1633896 107584
1527390 1634457 107067
1494342 1634787 140445
1604480 1635513 31033
1537110 1635612 98502
1529779 1635810 106031
1521468 1636041 114573
1427375 1636107 208732
1539642 1636206 96564
1616782 1636569 19787
1621448 1637658 16210
1402287 1639341 237054
1424651 1639902 215251
1620583 1641354 20771
1636040 1642080 6040
1492146 1642674 150528
1533660 1642905 109245
1533983 1643499 109516
1500635 1643796 143161
1637932 1643895 5963
1545068 1644027 98959
1546622 1644588 97966
1501202 1644588 143386
1428423 1647162 218739
1641337 1647294 5957
1428695 1647756 219061
1429983 1648317 218334
1504782 1648911 144129
1485855 1649604 163749
1499127 1650726 151599
1500337 1653168 152831
1559957 1653234 93277
1548758 1653696 104938
1491364 1654224 162860
1534460 1654422 119962
1507351 1654884 147533
1619976 1655478 35502
1432280 1656006 223726
1553866 1656270 102404
1539914 1657326 117412
1617916 1659504 41588
1545522 1659801 114279
1485699 1659834 174135
1433722 1660329 226607
1640674 1660560 19886
1653170 1662144 8974
1648971 1665312 16341
1650060 1665477 15417
1649106 1665906 16800
1573016 1668612 95596
1574130 1669173 95043
1509004 1669470 160466
1584291 1669767 85476
1523200 1669998 146798
1504596 1670526 165930
1438889 1671087 232198
1530025 1671384 141359
1447278 1671615 224337
1534797 1671978 137181
1535617 1672506 136889
1511988 1672902 160914
1536577 1673034 136457
1456918 1673298 216380
1539334 1673628 134294
1457443 1673892 216449
1547478 1673991 126513
1549022 1674255 125233
1553523 1674552 121029
1556893 1675080 118187
1542897 1677390 134493
1657284 1677852 20568
1576259 1678545 102286
1555969 1678842 122873
1527898 1679040 151142
1561241 1679172 117931
1522546 1679568 157022
1653509 1679568 26059
1561625 1679733 118108
1551549 1681317 129768
1565852 1681911 116059
1570431 1682472 112041
1574647 1683033 108386
1545119 1683297 138178
1566781 1684386 117605
1573966 1684452 110486
1670886 1685640 14754
1675435 1686696 11261
1676774 1687422 10648
1641894 1687455 45561
1650923 1688016 37093
1451467 1688445 236978
1643121 1689534 46413
1513278 1689732 176454
1668400 1689897 21497
1554153 1690095 135942
1514858 1690458 175600
1587668 1690920 103252
1676983 1690953 13970
1529070 1692339 163269
1588546 1692372 103826
1530003 1693131 163128
1687354 1693296 5942
1595611 1693461 97850
1557107 1693461 136354
1530992 1693824 162832
1572849 1693989 121140
1458106 1695144 237038
1516900 1695375 178475
1564294 1695375 131081
1463273 1695705 232432
1565261 1695903 130642
1566225 1696464 130239
1560873 1696926 136053
1568590 1697025 128435
1478908 1697388 218480
1544887 1697586 152699
1569676 1697619 127943
1584956 1700094 115138
1585625 1700622 114997
1595132 1701183 106051
1673917 1701282 27365
1576404 1701513 125109
1622589 1701744 79155
1455721 1701975 246254
1506446 1702338 195892
1665402 1702635 37233
1517212 1702866 185654
1550323 1703064 152741
1576042 1703097 127055
1668132 1703196 35064
1684359 1704153 19794
1493628 1704780 211152
1592221 1705935 113714
1660929 1707519 46590
1604662 1707651 102989
1579501 1707816 128315
1583428 1707882 124454
1663723 1708080 44357
1583981 1708443 124462
1685661 1710819 25158
1674646 1711446 36800
1470027 1712436 242409
1699380 1713327 13947
1588226 1713492 125266
1700401 1713888 13487
1701461 1714449 12988
1597241 1714911 117670
1543488 1715142 171654
1612453 1716033 103580
1572848 1717452 144604
1594020 1718079 124059
1499070 1719168 220098
1578387 1719399 141012
1554667 1719597 164930
1516047 1720818 204771
1533946 1721049 187103
1520113 1721412 201299
1534913 1721610 186697
1600234 1721742 121508
1521335 1722039 200704
1632329 1723524 91195
1581473 1723920 142447
1632577 1724118 91541
1585965 1725372 139407
1654697 1725801 71104
1465879 1726032 260153
1682794 1726362 43568
1657032 1726593 69561
1487268 1726626 239358
1605829 1726923 121094
1577689 1727055 149366
1597808 1727088 129280
1658263 1727253 68990
1615711 1727352 111641
1510901 1728144 217243
1614703 1729761 115058
1614955 1730322 115367
1575476 1731345 155869
1679486 1731510 52024
1533495 1732401 198906
1628487 1732929 104442
1639282 1732995 93713
1689949 1733094 43145
1690866 1733688 42822
1696373 1734810 38437
1696860 1735338 38478
1693325 1735470 42145
1505227 1735998 230771
1705970 1736097 30127
1677580 1736592 59012
1679914 1737021 57107
1716646 1737318 20672
1617210 1737681 120471
1721789 1738968 17179
1629450 1739496 110046
1611915 1739793 127878
1631337 1740057 108720
1620017 1740585 120568
1633970 1740618 106648
1621711 1741245 119534
1597083 1741476 144393
1625296 1741872 116576
1566888 1742037 175149
1580616 1742037 161421
1639056 1742499 103443
1567748 1743159 175411
1596543 1743555 147012
1604283 1743918 139635
1607400 1744446 137046
1568453 1744611 176158
1637018 1745040 108022
1605988 1745601 139613
1603574 1747185 143611
1588787 1749165 160378
1679683 1749198 69515
1606734 1749528 142794
1685776 1749825 64049
1618799 1750056 131257
1695933 1750419 54486
1624201 1750650 126449
1600874 1751046 150172
1710511 1751079 40568
1637001 1751541 114540
1568805 1752630 183825
1573137 1753158 180021
1623220 1755270 132050
1590282 1755303 165021
1568300 1755831 187531
1659807 1756359 96552
1669375 1757481 88106
1720652 1757712 37060
1722136 1758273 36137
1718559 1759461 40902
1718740 1760022 41282
1627342 1760616 133274
1751491 1760781 9290
1646997 1761573 114576
1652066 1762167 110101
1652555 1762728 110173
1653313 1763322 110009
1655421 1763916 108495
1653285 1764642 111357
1664763 1765236 100473
1644168 1765335 121167
1574008 1767150 193142
1620713 1767381 146668
1761937 1767909 5972
1632049 1767975 135926
1584974 1768833 183859
1609375 1769064 159689
1640312 1769097 128785
1588660 1769427 180767
1612486 1769526 157040
1618829 1770087 151258
1676663 1770615 93952
1691505 1771539 80034
1703323 1772958 69635
1708565 1773288 64723
1689518 1773519 84001
1638398 1774443 136045
1627106 1774674 147568
1663300 1775037 111737
1631878 1775103 143225
1633294 1775664 142370
1634594 1779294 144700
1641991 1779822 137831
1654080 1780383 126303
1654445 1780911 126466
1690803 1780944 90141
1732800 1780977 48177
1579449 1783320 203871
1583431 1783914 200483
1749433 1784145 34712
1732440 1784310 51870
1719146 1784607 65461
1760993 1784838 23845
1642446 1785003 142557
1775064 1785465 10401
1649352 1785531 136179
1766565 1785927 19362
1671260 1786455 115195
1676899 1786917 110018
1675964 1787016 111052
1679096 1787511 108415
1680185 1788567 108382
1702722 1789260 86538
1688969 1789359 100390
1723981 1789491 65510
1666114 1790085 123971
1674160 1790646 116486
1590623 1791042 200419
1673682 1791372 117690
1635635 1792923 157288
1624335 1794177 169842
1694102 1794573 100471
1663747 1795266 131519
1725563 1796058 70495
1655978 1797510 141532
1651943 1797609 145666
1741823 1797774 55951
1704329 1798566 94237
1664450 1799061 134611
1765351 1799094 33743
1724479 1799688 75209
1779005 1800150 21145
1596170 1800678 204508
1596905 1801206 204301
1676201 1802889 126688
1661681 1803813 142132
1678418 1803879 125461
1741462 1804044 62582
1745838 1804143 58305
1680516 1805133 124617
1736246 1805463 69217
1665543 1806057 140514
1794707 1806156 11449
1763702 1807476 43774
1795398 1807608 12210
1609862 1808037 198175
1797254 1808367 11113
1739552 1808466 68914
1797898 1809060 11162
1784257 1809357 25100
1801047 1809687 8640
1788354 1809918 21564
1697439 1810380 112941
1712821 1810908 98087
1717163 1812294 95131
1731711 1813449 81738
1733757 1813977 80220
1699049 1814538 115489
1695820 1815066 119246
1713827 1815627 101800
1699644 1816089 116445
1714919 1816155 101236
1624765 1816287 191522
1700790 1816848 116058
1731318 1816914 85596
1693905 1817574 123669
1702228 1817640 115412
1696229 1821072 124843
1661980 1821369 159389
1787671 1821798 34127
1791517 1822359 30842
1791542 1822491 30949
1794840 1822920 28080
1601268 1823052 221784
1661408 1823580 162172
1723628 1823679 100051
1750811 1823712 72901
1698958 1824009 125051
1789680 1824768 35088
1690811 1827276 136465
1704540 1827507 122967
1781477 1827573 46096
1699862 1827771 127909
1743000 1827837 84837
1763309 1827870 64561
1768160 1828431 60271
1713471 1828662 115191
1783035 1828695 45660
1697434 1829883 132449
1619658 1831467 211809
1630675 1831929 201254
1719299 1833183 113884
1796784 1833348 36564
1740600 1834932 94332
1810900 1834998 24098
1742639 1835229 92590
1743115 1835493 92378
1818651 1835790 17139
1745223 1836582 91359
1745764 1837110 91346
1723448 1837902 114454
1725349 1837968 112619
1635579 1839156 203577
1742672 1839618 96946
1638169 1839717 201548
1709511 1839981 130470
1640045 1840278 200233
1692159 1840905 148746
1713942 1841037 127095
1652723 1841400 188677
1762897 1841598 78701
1723784 1841631 117847
1656065 1842027 185962
1721976 1842159 120183
1692866 1845393 152527
1823149 1845822 22673
1693864 1846020 152156
1743496 1846251 102755
1633493 1846581 213088
1760535 1846911 86376
1610139 1847043 236904
1796054 1847109 51055
1730367 1847307 116940
1809205 1847604 38399
1799824 1847637 47813
1705691 1847802 142111
1701697 1849320 147623
1705593 1851300 145707
1813137 1852125 38988
1840582 1853082 12500
1651061 1853181 202120
1704540 1853346 148806
1845081 1853676 8595
1705066 1853907 148841
1846066 1854270 8204
1815027 1855458 40431
1826633 1856382 29749
1826622 1857834 31212
1777399 1858923 81524
1832134 1859550 27416
1787653 1860606 72953
1788805 1861200 72395
1711179 1861464 150285
1729640 1862025 132385
1811885 1862586 50701
1822555 1863114 40559
1747872 1863675 115803
1749023 1863741 114718
1675714 1863741 188027
1734963 1864533 129570
1678447 1864599 186152
1774166 1864929 90763
1749836 1865094 115258
1749289 1865589 116300
1692319 1865688 173369
1785699 1867569 81870
1734626 1867899 133273
1793892 1868823 74931
1729328 1869153 139825
1710501 1869516 159015
1781270 1869846 88576
1800451 1870044 69593
1731364 1870572 139208
1697959 1871034 173075
1710794 1873344 162550
1723948 1873905 149957
1826717 1875357 48640
1679807 1876347 196540
1861570 1877106 15536
1866164 1877667 11503
1872712 1878657 5945
1824664 1879449 54785
1825378 1879977 54599
1671476 1881066 209590
1862918 1883310 20392
1866225 1884102 17877
1819476 1884465 64989
1866472 1884861 18389
1782345 1884960 102615
1820343 1885026 64683
1749556 1885818 136262
1757659 1886511 128852
1759638 1886643 127005
1695609 1887138 191529
1761156 1887666 126510
1760733 1887831 127098
1709579 1888260 178681
1764393 1888425 124032
1752358 1888920 136562
1784502 1889514 105012
1757289 1890174 132885
1756074 1891098 135024
1811759 1892583 80824
1817634 1893144 75510
1799394 1893507 94113
1737987 1894068 156081
1843988 1894497 50509
1830174 1894662 64488
1787391 1895058 107667
1843357 1895190 51833
1726746 1895586 168840
1843854 1895652 51798
1705054 1897236 192182
1719868 1897764 177896
1731508 1899282 167774
1743156 1899810 156654
1802764 1899843 97079
1831355 1900074 68719
1836972 1900668 63696
1844535 1900701 56166
1805698 1900866 95168
1830134 1901922 71788
1861083 1903473 42390
1897523 1903473 5950
1861352 1904001 42649
1791115 1904463 113348
1815651 1905156 89505
1771253 1905453 134200
1772518 1905981 133463
1879302 1906542 27240
1778624 1906575 127951
1839195 1906905 67710
1890767 1907070 16303
1839496 1907466 67970
1894897 1907862 12965
1843244 1908027 64783
1844202 1908588 64386
1845727 1909182 63455
1764902 1909446 144544
1846477 1909809 63332
1769195 1909974 140779
1775307 1911096 135789
1809273 1911657 102384
1765402 1911690 146288
1784935 1912779 127844
1768973 1913043 144070
1783961 1915815 131854
1858394 1917201 58807
1880023 1917300 37277
1757945 1917531 159586
1859700 1917729 58029
1767554 1918026 150472
1779179 1918686 139507
1809887 1919049 109162
1849985 1919148 69163
1868514 1919577 51063
1879041 1919676 40635
1728916 1920699 191783
1730215 1921227 191012
1781634 1921326 139692
1781808 1921854 140046
1778127 1923273 145146
1771942 1923306 151364
1849015 1924626 75611
1857031 1924923 67892
1879028 1927464 48436
1782230 1929576 147346
1909669 1930401 20732
1786232 1930698 144466
1854947 1932018 77071
1856780 1932612 75832
1858314 1933206 74892
1876940 1933470 56530
1886023 1933569 47546
1864808 1933800 68992
1780603 1934592 153989
1785599 1935153 149554
1759257 1936374 177117
1788624 1936902 148278
1760981 1937001 176020
1854435 1938024 83589
1787822 1938684 150862
1816489 1939938 123449
1868351 1940070 71719
1872875 1940631 67756
1878749 1941225 62476
1900154 1941291 41137
1783566 1941522 157956
1849332 1941720 92388
1878899 1941786 62887
1788006 1941951 153945
1854008 1942413 88405
1799443 1942908 143465
1862625 1943304 80679
1800664 1943469 142805
1850469 1943601 93132
1864699 1943832 79133
1805715 1945317 139602
1807478 1945878 138400
1787385 1947297 159912
1811340 1947594 136254
1802379 1947858 145479
1816508 1948221 131713
1910568 1948650 38082
1916253 1948716 32463
1925587 1949079 23492
1872496 1949739 77243
1737458 1950267 212809
1943510 1950663 7153
1898611 1951455 52844
1907210 1951983 44773
1923558 1952379 28821
1914425 1952544 38119
1751289 1953105 201816
1795592 1953567 157975
1762128 1953633 191505
1925441 1954062 28621
1806473 1954161 147688
1882325 1954920 72595
1934701 1955976 21275
1813441 1956174 142733
1902790 1956636 53846
1903510 1956966 53456
1904434 1957527 53093
1808249 1958847 150598
1768760 1959705 190945
1777885 1960266 182381
1783281 1960827 177546
1817241 1961058 143817
1795473 1961454 165981
1808003 1961982 153979
1894534 1964952 70418
1942398 1965876 23478
1916036 1966041 50005
1900372 1966965 66593
1891752 1967163 75411
1905538 1968087 62549
1766136 1968186 202050
1924040 1968219 44179
1928835 1969242 40407
1931019 1969803 38784
1824643 1969935 145292
1898322 1970265 71943
1893504 1970793 77289
1750307 1970859 220552
1893667 1971321 77654
1842464 1971915 129451
1897216 1972542 75326
1957419 1974126 16707
1967495 1974654 7159
1968442 1975182 6740
1766709 1975446 208737
1789360 1975974 186614
1792553 1976403 183850
1932894 1977063 44169
1938874 1977360 38486
1893014 1977558 84544
1817270 1977591 160321
1903912 1978086 74174
1822396 1978152 155756
1948355 1979109 30754
1813457 1980858 167401
1921404 1980858 59454
1798537 1983168 184631
1815897 1983762 167865
1830844 1984620 153776
1822359 1984620 162261
1822041 1985049 163008
1845888 1985214 139326
1808609 1985478 176869
1833269 1985676 152407
1818329 1986039 167710
1789067 1989273 200206
1829415 1989504 160089
1918102 1989702 71600
1808419 1989735 181316
1817717 1990263 172546
1919495 1990494 70999
1947257 1991055 43798
1920828 1991319 70491
1924619 1991979 67360
1824694 1992177 167483
1849704 1993893 144189
1860231 1994421 134190
1835726 1995279 159553
1828193 1995312 167119
1873117 1995510 122393
1951470 1995609 44139
1878269 1996104 117835
1834818 1996401 161583
1952897 1996731 43834
1901409 1996962 95553
1974137 1997094 22957
1947630 1997424 49794
1911566 1998084 86518
1937157 1999470 62313
1915998 1999932 83934
1971585 2000394 28809
1965308 2001252 35944
1849707 2002473 152766
1925068 2002902 77834
1928162 2003463 75301
1855544 2003562 148018
1858081 2004519 146438
1937491 2004849 67358
1939872 2005443 65571
1828504 2005476 176972
1949072 2006004 56932
1918994 2006103 87109
1852368 2007225 154857
1844667 2008248 163581
1857169 2008512 151343
1825804 2008908 183104
1848031 2009568 161537
1846285 2010162 163877
1850311 2011218 160907
1850879 2011878 160999
1931321 2012076 80755
1937848 2013231 75383
1823373 2013297 189924
1915801 2013528 97727
1843312 2014518 171206
1906394 2014551 108157
1860818 2015211 154393
1973509 2015673 42164
1847058 2017257 170199
1903832 2019072 115240
1842506 2019336 176830
1932122 2019501 87379
1920290 2019930 99640
1950248 2020062 69814
1846421 2020590 174169
1922759 2020953 98194
1937207 2020986 83779
2003401 2021613 18212
1903231 2022141 118910
2011441 2022141 10700
1885080 2022471 137391
1967186 2023461 56275
1835328 2024451 189123
2001635 2024913 23278
1988413 2026134 37721
1876912 2026662 149750
1951509 2026926 75417
1891949 2028576 136627
1942273 2028972 86699
1894132 2029236 135104
1861328 2029929 168601
1876545 2029962 153417
1884483 2031546 147063
1861389 2031744 170355
1868260 2032602 164342
1857868 2033064 175196
1868585 2033130 164545
1861181 2033592 172411
1917224 2034186 116962
1938288 2034747 96459
1895759 2037519 141760
1897422 2038113 140691
1952932 2038377 85445
1974028 2038542 64514
1954108 2038773 84665
1838743 2039235 200492
1856623 2039664 183041
1966621 2039961 73340
2000651 2040126 39475
1984890 2040357 55467
1870641 2040654 170013
1904153 2043294 139141
1985014 2043492 58478
1916703 2043525 126822
1919465 2044119 124654
1986867 2044515 57648
2020594 2045109 24515
2020944 2045703 24759
1910988 2045835 134847
2022763 2046231 23468
2035700 2047551 11851
1995497 2048574 53077
2014356 2049102 34746
2010161 2049366 39205
1956218 2049498 93280
2010638 2049960 39322
1901926 2050752 148826
1970592 2050851 80259
2016527 2051082 34555
1902420 2051346 148926
2017876 2051643 33767
1902802 2052171 149369
1915503 2052963 137460
1867335 2053458 186123
2016639 2053491 36852
1919924 2053623 133699
1896675 2054052 157377
1869723 2055372 185649
1870683 2055966 185283
1862091 2057055 194964
1877798 2057385 179587
1878151 2058012 179861
1859172 2061147 201975
1905779 2061510 155731
1884522 2061741 177219
1907783 2061939 154156
1916147 2062500 146353
2011187 2062566 51379
1992614 2063061 70447
1975313 2063523 88210
1859018 2063589 204571
1873600 2063589 189989
1877688 2064150 186462
1940558 2064249 123691
1926138 2065338 139200
1922964 2067285 144321
1936525 2067582 131057
1929205 2069364 140159
1935476 2069892 134416
2009669 2071476 61807
1872342 2072004 199662
1876642 2072598 195956
2019874 2073126 53252
2029593 2073522 43929
1924072 2073588 149516
1926107 2074182 148075
2022946 2074215 51269
2023844 2074776 50932
1926780 2074776 147996
1977274 2075502 98228
2034107 2076294 42187
1988868 2077383 88515
1902655 2078010 175355
1975047 2078076 103029
1921476 2078571 157095
1878704 2079165 200461
1880030 2079726 199696
1917069 2079990 162921
1930968 2080518 149550
1889167 2081046 191879
1939447 2081079 141632
1885599 2081145 195546
1901257 2081574 180317
1946256 2082135 135879
1958044 2082267 124223
1935077 2082663 147586
1904321 2083422 179101
1894731 2085138 190407
2004465 2085171 80706
1936378 2085501 149123
1899129 2085831 186702
2051283 2086392 35109
2059030 2086953 27923
1940934 2087052 146118
1976520 2087349 110829
2018231 2087580 69349
1990194 2087976 97782
1982989 2088009 105020
1943459 2089230 145771
1952360 2090319 137959
1953961 2090913 136952
1899955 2091276 191321
2022829 2092563 69734
2079885 2094213 14328
1960864 2095038 134174
1975863 2095467 119604
1881084 2096556 215472
2043874 2097315 53441
1945165 2098074 152909
1990504 2098932 108428
1953114 2099229 146115
1990952 2099493 108541
1997367 2100054 102687
1997641 2100615 102974
2045868 2100978 55110
1981479 2101539 120060
1890854 2103156 212302
1948738 2103189 154451
1968696 2104839 136143
1943251 2104905 161654
1899182 2105334 206152
1969546 2105400 135854
1902551 2105961 203410
1955789 2106126 150337
1962554 2107215 144661
2008208 2107413 99205
2066266 2109294 43028
1951596 2109525 157929
2038887 2109690 70803
2074192 2109855 35663
1954326 2110086 155760
2000110 2110482 110372
2030098 2110647 80549
1937572 2110878 173306
1888416 2111043 222627
2037042 2111538 74496
2005741 2111736 105995
2044078 2112066 67988
2070206 2112627 42421
1957551 2113881 156330
1966986 2114442 147456
1967536 2115003 147467
1953973 2115300 161327
1939187 2115861 176674
2001746 2116059 114313
2053479 2119458 65979
1891787 2120580 228793
1894903 2121141 226238
2077884 2121339 43455
1897027 2121702 224675
1968938 2122098 153160
2081557 2122164 40607
1973309 2122692 149383
1980409 2123253 142844
2006279 2123385 117106
1982160 2123847 141687
2101911 2124078 22167
1983996 2124639 140643
2008804 2125068 116264
1968086 2125464 157378
2009753 2125662 115909
1969630 2126025 156395
1977403 2126586 149183
2078973 2126619 47646
1978188 2127378 149190
1957296 2127675 170379
2021784 2129061 107277
1961896 2129622 167726
1979053 2131800 152747
2110934 2133285 22351
2027881 2133516 105635
2111795 2133846 22051
1957233 2133978 176745
2003639 2134275 130636
2076573 2134539 57966
1967666 2134638 166972
2006416 2134935 128519
2093762 2135100 41338
1971449 2135166 163717
2008621 2135496 126875
2059843 2135727 75884
1980202 2136024 155822
1995521 2137344 141823
2044891 2139291 94400
2007407 2139291 131884
2090100 2139522 49422
2009821 2139819 129998
2099105 2140116 41011
2117917 2141073 23156
2005164 2141337 136173
2125060 2142195 17135
2137032 2143317 6285
1903765 2143449 239684
1907964 2143944 235980
2138804 2144769 5965
2124218 2145462 21244
1927773 2145660 217887
2134856 2146551 11695
2008059 2146815 138756
2010912 2146914 136002
2013602 2147475 133873
1982719 2149455 166736
2026987 2149785 122798
1983424 2149983 166559
2097409 2150082 52673
2012977 2151336 138359
1989124 2151369 162245
1983770 2152920 169150
1942509 2153019 210510
1985888 2153613 167725
2003526 2154207 150681
2057455 2155626 98171
1998650 2155758 157108
2113850 2157276 43426
2078518 2157309 78791
2019015 2157804 138789
1915759 2157870 242111
1927237 2158431 231194
2051476 2159058 107582
2005363 2159124 153761
2052792 2159223 106431
2105940 2159685 53745
2106041 2160246 54205
2125267 2161302 36035
2015552 2161335 145783
2133707 2161368 27661
2022874 2162952 140078
1984971 2163282 178311
2019314 2163513 144199
2021450 2164041 142591
2063473 2164371 100898
2015857 2165328 149471
2146437 2165658 19221
2020238 2165856 145618
2147668 2166186 18518
2063160 2167077 103917
1929039 2167473 238434
1936196 2168034 231838
1940958 2168529 227571
1945187 2169189 224002
2154284 2169321 15037
2017924 2169552 151628
2159368 2169882 10514
2018688 2170113 151425
2164441 2170410 5969
2019040 2170674 151634
2032684 2170905 138221
2021056 2172060 151004
2043769 2173380 129611
2014755 2174535 159780
2020978 2175096 154118
2018592 2175987 157395
1956283 2176317 220034
2005630 2176911 171281
1957111 2177043 219932
2011997 2177505 165508
2018446 2179221 160775
2070163 2179452 109289
2073310 2180541 107231
2079329 2181135 101806
2139292 2181300 42008
2024873 2181531 156658
2145139 2181894 36755
2080011 2181960 101949
2037880 2182884 145004
2165396 2183577 18181
1962217 2184072 221855
2050112 2185920 135808
2054847 2186448 131601
2007938 2186778 178840
2057325 2187009 129684
2015567 2187372 171805
2045221 2188065 142844
2068550 2188428 119878
2057412 2188659 131247
2172835 2189088 16253
2152122 2189220 37098
1949936 2191332 241396
2181516 2191332 9816
2168430 2192388 23958
2161436 2192619 31183
2042503 2193147 150644
2040004 2194104 154100
2187015 2195028 8013
2059022 2195523 136501
2189638 2195721 6083
2060052 2196084 136032
2032777 2198097 165320
2023821 2198592 174771
1968473 2199153 230680
2061124 2200176 139052
1984885 2200803 215918
2028550 2201034 172484
2072643 2201496 128853
1986133 2201925 215792
2031011 2203113 172102
2033864 2203641 169777
2090035 2204664 114629
2029572 2205159 175587
2043035 2205390 162355
2175039 2205852 30813
2060051 2206050 145999
2180607 2206446 25839
1952497 2206512 254015
2058460 2206875 148415
2181099 2207040 25941
2062499 2207403 144904
2043242 2207997 164755
1990359 2208129 217770
2064804 2209317 144513
2060328 2211297 150969
2179223 2211528 32305
2024623 2211825 187202
2026694 2211924 185230
2067249 2212056 144807
2036862 2212452 175590
2082151 2212980 130829
1969106 2213277 244171
2192517 2213640 21123
2088769 2214003 125234
2202145 2214168 12023
2173479 2215455 41976
2179673 2216016 36343
2179851 2216610 36759
1969640 2217006 247366
1985329 2217534 232205
2064291 2217534 153243
2076405 2218095 141690
2081253 2218656 137403
2081164 2218920 137756
2054756 2221989 167233
2074012 2223111 149099
1990975 2223144 232169
2079149 2223177 144028
1994686 2223738 229052
2065133 2223936 158803
1995734 2224299 228565
2066078 2224464 158386
1996288 2224860 228572
2084754 2224926 140172
2064600 2227335 162735
2050203 2229150 178947
2088383 2230239 141856
2190313 2231064 40751
2092270 2231493 139223
1996322 2231790 235468
2076014 2233341 157327
2079314 2234133 154819
2083116 2234925 151809
2065757 2235288 169531
2048134 2235321 187187
2188832 2235519 46687
2056659 2236410 179751
2061312 2236938 175626
2094801 2237433 142632
2102800 2237466 134666
2226227 2238192 11965
2186167 2239314 53147
2089095 2239875 150780
2226465 2240799 14334
2097465 2242812 145347
2236853 2242812 5959
2117807 2243538 125731
2095741 2245518 149777
2085636 2246541 160905
2092732 2247036 154304
2108588 2247036 138448
1996931 2247069 250138
2075174 2247399 172225
2000588 2247630 247042
2109245 2248059 138814
2067007 2248917 181910
2088355 2249379 161024
2011109 2249412 238303
2070453 2249610 179157
2088792 2249973 161181
2103991 2250171 146180
2103309 2254296 150987
2117291 2254989 137698
2117829 2255451 137622
2097976 2257926 159950
2216975 2259510 42535
2106866 2259774 152908
2066490 2259807 193317
2107063 2259873 152810
2010828 2261292 250464
2111944 2261490 149546
2112412 2261556 149144
2237406 2261655 24249
2228278 2263470 35192
2006407 2263998 257591
2217318 2264559 47241
2237350 2264922 27572
2221507 2265087 43580
2259623 2266407 6784
2243220 2266539 23319
2132316 2266902 134586
2147222 2268024 120802
2077948 2269476 191528
2091296 2270037 178741
2013702 2271093 257391
2092552 2271126 178574
2100226 2271390 171164
2228617 2271687 43070
2014374 2271918 257544
2100766 2271984 171218
2109598 2272281 162683
2103676 2272512 168836
2088251 2272908 184657
2108981 2273469 164488
2104618 2273667 169049
2119509 2275515 156006
2127864 2276670 148806
2127848 2277066 149218
2138775 2277231 138456
2090049 2277396 187347
2144325 2277858 133533
2100769 2277957 177188
2240594 2278287 37693
2154394 2278650 124256
2133245 2278848 145603
2088360 2279046 190686
2111325 2279112 167787
2156681 2279277 122596
2160518 2279310 118792
2244135 2279673 35538
2170522 2279937 109415
2254512 2280201 25689
2091408 2283270 191862
2121528 2283468 161940
2152757 2283501 130744
2115844 2283798 167954
2121141 2283831 162690
2020346 2284920 264574
2114945 2285514 170569
2272136 2285646 13510
2275733 2286735 11002
2238944 2287461 48517
2037359 2288583 251224
2230185 2289111 58926
2267823 2289342 21519
2131567 2290167 158600
2159109 2290926 131817
2274963 2290992 16029
2142522 2291289 148767
2143312 2291850 148538
2160273 2292378 132105
2164868 2293434 128566
2104432 2293467 189035
2157992 2293533 135541
2122521 2294556 172035
2132455 2295612 163157
2106707 2297064 190357
2051809 2297394 245585
2107403 2297493 190090
2182910 2299506 116596
2184271 2300100 115829
2272941 2301288 28347
2121146 2301387 180241
2025316 2302476 277160
2105780 2302674 196894
2043850 2304159 260309
2044879 2304720 259841
2049145 2305281 256136
2120839 2306799 185960
2150945 2306931 155986
2270267 2307624 37357
2169124 2308086 138962
2159193 2308713 149520
2162977 2309241 146264
2266531 2309736 43205
2274438 2309802 35364
2280873 2310231 29358
2173402 2311056 137654
2272550 2311452 38902
2039716 2311980 272264
2278383 2313333 34950
2147960 2313564 165604
2290951 2314455 23504
2298219 2314983 16764
2176153 2316006 139853
2177248 2316567 139319
2125807 2317986 192179
2131664 2318547 186883
2146275 2319108 172833
2060058 2319141 259083
2150093 2319372 169279
2267830 2319636 51806
2060533 2319735 259202
2130465 2320923 190458
2156597 2321385 164788
2122202 2321616 199414
2159819 2321913 162094
2190401 2322210 131809
2202481 2323530 121049
2151166 2323794 172628
2277792 2325279 47487
2131048 2325510 194462
2226471 2325576 99105
2283055 2325807 42752
2228624 2326170 97546
2166762 2326368 159606
2229905 2326962 97057
2059686 2327028 267342
2199387 2327061 127674
2139215 2327589 188374
2171170 2329338 158168
2119099 2330790 211691
2146051 2331285 185234
2220162 2332902 112740
2178708 2333793 155085
2177118 2334090 156972
2296390 2334189 37799
2062330 2335344 273014
2066816 2336004 269188
2311397 2336103 24706
2318839 2336763 17924
2319291 2337390 18099
2163000 2337588 174588
2165664 2338215 172551
2170646 2338776 168130
2182747 2338908 156161
2178992 2340030 161038
2275778 2340954 65176
2276345 2341515 65170
2171027 2342142 171115
2177677 2342736 165059
2073471 2343165 269694
2149380 2343396 194016
2166594 2343396 176802
2089510 2343726 254216
2167137 2343957 176820
2183627 2344518 160891
2152965 2345046 192081
2185392 2345079 159687
2099335 2345442 246107
2135530 2345574 210044
2154579 2346036 191457
2099397 2346036 246639
2201229 2346234 145005
2172210 2346696 174486
2244955 2348148 103193
2179441 2349369 169928
2183835 2350062 166227
2184489 2353230 168741
2185205 2353791 168586
2185886 2354385 168499
2234221 2354781 120560
2196347 2354946 158599
2179011 2355507 176496
2200957 2355507 154550
2238839 2355870 117031
2336243 2357091 20848
2295330 2357190 61860
2304424 2357223 52799
2298690 2359467 60777
2307266 2359995 52729
2311789 2361150 49361
2336605 2361513 24908
2089600 2361678 272078
2090825 2362107 271282
2177099 2365440 188341
2199100 2365572 166472
2205225 2366001 160776
2288626 2366034 77408
2293400 2367123 73723
2206584 2367387 160803
2306285 2367651 61366
2100363 2367717 267354
2183552 2367816 184264
2207620 2367981 160361
2182368 2369037 186669
2224253 2369763 145510
2260026 2372040 112014
2190339 2373162 182823
2250839 2373525 122686
2335049 2373822 38773
2280363 2374119 93756
2197616 2374845 177229
2310266 2375043 64777
2290398 2375604 85206
2258781 2375868 117087
2200518 2376231 175713
2202777 2377287 174510
2217135 2377320 160185
2298973 2377815 78842
2254061 2379300 125239
2260071 2379300 119229
2337954 2379531 41577
2340891 2379597 38706
2229338 2379630 150292
2277296 2379927 102631
2187842 2380653 192811
2351090 2381115 30025
2199500 2381181 181681
2277696 2381214 103518
2362847 2382204 19357
2061018 2382270 321252
2100133 2383458 283325
2194658 2383986 189328
2350849 2384382 33533
2199037 2384547 185510
2331389 2385900 54511
2208819 2386923 178104
2212297 2387517 175220
2204004 2387616 183612
2355614 2387781 32167
2205141 2388210 183069
2357637 2388540 30903
2365991 2389200 23209
2375185 2389827 14642
2194601 2390025 195424
2376730 2390421 13691
2199745 2390586 190841
2380951 2391015 10064
2203646 2391642 187996
2111612 2391642 280030
2115272 2392302 277030
2214560 2393061 178501
2229887 2393094 163207
2252429 2393490 141061
2207226 2394183 186957
2225601 2395338 169737
2291733 2395503 103770
2300142 2397219 97077
2359891 2397285 37394
2221122 2397516 176394
2365103 2397813 32710
2227627 2398044 170417
2335732 2398506 62774
2226522 2398539 172017
2337343 2399232 61889
2218352 2399463 181111
2316055 2399562 83507
2324618 2400156 75538
2227401 2400222 172821
2100465 2400684 300219
2117686 2401245 283559
2235322 2401344 166022
2244743 2402466 157723
2234747 2403819 169072
2259732 2404215 144483
2220682 2404380 183698
2192395 2404908 212513
2376836 2405073 28237
2280375 2405469 125094
2296038 2405502 109464
2399736 2406690 6954
2215452 2407449 191997
2215896 2407911 192015
2212361 2410155 197794
2225787 2410815 185028
2221114 2411277 190163
2221204 2411871 190667
2243254 2413092 169838
2227199 2413455 186256
2208302 2414016 205714
2233983 2415369 181386
2128556 2416326 287770
2233262 2416920 183658
2246133 2416986 170853
2247511 2417547 170036
2299300 2417613 118313
2220134 2418768 198634
2244308 2419857 175549
2313266 2420946 107680
2226392 2421144 194752
2300429 2421507 121078
2314594 2421507 106913
2232918 2421837 188919
2235596 2421936 186340
2233595 2422299 188704
2315284 2422464 107180
2245250 2422596 177346
2211926 2422827 210901
2123065 2423058 299993
2232125 2423586 191461
2390089 2424147 34058
2403249 2424708 21459
2127055 2425236 298181
2278715 2425896 147181
2280725 2427018 146293
2273921 2427282 153361
2281963 2427579 145616
2275111 2427810 152699
2384384 2428041 43657
2388377 2428140 39763
2307896 2428932 121036
2246609 2429163 182554
2405838 2429691 23853
2279335 2430120 150785
2414368 2430219 15851
2421315 2430747 9432
2396622 2431473 34851
2421555 2431671 10116
2423553 2432430 8877
2129114 2432496 303382
2405745 2432925 27180
2132796 2433024 300228
2410997 2433354 22357
2428879 2434839 5960
2278923 2436027 157104
2245221 2437446 192225
2293450 2437776 144326
2374014 2438073 64059
2226834 2439063 212229
2262791 2439393 176602
2234608 2439624 205016
2146526 2439756 293230
2275280 2441010 165730
2246542 2441043 194501
2278249 2441472 163223
2223042 2442132 219090
2328096 2444046 115950
2328576 2444607 116031
2250097 2445168 195071
2335269 2445168 109899
2123462 2445399 321937
2341132 2445762 104630
2402963 2445861 42898
2252660 2446290 193630
2345914 2446554 100640
2277284 2446983 169699
2302051 2447049 144998
2283878 2447379 163501
2303321 2447643 144322
2285048 2447973 162925
2149262 2448204 298942
2289979 2449326 159347
2293407 2449920 156513
2295333 2450811 155478
2284705 2451273 166568
2255204 2451801 196597
2228758 2451900 223142
2301036 2451900 150864
2327864 2452461 124597
2435856 2453088 17232
2410983 2455464 44481
2431724 2456388 24664
2154587 2456454 301867
2154887 2457015 302128
2439931 2457906 17975
2248766 2458104 209338
2440033 2458500 18467
2254699 2458665 203966
2294515 2458929 164414
2306753 2459523 152770
2265213 2459820 194607
2265459 2461470 196011
2242414 2462625 220211
2160827 2463153 302326
2286892 2463384 176492
2242895 2463615 220720
2255876 2463714 207838
2289659 2463978 174319
2177746 2464275 286529
2297496 2464836 167340
2325132 2464902 139770
2297980 2465331 167351
2304081 2465859 161778
2355578 2468136 112558
2286483 2469291 182808
2138385 2469522 331137
2448459 2469819 21360
2432897 2470050 37153
2313409 2470380 156971
2441320 2470545 29225
2173841 2471568 297727
2355577 2471733 116156
2318627 2473317 154690
2321822 2474406 152584
2329775 2474967 145192
2268282 2475363 207081
2344766 2475561 130795
2285576 2475957 190381
2309125 2476056 166931
2465863 2476551 10688
2309386 2476650 167264
2346321 2477013 130692
2362571 2477541 114970
2318920 2478069 159149
2296127 2478498 182371
2472714 2478663 5949
2434054 2479455 45401
2195218 2479884 284666
2205751 2480973 275222
2450461 2481303 30842
2268554 2481567 213013
2454960 2481864 26904
2476401 2482359 5958
2269277 2482425 213148
2457564 2482920 25356
2290735 2483580 192845
2307363 2485989 178626
2310958 2486550 175592
2446599 2487078 40479
2271221 2487210 215989
2313212 2487969 174757
2364404 2488926 124522
2216564 2489124 272560
2368234 2489586 121352
2329005 2489685 160680
2312906 2491335 178429
2314055 2493150 179095
2347896 2493381 145485
2268359 2493678 225319
2201924 2494041 292117
2455969 2495064 39095
2353726 2497341 143615
2358047 2498991 140944
2351989 2499288 147299
2304660 2499816 195156
2370961 2500410 129449
2390910 2500476 109566
2331840 2500674 168834
2391881 2501004 109123
2398196 2502060 103864
2447882 2503446 55564
2211651 2504502 292851
2212618 2505063 292445
2462598 2505558 42960
2462951 2506152 43201
2341436 2506812 165376
2346700 2507967 161267
2349357 2508528 159171
2354304 2509683 155379
2328450 2509980 181530
2327406 2510541 183135
2328594 2511102 182508
2337283 2511168 173885
2330779 2511399 180620
2291100 2511795 220695
2230391 2512323 281932
2331115 2515788 184673
2495438 2517273 21835
2400402 2517504 117102
2344254 2517669 173415
2356560 2518032 161472
2357616 2518494 160878
2461159 2519055 57896
2363655 2519121 155466
2475477 2519616 44139
2206471 2519649 313178
2217486 2520144 302658
2231265 2520210 288945
2373740 2521332 147592
2382835 2521926 139091
2384576 2522487 137911
2386505 2523081 136576
2371864 2523279 151415
2386644 2523675 137031
2372694 2523840 151146
2315194 2523906 208712
2219116 2527470 308354
2219126 2528064 308938
2241053 2528493 287440
2303955 2529681 225726
2489260 2530407 41147
2492222 2530968 38746
2497756 2532321 34565
2500903 2532981 32078
2339832 2533476 193644
2346110 2534037 187927
2354165 2534103 179938
2301117 2534598 233481
2307636 2535159 227523
2354405 2535390 180985
2252080 2535654 283574
2364505 2535984 171479
2286154 2536710 250556
2350555 2537040 186485
2286876 2537271 250395
2389902 2538228 148326
2414158 2540175 126017
2419338 2540802 121464
2348070 2541165 193095
2503891 2542452 38561
2514923 2543013 28090
2406186 2543112 136926
2359773 2543508 183735
2370333 2544069 173736
2312331 2547303 234972
2497600 2547501 49901
2476360 2548029 71669
2481822 2548029 66207
2417295 2548062 130767
2406479 2548359 141880
2419961 2548392 128431
2394851 2550240 155389
2481495 2551461 69966
2532428 2552385 19957
2243952 2552550 308598
2271218 2552979 281761
2503655 2553342 49687
2326234 2553540 227306
2503960 2553936 49976
2502125 2554233 52108
2504316 2554497 50181
2343335 2555058 211723
2400911 2556180 155269
2351873 2556378 204505
2381900 2557467 175567
2302094 2559150 257056
2349073 2559414 210341
2398299 2559975 161676
2371742 2561064 189322
2375121 2561625 186504
2412102 2561988 149886
2395496 2563341 167845
2430328 2563506 133178
2438485 2564595 126110
2390871 2565519 174648
2393845 2566113 172268
2456149 2566509 110360
2497347 2566542 69195
2390138 2567037 176899
2293588 2567103 273515
2502244 2567565 65321
2509882 2567631 57749
2431666 2569875 138209
2438177 2570436 132259
2411280 2571294 160014
2539661 2571525 31864
2317721 2571855 254134
2429319 2571921 142602
2418327 2572053 153726
2316988 2572185 255197
2437306 2572449 135143
2556923 2572548 15625
2558817 2573076 14259
2450192 2573505 123313
2307468 2575452 267984
2309544 2575914 266370
2315136 2577069 261933
2356440 2577597 221157
2532749 2577729 44980
2383505 2578158 194653
2369694 2578158 208464
2372630 2578752 206122
2534935 2579049 44114
2426022 2579511 153489
2538108 2579643 41535
2427095 2580072 152977
2546869 2580435 33566
2428901 2580600 151699
2551795 2581095 29300
2440137 2581161 141024
2356166 2581260 225094
2410644 2581458 170814
2553282 2581722 28440
2413638 2583372 169734
2415990 2583966 167976
2322725 2584296 261571
2458599 2587530 128931
2462778 2588124 125346
2422159 2589510 167351
2441143 2590071 148928
2454253 2590566 136313
2313259 2590632 277373
2531880 2592183 60303
2337707 2592711 255004
2443823 2593338 149515
2450469 2594460 143991
2450856 2595021 144165
2439729 2595285 155556
2525906 2595285 69379
2462099 2595615 133516
2516349 2599476 83127
2319624 2600433 280809
2379895 2602710 222815
2447708 2602908 155200
2449953 2603502 153549
2443709 2605449 161740
2343682 2607165 263483
2379777 2607627 227850
2460885 2607990 147105
2465918 2609343 143425
2466366 2613501 147135
2456351 2615052 158701
2563449 2615613 52164
2575016 2616240 41224
2589240 2616273 27033
2463714 2617329 153615
2361556 2617824 256268
2467286 2617923 150637
2454628 2619276 164648
2469668 2619309 149641
2456201 2619804 163603
2474840 2619870 145030
2376434 2619903 243469
2360538 2620530 259992
2382411 2620893 238482
2462356 2629473 167117
2489898 2630034 140136
2484084 2641320 157236
