1498 7821 6323
1425 13695 12270
2670 17193 14523
1959 20064 18105
7190 20625 13435
14825 22902 8077
17349 23694 6345
2869 26070 23201
5677 28182 22505
6698 32208 25510
2914 32241 29327
8111 33231 25120
10444 33297 22853
19796 35772 15976
6607 37290 30683
17871 37719 19848
1495 38379 36884
4275 38808 34533
27817 38808 10991
21771 39336 17565
23594 39897 16303
15609 41316 25707
6643 41877 35234
13780 43296 29516
19768 44352 24584
32766 44616 11850
16256 46827 30571
24345 47058 22713
26918 47850 20932
14658 50193 35535
45311 51414 6103
36894 55176 18282
40290 55737 15447
40653 56298 15645
23684 61314 37630
26965 61908 34943
27073 62337 35264
31302 63228 31926
40090 63558 23468
41081 63756 22675
44962 63789 18827
46723 64086 17363
33746 66198 32452
33225 67287 34062
28897 67848 38951
29257 68409 39152
46098 69531 23433
49800 70059 20259
49904 70818 20914
57285 72798 15513
32945 74052 41107
42511 80190 37679
74718 81048 6330
53461 81114 27653
48814 81378 32564
49296 81444 32148
56842 83787 26945
67300 86064 18764
44494 86724 42230
64638 87252 22614
77937 88275 10338
72015 89298 17283
74148 89826 15678
65889 92895 27006
86945 93357 6412
45989 95304 49315
66046 95370 29324
72903 96426 23523
64748 98076 33328
75013 99099 24086
94040 99990 5950
94254 100584 6330
67554 105237 37683
65448 105765 40317
68594 107184 38590
69529 107745 38216
80043 108801 28758
82847 109362 26515
82545 109560 27015
85078 110253 25175
73728 111243 37515
55551 111804 56253
59380 112398 53018
79028 112959 33931
88121 113322 25201
98138 113520 15382
95187 113850 18663
98291 114279 15988
74952 115302 40350
96886 116061 19175
97032 116754 19722
74275 118833 44558
111814 118833 7019
88736 119361 30625
105988 121737 15749
111970 124179 12209
108751 127182 18431
112076 127743 15667
109699 128238 18539
120931 128271 7340
83932 129228 45296
98850 130185 31335
99197 130680 31483
124339 131604 7265
107215 133155 25940
105791 133617 27826
122499 134244 11745
101620 135168 33548
102462 135201 32739
107458 137313 29855
99281 138798 39517
127306 141174 13868
123506 141867 18361
101642 143319 41677
110806 143352 32546
105884 146190 40306
111487 146619 35132
140733 148005 7272
125735 151173 25438
122361 152196 29835
118972 152724 33752
123139 153318 30179
126645 153747 27102
133221 153846 20625
129773 154341 24568
117509 157311 39802
127849 158235 30386
117451 159225 41774
137925 159258 21333
148177 159324 11147
146447 160347 13900
133006 161535 28529
123485 163284 39799
153525 164340 10815
151279 164637 13358
158698 164670 5972
144395 164736 20341
134965 167376 32411
161925 167871 5946
143486 167937 24451
152103 168993 16890
157660 170016 12356
138366 170082 31716
140021 170742 30721
163633 172755 9122
167522 173481 5959
163626 175164 11538
169629 175593 5964
152000 176187 24187
164308 176946 12638
135347 177243 41896
146796 177771 30975
141272 178200 36928
145858 181302 35444
158704 181830 23126
147427 182391 34964
155493 182820 27327
136162 183249 47087
162094 183513 21419
145479 183810 38331
159643 183909 24266
161244 184437 23193
136768 187308 50540
153853 187341 33488
167209 188067 20858
176237 188628 12391
168180 188727 20547
179008 189156 10148
184065 190014 5949
172537 190377 17840
178643 190707 12064
156176 194205 38029
179290 195096 15806
179603 195690 16087
181803 197340 15537
159879 200211 40332
180004 200244 20240
168200 205293 37093
171365 209022 37657
173053 210804 37751
190868 211827 20959
193017 211893 18876
196959 213444 16485
198942 215391 16449
202767 216447 13680
191870 217371 25501
207582 218460 10878
198285 218526 20241
183589 218658 35069
191531 219219 27688
198787 220737 21950
202230 221265 19035
204242 223179 18937
181659 223707 42048
209610 224235 14625
187878 225225 37347
218966 225621 6655
193507 225753 32246
213149 227172 14023
222890 229218 6328
206829 230439 23610
214243 230835 16592
192524 230868 38344
192086 231231 39145
221981 231363 9382
195308 231429 36121
199273 231759 32486
208203 232353 24150
204806 233772 28966
204962 234795 29833
216205 234960 18755
214771 235323 20552
185193 235587 50394
191862 236016 44154
217671 236742 19071
198339 239877 41538
207469 240438 32969
226576 240966 14390
224454 241329 16875
227734 241890 14156
191519 242187 50668
204819 242748 37929
210948 243111 32163
237077 246444 9367
223585 247698 24113
227545 248259 20714
242921 248886 5965
193677 249117 55440
242791 249117 6326
202347 249711 47364
208762 250371 41609
206871 250932 44061
224990 251196 26206
240216 252285 12069
238146 253737 15591
219287 255222 35935
233914 255783 21869
230343 257301 26958
231318 257565 26247
213503 259314 45811
245949 260634 14685
244146 260733 16587
247871 261162 13291
247331 261855 14524
250947 262284 11337
252685 262383 9698
235795 263307 27512
244001 264792 20791
214807 266211 51404
252373 266409 14036
242634 266739 24105
253530 266970 13440
261534 267861 6327
256700 270435 13735
253323 272250 18927
266288 272910 6622
248466 273768 25302
261731 275187 13456
270667 276639 5972
246874 277299 30425
247416 277761 30345
263087 278223 15136
237492 278256 40764
221116 279246 58130
229142 279774 50632
238191 279873 41682
228915 280929 52014
247443 280995 33552
244069 281325 37256
249856 281556 31700
247397 281886 34489
246399 283305 36906
241381 283371 41990
262952 284625 21673
249063 285021 35958
265257 285153 19896
253887 285582 31695
272992 285846 12854
267030 286242 19212
273883 286407 12524
255875 286803 30928
278447 287034 8587
281620 287727 6107
256944 287826 30882
266447 289146 22699
281953 292809 10856
265865 295713 29848
258248 297099 38851
287404 302247 14843
247173 303237 56064
260301 303798 43497
263327 304425 41098
278237 304920 26683
256298 305316 49018
269015 305844 36829
269940 306405 36465
286953 307824 20871
272739 308055 35316
266329 311850 45521
281176 312411 31235
294136 312807 18671
269041 314523 45482
289730 315117 25387
301819 316206 14387
307397 317922 10525
308320 318450 10130
286078 321090 35012
288661 321783 33122
275486 322344 46858
314229 323730 9501
318344 324654 6310
285857 325314 39457
305000 325710 20710
282135 327228 45093
291051 327756 36705
305195 329307 24112
308299 329736 21437
291687 330792 39105
298688 331848 33160
323026 332739 9713
299009 332937 33928
305696 335313 29617
293809 335874 42065
319237 336798 17561
325924 337326 11402
325040 339669 14629
334328 340296 5968
316254 341946 25692
322909 343167 20258
338011 343959 5948
329663 344223 14560
310212 345246 35034
327940 345642 17702
309839 346302 36463
308559 346830 38271
324048 347193 23145
324831 347787 22956
326770 348876 22106
312860 349767 36907
332183 350460 18277
294134 351219 57085
339677 351780 12103
326455 353298 26843
329600 353826 24226
316221 355410 39189
331405 356070 24665
342312 356466 14154
334517 356631 22114
336051 357159 21108
310067 358512 48445
325097 359304 34207
343756 360789 17033
349886 361911 12025
326544 362208 35664
332611 363099 30488
357917 363858 5941
341466 364188 22722
357971 364353 6382
359063 365013 5950
344888 365277 20389
345181 365376 20195
340450 367158 26708
347735 368214 20479
350441 369534 19093
365978 372405 6427
367003 372966 5963
344671 373725 29054
351979 374220 22241
348935 375243 26308
356057 377322 21265
336675 378246 41571
350581 379302 28721
350886 379830 28944
374036 379995 5959
371531 380721 9190
375049 381018 5969
375436 381744 6308
376267 382239 5972
340122 382833 42711
377653 383625 5972
360604 383691 23087
344119 386199 42080
380183 386529 6346
355773 386760 30987
349205 387354 38149
346789 387882 41093
382516 388476 5960
376077 389235 13158
376521 391182 14661
352688 391710 39022
371624 392238 20614
372603 392832 20229
371726 394482 22756
385100 396297 11197
352281 397815 45534
378258 398277 20019
369814 399234 29420
359944 399267 39323
361119 401313 40194
379068 401841 22773
362509 402237 39728
374696 402765 28069
378123 403293 25170
382360 403821 21461
397911 406494 8583
363543 407319 43776
378952 407847 28895
385364 409332 23968
395799 409893 14094
383593 410190 26597
403772 410454 6682
381847 411114 29267
391629 415173 23544
374280 415701 41421
382948 416724 33776
400281 416823 16542
377529 417219 39690
393074 417318 24244
407106 417351 10245
394390 417747 23357
412996 418968 5972
412308 422169 9861
394545 425733 31188
397956 426888 28932
399150 427284 28134
417041 428736 11695
410388 429165 18777
420869 429429 8560
396340 431310 34970
390082 431871 41789
404054 432465 28411
407504 432498 24994
418653 432795 14142
425559 433290 7731
406593 434214 27621
383058 435303 52245
398934 435732 36798
419703 437382 17679
419803 438009 18206
396824 440187 43363
402292 441243 38951
420006 441969 21963
411006 442200 31194
417040 444972 27932
433820 446787 12967
417261 447249 29988
436802 447315 10513
428509 449328 20819
429814 449823 20009
409193 451308 42115
426386 451836 25450
430974 451902 20928
444641 453849 9208
423749 454806 31057
414757 455829 41072
420766 456423 35657
441405 457347 15942
429036 458073 29037
452192 458172 5980
434583 461274 26691
453808 462891 9083
438414 463155 24741
442696 463716 21020
433766 464211 30445
458566 464508 5942
441130 464739 23609
418241 465102 46861
437356 465663 28307
459583 466092 6509
446709 466323 19614
436422 466686 30264
440842 469722 28880
428312 470745 42433
440927 471306 30379
438829 473319 34490
444923 473847 28924
452992 474969 21977
424215 475299 51084
441413 475563 34150
433679 475827 42148
444769 475893 31124
466087 477873 11786
445589 479325 33736
449075 482064 32989
476886 482856 5970
475978 486981 11003
453186 487179 33993
466717 487707 20990
454529 487773 33244
457647 488334 30687
461360 489093 27733
445841 489225 43384
469824 491172 21348
453194 493284 40090
453411 493845 40434
457524 494406 36882
474798 494604 19806
457976 494835 36859
462233 495363 33130
476308 497838 21530
474543 498300 23757
469285 499290 30005
475793 499818 24025
482222 500082 17860
489000 501270 12270
489150 501864 12714
492968 502392 9424
457977 503316 45339
486394 505890 19496
471981 506187 34206
491433 506418 14985
469984 508233 38249
491754 509355 17601
495105 511038 15933
485370 511731 26361
472768 513183 40415
506968 513282 6314
471042 513744 42702
478919 514173 35254
476251 517308 41057
477601 517836 40235
501279 518232 16953
507545 518793 11248
476049 518826 42777
478488 519222 40734
493254 519387 26133
514823 520773 5950
495432 521829 26397
494986 522918 27932
470518 523413 52895
504190 523842 19652
501498 523875 22377
517208 524271 7063
514272 524634 10362
478694 526515 47821
497664 527307 29643
503491 527835 24344
507674 527901 20227
514749 528990 14241
507248 529320 22072
493623 530211 36588
524656 530607 5951
494085 530772 36687
484896 531861 46965
476939 532389 55450
516178 533940 17762
529008 534963 5955
521751 535722 13971
524838 536712 11874
497062 537240 40178
511101 537669 26568
507425 538329 30904
518092 539814 21722
527796 540375 12579
534531 541068 6537
516231 542223 25992
504078 542751 38673
540240 546183 5943
518143 546810 28667
500483 547338 46855
515988 547932 31944
524340 548064 23724
531222 548625 17403
517857 548988 31131
543071 549417 6346
531390 549813 18423
537757 550341 12584
516801 551298 34497
530207 551925 21718
540841 554466 13625
515264 555093 39829
550599 556908 6309
537980 557370 19390
515690 560208 44518
547968 563739 15771
542257 565290 23033
543871 565851 21980
534054 566742 32688
534391 567831 33440
539728 567963 28235
544651 568986 24335
536388 569184 32796
551916 569514 17598
553014 569844 16830
548960 571296 22336
561942 571956 10014
556551 572748 16197
525093 574827 49734
525791 575355 49564
558858 576477 17619
571925 577896 5971
536150 578061 41911
541266 579612 38346
574283 581889 7606
572396 583176 10780
559406 583704 24298
577705 584298 6593
537147 585090 47943
545615 586377 40762
562148 587169 25021
575305 587730 12425
553617 589314 35697
573802 590238 16436
546031 590403 44372
561200 591228 30028
575694 592317 16623
578743 593175 14432
560240 593736 33496
559972 595287 35315
562307 595353 33046
562545 595914 33369
572075 596970 24895
587708 597663 9955
569031 598818 29787
590089 598851 8762
575594 599346 23752
585014 600600 15586
577931 602052 24121
582243 602646 20403
582846 603108 20262
596130 605286 9156
590272 605352 15080
600625 606573 5948
584062 607167 23105
550134 607695 57561
583725 608718 24993
586465 609246 22781
578510 613305 34795
607145 613602 6457
603358 614229 10871
589821 614394 24573
585927 614823 28896
586516 615516 29000
610441 616407 5966
595117 617298 22181
586151 617727 31576
585094 618354 33260
588904 618816 29912
589910 619410 29500
591814 620631 28817
597457 621159 23702
588049 623304 35255
591211 623403 32192
600191 625317 25126
585501 626208 40707
608261 626439 18178
587924 626769 38845
617917 626967 9050
591925 627330 35405
610605 627660 17055
611812 628815 17003
618694 629277 10583
625467 631422 5955
625628 631917 6289
626801 632742 5941
578932 633237 54305
606348 633435 27087
594882 633798 38916
613659 634029 20370
591686 634326 42640
609941 635184 25243
568767 637296 68529
624958 638220 13262
611208 638814 27606
588613 639243 50630
599168 639309 40141
614166 639507 25341
617451 641652 24201
601897 642048 40151
636552 642510 5958
615531 643302 27771
635069 644622 9553
634923 644721 9798
640561 646503 5942
597561 647328 49767
605657 647889 42232
632319 648813 16494
623565 650199 26634
630965 650727 19762
597964 651156 53192
631045 655182 24137
637355 655743 18388
600338 656205 55867
639011 656238 17227
627000 656271 29271
641518 656766 15248
637283 656832 19549
633091 657228 24137
639623 657855 18232
612303 661155 48852
642215 667293 25078
650355 668052 17697
648342 668745 20403
660735 669174 8439
656327 669273 12946
663090 669834 6744
646364 671319 24955
664455 673893 9438
667802 674916 7114
658851 675675 16824
661309 676203 14894
661076 677358 16282
671800 678975 7175
656876 679074 22198
640540 681219 40679
642469 681747 39278
668299 684288 15989
663400 685311 21911
658736 685971 27235
666274 686268 19994
667607 686796 19189
647372 687225 39853
671814 687324 15510
656639 687753 31114
672784 687885 15101
664162 688314 24152
683075 689040 5965
653028 689304 36276
667448 689832 22384
679187 692076 12889
670088 693264 23176
672248 693825 21577
654829 694485 39656
662465 694815 32350
686716 695673 8957
665498 695805 30307
686740 698445 11705
696221 702537 6316
665323 703692 38369
667968 704748 36780
681574 704781 23207
661820 705243 43423
681940 705309 23369
684990 705342 20352
683030 705903 22873
691599 706497 14898
658796 706761 47965
697505 708279 10774
677183 709830 32647
693616 710226 16610
693130 710292 17162
666133 710820 44687
663092 711249 48157
667952 711315 43363
683160 711381 28221
671001 712404 41403
681972 712932 30960
677156 714318 37162
709321 715275 5954
682909 715440 32531
692077 715836 23759
702580 716067 13487
707943 717816 9873
710286 718344 8058
674278 718509 44231
683459 719301 35842
711296 721083 9787
679811 722205 42394
706528 723096 16568
691191 723360 32169
711237 723657 12420
678191 723888 45697
680100 724317 44217
679940 725010 45070
684286 727155 42869
721605 727551 5946
679195 728211 49016
695347 728277 32930
695627 729234 33607
723295 729267 5972
680428 729663 49235
716885 732336 15451
726875 732831 5956
716549 733689 17140
694382 735240 40858
722214 735834 13620
687352 737319 49967
731681 737649 5968
695242 737781 42539
706045 738342 32297
715518 739827 24309
734975 740916 5941
732231 741279 9048
718272 743325 25053
697908 743358 45450
711599 746196 34597
715775 747186 31411
725600 747582 21982
731150 749331 18181
731240 749925 18685
745191 751146 5955
723545 751179 27634
716740 752202 35462
719267 752730 33463
730166 753225 23059
714297 753654 39357
735323 755172 19849
738020 755733 17713
741322 756756 15434
715890 757284 41394
742277 757284 15007
717081 757812 40731
743090 758274 15184
716583 759231 42648
745138 759363 14225
732092 759759 27667
749490 759924 10434
726345 761310 34965
755461 761409 5948
742813 761838 19025
727456 762795 35339
744996 763323 18327
739635 764412 24777
746092 764643 18551
732408 765270 32862
758029 765699 7670
747715 765831 18116
748258 766392 18134
749775 766953 17178
726233 767316 41083
742940 767382 24442
744001 768471 24470
755585 769923 14338
748094 770022 21928
741975 771639 29664
769123 775071 5948
739539 775698 36159
770571 776523 5952
729433 776754 47321
770861 777018 6157
740037 777117 37080
760977 777282 16305
761918 777777 15859
744604 779097 34493
744688 779922 35234
770429 781704 11275
775181 782199 7018
750816 782727 31911
755146 783783 28637
761365 785301 23936
745293 786357 41064
751312 786852 35540
753356 787314 33958
763241 788073 24832
759069 788403 29334
769954 788733 18779
773887 789261 15374
773335 789723 16388
758684 791076 32392
762847 791307 28460
785644 791604 5960
770627 792627 22000
774521 793749 19228
750624 794079 43455
758057 794772 36715
768088 795102 27014
744173 795201 51028
771308 795663 24355
784198 797247 13049
752331 799689 47358
780608 799722 19114
779544 800712 21168
770266 801240 30974
782915 801735 18820
787855 805695 17840
789686 806223 16537
792844 806784 13940
746925 807246 60321
786830 809325 22495
775700 809787 34087
771251 811305 40054
776408 811866 35458
793277 811932 18655
782295 813219 30924
779041 815298 36257
794125 815859 21734
797265 817212 19947
804523 817344 12821
796711 818070 21359
796824 820446 23622
803713 820809 17096
812535 821370 8835
801339 821568 20229
798982 823713 24731
818077 824406 6329
809144 824736 15592
779915 825231 45316
799001 825297 26296
782108 825726 43618
810393 827178 16785
810712 827772 17060
784946 829719 44773
811630 829719 18089
827695 833646 5951
795371 833745 38374
787155 834174 47019
812636 835296 22660
816194 835824 19630
818790 837870 19080
832138 838464 6326
824605 839322 14717
825908 839949 14041
827257 840444 13187
817342 842193 24851
807062 843117 36055
819957 844206 24249
834592 844734 10142
821816 845361 23545
840001 845955 5954
836786 846450 9664
829224 847176 17952
797872 847704 49832
805416 848793 43377
815058 849222 34164
832349 849882 17533
822211 853842 31631
837612 854238 16626
810974 854436 43462
839452 854799 15347
846271 855327 9056
836587 857835 21248
818583 858363 39780
836238 859287 23049
853711 859683 5972
835418 861300 25882
836234 861861 25627
815407 863313 47906
858772 865854 7082
820761 866184 45423
860378 866349 5971
826081 866712 40631
843447 867108 23661
829602 867273 37671
850453 867669 17216
835919 867801 31882
856107 868824 12717
850428 871695 21267
857083 871728 14645
866394 872949 6555
828443 873246 44803
867588 873906 6318
841805 874335 32530
846055 874764 28709
870037 875985 5948
841932 877866 35934
861160 878262 17102
840157 878394 38237
848492 879219 30727
850622 881859 31237
849341 882453 33112
859530 882981 23451
853091 883311 30220
834064 883377 49313
870205 884070 13865
872480 884631 12151
869817 885819 16002
870321 886380 16059
859220 887304 28084
860087 887865 27778
883446 889878 6432
868584 890736 22152
848742 891165 42423
873021 891660 18639
885779 891726 5947
875025 892188 17163
878783 892716 13933
876615 892815 16200
887557 893508 5951
889761 896775 7014
859928 897237 37309
891170 897534 6364
865077 897798 32721
880409 899184 18775
862279 901296 39017
895682 902022 6340
888493 903243 14750
873076 905322 32246
891174 907401 16227
876509 907929 31420
898551 908061 9510
894013 909282 15269
863327 910833 47506
897185 911328 14143
896518 912813 16295
878059 914067 36008
906623 914430 7807
876770 914628 37858
907187 914925 7738
884950 915189 30239
908517 917334 8817
911171 917895 6724
899382 917961 18579
911967 918423 6456
912702 918984 6282
892210 919182 26972
913288 919248 5960
913501 919743 6242
902215 920205 17990
903457 920733 17276
883796 921228 37432
897677 921261 23584
905242 921360 16118
915546 921492 5946
880168 921756 41588
898101 921756 23655
898749 922350 23601
901945 922812 20867
917615 923571 5956
898540 923736 25196
899271 924297 25026
883457 925287 41830
907089 925716 18627
887654 925848 38194
900279 926409 26130
889373 926838 37465
893498 927234 33736
896479 927399 30920
896944 927795 30851
903432 928422 24990
892864 928917 36053
866823 929313 62490
900268 930270 30002
905151 930798 25647
918136 932745 14609
922237 933273 11036
926770 933801 7031
898681 935319 36638
908601 935847 27246
904713 938190 33477
896896 938652 41756
901237 939180 37943
933517 939477 5960
911841 939708 27867
899704 939807 40103
933842 939807 5965
916880 940236 23356
920787 940731 19944
922524 940830 18306
927009 941292 14283
924344 941358 17014
913388 943767 30379
917620 944295 26675
920521 944823 24302
907334 945219 37885
925051 945351 20300
929293 947166 17873
931047 947727 16680
903627 949179 45552
911888 949740 37852
928250 950268 22018
924267 951258 26991
913263 953733 40470
932571 955284 22713
939794 956736 16942
926730 959310 32580
940601 960795 20194
922423 962214 39791
943483 964788 21305
947728 964821 17093
943776 965349 21573
927582 967164 39582
916620 967692 51072
944446 968253 23807
952945 968781 15836
945401 971190 25789
967571 973533 5962
956893 973698 16805
927423 973731 46308
930829 974391 43562
936437 974820 38383
951156 975249 24093
931130 975447 44317
928955 975909 46954
955054 977328 22274
942255 977790 35535
940118 978285 38167
944949 978747 33798
961641 979803 18162
968670 980067 11397
945715 980331 34616
967715 982806 15091
962292 985347 23055
976251 986436 10185
962216 987096 24880
970695 987657 16962
974944 988185 13241
973810 991716 17906
976292 992772 16480
978597 992805 14208
947505 993234 45729
968904 995181 26277
971222 995742 24520
942419 997293 54874
991301 997623 6322
954049 997854 43805
949795 999240 49445
953145 999273 46128
958794 1000329 41535
963982 1000857 36875
974049 1001187 27138
971658 1001418 29760
976082 1001847 25765
977987 1003299 25312
983996 1003827 19831
981980 1004058 22078
983111 1004652 21541
984138 1005180 21042
976227 1006830 30603
974808 1007886 33078
976993 1007952 30959
970109 1010196 40087
973419 1010757 37338
973786 1011351 37565
1006686 1012638 5952
995816 1013364 17548
978461 1016202 37741
979062 1016796 37734
1011144 1017093 5949
978719 1017918 39199
1000842 1018512 17670
1003665 1019172 15507
1007113 1020261 13148
993988 1021284 27296
995077 1021845 26768
976498 1022274 45776
998134 1022736 24602
1012427 1022835 10408
998908 1023264 24356
1004608 1024320 19712
1013295 1024815 11520
998773 1025310 26537
998305 1025772 27467
989341 1027290 37949
993821 1027818 33997
1008339 1027884 19545
994403 1030821 36418
1015537 1031877 16340
1028644 1034616 5972
1017872 1035672 17800
1022938 1036200 13262
1023626 1036761 13135
1028976 1038444 9468
1020189 1039731 19542
1009244 1040160 30916
1024033 1040820 16787
1000980 1041249 40269
1002411 1041810 39399
1035639 1041942 6303
1011718 1042404 30686
1025494 1045308 19814
1026191 1045704 19513
1013913 1045770 31857
1039687 1046001 6314
1028792 1046430 17638
1006292 1047222 40930
1009192 1047750 38558
1027135 1048344 21209
1020603 1048872 28269
1012962 1051314 38352
1024737 1052007 27270
1036799 1052436 15637
1029108 1052502 23394
1032439 1052733 20294
1045347 1054317 8970
1031140 1055307 24167
1039150 1056792 17642
1033850 1056990 23140
1032942 1057518 24576
1019653 1058211 38558
1024224 1058739 34515
1019822 1059300 39478
1015003 1059696 44693
1049327 1060224 10897
1050109 1060752 10643
1040892 1060818 19926
1055537 1061478 5941
1055859 1061973 6114
1043113 1063062 19949
1058526 1064481 5955
1062228 1068177 5949
1057120 1068276 11156
1061892 1068837 6945
1039474 1069860 30386
1063674 1069992 6318
1044254 1070421 26167
1021219 1071246 50027
1063241 1073127 9886
1037666 1073193 35527
1034688 1073721 39033
1027076 1075305 48229
1028730 1075833 47103
1066707 1077186 10479
1054200 1077285 23085
1068288 1077714 9426
1060547 1080090 19543
1074827 1080783 5956
1056773 1082499 25726
1053000 1082763 29763
1070426 1084776 14350
1068195 1084809 16614
1069599 1085370 15771
1072261 1085931 13670
1042363 1087713 45350
1059950 1088274 28324
1070116 1088835 18719
1079840 1088901 9061
1060132 1089099 28967
1044874 1089759 44885
1065182 1089924 24742
1063606 1093851 30245
1069878 1094412 24534
1068105 1095237 27132
1072449 1095765 23316
1077213 1097316 20103
1078962 1097745 18783
1082501 1098405 15904
1053753 1099032 45279
1077335 1100055 22720
1084246 1100748 16502
1085695 1101276 15581
1096271 1102233 5962
1090445 1102266 11821
1098005 1103949 5944
1068098 1106193 38095
1088189 1111077 22888
1105105 1111572 6467
1073051 1113090 40039
1071130 1113750 42620
1090687 1114344 23657
1082828 1114740 31912
1089533 1115301 25768
1097289 1117710 20421
1090403 1122792 32389
1100680 1123353 22673
1101777 1124409 22632
1107418 1124640 17222
1116920 1126356 9436
1105772 1130052 24280
1107141 1130481 23340
1099300 1130514 31214
1100577 1130613 30036
1110461 1131009 20548
1104043 1131108 27065
1105590 1131108 25518
1104963 1131669 26706
1116546 1131801 15255
1116758 1132560 15802
1121323 1132725 11402
1119803 1132824 13021
1119846 1133220 13374
1126857 1133418 6561
1096348 1136190 39842
1100262 1136718 36456
1115734 1136817 21083
1131129 1137081 5952
1098056 1137246 39190
1102462 1138368 35906
1117919 1141833 23914
1110875 1142229 31354
1121428 1142229 20801
1100906 1142724 41818
1121873 1142823 20950
1105976 1143747 37771
1106399 1143879 37480
1102884 1145298 42414
1108772 1145826 37054
1122324 1146816 24492
1122922 1147872 24950
1120789 1148037 27248
1124110 1148961 24851
1127126 1149159 22033
1133426 1150248 16822
1116866 1151304 34438
1130819 1151370 20551
1143592 1152789 9197
1144875 1153482 8607
1124782 1154208 29426
1133479 1154637 21158
1130569 1155693 25124
1144957 1159158 14201
1153912 1159884 5972
1142162 1160214 18052
1153531 1160280 6749
1155216 1161534 6318
1129866 1162161 32295
1156264 1162227 5963
1134814 1162689 27875
1129236 1165296 36060
1154421 1165362 10941
1124576 1165824 41248
1126758 1166187 39429
1145831 1166781 20950
1119411 1167243 47832
1152782 1167870 15088
1155712 1168662 12950
1132433 1171302 38869
1160640 1172622 11982
1154579 1172754 18175
1162867 1173282 10415
1141417 1175097 33680
1148079 1175328 27249
1149992 1175658 25666
1165477 1177341 11864
1142496 1178067 35571
1151742 1179354 27612
1158977 1179882 20905
1148531 1180377 31846
1164100 1181334 17234
1156042 1183182 27140
1163343 1183710 20367
1162316 1183743 21427
1175641 1184403 8762
1135895 1185228 49333
1141940 1185822 43882
1156202 1186218 30016
1148725 1186713 37988
1164108 1187175 23067
1178562 1189353 10791
1167673 1190805 23132
1161538 1191234 29696
1169965 1191333 21368
1165679 1192356 26677
1171157 1192917 21760
1162996 1193313 30317
1163142 1193841 30699
1188170 1194138 5968
1189903 1195854 5951
1170472 1196052 25580
1187074 1197273 10199
1188299 1197834 9535
1190919 1198758 7839
1173426 1200045 26619
1166893 1202190 35297
1175569 1202718 27149
1181633 1203114 21481
1192002 1207734 15732
1202017 1207965 5948
1165640 1208196 42556
1176635 1208229 31594
1164825 1209219 44394
1180864 1209747 28883
1181082 1210737 29655
1182061 1211331 29270
1156554 1213179 56625
1176124 1213839 37715
1156270 1215225 58955
1170645 1215324 44679
1170294 1216446 46152
1190938 1216974 26036
1180703 1217172 36469
1204928 1217568 12640
1189977 1220967 30990
1197867 1221264 23397
1200505 1221693 21188
1213983 1222452 8469
1183304 1222485 39181
1210278 1222650 12372
1205640 1225356 19716
1187593 1226214 38621
1219920 1226247 6327
1191504 1226742 35238
1192886 1227336 34450
1211972 1229943 17971
1194817 1232187 37370
1198849 1232253 33404
1215258 1232847 17589
1205575 1233243 27668
1191211 1233672 42461
1198535 1234233 35698
1228215 1234530 6315
1199395 1234959 35564
1204280 1235520 31240
1196388 1237170 40782
1189886 1239249 49363
1194930 1239315 44385
1205603 1239909 34306
1214550 1241328 26778
1226037 1241493 15456
1220620 1241856 21236
1220342 1242252 21910
1207281 1242813 35532
1226180 1245255 19075
1210364 1247301 36937
1227086 1247334 20248
1231099 1247928 16829
1236037 1249347 13310
1242523 1249875 7352
1208572 1250205 41633
1219914 1250766 30852
1226747 1251624 24877
1246122 1252086 5964
1232530 1253208 20678
1233518 1253901 20383
1215154 1255716 40562
1236296 1256277 19981
1228552 1256640 28088
1214220 1257234 43014
1248249 1257399 9150
1242439 1259181 16742
1246168 1260303 14135
1215963 1261161 45198
1253266 1261359 8093
1218529 1261854 43325
1242980 1262217 19237
1225041 1262448 37407
1231070 1263009 31939
1228697 1263240 34543
1230743 1263306 32563
1234920 1264362 29442
1234982 1265319 30337
1223420 1266804 43384
1236378 1267332 30954
1231935 1268421 36486
1251300 1269147 17847
1243304 1269279 25975
1252946 1269708 16762
1240369 1270830 30461
1258259 1270896 12637
1251942 1272810 20868
1257266 1273338 16072
1259000 1273866 14866
1227130 1274196 47066
1266211 1274493 8282
1245187 1274625 29438
1254412 1275087 20675
1246580 1275252 28672
1249520 1275318 25798
1244541 1275681 31140
1259145 1279179 20034
1257715 1281357 23642
1251161 1281786 30625
1242622 1282215 39593
1278319 1284624 6305
1279426 1285746 6320
1261099 1285812 24713
1269563 1286241 16678
1245711 1286340 40629
1261262 1286901 25639
1271128 1287396 16268
1266215 1289310 23095
1250011 1289640 39629
1254957 1290795 35838
1275945 1291851 15906
1242448 1295316 52868
1247963 1295415 47452
1260732 1296438 35706
1273387 1297329 23942
1279944 1297494 17550
1264461 1298055 33594
1283677 1298418 14741
1288481 1298979 10498
1278437 1299111 20674
1275644 1301355 25711
1277297 1301916 24619
1260068 1304193 44125
1287066 1304259 17193
1262083 1305249 43166
1268414 1305777 37363
1263913 1306305 42392
1292360 1306437 14077
1292541 1307757 15216
1261518 1309308 47790
1289618 1310826 21208
1281349 1311222 29873
1291870 1311387 19517
1304960 1311915 6955
1270751 1313301 42550
1274911 1313829 38918
1307871 1313829 5958
1278004 1314258 36254
1269683 1314819 45136
1295183 1315842 20659
1301872 1316403 14531
1311140 1317096 5956
1300036 1317195 17159
1305073 1317822 12749
1279266 1319307 40041
1289031 1319868 30837
1287612 1320462 32850
1282314 1321023 38709
1315445 1321881 6436
1277391 1322211 44820
1286557 1325346 38789
1289509 1327029 37520
1293221 1328184 34963
1310808 1328382 17574
1274508 1329108 54600
1299516 1329306 29790
1292392 1329867 37475
1299887 1329933 30046
1306011 1330461 24450
1314995 1331187 16192
1295819 1331484 35665
1310705 1331946 21241
1285717 1333101 47384
1289156 1333563 44407
1295078 1334124 39046
1307511 1337325 29814
1319354 1337754 18400
1322649 1338414 15765
1305857 1338810 32953
1282319 1339338 57019
1333823 1339767 5944
1287966 1339932 51966
1313609 1340064 26455
1319339 1340625 21286
1315974 1341252 25278
1296844 1342803 45959
1322449 1343826 21377
1327563 1344816 17253
1329290 1345311 16021
1338825 1345839 7014
1285900 1346070 60170
1299556 1346862 47306
1316398 1347654 31256
1294136 1347687 53551
1329402 1348182 18780
1286874 1348578 61704
1336826 1349271 12445
1320597 1349931 29334
1322254 1350492 28238
1342315 1351086 8771
1324298 1351152 26854
1307421 1352769 45348
1277610 1353231 75621
1301675 1353297 51622
1328502 1353792 25290
1318363 1353858 35495
1319595 1354353 34758
1307691 1354386 46695
1314112 1357158 43046
1331776 1357818 26042
1336034 1359171 23137
1324887 1361184 36297
1332374 1361778 29404
1336328 1362801 26473
1314697 1363824 49127
1339045 1364055 25010
1360990 1366959 5969
1305479 1367322 61843
1339720 1368114 28394
1344072 1369368 25296
1291753 1370193 78440
1340133 1371117 30984
1341736 1371183 29447
1343385 1371678 28293
1347714 1371711 23997
1359244 1373295 14051
1353298 1374450 21152
1368483 1374450 5967
1360287 1375011 14724
1367523 1375671 8148
1368309 1376430 8121
1336976 1377222 40246
1348686 1377750 29064
1312818 1378212 65394
1336658 1381314 44656
1359198 1381875 22677
1358091 1382238 24147
1362127 1382799 20672
1353790 1383228 29438
1369175 1383327 14152
1359163 1385835 26672
1348741 1386264 37523
1348104 1387287 39183
1349863 1387353 37490
1355834 1387353 31519
1358975 1387848 28873
1375777 1388739 12962
1363855 1390818 26963
1350038 1391676 41638
1354947 1391841 36894
1378329 1392402 14073
1353972 1394184 40212
1355448 1394679 39231
1361720 1395240 33520
1343305 1395900 52595
1368442 1396428 27986
1380149 1399695 19546
1381340 1399728 18388
1376032 1400652 24620
1365664 1401246 35582
1383332 1401774 18442
1375849 1403127 27278
1373422 1405173 31751
1381456 1409298 27842
1376538 1409859 33321
1376915 1410816 33901
1398964 1411806 12842
1388696 1412070 23374
1401718 1412631 10913
1404432 1413258 8826
1384826 1414809 29983
1413218 1419528 6310
1401425 1420815 19390
1414978 1420947 5969
1404514 1423719 19205
1392785 1425237 32452
1401006 1425798 24792
1404738 1427184 22446
1404785 1427778 22993
1422360 1428306 5946
1410372 1428867 18495
1381254 1429164 47910
1416002 1429395 13393
1407342 1429857 22515
1390044 1430748 40704
1397413 1431804 34391
1408756 1432365 23609
1412306 1432893 20587
1396834 1433850 37016
1413329 1434444 21115
1414759 1435302 20543
1424285 1438371 14086
1400543 1438833 38290
1414155 1439856 25701
1426019 1439955 13936
1409643 1442199 32556
1403980 1442727 38747
1432153 1444212 12059
1426619 1444806 18187
1426723 1447743 21020
1419311 1448205 28894
1417346 1448733 31387
1434690 1448832 14142
1411908 1449228 37320
1422654 1449855 27201
1425496 1451175 25679
1430326 1451736 21410
1436099 1452264 16165
1431877 1454277 22400
1448385 1454343 5958
1434945 1454838 19893
1425020 1455234 30214
1437025 1455564 18539
1427376 1455795 28419
1431253 1455927 24674
1417968 1455993 38025
1414194 1457313 43119
1434085 1457841 23756
1438114 1458435 20321
1441640 1458996 17356
1411291 1459524 48233
1413604 1459920 46316
1454364 1461702 7338
1424564 1462824 38260
1448983 1464408 15425
1442972 1464936 21964
1459228 1465200 5972
1444939 1465365 20426
1444475 1465464 20989
1455303 1466025 10722
1427110 1467081 39971
1457879 1467081 9202
1452309 1467114 14805
1458367 1469358 10991
1459952 1469919 9967
1444227 1471173 26946
1450298 1472196 21898
1452906 1472295 19389
1451847 1472757 20910
1434077 1473219 39142
1443979 1478730 34751
1473534 1479489 5955
1445498 1479753 34255
1445694 1479852 34158
1453480 1480908 27428
1461370 1481304 19934
1458310 1482294 23984
1456588 1482789 26201
1468497 1484076 15579
1471948 1487310 15362
1460418 1490214 29796
1469055 1490742 21687
1444821 1491303 46482
1481014 1491666 10652
1461940 1496187 34247
1468130 1496220 28090
1490361 1496319 5958
1484107 1496781 12674
1489555 1497969 8414
1494745 1501071 6326
1464246 1501302 37056
1494815 1501599 6784
1467404 1501764 34360
1480297 1502226 21929
1481800 1502424 20624
1473891 1502754 28863
1488893 1504371 15478
1462250 1505856 43606
1481998 1506417 24419
1483220 1506846 23626
1477120 1507308 30188
1467167 1507869 40702
1501910 1507869 5959
1499578 1507902 8324
1467997 1507968 39971
1469730 1508529 38799
1489086 1509255 20169
1504071 1510014 5943
1483638 1510806 27168
1497456 1512819 15363
1472853 1514205 41352
1491108 1514634 23526
1467004 1515294 48290
1512387 1518759 6372
1493189 1519155 25966
1477710 1520211 42501
1485286 1520277 34991
1512188 1520838 8650
1499457 1521102 21645
1499640 1521333 21693
1499968 1523181 23213
1474963 1525293 50330
1505580 1525689 20109
1489258 1525821 36563
1513340 1526217 12877
1516028 1526778 10750
1518415 1527273 8858
1497618 1529319 31701
1493628 1530441 36813
1512309 1530804 18495
1504189 1530969 26780
1505131 1532058 26927
1515815 1532751 16936
1519132 1534203 15071
1502863 1535325 32462
1516695 1537140 20445
1510039 1538658 28619
1513539 1539087 25548
1502199 1539318 37119
1533584 1539549 5965
1523262 1540176 16914
1526105 1541232 15127
1535505 1541958 6453
1516805 1543707 26902
1529683 1544697 15014
1514555 1545093 30538
1519516 1545291 25775
1516411 1545687 29276
1506438 1546347 39909
1522048 1547172 25124
1528200 1547733 19533
1532381 1548261 15880
1536960 1548789 11829
1529610 1550769 21159
1525983 1551231 25248
1530087 1551264 21177
1532792 1551858 19066
1518543 1553871 35328
1526322 1554432 28110
1524479 1554993 30514
1524248 1556082 31834
1541868 1557138 15270
1538622 1557270 18648
1549423 1557633 8210
1545930 1557831 11901
1550312 1558161 7849
1524932 1558821 33889
1527953 1559382 31429
1540719 1560801 20082
1543780 1561329 17549
1548155 1561890 13735
1542464 1562055 19591
1521091 1562715 41624
1535919 1563111 27192
1557190 1563144 5954
1548563 1565355 16792
1554551 1565916 11365
1535179 1568193 33014
1552880 1568226 15346
1560516 1568226 7710
1560585 1568721 8136
1563186 1569150 5964
1563211 1569183 5972
1534819 1569249 34430
1547304 1569315 22011
1551960 1572285 20325
1564902 1572780 7878
1556425 1573176 16751
1540678 1574562 33884
1543709 1575189 31480
1534100 1575222 41122
1547529 1575750 28221
1554249 1577301 23052
1548173 1577730 29557
1530170 1579314 49144
1543735 1579347 35612
1554114 1580073 25959
1570247 1580634 10387
1569893 1581261 11368
1574963 1581822 6859
1547638 1582746 35108
1571951 1588818 16867
1580907 1590501 9594
1581543 1591029 9486
1575459 1591128 15669
1569517 1591161 21644
1582329 1591755 9426
1537437 1593240 55803
1545882 1593669 47787
1570407 1595187 24780
1561373 1597299 35926
1561928 1597728 35800
1565243 1598223 32980
1582375 1598421 16046
1576082 1598784 22702
1555242 1599246 44004
1548555 1599312 50757
1573042 1599873 26831
1572383 1602810 30427
1584858 1604625 19767
1599713 1606374 6661
1600952 1606902 5950
1590595 1608585 17990
1598252 1609377 11125
1573148 1610202 37054
1574026 1610730 36704
1586975 1613370 26395
1606314 1615779 9465
1586108 1616208 30100
1586880 1616241 29361
1608854 1616538 7684
1556317 1617231 60914
1608959 1617231 8272
1580567 1617693 37126
1591662 1618353 26691
1598689 1619178 20489
1615802 1622115 6313
1602180 1622247 20067
1597425 1623237 25812
1588806 1625316 36510
1592440 1625778 33338
1599993 1626933 26940
1603030 1627659 24629
1598833 1627923 29090
1602794 1629309 26515
1581906 1630497 48591
1589329 1631322 41993
1608873 1631850 22977
1595489 1634721 39232
1620208 1635711 15503
1624836 1637361 12525
1627248 1637922 10674
1628407 1638483 10076
1614750 1639176 24426
1616998 1639737 22739
1602233 1640199 37966
1605300 1640265 34965
1632636 1640265 7629
1615795 1641222 25427
1623591 1641750 18159
1633378 1641981 8603
1634764 1642278 7514
1605006 1642344 37338
1614411 1645314 30903
1623467 1645875 22408
1621069 1646271 25202
1624233 1646469 22236
1618706 1646898 28192
1589638 1647228 57590
1628800 1647756 18956
1617063 1648284 31221
1621141 1648845 27704
1590271 1649076 58805
1632093 1649406 17313
1622485 1650759 28274
1598050 1651287 53237
1616710 1651815 35105
1631884 1651881 19997
1633614 1652079 18465
1636372 1652640 16268
1632256 1652739 20483
1648122 1654125 6003
1636763 1655841 19078
1638581 1655940 17359
1639654 1656798 17144
1629840 1658184 28344
1650280 1661913 11633
1656267 1662210 5943
1648588 1664256 15668
1624789 1665246 40457
1641594 1665378 23784
1641808 1667193 25385
1644459 1668315 23856
1621027 1669173 48146
1637874 1669767 31893
1648923 1670229 21306
1664468 1670856 6388
1667874 1673826 5952
1630454 1675311 44857
1642932 1675905 32973
1649230 1676070 26840
1662014 1677423 15409
1666129 1678347 12218
1633681 1678809 45128
1634764 1679073 44309
1646813 1679337 32524
1657811 1682208 24397
1664425 1682439 18014
1668233 1683099 14866
1656232 1683198 26966
1653301 1683660 30359
1672440 1683693 11253
1673100 1684452 11352
1650181 1687719 37538
1666055 1688247 22192
1656845 1688775 31930
1667904 1688808 20904
1659517 1688907 29390
1682939 1688907 5968
1658644 1689237 30593
1669413 1689798 20385
1645033 1690359 45326
1686213 1692174 5961
1685898 1692405 6507
1671484 1693164 21680
1677860 1693857 15997
1678144 1694319 16175
1642814 1694748 51934
1666622 1695771 29149
1658229 1696365 38136
1656629 1697322 40693
1671037 1698411 27374
1692479 1698444 5965
1660059 1698807 38748
1670512 1699302 28790
1667351 1699335 31984
1661839 1699500 37661
1668432 1699962 31530
1684209 1700622 16413
1670692 1702833 32141
1689708 1704813 15105
1669005 1706199 37194
1668606 1706661 38055
1688466 1707090 18624
1671926 1707222 35296
1690027 1707651 17624
1664225 1707750 43525
1702726 1709367 6641
1681704 1712205 30501
1693278 1712733 19455
1706988 1712931 5943
1683447 1713228 29781
1684620 1714350 29730
1703169 1715175 12006
1680774 1717287 36513
1698704 1717716 19012
1676378 1718343 41965
1675416 1719234 43818
1704429 1719399 14970
1700023 1719762 19739
1705264 1719927 14663
1711769 1721544 9775
1706429 1721742 15313
1694109 1722798 28689
1704926 1723788 18862
1706396 1724052 17656
1708409 1724382 15973
1716382 1724580 8198
1720390 1726362 5972
1703951 1726824 22873
1712584 1728804 16220
1713711 1729332 15621
1671826 1730058 58232
1712520 1731114 18594
1723649 1732236 8587
1716838 1732830 15992
1720479 1733952 13473
1728495 1735041 6546
1714288 1735173 20885
1704432 1736196 31764
1712047 1736757 24710
1706186 1737747 31561
1728428 1739166 10738
1695181 1741311 46130
1723172 1741872 18700
1732504 1742235 9731
1696013 1742268 46255
1732531 1742829 10298
1724278 1745304 21026
1738496 1749264 10768
1743853 1750188 6335
1723048 1754214 31166
1732656 1754511 21855
1719854 1754742 34888
1750915 1756887 5972
1746337 1757250 10913
1743490 1757349 13859
1737731 1759164 21433
1725107 1759692 34585
1754326 1760286 5960
1724627 1760715 36088
1745165 1760781 15616
1719168 1761243 42075
1720320 1761771 41451
1734615 1761936 27321
1742856 1763751 20895
1745999 1764279 18280
1736005 1765830 29825
1742732 1766259 23527
1738035 1766391 28356
1745742 1766820 21078
1734396 1767348 32952
1740991 1767975 26984
1738333 1768965 30632
1748679 1769889 21210
1743241 1770450 27209
1730480 1770879 40399
1756648 1772727 16079
1764000 1773255 9255
1741763 1774806 33043
1753131 1775829 22698
1753254 1776423 23169
1770667 1776621 5954
1757358 1776819 19461
1768021 1777347 9326
1738909 1778205 39296
1753896 1779096 25200
1737621 1779228 41607
1744690 1779921 35231
1760269 1780218 19949
1776751 1782693 5942
1762245 1783155 20910
1728540 1784211 55671
1778145 1784508 6363
1758063 1784739 26676
1749968 1785762 35794
1770815 1787181 16366
1773011 1788336 15325
1753899 1789722 35823
1765320 1790250 24930
1764932 1790349 25417
1765464 1790844 25380
1773576 1791240 17664
1766247 1793649 27402
1757198 1795299 38101
1759825 1795827 36002
1785918 1796916 10998
1792467 1798797 6330
1776827 1799325 22498
1769314 1799358 30044
1771974 1802196 30222
1772747 1802625 29878
1794477 1803087 8610
1778350 1803153 24803
1786296 1807179 20883
1801732 1807674 5942
1772716 1809225 36509
1798586 1809390 10804
1792107 1811766 19659
1765070 1813152 48082
1795701 1813713 18012
1786798 1814406 27608
1761673 1815231 53558
1784614 1815297 30683
1798209 1816386 18177
1786161 1817310 31149
1788800 1818432 29632
1779181 1818795 39614
1795529 1819554 24025
1790959 1819851 28892
1791574 1820148 28574
1799541 1820643 21102
1801290 1820742 19452
1801161 1821138 19977
1816401 1822722 6321
1804375 1823844 19469
1805374 1824405 19031
1791082 1826055 34973
1798842 1826517 27675
1787266 1826616 39350
1805935 1827111 21176
1795162 1827144 31982
1817808 1827672 9864
1821120 1828200 7080
1821245 1830048 8803
1825145 1831104 5959
1796435 1833777 37342
1822790 1835757 12967
1801656 1836450 34794
1807946 1843314 35368
1831691 1844403 12712
1833647 1845162 11515
1832805 1845261 12456
1833647 1845723 12076
1817138 1847076 29938
1807777 1850211 42434
1816062 1850739 34677
1830981 1851102 20121
1839356 1853313 13957
1814464 1855689 41225
1829461 1856712 27251
1826742 1857240 30498
1831901 1857240 25339
1851324 1857636 6312
1833764 1857768 24004
1816696 1858197 41501
1828319 1858890 30571
1834924 1859187 24263
1837891 1859748 21857
1831424 1861299 29875
1836994 1862256 25262
1859903 1865853 5950
1812985 1867305 54320
1826311 1867866 41555
1846058 1868064 22006
1828888 1868460 39572
1846156 1868658 22502
1855373 1868724 13351
1862932 1868889 5957
1848935 1868988 20053
1833208 1870803 37595
1836986 1871364 34378
1838431 1874070 35639
1843202 1875093 31891
1860595 1876809 16214
1858913 1877304 18391
1874239 1880571 6332
1832170 1881099 48929
1875456 1881396 5940
1838701 1881693 42992
1847624 1882254 34630
1861778 1883409 21631
1852503 1885752 33249
1871657 1886247 14590
1855415 1886313 30898
1853272 1887006 33734
1855163 1887237 32074
1868134 1889877 21743
1868741 1890801 22060
1845590 1890999 45409
1870308 1891857 21549
1886259 1893144 6885
1875882 1894332 18450
1862365 1895322 32957
1878996 1895619 16623
1884759 1895652 10893
1891562 1897533 5971
1866616 1898193 31577
1863240 1898622 35382
1872779 1899282 26503
1878419 1899678 21259
1879566 1900206 20640
1877241 1904199 26958
1872827 1904727 31900
1867390 1905090 37700
1881086 1905288 24202
1880921 1907169 26248
1897054 1908918 11864
1867934 1909314 41380
1872042 1909908 37866
1871877 1910337 38460
1887647 1911228 23581
1897884 1913175 15291
1908897 1914858 5961
1865988 1915287 49299
1874996 1915815 40819
1886948 1915881 28933
1902410 1917201 14791
1887308 1917234 29926
1904548 1917729 13181
1884730 1918818 34088
1898309 1919676 21367
1899468 1921326 21858
1881810 1922184 40374
1902976 1922712 19736
1903812 1925352 21540
1904225 1927167 22942
1907766 1927728 19962
1898973 1928190 29217
1903675 1928718 25043
1908772 1928784 20012
1880562 1929114 48552
1891643 1929807 38164
1910673 1929807 19134
1904987 1930236 25249
1915723 1930368 14645
1904756 1931193 26437
1884999 1933305 48306
1918748 1933734 14986
1882073 1934724 52651
1908811 1935252 26441
1917981 1935384 17403
1896180 1937298 41118
1898636 1939311 40675
1901136 1939839 38703
1935918 1941885 5967
1912976 1942809 29833
1909552 1943634 34082
1913354 1943898 30544
1913660 1944030 30370
1934481 1945350 10869
1911784 1946208 34424
1906077 1946736 40659
1920432 1947099 26667
1919559 1947363 27804
1908705 1952214 43509
1922208 1952775 30567
1927186 1952841 25655
1911783 1953105 41322
1929940 1954326 24386
1935513 1954722 19209
1932987 1955184 22197
1940394 1956306 15912
1940413 1956900 16487
1927760 1957296 29536
1940736 1957692 16956
1942741 1957824 15083
1921100 1958781 37681
1954383 1960332 5949
1934389 1961322 26933
1939362 1961883 22521
1947528 1962312 14784
1932562 1962807 30245
1942867 1962939 20072
1933354 1963830 30476
1948665 1964061 15396
1950184 1964622 14438
1958897 1964853 5956
1950411 1965216 14805
1959278 1965348 6070
1958130 1966239 8109
1942282 1967328 25046
1953012 1967394 14382
1940674 1970067 29393
1944789 1971090 26301
1954735 1971651 16916
1966105 1972047 5942
1962489 1972179 9690
1959587 1975182 15595
1952970 1979175 26205
1962527 1981386 18859
1955554 1982739 27185
1962016 1983762 21746
1974263 1984884 10621
1956974 1985841 28867
1957095 1986402 29307
1958596 1986963 28367
1954979 1987293 32314
1969304 1987392 18088
1969627 1987986 18359
1956079 1994190 38111
1985358 1994421 9063
1972674 1995114 22440
1956264 1995180 38916
1981969 1999767 17798
1993936 1999899 5963
1968731 2000196 31465
1966413 2000262 33849
1990608 2000856 10248
1968685 2001219 32534
1973780 2001780 28000
1987787 2001978 14191
1957092 2002209 45117
1968231 2003166 34935
1960462 2005311 44849
1991695 2005410 13715
1957882 2005872 47990
1995538 2006235 10697
1998663 2006763 8100
1979430 2007060 27630
1960090 2007225 47135
2001460 2007522 6062
1980385 2007753 27368
1988727 2008314 19587
1939035 2009172 70137
1970525 2009865 39340
1982988 2010459 27471
1968634 2010987 42353
1973507 2011284 37777
1982360 2011812 29452
1997796 2012637 14841
1995942 2013264 17322
1998467 2013825 15358
2005285 2014353 9068
1983864 2015310 31446
2004559 2017290 12731
1973856 2018214 44358
2004114 2018412 14298
2013505 2023032 9527
2012590 2023659 11069
2007804 2023725 15921
1995729 2025243 29514
2019190 2025573 6383
2002322 2025672 23350
1982038 2026365 44327
1997442 2027124 29682
2007514 2028213 20699
1993277 2029302 36025
2023396 2029731 6335
1993505 2029830 36325
2020030 2030820 10790
1991191 2031249 40058
1994025 2031315 37290
2025496 2031546 6050
2011547 2031876 20329
2012802 2032470 19668
2003369 2033328 29959
2006623 2033526 26903
2012947 2033856 20909
2018750 2034318 15568
1983802 2035308 51506
2008546 2035836 27290
2009846 2035902 26056
2022607 2036067 13460
2004671 2038806 34135
2019500 2039334 19834
1998047 2042205 44158
2008978 2042733 33755
2018015 2043096 25081
2001448 2043294 41846
2037513 2043459 5946
2021419 2043657 22238
2030903 2047155 16252
2034479 2047881 13402
2025993 2048211 22218
2042155 2048475 6320
2035203 2048673 13470
2009695 2049828 40133
2038991 2051742 12751
2018352 2053293 34941
2029687 2054283 24596
2014797 2054745 39948
2041799 2054778 12979
2031703 2054844 23141
2042814 2055339 12525
2024978 2055471 30493
2016412 2057319 40907
2031050 2057880 26830
2024337 2058408 34071
2025909 2059893 33984
2047885 2060058 12173
2039280 2060454 21174
2030204 2063325 33121
2033809 2063391 29582
2051240 2065338 14098
2026384 2066196 39812
2032894 2067087 34193
2042895 2067648 24753
2033861 2067912 34051
2058629 2068803 10174
2058458 2069331 10873
2050962 2071179 20217
2032094 2073060 40966
2033745 2073621 39876
2068421 2074380 5959
2070213 2076162 5949
2052520 2077812 25292
2058167 2078274 20107
2018435 2079231 60796
2044927 2079264 34337
2039905 2080584 40679
2060751 2083290 22539
2074538 2084643 10105
2077892 2085171 7279
2042582 2087316 44734
2057405 2087844 30439
2077053 2089890 12837
2086359 2092299 5940
2082198 2093355 11157
2083959 2093883 9924
2078920 2095731 16811
2062452 2096193 33741
2070225 2096754 26529
2071056 2096886 25830
2062723 2097117 34394
2080287 2097942 17655
2059432 2098371 38939
2065392 2098800 33408
2084679 2100318 15639
2074258 2103222 28964
2066830 2105862 39032
2068993 2106423 37430
2082891 2107479 24588
2091224 2107908 16684
2094213 2108403 14190
2094394 2109294 14900
2101792 2110449 8657
2087279 2110515 23236
2101949 2110977 9028
2092898 2111307 18409
2081326 2114211 32885
2083521 2114673 31152
2093320 2114871 21551
2064260 2115201 50941
2081869 2115696 33827
2100993 2117313 16320
2094100 2117346 23246
2096923 2117907 20984
2105478 2119920 14442
2112957 2120679 7722
2080963 2121240 40277
2093364 2121768 28404
2097672 2122395 24723
2101763 2122857 21094
2099257 2123187 23930
2107309 2124276 16967
2057310 2125167 67857
2113997 2125695 11698
2096675 2126256 29581
2083381 2127246 43865
2098718 2127279 28561
2098875 2127345 28470
2100607 2128038 27431
2098039 2128335 30296
2068862 2129325 60463
2087659 2129886 42227
2098750 2130282 31532
2098089 2130942 32853
2105013 2131305 26292
2109117 2132064 22947
2117711 2133813 16102
2092805 2135298 42493
2110433 2136651 26218
2119102 2136816 17714
2122242 2137344 15102
2125164 2137905 12741
2090584 2138202 47618
2099538 2138730 39192
2119096 2139093 19997
2109822 2139291 29469
2105473 2139324 33851
2120572 2142459 21887
2133389 2143779 10390
2134537 2144538 10001
2120528 2144736 24208
2122750 2145099 22349
2126382 2147178 20796
2133796 2148267 14471
2115025 2149290 34265
2117750 2149818 32068
2115686 2154801 39115
2120112 2155857 35745
2134907 2156055 21148
2148360 2157243 8883
2106300 2159388 53088
2136372 2161005 24633
2142214 2161335 19121
2149165 2161632 12467
2151039 2161896 10857
2113448 2162193 48745
2132572 2162622 30050
2153488 2164206 10718
2144677 2167176 22499
2152440 2167737 15297
2140411 2168199 27788
2140047 2168232 28185
2133992 2169222 35230
2137075 2169651 32576
2163756 2169717 5961
2149788 2171169 21381
2151926 2173314 21388
2136024 2173776 37752
2151968 2174238 22270
2158917 2174997 16080
2124476 2175228 50752
2143323 2177802 34479
2129073 2179287 50214
2123076 2179353 56277
2143639 2180442 36803
2160825 2180673 19848
2162386 2181201 18815
2166024 2181696 15672
2166883 2181828 14945
2168112 2182224 14112
2176693 2182653 5960
2152400 2182818 30418
2174412 2185887 11475
2134496 2186184 51688
2159419 2186910 27491
2178047 2187669 9622
2178005 2188824 10819
2179517 2189385 9868
2180079 2189946 9867
2176366 2191728 15362
2186090 2192223 6133
2153050 2193246 40196
2153141 2194368 41227
2153670 2194929 41259
2169331 2195523 26192
2171970 2197866 25896
2178876 2198229 19353
2151328 2198394 47066
2189409 2199318 9909
2194870 2200836 5966
2161274 2201298 40024
2163868 2201859 37991
2174677 2202288 27611
2180884 2202816 21932
2185780 2202816 17036
2159027 2203344 44317
2171427 2204928 33501
2174811 2205489 30678
2195914 2205819 9905
2160982 2206809 45827
2201640 2207601 5961
2185017 2207832 22815
2176766 2209845 33079
2185525 2210076 24551
2187392 2210670 23278
2183982 2211099 27117
2191676 2211924 20248
2197427 2215158 17731
2181554 2215719 34165
2202193 2215719 13526
2196664 2216544 19880
2169967 2217237 47270
2190458 2217633 27175
2201140 2219184 18044
2203711 2219745 16034
2177959 2221164 43205
2202309 2222253 19944
2180993 2222451 41458
2189890 2222979 33089
2183717 2223243 39526
2194437 2223408 28971
2209089 2223441 14352
2185844 2223771 37927
2192776 2223837 31061
2212078 2223969 11891
2190626 2225322 34696
2196210 2225850 29640
2198357 2226411 28054
2203367 2226939 23572
2202919 2227467 24548
2180061 2227863 47802
2177562 2228061 50499
2177573 2228655 51082
2182013 2229216 47203
2212301 2229282 16981
2187507 2229744 42237
2201300 2231328 30028
2207779 2234199 26420
2210059 2234760 24701
2214481 2235090 20609
2222044 2239182 17138
2210960 2239710 28750
2234843 2240799 5956
2187623 2241690 54067
2202692 2244528 41836
2208788 2246739 37951
2215990 2247300 31310
2236249 2248950 12701
2204938 2249313 44375
2240207 2250006 9799
2212782 2251293 38511
2213092 2251392 38300
2246614 2252580 5966
2203796 2252613 48817
2218719 2253108 34389
2218562 2253636 35074
2211223 2253735 42512
2243054 2253834 10780
2204197 2254824 50627
2220900 2254923 34023
2249650 2255616 5966
2210393 2256606 46213
2244183 2257332 13149
2223874 2259279 35405
2252028 2260995 8967
2248582 2263173 14591
2222409 2264196 41787
2259541 2265483 5942
2259799 2265747 5948
2241218 2267166 25948
2228900 2269311 40411
2243658 2270334 26676
2264368 2270334 5966
2213508 2271225 57717
2235857 2271258 35401
2251157 2271555 20398
2252447 2272083 19636
2236201 2273535 37334
2245763 2274360 28597
2236185 2275218 39033
2242792 2275779 32987
2262721 2277264 14543
2270949 2277792 6843
2248939 2279541 30602
2248357 2280432 32075
2242732 2282214 39482
2276369 2282313 5944
2244278 2282742 38464
2246998 2283303 36305
2266739 2284821 18082
2267892 2285349 17457
2280754 2286702 5948
2255458 2288187 32729
2266153 2288286 22133
2271172 2288814 17642
2216325 2289243 72918
2216227 2289903 73676
2222547 2290464 67917
2235730 2291124 55394
2241715 2291553 49838
2193820 2293302 99482
2287393 2293698 6305
2259793 2293830 34037
2261453 2294424 32971
2273049 2294820 21771
2266596 2295249 28653
2275364 2295348 19984
2263096 2295777 32681
2276924 2295876 18952
2264550 2297328 32778
2262868 2297790 34922
2271179 2298450 27271
2267223 2298879 31656
2225928 2299308 73380
2269063 2299506 30443
2228580 2299869 71289
2249179 2300463 51284
2263016 2300628 37612
2268150 2301750 33600
2295171 2302311 7140
2277754 2302806 25052
2267471 2303829 36358
2272600 2303895 31295
2267769 2304984 37215
2274602 2305908 31306
2271357 2306205 34848
2294820 2310462 15642
2277530 2311716 34186
2284532 2312211 27679
2242467 2313102 70635
2243245 2313696 70451
2307042 2314158 7116
2303556 2314356 10800
2291837 2317293 25456
2287249 2318811 31562
2280217 2319240 39023
2297929 2320758 22829
2276319 2321319 45000
2302165 2321550 19385
2292984 2321847 28863
2316422 2322375 5953
2300495 2322441 21946
2287959 2322804 34845
2293689 2322936 29247
2288848 2323365 34517
2304349 2324388 20039
2307027 2325279 18252
2279594 2327325 47731
2296491 2327886 31395
2293179 2328018 34839
2280768 2329041 48273
2287676 2329536 41860
2289513 2330064 40551
2287351 2330196 42845
2323089 2330394 7305
2309521 2330691 21170
2323473 2330922 7449
2312252 2331087 18835
2323570 2332836 9266
2304025 2335179 31154
2321729 2337159 15430
2278596 2337225 58629
2326573 2337687 11114
2319784 2339172 19388
2331026 2340327 9301
2334468 2340426 5958
2322684 2341713 19029
2323379 2342274 18895
2316323 2342307 25984
2307413 2342736 35323
2281111 2342802 61691
2326899 2343363 16464
2333992 2344683 10691
2304404 2344947 40543
2321600 2345178 23578
2299755 2345739 45984
2313387 2346135 32748
2321758 2347884 26126
2291817 2348907 57090
2329552 2349039 19487
2332389 2349270 16881
2337428 2350359 12931
2284389 2351316 66927
2325747 2351844 26097
2327763 2351910 24147
2328794 2354187 25393
2335476 2354583 19107
2344371 2356827 12456
2348056 2357355 9299
2349726 2357949 8223
2312444 2360193 47749
2339395 2360259 20864
2318176 2360721 42545
2284981 2361249 76268
2353624 2361282 7658
2297716 2361678 63962
2335397 2361843 26446
2311760 2362338 50578
2340599 2362404 21805
2336401 2363196 26795
2347208 2366232 19024
2317501 2367222 49721
2326307 2367288 40981
2338431 2368377 29946
2337277 2369400 32123
2363674 2369631 5957
2340271 2369862 29591
2356571 2369928 13357
2328560 2370423 41863
2353329 2370951 17622
2325759 2372634 46875
2367013 2373129 6116
2321966 2374812 52846
2334510 2375835 41325
2343677 2377716 34039
2335844 2378079 42235
2361542 2378442 16900
2353473 2379102 25629
2355747 2379663 23916
2375278 2381247 5969
2376442 2382402 5960
2338012 2383689 45677
2366476 2384283 17807
2373876 2384811 10935
2352776 2385108 32332
2358290 2385768 27478
2324375 2386197 61822
2332014 2386725 54711
2380866 2386824 5958
2370179 2387187 17008
2337321 2387385 50064
2371814 2387748 15934
2349739 2389299 39560
2359449 2389728 30279
2376413 2390223 13810
2353736 2390751 37015
2344202 2391180 46978
2356854 2391312 34458
2382867 2391840 8973
2357177 2393325 36148
2366223 2394447 28224
2356096 2395305 39209
2366242 2395833 29591
2359257 2397516 38259
2381317 2399595 18278
2360628 2401509 40881
2366101 2402037 35936
2376331 2402070 25739
2378142 2402499 24357
2363290 2402730 39440
2382899 2403093 20194
2364732 2407713 42981
2371287 2408736 37449
2381095 2409231 28136
2344899 2409660 64761
2351329 2410188 58859
2365240 2413290 48050
2385918 2413719 27801
2396004 2413719 17715
2387787 2414247 26460
2385347 2415237 29890
2388183 2415765 27582
2382644 2415864 33220
2387882 2417184 29302
2393975 2419296 25321
2379643 2420055 40412
2396072 2420616 24544
2408838 2421144 12306
2408650 2421276 12626
2405856 2421507 15651
2416368 2422332 5964
2383173 2423388 40215
2389285 2424477 35192
2409149 2424807 15658
2418454 2425335 6881
2404349 2426193 21844
2405955 2426721 20766
2393210 2427117 33907
2392146 2427150 35004
2407160 2428239 21079
2409786 2431176 21390
2411896 2431737 19841
2382726 2432199 49473
2385248 2432265 47017
2399727 2433222 33495
2414799 2435730 20931
2415335 2436258 20923
2416172 2436786 20614
2399963 2437314 37351
2418007 2437314 19307
2426790 2437710 10920
2427427 2438271 10844
2429268 2439393 10125
2400231 2439789 39558
2432377 2439921 7544
2400337 2440383 40046
2400794 2440977 40183
2424691 2441307 16616
2406692 2441868 35176
2379097 2443287 64190
2421926 2443815 21889
2425867 2444673 18806
2432341 2445201 12860
2440686 2446653 5967
2424281 2446818 22537
2428345 2447841 19496
2412364 2450184 37820
2442326 2450481 8155
2444927 2450877 5950
2431300 2451108 19808
2433652 2451669 18017
2445902 2451867 5965
2433694 2452230 18536
2445879 2454573 8694
2431043 2455167 24124
2428723 2456190 27467
2408767 2456223 47456
2423976 2457246 33270
2440558 2457378 16820
2426598 2460018 33420
2429189 2460546 31357
2435721 2462724 27003
2438658 2463945 25287
2434094 2465166 31072
2438312 2465694 27382
2444881 2466024 21143
2454459 2469192 14733
2449160 2469258 20098
2456820 2469720 12900
2451355 2469819 18464
2452540 2470347 17807
2458748 2470875 12127
2434009 2471304 37295
2464030 2471403 7373
2447308 2471931 24623
2452304 2473350 21046
2430754 2474208 43454
2431175 2474769 43594
2442034 2475099 33065
2432596 2475396 42800
2429824 2476452 46628
2463001 2476749 13748
2458206 2476815 18609
2436102 2477013 40911
2459280 2477343 18063
2447043 2479158 32115
2436726 2480214 43488
2455304 2480280 24976
2434432 2480742 46310
2436060 2480808 44748
2453508 2481765 28257
2460477 2482194 21717
2425141 2482821 57680
2449168 2483184 34016
2473392 2483745 10353
2477814 2484405 6591
2454601 2486319 31718
2458237 2486913 28676
2455996 2487243 31247
2462187 2487804 25617
2467729 2488464 20735
2452134 2489322 37188
2452055 2489883 37828
2462444 2491005 28561
2446481 2491500 45019
2444676 2492028 47352
2481429 2492061 10632
2484858 2492589 7731
2471067 2493282 22215
2480206 2493414 13208
2483131 2494371 11240
2480769 2497341 16572
2491408 2497935 6527
2460000 2498199 38199
2477964 2498727 20763
2456682 2499189 42507
2488208 2500806 12598
2496574 2502522 5948
2474987 2503182 28195
2467620 2504205 36585
2467712 2505228 37516
2470059 2505789 35730
2473801 2506383 32582
2485943 2507175 21232
2497608 2508792 11184
2473366 2509287 35921
2479513 2509815 30302
2482846 2511234 28388
2495511 2512191 16680
2480371 2513313 32942
2485716 2515293 29577
2464496 2515326 50830
2470266 2516415 46149
2501187 2516745 15558
2475732 2516976 41244
2503556 2517273 13717
2483985 2518824 34839
2490508 2522058 31550
2479239 2523081 43842
2499844 2523114 23270
2502686 2523675 20989
2504618 2524203 19585
2506222 2524830 18608
2505450 2525325 19875
2477612 2528196 50584
2477980 2528724 50744
2511991 2528790 16799
2477705 2529219 51514
2516359 2531166 14807
2505180 2533311 28131
2489891 2533509 43618
2490482 2534037 43555
2503218 2534796 31578
2488312 2535225 46913
2504325 2535753 31428
2510295 2535852 25557
2519392 2535852 16460
2515967 2536446 20479
2498780 2537304 38524
2500588 2537766 37178
2514305 2538327 24022
2516514 2538888 22374
2488730 2539284 50554
2524172 2539812 15640
2525823 2540637 14814
2529708 2545290 15582
2498169 2546511 48342
2521405 2547105 25700
2523205 2547666 24461
2529487 2549349 19862
2533528 2549910 16382
2537007 2551758 14751
2522679 2552187 29508
2522864 2552748 29884
2496493 2553243 56750
2517166 2553771 36605
2542665 2553771 11106
2543619 2554299 10680
2532200 2555190 22990
2534772 2555751 20979
2539896 2556279 16383
2515574 2557632 42058
2534856 2558226 23370
2545277 2558226 12949
2527972 2559249 31277
2535905 2561196 25291
2523650 2562813 39163
2542281 2563836 21555
2537439 2564067 26628
2537441 2564661 27220
2550473 2566377 15904
2537309 2567301 29992
2526664 2567334 40670
2525030 2567895 42865
2553192 2568819 15627
2547159 2569017 21858
2561549 2569314 7765
2563943 2569908 5965
2544731 2570205 25474
2546459 2570733 24274
2544879 2571690 26811
2545217 2572284 27067
2553645 2572812 19167
2547347 2572845 25498
2557581 2573340 15759
2554776 2575155 20379
2569995 2575947 5952
2537376 2576211 38835
2559397 2577102 17705
2543985 2577366 33381
2550139 2577432 27293
2560135 2577960 17825
2560786 2578521 17735
2548628 2579181 30553
2549050 2579742 30692
2550863 2580303 29440
2567281 2581392 14111
2547356 2581722 34366
2571526 2585187 13661
2544352 2585715 41363
2566245 2586804 20559
2559178 2587860 28682
2578160 2589279 11119
2539639 2590830 51191
2560859 2591853 30994
2561685 2591985 30300
2587333 2593305 5972
2580809 2597331 16522
2566428 2599674 33246
2575242 2600796 25554
2565918 2601225 35307
2572188 2603172 30984
2573050 2603766 30716
2598029 2603997 5968
2559790 2605284 45494
2575927 2605812 29885
2548650 2606373 57723
2599278 2609046 9768
2560436 2610267 49831
2572945 2610663 37718
2571456 2610795 39339
2586356 2612082 25726
2604908 2613798 8890
2607631 2614359 6728
2579257 2614821 35564
2601559 2617164 15605
2587521 2618055 30534
2583196 2619111 35915
2604337 2620233 15896
2615540 2621487 5947
2617778 2623731 5953
2593058 2624193 31135
2608171 2624226 16055
2590161 2625249 35088
2598158 2625381 27223
2600099 2626239 26140
2604857 2627757 22900
2596813 2629308 32495
2611829 2629374 17545
2611255 2629704 18449
2598400 2629770 31370
2590291 2630826 40535
2590532 2631222 40690
2606240 2632278 26038
2603493 2633301 29808
2611590 2633994 22404
2605747 2634819 29072
2610443 2636073 25630
2607828 2636436 28608
2627469 2637261 9792
2607329 2639076 31747
2634679 2640627 5948
2634590 2641155 6565
2609469 2642772 33303
2624991 2644818 19827
2639379 2645709 6330
2611086 2648184 37098
2611670 2648217 36547
2620968 2648778 27810
2601682 2649240 47558
2637061 2649801 12740
2619306 2651187 31881
2619701 2651781 32080
2630388 2653365 22977
2622865 2655246 32381
2620819 2657193 36374
2643794 2657721 13927
2640071 2658810 18739
2653581 2659536 5955
2628629 2659866 31237
2654408 2660724 6316
2634053 2666202 32149
2647962 2666466 18504
2642456 2667093 24637
2649998 2667654 17656
2657125 2667885 10760
2650765 2668809 18044
2658647 2669337 10690
2650788 2671713 20925
2648233 2672208 23975
2654384 2672241 17857
2628357 2673099 44742
2667618 2673561 5943
2627330 2674188 46858
2633043 2675178 42135
2639451 2675739 36288
2647152 2676828 29676
2641199 2677620 36421
2666980 2678247 11267
2655028 2679798 24770
2674625 2680590 5965
2643956 2681316 37360
2647353 2681877 34524
2656307 2682438 26131
2640840 2683296 42456
2655112 2683395 28283
2661960 2684055 22095
2668169 2684055 15886
2671332 2684616 13284
2664230 2685309 21079
2680044 2686365 6321
2680364 2686893 6529
2681321 2688279 6958
2647945 2690655 42710
2664268 2691117 26849
2680832 2692734 11902
2684593 2693427 8834
2670398 2695176 24778
2643033 2696199 53166
2665443 2696232 30789
2678297 2696760 18463
2666749 2696826 30077
2674870 2697090 22220
2650325 2697750 47425
2658949 2699169 40220
2665224 2699763 34539
2680968 2700819 19851
2661106 2701314 40208
2684974 2701347 16373
2663929 2701842 37913
2681060 2702733 21673
2696508 2702865 6357
2675150 2702931 27781
2673931 2705307 31376
2679326 2706429 27103
2667131 2706957 39826
2701729 2707683 5954
2686033 2708079 22046
2689437 2709168 19731
2673431 2709267 35836
2677328 2709861 32533
2691360 2710290 18930
2683114 2710422 27308
2672638 2710488 37850
2667143 2711313 44170
2692842 2711841 18999
2692667 2713326 20659
2674757 2714646 39889
2692178 2715108 22930
2704454 2716197 11743
2681491 2719695 38204
2687925 2719728 31803
2689462 2720256 30794
2671551 2720718 49167
2688669 2721114 32445
2701590 2721312 19722
2697616 2721345 23729
2690669 2721675 31006
2678705 2722203 43498
2698827 2723193 24366
2717735 2723688 5953
2691374 2725173 33799
2719670 2725635 5965
2683137 2725833 42696
2691461 2726724 35263
2695807 2727252 31445
2707198 2727846 20648
2693348 2729298 35950
2693571 2730255 36684
2700430 2731311 30881
2703236 2731377 28141
2715212 2732631 17419
2717218 2733159 15941
2697901 2733258 35357
2706427 2733852 27425
2723971 2737680 13709
2712072 2738208 26136
2685163 2738736 53573
2708041 2744214 36173
2708248 2744808 36560
2738539 2744874 6335
2721689 2745765 24076
2718180 2749296 31116
2735661 2749824 14163
2736691 2750220 13529
2705326 2750319 44993
2717665 2750748 33083
2744643 2750880 6237
2715590 2755302 39712
2734071 2756061 21990
2738907 2756754 17847
2688920 2759889 70969
2728151 2762199 34048
2733441 2762529 29088
2739729 2763090 23361
2735607 2763849 28242
2742881 2764212 21331
2756240 2764773 8533
2741746 2765367 23621
2741011 2767182 26171
2752228 2768271 16043
2755954 2768799 12845
2746176 2769096 22920
2734315 2769723 35408
2762621 2769855 7234
2723742 2770317 46575
2752756 2771175 18419
2761502 2771736 10234
2742418 2773155 30737
2760463 2774244 13781
2730875 2775234 44359
2737446 2775762 38316
2756682 2775861 19179
2743445 2777841 34396
2744382 2778402 34020
2758429 2778930 20501
2730661 2779293 48632
2740781 2779326 38545
2757614 2779458 21844
2747977 2779887 31910
2751128 2780481 29353
2759814 2781042 21228
2766722 2782065 15343
2775908 2782230 6322
2769814 2782362 12548
2766973 2783847 16874
2764354 2785332 20978
2750162 2786520 36358
2734802 2786718 51916
2761291 2787114 25823
2774711 2788731 14020
2766747 2789358 22611
2783272 2789589 6317
2765927 2791701 25774
2761252 2792724 31472
2743585 2793219 49634
2767247 2793648 26401
2771113 2794209 23096
2766846 2794869 28023
2780414 2798235 17821
2766633 2799258 32625
2785155 2799885 14730
2768750 2801304 32554
2781740 2802294 20554
2758863 2803053 44190
2762562 2803284 40722
2778525 2804076 25551
2764001 2807310 43309
2765075 2807838 42763
2771778 2807937 36159
2787945 2808795 20850
2780777 2809059 28282
2770565 2810643 40078
2805522 2811468 5946
2759931 2815692 55761
2785289 2816220 30931
2777913 2817243 39330
2794569 2819190 24621
2797089 2819751 22662
2808824 2820807 11983
2803449 2821302 17853
2793811 2823249 29438
2795049 2823315 28266
2805983 2823876 17893
2801527 2823909 22382
2802497 2824965 22468
2803624 2824998 21374
2804092 2825196 21104
2810232 2826021 15789
2772717 2827308 54591
2784441 2827836 43395
2780035 2828067 48032
2787995 2828397 40402
2810850 2828925 18075
2823041 2828991 5950
2818801 2829948 11147
2821428 2829948 8520
2822200 2830476 8276
2779048 2831301 52253
2805316 2831334 26018
2794743 2832390 37647
2817488 2832423 14935
2812913 2832819 19906
2782897 2833446 50549
2803881 2834205 30324
2829334 2835294 5960
2821082 2835657 14575
2822666 2836185 13519
2824216 2836746 12530
2824806 2837307 12501
2822914 2837340 14426
2824349 2837901 13552
2824809 2838462 13653
2834154 2840112 5958
2808581 2840211 31630
2798488 2841234 42746
2799833 2842752 42919
2830808 2844600 13792
2834591 2845194 10603
2807958 2845293 37335
2837924 2845689 7765
2808620 2845821 37201
2801012 2846349 45337
2805643 2846745 41102
2819159 2847240 28081
2811828 2847768 35940
2816737 2849319 32582
2813295 2849880 36585
2815322 2850342 35020
2819453 2851035 31582
2819419 2851299 31880
2813695 2851827 38132
2834843 2852058 17215
2843974 2852652 8678
2848257 2857338 9081
2827338 2858196 30858
2813176 2858625 45449
2827837 2859087 31250
2830105 2859318 29213
2831457 2863674 32217
2857761 2863707 5946
2839371 2864235 24864
2842480 2864301 21821
2846308 2864829 18521
2850416 2865357 14941
2843931 2867733 23802
2847086 2868261 21175
2848385 2868789 20404
2847294 2869152 21858
2851481 2869317 17836
2849572 2870241 20669
2844362 2871231 26869
2848277 2871264 22987
2854955 2871924 16969
2832567 2873310 40743
2842058 2873772 31714
2824680 2875290 50610
2838138 2875851 37713
2854274 2876082 21808
2856401 2876412 20011
2865845 2878227 12382
2860828 2878359 17531
2853685 2879316 25631
2869004 2879712 10708
2830534 2879877 49343
2847337 2880438 33101
2851542 2880999 29457
2861653 2882022 20369
2839928 2882187 42259
2858400 2883111 24711
2866927 2884233 17306
2861989 2887170 25181
2853334 2887698 34364
2882065 2888028 5963
2853051 2888754 35703
2836284 2889249 52965
2854526 2889348 34822
2883662 2889612 5950
2844927 2889711 44784
2864467 2890371 25904
2861785 2890899 29114
2861628 2891196 29568
2868589 2891757 23168
2876909 2892285 15376
2882354 2892813 10459
2860880 2893308 32428
2868383 2894265 25882
2864869 2894661 29792
2853472 2895222 41750
2861698 2895750 34052
2877883 2895882 17999
2873904 2896344 22440
2878254 2896773 18519
2881424 2896872 15448
2881424 2897433 16009
2866356 2897631 31275
2849940 2898819 48879
2874774 2899380 24606
2868798 2900073 31275
2878971 2900469 21498
2883858 2900634 16776
2891756 2901129 9373
2867748 2903307 35559
2856655 2903340 46685
2876247 2906211 29964
2899079 2908257 9178
2880046 2911689 31643
2893778 2912745 18967
2892850 2915187 22337
2898500 2915748 17248
2904222 2916804 12582
2871177 2917728 46551
2876766 2918289 41523
2891050 2918784 27734
2887341 2919246 31905
2893700 2919279 25579
2892535 2919576 27041
2893507 2920104 26597
2893611 2921028 27417
2897266 2921655 24389
2895206 2921820 26614
2865316 2923305 57989
2900443 2924658 24215
2910246 2925252 15006
2890340 2926803 36463
2906629 2928618 21989
2923640 2929608 5968
2900329 2930202 29873
2924304 2930268 5964
2887918 2930730 42812
2924928 2931786 6858
2913500 2935152 21652
2901809 2935713 33904
2913977 2935779 21802
2905558 2936307 30749
2899480 2936901 37421
2890686 2937099 46413
2911399 2937990 26591
2917980 2938584 20604
2916310 2939178 22868
2919269 2941818 22549
2906079 2942247 36168
2901150 2942280 41130
2920159 2942775 22616
2878510 2943402 64892
2933238 2943996 10758
2921350 2945316 23966
2910443 2945844 35401
2929415 2946801 17386
2927399 2948055 20656
2943228 2949177 5949
2930229 2949276 19047
2943248 2949672 6424
2899485 2950827 51342
2909190 2951355 42165
2915697 2951949 36252
2932426 2952807 20381
2940307 2953335 13028
2944720 2953896 9176
2927199 2954193 26994
2917904 2954721 36817
2949066 2955018 5952
2933338 2955183 21845
2945149 2957394 12245
2951399 2957724 6325
2933997 2960199 26202
2938291 2960892 22601
2956289 2964918 8629
2900374 2965182 64808
2955802 2965710 9908
2929308 2966304 36996
2950772 2966832 16060
2934216 2967492 33276
2923007 2969538 46531
2941600 2971287 29687
2944783 2971320 26537
2949425 2972376 22951
2935391 2975313 39922
2950144 2975841 25697
2961442 2975907 14465
2965569 2976798 11229
2963429 2976930 13501
2967847 2977920 10073
2947384 2978184 30800
2948198 2978613 30415
2964728 2980824 16096
2949994 2983695 33701
2962432 2983728 21296
2970664 2984784 14120
2976387 2985444 9057
2979684 2985642 5958
2970638 2987754 17116
2982532 2988843 6311
2952559 2990427 37868
2949741 2991219 41478
2950549 2991516 40967
2965632 2993298 27666
2957715 2993760 36045
2943231 2994255 51024
2944720 2994750 50030
2960412 2995410 34998
2987739 2997159 9420
2991682 2997654 5972
2971313 2999304 27991
2972970 2999832 26862
2975954 3000426 24472
2984701 3000789 16088
2993761 3001878 8117
2965178 3002208 37030
2962760 3002670 39910
2968427 3008214 39787
2999180 3008379 9199
2990287 3008841 18554
2977768 3012537 34769
2971534 3013098 41564
2989649 3015243 25594
2995409 3015771 20362
3002917 3016332 13415
2983834 3017883 34049
3003227 3018345 15118
2986985 3019302 32317
3006197 3020061 13864
3004954 3021282 16328
2990866 3023328 32462
2994800 3023394 28594
3001008 3025341 24333
3015911 3025704 9793
2980188 3026199 46011
3007248 3027090 19842
3017940 3029334 11394
3006226 3031182 24956
3013099 3031644 18545
3018225 3032799 14574
2982246 3033096 50850
3024518 3034317 9799
3007798 3037749 29951
3017957 3038409 20452
2999386 3038739 39353
2994805 3038772 43967
3028459 3039333 10874
3006764 3039762 32998
3011863 3039861 27998
3012158 3040389 28231
3010663 3041181 30518
3013127 3041775 28648
2999142 3042270 43128
3010088 3043293 33205
3040773 3046725 5952
3009629 3047088 37459
3017390 3047319 29929
3025920 3047847 21927
3027686 3048441 20755
3013287 3049332 36045
3017978 3050190 32212
3010726 3050718 39992
3015838 3051312 35474
3033385 3051675 18290
3027945 3051840 23895
3045258 3052764 7506
3033877 3053391 19514
3040681 3053952 13271
3049577 3055536 5959
3032386 3055734 23348
3018230 3056196 37966
3038530 3056724 18194
3039283 3057087 17804
3039897 3057252 17355
3036578 3057384 20806
3036457 3059166 22709
3052920 3060750 7830
3053770 3061278 7508
3017584 3061311 43727
3025384 3061872 36488
3053586 3062301 8715
3033795 3062334 28539
3045503 3062862 17359
3054305 3062928 8623
3022305 3063225 40920
3036053 3063753 27700
3012225 3065304 53079
3027988 3065832 37844
3022206 3066393 44187
3025592 3067284 41692
3051668 3068076 16408
3055228 3068637 13409
3055276 3069198 13922
3056824 3071310 14486
3055187 3073917 18730
3031970 3074214 42244
3044626 3074742 30116
3042419 3075204 32785
3068149 3075468 7319
3057665 3076194 18529
3037733 3079164 41431
3034204 3079692 45488
3051456 3079725 28269
3045276 3080187 34911
3051494 3080319 28825
3036231 3080781 44550
3059880 3080847 20967
3061793 3080847 19054
3072801 3081507 8706
3061833 3081903 20070
3055989 3083190 27201
3066825 3083751 16926
3044644 3085170 40526
3064858 3086457 21599
3075713 3086787 11074
3051953 3086886 34933
3054362 3087249 32887
3048957 3087315 38358
3054616 3087447 32831
3062484 3088074 25590
3049591 3088371 38780
3082813 3088767 5954
3058749 3089328 30579
3067968 3089889 21921
3050468 3090285 39817
3059004 3091308 32304
3062173 3091869 29696
3065579 3092067 26488
3063739 3092463 28724
3074679 3092628 17949
3076812 3093156 16344
3064155 3095301 31146
3081858 3095664 13806
3082178 3096423 14245
3081255 3097710 16455
3051284 3098205 46921
3071302 3099690 28388
3081148 3100812 19664
3095595 3102429 6834
3072804 3103716 30912
3097413 3103716 6303
3098373 3104706 6333
3076645 3104772 28127
3079345 3104871 25526
3066523 3105234 38711
3070895 3109293 38398
3092111 3110217 18106
3070764 3110316 39552
3085547 3113187 27640
3098506 3113847 15341
3080151 3114375 34224
3076890 3114804 37914
3092555 3116058 23503
3098233 3116751 18518
3089183 3118830 29647
3083395 3119061 35666
3099828 3120711 20883
3092820 3122196 29376
3097916 3122724 24808
3097438 3123087 25649
3109626 3126948 17322
3105126 3127707 22581
3103046 3127740 24694
3112664 3127740 15076
3106044 3128268 22224
3117319 3129324 12005
3104371 3131172 26801
3083303 3133152 49849
3111125 3133713 22588
3104744 3134736 29992
3100597 3137838 37241
3108254 3138432 30178
3099377 3139290 39913
3102948 3139851 36903
3108946 3140412 31466
3122732 3140643 17911
3129598 3141699 12101
3136098 3142062 5964
3121670 3142458 20788
3109812 3143316 33504
3127487 3144801 17314
3129420 3145362 15942
3138182 3145890 7708
3111762 3146187 34425
3125681 3151170 25489
3136076 3151896 15820
3121105 3152193 31088
3132685 3152259 19574
3121651 3152754 31103
3106576 3153249 46673
3136163 3153315 17152
3119970 3154239 34269
3133210 3155196 21986
3114818 3157308 42490
3136806 3157671 20865
3139607 3157737 18130
3112125 3158232 46107
3132784 3158892 26108
3139509 3161301 21792
3134791 3162258 27467
3125085 3163842 38757
3125664 3163908 38244
3135687 3164436 28749
3134510 3164634 30124
3139940 3165261 25321
3141153 3165822 24669
3139961 3166284 26323
3135639 3168627 32988
3158210 3169320 11110
3114712 3170211 55499
3115986 3170805 54819
3126664 3171366 44702
3162932 3171795 8863
3130378 3172290 41912
3140890 3175161 34271
3155234 3175821 20587
3144938 3176019 31081
3138080 3176184 38104
3156068 3176547 20479
3166750 3176844 10094
3158068 3177108 19040
3158988 3177636 18648
3153135 3177735 24600
3133112 3178329 45217
3137161 3178725 41564
3153764 3179187 25423
3146223 3179385 33162
3155042 3179781 24739
3146854 3181299 34445
3159982 3181827 21845
3175560 3181893 6333
3152102 3182223 30121
3166833 3182223 15390
3173065 3182784 9719
3133186 3183246 50060
3152484 3183312 30828
3149786 3187404 37618
3150656 3188031 37375
3141670 3188064 46394
3151872 3189087 37215
3151966 3189681 37715
3144365 3190506 46141
3176604 3190803 14199
3172176 3192816 20640
3177105 3195093 17988
3183976 3195654 11678
3157136 3197370 40234
3169715 3199152 29437
3171396 3199713 28317
3169800 3200208 30408
3171277 3200439 29162
3168286 3200736 32450
3190041 3201297 11256
3175572 3201792 26220
3194784 3201858 7074
3196601 3203508 6907
3175027 3203541 28514
3162734 3205158 42424
3171887 3205851 33964
3146015 3206247 60232
3176376 3206775 30399
3186678 3206808 20130
3177361 3207237 29876
3178047 3207270 29223
3180243 3207303 27060
3174165 3209877 35712
3155408 3210801 55393
3163046 3211824 48778
3167842 3211890 44048
3181963 3215916 33953
3194124 3215982 21858
3190788 3217005 26217
3159910 3218193 58283
3180132 3218523 38391
3160488 3218754 58266
3212932 3219480 6548
3171995 3219744 47749
3200076 3222450 22374
3196929 3223176 26247
3187406 3224199 36793
3212258 3224793 12535
3181340 3225090 43750
3204366 3225651 21285
3190200 3226179 35979
3209104 3228819 19715
3207520 3229314 21794
3219114 3229380 10266
3203927 3233769 29842
3200783 3234396 33613
3178596 3235386 56790
3197518 3236508 38990
3205187 3236541 31354
3223158 3237168 14010
3227256 3237696 10440
3220954 3238422 17468
3209435 3239907 30472
3216489 3240039 23550
3224853 3241128 16275
3200582 3242052 41470
3228676 3242415 13739
3206798 3242514 35716
3201361 3242679 41318
3219571 3243108 23537
3207872 3243273 35401
3199802 3243801 43999
3209675 3245352 35677
3212675 3245913 33238
3191245 3247695 56450
3228007 3247728 19721
3191463 3248751 57288
3196116 3248883 52767
3214038 3249246 35208
3216506 3249411 32905
3216046 3249708 33662
3217079 3250434 33355
3218618 3250995 32377
3219482 3251193 31711
3228654 3252843 24189
3235265 3253371 18106
3234981 3253701 18720
3242641 3254229 11588
3243100 3254823 11723
3177998 3255219 77221
3216511 3255252 38741
3231152 3259311 28159
3240831 3260631 19800
3250889 3261159 10270
3222304 3263106 40802
3245043 3265350 20307
3219019 3266208 47189
3246261 3266472 20211
3220682 3266736 46054
3229298 3267099 37801
3222837 3267198 44361
3234944 3268188 33244
3233631 3270498 36867
3239277 3271026 31749
3227837 3272742 44905
3219863 3272841 52978
3206345 3273237 66892
3223167 3273402 50235
3250346 3273798 23452
3253963 3274425 20462
3233961 3274986 41025
3246192 3276900 30708
3240756 3277296 36540
3245191 3277890 32699
3258923 3278220 19297
3241330 3278319 36989
3219636 3279243 59607
3243701 3279276 35575
3265078 3279276 14198
3236825 3279474 42649
3246118 3279837 33719
3255852 3280893 25041
3259589 3281322 21733
3261087 3281751 20664
3241909 3282411 40502
3267699 3284061 16362
3243474 3284391 40917
3255876 3284919 29043
3224897 3286833 61936
3260083 3287361 27278
3271269 3287922 16653
3232837 3290199 57362
3270308 3290430 20122
3244621 3290727 46106
3271577 3290991 19414
3238489 3291321 52832
3278988 3292707 13719
3259114 3293367 34253
3266191 3293961 27770
3266534 3294522 27988
3267041 3296271 29230
3269339 3296865 27526
3227756 3297096 69340
3257605 3299175 41570
3262849 3299736 36887
3266404 3300792 34388
3266424 3301353 34929
3261992 3301815 39823
3271078 3301947 30869
3281092 3302244 21152
3247305 3302343 55038
3258418 3302739 44321
3291448 3302805 11357
3224190 3303234 79044
3241231 3303300 62069
3279502 3303432 23930
3255652 3303960 48308
3264393 3304884 40491
3260505 3305742 45237
3280552 3305973 25421
3299409 3308646 9237
3284921 3309834 24913
3288230 3310329 22099
3261315 3310824 49509
3290676 3310857 20181
3252255 3311385 59130
3293937 3311649 17712
3279798 3313332 33534
3264037 3314190 50153
3293931 3314454 20523
3272362 3314718 42356
3281400 3315048 33648
3303857 3316698 12841
3293058 3317952 24894
3299956 3319173 19217
3309561 3319734 10173
3261966 3320196 58230
3268930 3320724 51794
3277127 3321318 44191
3303128 3321747 18619
3301291 3323727 22436
3317836 3323793 5957
3278890 3325179 46289
3318772 3325410 6638
3309708 3325707 15999
3272685 3325839 53154
3313791 3326235 12444
3296784 3326829 30045
3245551 3327225 81674
3283022 3327291 44269
3281430 3327522 46092
3297879 3328347 30468
3275646 3329304 53658
3284213 3330393 46180
3291034 3331284 40250
3297631 3331317 33686
3310710 3332373 21663
3309955 3333264 23309
3319604 3336795 17191
3322736 3337884 15148
3291027 3338214 47187
3288919 3338643 49724
3333141 3339105 5964
3293068 3339303 46235
3315869 3339666 23797
3333928 3339897 5969
3325089 3340194 15105
3321983 3340821 18838
3330006 3341283 11277
3335411 3342042 6631
3303426 3344187 40761
3323060 3345309 22249
3328047 3345375 17328
3339996 3345936 5940
3328694 3346398 17704
3324067 3347751 23684
3332241 3348807 16566
3314140 3349302 35162
3342645 3349434 6789
3342976 3349929 6953
3340578 3350259 9681
3330985 3350292 19307
3313227 3350754 37527
3311476 3351084 39608
3321237 3353328 32091
3331242 3353856 22614
3315211 3354252 39041
3319018 3355308 36290
3324636 3355836 31200
3334070 3355935 21865
3337599 3356067 18468
3341368 3356727 15359
3351028 3357354 6326
3345309 3357585 12276
3352039 3358443 6404
3313100 3358806 45706
3340131 3359367 19236
3355673 3361644 5971
3352001 3361776 9775
3322805 3362073 39268
3358964 3365274 6310
3324549 3368211 43662
3344003 3373293 29290
3367333 3373656 6323
3359705 3374415 14710
3325993 3374745 48752
3352720 3375735 23015
3352609 3377187 24578
3344055 3377748 33693
3365381 3380058 14677
3367428 3381180 13752
3376028 3382335 6307
3363292 3383325 20033
3377932 3383886 5954
3372496 3385371 12875
3340665 3386196 45531
3351586 3386757 35171
3364513 3387087 22574
3383236 3389199 5963
3350371 3391707 41336
3386416 3392367 5951
3356520 3392763 36243
3368397 3393225 24828
3366908 3393753 26845
3368358 3393885 25527
3369956 3394479 24523
3383712 3396261 12549
3391120 3397449 6329
3376535 3399264 22729
3392109 3399924 7815
3357544 3400584 43040
3385139 3404082 18943
3394126 3404643 10517
3386644 3404742 18098
3389142 3405270 16128
3363195 3406821 43626
3390327 3407349 17022
3389913 3409890 19977
3370358 3410055 39697
3396187 3410418 14231
3404958 3410913 5955
3395075 3411111 16036
3400566 3411672 11106
3405965 3411936 5971
3388844 3415170 26326
3372379 3415698 43319
3394823 3416259 21436
3401302 3416787 15485
3381434 3417249 35815
3409664 3417315 7651
3390041 3418404 28363
3383031 3421011 37980
3415211 3421704 6493
3402283 3422826 20543
3373035 3423222 50187
3414055 3423354 9299
3414321 3423915 9594
3383406 3425301 41895
3410403 3426423 16020
3389522 3427314 37792
3399408 3427875 28467
3402399 3428469 26070
3405772 3428997 23225
3410731 3429558 18827
3407903 3431307 23404
3395033 3431373 36340
3396461 3431934 35473
3411735 3433320 21585
3416360 3433881 17521
3399648 3434211 34563
3416462 3434442 17980
3400662 3434706 34044
3417055 3435036 17981
3393241 3435366 42125
3430752 3436719 5967
3429505 3437247 7742
3386291 3439689 53398
3426244 3440514 14270
3405635 3441240 35605
3423368 3443187 19819
3426320 3443748 17428
3434776 3444276 9500
3413643 3445761 32118
3439466 3445794 6328
3421529 3446322 24793
3423457 3446883 23426
3412199 3447246 35047
3409271 3449325 40054
3428309 3449787 21478
3408456 3450414 41958
3417995 3450810 32815
3423755 3451371 27616
3435250 3452658 17408
3435281 3456420 21139
3437015 3456816 19801
3434099 3456915 22816
3451520 3457476 5956
3446480 3457740 11260
3406211 3458202 51991
3429569 3458499 28930
3428092 3459060 30968
3432004 3459093 27089
3435690 3459654 23964
3436916 3460182 23266
3440591 3461271 20680
3451552 3462393 10841
3456385 3462954 6569
3442478 3463713 21235
3444988 3464736 19748
3462801 3468762 5961
3428900 3469290 40390
3443486 3469818 26332
3457207 3470280 13073
3444776 3470346 25570
3446363 3470841 24478
3462308 3470940 8632
3438877 3474801 35924
3442731 3476484 33753
3457195 3477276 20081
3454222 3479322 25100
3437517 3479388 41871
3470330 3481335 11005
3472949 3481863 8914
3474376 3487737 13361
3457033 3489222 32189
3460837 3489651 28814
3466361 3490212 23851
3471196 3490740 19544
3452340 3491433 39093
3470173 3491730 21557
3473451 3492819 19368
3468033 3493314 25281
3458451 3494436 35985
3441923 3495228 53305
3467345 3497307 29962
3468113 3497868 29755
3450143 3498396 48253
3469817 3499881 30064
3477885 3500079 22194
3481483 3500409 18926
3493961 3501696 7735
3487660 3501828 14168
3465975 3502488 36513
3496571 3502884 6313
3454246 3503313 49067
3497393 3503346 5953
3488988 3504633 15645
3484896 3504798 19902
3491656 3505887 14231
3478099 3506184 28085
3467866 3506745 38879
3483100 3507834 24734
3489705 3508824 19119
3493855 3509913 16058
3496131 3510441 14310
3473050 3511695 38645
3494146 3511761 17615
3487058 3512223 25165
3507374 3513345 5971
3503504 3513411 9907
3472947 3513675 40728
3488686 3515721 27035
3509625 3516810 7185
3497371 3517701 20330
3492813 3517866 25053
3488770 3518394 29624
3489286 3518724 29438
3510623 3519384 8761
3492851 3521298 28447
3483697 3522387 38690
3517119 3523080 5961
3495419 3523311 27892
3520288 3526248 5960
3502951 3527832 24881
3518276 3528459 10183
3517504 3528789 11285
3504467 3530703 26236
3484873 3531099 46226
3501243 3531759 30516
3521385 3536247 14862
3490895 3537105 46210
3496251 3537666 41415
3512042 3539184 27142
3533816 3539778 5962
3514822 3541296 26474
3530861 3542781 11920
3517571 3545322 27751
3523604 3545850 22246
3526288 3546444 20156
3498567 3547302 48735
3522106 3547830 25724
3525940 3548061 22121
3526753 3548655 21902
3532325 3549183 16858
3522875 3549315 26440
3539098 3550404 11306
3509266 3551328 42062
3517164 3551361 34197
3529478 3551955 22477
3548666 3554628 5962
3529414 3555090 25676
3551826 3557796 5970
3533996 3559182 25186
3535705 3559743 24038
3542759 3560799 18040
3534529 3561228 26699
3532561 3561657 29096
3533656 3562218 28562
3551820 3563736 11916
3521600 3565287 43687
3555552 3566244 10692
3542515 3566739 24224
3547180 3567861 20681
3539674 3569313 29639
3535950 3569874 33924
3549495 3570798 21303
3538824 3572052 33228
3563149 3572745 9596
3547431 3574923 27492
3548253 3575319 27066
3540802 3576111 35309
3564694 3577332 12638
3571532 3577497 5965
3566259 3577893 11634
3544207 3578058 33851
3553218 3579114 25896
3554188 3581457 27269
3572120 3582546 10426
3557047 3583173 26126
3544617 3584196 39579
3566636 3584229 17593
3543148 3585087 41939
3558992 3585318 26326
3573227 3585318 12091
3545085 3585780 40695
3570409 3585945 15536
3575705 3588255 12550
3561172 3589179 28007
3565906 3590334 24428
3561325 3591225 29900
3583429 3593205 9776
3553406 3593304 39898
3565786 3593733 27947
3569214 3594294 25080
3545832 3594789 48957
3578777 3594822 16045
3565341 3595548 30207
3553856 3595812 41956
3554944 3596076 41132
3576769 3596736 19967
3580992 3597264 16272
3571677 3598056 26379
3585670 3598386 12716
3572257 3598617 26360
3571216 3598815 27599
3589252 3598914 9662
3573221 3599409 26188
3592969 3599475 6506
3595515 3601455 5940
3592685 3608880 16195
3558143 3609705 51562
3561566 3610266 48700
3565060 3610794 45734
3570849 3613170 42321
3591201 3613731 22530
3591697 3614259 22562
3582320 3614820 32500
3563080 3615249 52169
3573547 3615777 42230
3587830 3616371 28541
3591910 3616899 24989
3592470 3617460 24990
3593973 3617988 24015
3583520 3618813 35293
3590113 3619836 29723
3590120 3623631 33511
3584335 3623829 39494
3579094 3623928 44834
3589606 3624984 35378
3580019 3626205 46186
3589279 3627756 38477
3599803 3633234 33431
3584500 3633795 49295
3594017 3634224 40207
3585281 3634719 49438
3585981 3635247 49266
3573318 3643299 69981
3597893 3655707 57814
