139 6468 6329
4486 14751 10265
5547 17754 12207
9277 18381 9104
4404 19305 14901
1214 24552 23338
11745 25674 13929
2087 29337 27250
5891 30360 24469
4505 30789 26284
26162 36465 10303
26290 37026 10736
4098 37818 33720
610 37851 37241
16141 39039 22898
25002 41514 16512
37041 42999 5958
22654 43329 20675
25885 43857 17972
37586 43890 6304
25987 44451 18464
14108 47322 33214
21640 47751 26111
11247 48807 37560
34199 49731 15532
19837 50358 30521
26157 53790 27633
27300 54285 26985
41254 54351 13097
13817 56331 42514
20826 56793 35967
38905 59367 20462
22889 60489 37600
7033 61809 54776
56730 62700 5970
50951 63261 12310
38930 65208 26278
36427 66495 30068
41910 66660 24750
39523 67056 27533
37486 67089 29603
45294 67749 22455
40571 67881 27310
43515 68211 24696
47285 68310 21025
45671 68739 23068
49332 68772 19440
33831 71346 37515
41640 72666 31026
53013 73128 20115
54538 77319 22781
60171 78375 18204
32095 78804 46709
71363 78903 7540
42439 79332 36893
44268 79431 35163
37611 79794 42183
47581 80487 32906
54499 80751 26252
47166 81411 34245
39697 84480 44783
71331 87153 15822
62016 89199 27183
52832 89991 37159
75583 90288 14705
75723 90849 15126
65055 90915 25860
70294 91212 20918
68328 91410 23082
80070 93555 13485
81754 94347 12593
46685 95205 48520
46884 95931 49047
44695 96360 51665
74036 96525 22489
51692 96789 45097
85802 97086 11284
67306 97317 30011
92019 97977 5958
91200 98010 6810
73767 101343 27576
72376 101871 29495
84360 102366 18006
54689 102795 48106
61268 103323 42055
77079 103389 26310
56504 103818 47314
57528 104379 46851
63443 105369 41926
75551 108372 32821
76967 109032 32065
83100 109989 26889
83325 110550 27225
82309 110649 28340
90998 111342 20344
91098 112134 21036
80259 114510 34251
92644 114675 22031
104237 115764 11527
86415 115797 29382
106613 116292 9679
107109 116886 9777
80245 119196 38951
70085 119757 49672
104729 120516 15787
93156 120582 27426
96600 120780 24180
105610 121077 15467
104774 122199 17425
110650 123288 12638
74033 124839 50806
100409 126357 25948
67373 126786 59413
84966 126819 41853
121125 127083 5958
76664 127809 51145
110317 127842 17525
113875 128370 14495
99471 128931 29460
98748 130020 31272
125884 131835 5951
126148 132330 6182
88177 132363 44186
102891 132825 29934
99177 132990 33813
105454 133419 27965
104386 134673 30287
120505 135267 14762
117222 138006 20784
112914 138534 25620
119379 138666 19287
120754 139227 18473
129272 140283 11011
103039 143319 40280
77632 143748 66116
109817 144441 34624
133307 144540 11233
95870 144804 48934
101556 144969 43413
139302 145266 5964
139062 149655 10593
107913 149886 41973
115418 151800 36382
107109 152328 45219
138514 155364 16850
130364 156948 26584
141525 157377 15852
130493 157476 26983
120904 157806 36902
122315 158136 35821
101395 158334 56939
143532 161766 18234
123014 162492 39478
153023 162657 9634
137239 163020 25781
149702 163317 13615
133783 163515 29732
150504 163878 13374
124218 167211 42993
147287 168003 20716
127386 168795 41409
121744 169323 47579
164191 170148 5957
153905 170247 16342
157010 172854 15844
167086 173052 5966
136821 174306 37485
137136 175824 38688
169987 179355 9368
139287 180510 41223
145875 181797 35922
176372 182325 5953
164523 185196 20673
179316 185262 5946
158911 186483 27572
174896 187737 12841
144023 191334 47311
154967 191763 36796
156723 192423 35700
158559 192786 34227
158363 192951 34588
150979 193314 42335
157419 193347 35928
184065 193677 9612
174170 194040 19870
172434 198363 25929
160872 198825 37953
170494 199386 28892
180211 199452 19241
173133 199815 26682
188122 199980 11858
175237 200409 25172
166307 204369 38062
171200 205062 33862
186396 205425 19029
178372 205524 27152
183428 205821 22393
178999 206217 27218
183567 207042 23475
182184 209187 27003
187980 210276 22296
168664 210507 41843
175753 211035 35282
170451 211629 41178
180738 212157 31419
208764 214731 5967
164823 215325 50502
178375 215952 37577
192442 216513 24071
169598 216777 47179
183509 217305 33796
204261 217602 13341
193768 217668 23900
178108 217734 39626
196929 218229 21300
212237 218328 6091
206099 219285 13186
182264 221331 39067
185399 221859 36460
197213 221892 24679
216279 222222 5943
208687 222354 13667
209247 222948 13701
202319 223344 21025
209461 223509 14048
212847 224037 11190
217352 225126 7774
212887 227370 14483
191833 228492 36659
183523 229020 45497
222354 229020 6666
199654 229449 29795
184855 229812 44957
209739 230670 20931
215444 232221 16777
206119 233211 27092
200507 234498 33991
219373 234663 15290
187531 235092 47561
219812 235323 15511
194043 235620 41577
223502 236181 12679
229964 236280 6316
225238 236709 11471
202695 239184 36489
220211 240075 19864
234637 240603 5966
191597 240801 49204
213143 241197 28054
218676 242253 23577
226195 243309 17114
206255 244827 38572
238951 244893 5942
232578 247335 14757
213597 247797 34200
219325 252483 33158
207967 253506 45539
246960 254463 7503
226869 255024 28155
231223 255684 24461
232379 256212 23833
233977 257202 23225
237105 257763 20658
251899 257862 5963
238961 258291 19330
231332 258489 27157
229831 258588 28757
241332 259215 17883
246152 259314 13162
231107 259677 28570
241595 259776 18181
237258 260205 22947
216185 263340 47155
219462 263769 44307
224870 264297 39427
223284 264660 41376
249836 264957 15121
254993 265089 10096
229075 265386 36311
232976 265683 32707
230726 265980 35254
233900 266277 32377
236205 266442 30237
237304 267168 29864
261289 267234 5945
238097 267432 29335
246302 267861 21559
248166 268389 20223
255427 269973 14546
237897 270369 32472
243899 271425 27526
232922 272283 39361
267617 276144 8527
241902 276507 34605
244051 276969 32918
251461 277497 26036
237243 278157 40914
268179 278751 10572
274164 280104 5940
252688 281985 29297
265270 282645 17375
278247 284196 5949
233092 287199 54107
269506 287694 18188
271413 287991 16578
272226 288552 16326
206693 288783 82090
279771 289113 9342
240659 289179 48520
247039 289674 42635
246635 289872 43237
248847 290268 41421
280308 290268 9960
261394 290796 29402
280621 290862 10241
270689 291291 20602
284282 292380 8098
288679 294624 5945
273985 295680 21695
280108 297231 17123
261416 300366 38950
276772 300894 24122
289032 303039 14007
293533 303303 9770
279668 306009 26341
275865 306603 30738
286512 306669 20157
300607 306933 6326
295731 307131 11400
293941 312015 18074
297677 313137 15460
287834 313368 25534
304791 313665 8874
294903 313764 18861
298435 314754 16319
309684 316008 6324
300749 318351 17602
261547 318780 57233
312363 319011 6648
312697 319506 6809
278210 320232 42022
294650 320859 26209
306049 323367 17318
306786 323928 17142
287130 324357 37227
313394 325545 12151
295006 325809 30803
319024 326337 7313
296344 327030 30686
312012 328284 16272
303743 329208 25465
294226 330495 36269
311100 330660 19560
325023 330990 5967
319456 331221 11765
321384 331749 10365
306238 331914 25676
308164 332475 24311
320281 333531 13250
292142 335214 43072
293089 335775 42686
305725 336402 30677
325592 337095 11503
326474 337656 11182
318602 338250 19648
316322 340857 24535
326506 343464 16958
311035 348348 37313
313671 349041 35370
316551 349635 33084
312743 349800 37057
343694 350031 6337
328059 351153 23094
314971 353991 39020
338334 354288 15954
348277 354981 6704
310238 355047 44809
322124 355080 32956
327247 355839 28592
350881 356829 5948
316644 359205 42561
321665 359766 38101
329076 360459 31383
314812 360789 45977
324138 361317 37179
358172 364122 5950
322401 365343 42942
342127 366300 24173
340456 366366 25910
345462 366927 21465
324145 367818 43673
346359 368082 21723
331712 368973 37261
350038 371382 21344
351371 371976 20605
333146 372504 39358
363022 372504 9482
335347 373032 37685
328005 373329 45324
368124 374088 5964
322041 374154 52113
362980 375243 12263
361705 377190 15485
356683 378543 21860
356549 378675 22126
349453 379665 30212
368265 379764 11499
355772 379863 24091
352849 380193 27344
371538 380391 8853
365745 380952 15207
366385 382437 16052
351465 383328 31863
329769 383856 54087
347541 384648 37107
337129 385308 48179
360324 385671 25347
372762 386760 13998
377826 387288 9462
345553 389334 43781
343487 389862 46375
357276 389961 32685
349107 390291 41184
347288 391809 44521
365402 392073 26671
355774 392370 36596
385568 395373 9805
366479 396495 30016
372726 396825 24099
372571 396924 24353
359969 397254 37285
377845 397386 19541
355371 397584 42213
382514 397881 15367
359067 398112 39045
392174 398211 6037
365909 398640 32731
374395 401214 26819
393652 402369 8717
358330 402501 44171
377225 403029 25804
380324 403590 23266
392046 403755 11709
384976 404085 19109
363211 407319 44108
363132 407847 44715
349541 408804 59263
369238 409233 39995
383310 409761 26451
350031 413325 63294
375313 414348 39035
389716 414381 24665
397697 414909 17212
389316 415437 26121
379034 415668 36634
410089 417021 6932
400592 419364 18772
383317 420486 37169
395959 420816 24857
397088 421014 23926
403625 421014 17389
414653 422400 7747
353878 422928 69050
399946 423060 23114
401107 424314 23207
402468 426393 23925
402088 426657 24569
413786 427845 14059
416064 428274 12210
420050 428901 8851
421081 429495 8414
389204 432795 43591
391176 433323 42147
398975 433884 34909
401543 434247 32704
417964 435039 17075
427684 435831 8147
375724 437316 61592
387312 437910 50598
412173 438372 26199
391771 438801 47030
412668 438966 26298
396643 439362 42719
412771 439461 26690
390372 439824 49452
401097 439956 38859
402729 440385 37656
404320 440517 36197
420205 441045 20840
428343 444312 15969
420988 445797 24809
408794 446358 37564
409249 446919 37670
411151 447546 36395
438063 450318 12255
411247 450483 39236
415406 451044 35638
442682 451539 8857
439543 451737 12194
444952 452100 7148
407921 456786 48865
410731 457314 46583
417569 457875 40306
420109 458403 38294
410850 459459 48609
418282 461340 43058
427656 461868 34212
428973 461967 32994
408683 462297 53614
442307 462363 20056
428523 462825 34302
457262 463221 5959
430830 463386 32556
422751 463683 40932
436087 464310 28223
425850 464904 39054
446717 466851 20134
453171 467940 14769
425585 468501 42916
455314 468501 13187
436469 468930 32461
436788 469491 32703
438641 470151 31510
457264 473187 15923
457408 473781 16373
460218 474309 14091
444434 474507 30073
459784 474639 14855
461060 479325 18265
465134 480546 15412
447548 480777 33229
455398 481305 25907
456022 481800 25778
475715 481833 6118
474821 482097 7276
476855 482823 5968
465381 485694 20313
480127 486090 5963
462515 486354 23839
480314 486585 6271
435004 486783 51779
469924 487410 17486
477883 487443 9560
450964 487674 36710
452105 488400 36295
454439 488961 34522
463958 489324 25366
472862 491370 18508
473774 491931 18157
452324 492492 40168
477517 492954 15437
465169 493812 28643
478183 493812 15629
449430 494340 44910
476919 494505 17586
467425 494670 27245
480671 497211 16540
452510 498498 45988
465307 499125 33818
463171 499224 36053
493481 499422 5941
463326 499752 36426
469060 500181 31121
469927 500214 30287
494578 500544 5966
491237 500841 9604
476365 501237 24872
475419 503316 27897
465924 503844 37920
481997 504801 22804
491195 505692 14497
501300 507243 5943
467491 509322 41831
457171 509850 52679
476987 510807 33820
490218 510840 20622
465987 511797 45810
477960 512325 34365
457974 512886 54912
491526 515361 23835
498278 515922 17644
495294 516846 21552
504130 517935 13805
490669 518661 27992
499845 521202 21357
508255 521763 13508
494067 523083 29016
505370 523611 18241
511246 524931 13685
512381 525492 13111
492524 527340 34816
500417 527802 27385
508861 528000 19139
502510 528462 25952
522698 528660 5962
482845 528792 45947
523828 529782 5954
509287 530277 20990
524988 530937 5949
502198 533346 31148
468642 534468 65826
505398 534798 29400
496211 535029 38818
516017 535128 19111
493529 535326 41797
497901 535392 37491
522835 535458 12623
500594 535821 35227
504543 536349 31806
517235 536778 19543
491843 537438 45595
526419 539352 12933
528619 541002 12383
504715 541299 36584
512406 541761 29355
527251 544203 16952
528551 544269 15718
501332 546480 45148
520022 546645 26623
505896 547008 41112
536857 547305 10448
509885 547635 37750
537885 547866 9981
528154 548295 20141
522755 548625 25870
541195 549384 8189
520115 551331 31216
507253 551892 44639
509445 552486 43041
530444 552486 22042
534497 552519 18022
512918 553047 40129
521056 553608 32552
529171 553674 24503
539849 554796 14947
550311 556281 5970
513569 557337 43768
512502 558294 45792
517020 558426 41406
537248 558921 21673
531885 559086 27201
538787 559449 20662
509325 559812 50487
541539 559977 18438
537985 560340 22355
548127 563805 15678
552309 564366 12057
529410 564399 34989
550750 564828 14078
534423 565818 31395
520481 566379 45898
530051 567138 37087
541948 569184 27236
555585 570273 14688
541596 570669 29073
562874 571923 9049
543904 572121 28217
524262 572616 48354
544642 575190 30548
534127 576807 42680
568166 577104 8938
542207 577269 35062
553908 577665 23757
572293 578259 5966
571761 578325 6564
525959 580833 54874
526253 581394 55141
541274 582021 40747
545400 582285 36885
547109 582351 35242
568359 582549 14190
559884 582846 22962
558895 583737 24842
556971 583803 26832
567165 584331 17166
560945 584859 23914
578974 587532 8558
580616 588060 7444
581296 588555 7259
579710 589380 9670
555221 589809 34588
557333 589875 32542
568926 591063 22137
570538 593010 22472
567184 594660 27476
571002 595221 24219
576567 595320 18753
571738 595749 24011
576835 596277 19442
572498 599214 26716
574056 599874 25818
586132 600534 14402
554416 600798 46382
566939 601359 34420
592521 601623 9102
570557 601920 31363
592586 602151 9565
565667 602448 36781
552536 605319 52783
558966 605880 46914
544021 606309 62288
563526 606375 42849
582411 606441 24030
589580 606474 16894
577526 606837 29311
584361 607398 23037
601444 607398 5954
578853 607794 28941
584445 608322 23877
582879 608916 26037
585276 608982 23706
596661 610203 13542
581311 612480 31169
593968 612810 18842
579184 613008 33824
585348 613800 28452
586959 614658 27699
598673 615747 17074
594633 617199 22566
600174 617760 17586
601402 618288 16886
590178 618486 28308
585512 618651 33139
609214 618816 9602
590575 619113 28538
599070 619641 20571
599293 619839 20546
596404 623337 26933
610711 623997 13286
594409 624393 29984
617421 624492 7071
565484 624657 59173
584487 625218 40731
604632 625680 21048
590354 636504 46150
611598 636867 25269
605011 637032 32021
597998 637626 39628
600125 637758 37633
620571 638022 17451
597941 638286 40345
614726 641190 26464
605374 642015 36641
618361 643137 24776
628892 643236 14344
627410 647988 20578
609999 648648 38649
618312 649374 31062
646753 652707 5954
610847 653334 42487
624532 653862 29330
648256 654225 5969
623324 654291 30967
631158 654357 23199
635215 654819 19604
636206 654918 18712
637534 655413 17879
650724 660858 10134
632583 661056 28473
656009 661980 5971
656349 662475 6126
634900 662673 27773
651539 664356 12817
639688 665214 25526
643800 665775 21975
642676 666501 23825
649353 667128 17775
652907 667260 14353
660663 667788 7125
648014 667854 19840
636846 671187 34341
643201 671880 28679
659558 672012 12454
619729 672309 52580
643043 672804 29761
619571 672870 53299
619231 673332 54101
631914 673398 41484
668420 674751 6331
630814 678282 47468
654079 678348 24269
634130 679338 45208
666838 679437 12599
658156 679932 21776
665381 682836 17455
677949 683892 5943
675609 684123 8514
639227 684486 45259
655561 685047 29486
644074 685608 41534
658310 685806 27496
661048 686334 25286
671978 689205 17227
673851 689766 15915
675342 690294 14952
684118 691878 7760
657896 692571 34675
662016 695211 33195
649443 695706 46263
683824 696003 12179
667029 696795 29766
673010 697686 24676
692128 698082 5954
673536 698280 24744
692730 698676 5946
687119 699336 12217
687360 699930 12570
662406 701316 38910
651944 702471 50527
689380 702933 13553
667618 703692 36074
698259 704220 5961
683997 708378 24381
688610 709434 20824
676871 709797 32926
671600 709863 38263
671822 710490 38668
700478 710655 10177
692985 714285 21300
656679 714483 57804
663468 714582 51114
689443 714648 25205
706398 715275 8877
709494 715440 5946
669361 715671 46310
697952 715836 17884
709631 715935 6304
682189 716265 34076
684134 716298 32164
701679 717288 15609
701420 720555 19135
699704 720654 20950
715455 721413 5958
708413 721710 13297
696807 722238 25431
709741 722238 12497
716328 722271 5943
707323 723822 16499
687082 725340 38258
692072 725868 33796
698028 726792 28764
702452 726990 24538
701283 727023 25740
703307 727320 24013
688221 727815 39594
719363 728013 8650
702208 728145 25937
715850 731940 16090
684291 732369 48078
703987 732831 28844
671566 733656 62090
701945 733821 31876
713006 734679 21673
713392 735240 21848
710652 737550 26898
720514 739827 19313
731211 739827 8616
690127 743193 53066
705351 743754 38403
718589 745107 26518
707477 745239 37762
691814 745932 54118
739595 746196 6601
711316 746295 34979
716751 746526 29775
726645 747054 20409
702370 749892 47522
712295 749958 37663
717184 750288 33104
731472 750915 19443
715574 751080 35506
721235 751311 30076
723682 751806 28124
726199 751905 25706
728296 751971 23675
728096 752367 24271
729008 753027 24019
716881 753489 36608
705406 754017 48611
739554 754842 15288
739074 756294 17220
713319 756492 43173
717781 757845 40064
753209 759165 5956
746932 759792 12860
754055 761640 7585
756042 762003 5961
745379 762663 17284
748152 763752 15600
742348 763851 21503
752847 764280 11433
712291 767184 54893
738467 767844 29377
761882 767844 5962
714302 768405 54103
716036 768801 52765
763053 768999 5946
732424 769362 36938
742649 769692 27043
736847 773322 36475
728127 774312 46185
749888 774378 24490
751386 774939 23553
753390 775434 22044
751329 775797 24468
754640 775995 21355
747237 776226 28989
746253 776490 30237
724442 776754 52312
763353 779361 16008
764325 779955 15630
742417 780483 38066
762714 781407 18693
766953 785202 18249
772628 786357 13729
740659 786489 45830
765047 786654 21607
777698 786951 9253
777004 786984 9980
771881 787776 15895
765445 788403 22958
777099 788865 11766
770256 788931 18675
752849 791208 38359
781093 793122 12029
781133 793683 12550
753210 797346 44136
755907 798369 42462
756036 798798 42762
757481 798831 41350
764253 798930 34677
766556 799095 32539
768546 799689 31143
787166 799722 12556
753996 799821 45825
770570 800943 30373
787673 804309 16636
769739 804507 34768
791144 804507 13363
772397 804936 32539
797933 805035 7102
773045 805629 32584
766465 805761 39296
764142 806157 42015
785302 806289 20987
755070 806355 51285
772887 807015 34128
755600 807411 51811
786599 808038 21439
790905 808071 17166
789843 809193 19350
762463 810480 48017
777723 810645 32922
793929 811305 17376
783456 811800 28344
761224 815331 54107
772704 815760 43056
797858 815991 18133
783970 816783 32813
770990 817311 46321
780453 817773 37320
801584 818235 16651
789976 821865 31889
798943 821964 23021
803616 822954 19338
812581 823977 11396
781946 824241 42295
818033 824340 6307
797721 824802 27081
801228 825330 24102
807740 826848 19108
807652 828300 20648
815245 828465 13220
822261 828861 6600
816607 829026 12419
774889 830346 55457
805655 830412 24757
824657 830610 5953
807330 833184 25854
816600 833745 17145
826247 834240 7993
828475 834801 6326
828028 834834 6806
808309 835065 26756
830287 836616 6329
831242 837210 5968
795387 839322 43935
807831 839850 32019
789271 840411 51140
811563 840906 29343
819589 841137 21548
826673 841665 14992
830483 842193 11710
833861 842226 8365
795376 846285 50909
824781 846450 21669
798468 846516 48048
814463 847440 32977
818286 847638 29352
809693 852489 42796
829851 853446 23595
801548 853809 52261
828604 853974 25370
802291 854403 52112
848442 854403 5961
843771 857769 13998
845114 858297 13183
848503 858297 9794
851111 858825 7714
851589 859320 7731
837644 859848 22204
853949 859914 5965
832790 863511 30721
811937 864798 52861
856521 865128 8607
830796 865260 34464
840641 868857 28216
846170 870375 24205
854380 872817 18437
856516 876282 19766
831571 876480 44909
859915 876810 16895
831832 877008 45176
839527 877800 38273
865793 877800 12007
867353 877899 10546
833039 877998 44959
838233 878328 40095
868873 878427 9554
871818 878427 6609
852879 879153 26274
855549 879186 23637
858827 880770 21943
864019 880836 16817
842860 882486 39626
848759 883047 34288
843841 883608 39767
857625 883872 26247
846887 884169 37282
868955 884433 15478
845845 887337 41492
847967 887865 39898
868760 887997 19237
833251 888294 55043
873658 888525 14867
837427 888789 51362
833726 888822 55096
882231 889086 6855
864247 889680 25433
843704 889746 46042
858048 890406 32358
870597 891858 21261
868589 894366 25777
879700 894927 15227
862472 895818 33346
855481 896346 40865
862625 896775 34150
882344 899349 17005
883291 899943 16652
881869 900306 18437
884535 900471 15936
847131 901329 54198
874843 903012 28169
897351 903309 5958
858529 906510 47981
889811 906675 16864
868699 907071 38372
856444 907665 51221
892629 907797 15168
883239 907830 24591
894850 908325 13475
883416 908391 24975
890883 908919 18036
865786 911328 45542
867111 911790 44679
898241 911988 13747
867127 912483 45356
878390 914265 35875
886852 915387 28535
875494 917400 41906
881664 918291 36627
905476 918357 12881
881266 919842 38576
901962 920073 18111
891345 920898 29553
899881 921459 21578
905156 923373 18217
917201 924396 7195
881428 924495 43067
901182 924825 23643
891584 925056 33472
885809 925320 39511
874559 925617 51058
904953 926376 21423
902041 926706 24665
893446 930006 36560
890234 930534 40300
903858 931557 27699
912912 931755 18843
921909 932283 10374
910226 932646 22420
890407 935319 44912
898885 935847 36962
918842 936012 17170
894941 936408 41467
902865 937662 34797
906290 938256 31966
902883 941325 38442
919582 942348 22766
920984 942909 21925
920725 943305 22580
906688 943833 37145
938796 944757 5961
907000 948486 41486
920210 949443 29233
919715 949476 29761
922563 950037 27474
923355 950664 27309
926180 953205 27025
938561 953766 15205
903210 954525 51315
944153 955317 11164
913017 955647 42630
937242 955713 18471
947067 955878 8811
907268 959343 52075
908129 959772 51643
943262 960003 16741
901229 960300 59071
954143 960597 6454
921191 960795 39604
905747 960993 55246
930958 961323 30365
913040 961884 48844
926260 962148 35888
933418 962742 29324
945675 963831 18156
936740 965316 28576
911675 965349 53674
959416 965382 5966
949787 966306 16519
951095 966966 15871
914997 967824 52827
946651 968055 21404
955404 968055 12651
946374 968352 21978
951273 969441 18168
950446 971355 20909
957504 972444 14940
956721 973203 16482
952433 973434 21001
948305 975150 26845
958046 977757 19711
951453 978483 27030
965181 978648 13467
964626 978813 14187
936199 979011 42812
947166 979110 31944
970678 979473 8795
958313 979869 21556
959050 980430 21380
953765 981321 27556
968331 981486 13155
909259 983334 74075
948139 983862 35723
978632 984588 5956
947552 985677 38125
979866 985809 5943
951280 989868 38588
957288 990297 33009
969844 990363 20519
946275 990429 44154
965396 990858 25462
946794 990957 44163
959672 990990 31318
968382 995313 26931
976745 996435 19690
956826 996501 39675
954920 996930 42010
981709 996963 15254
959406 997590 38184
964427 997821 33394
950082 998349 48267
965809 998646 32837
973973 1001187 27214
974344 1002012 27668
980331 1002309 21978
964208 1003101 38893
991712 1003134 11422
990823 1003233 12410
983474 1003431 19957
991814 1003794 11980
988427 1003827 15400
957532 1007325 49793
975430 1007886 32456
994220 1007985 13765
982010 1008282 26272
997445 1008513 11068
974406 1008645 34239
984682 1009206 24524
971702 1009734 38032
993236 1011318 18082
994390 1011846 17456
971470 1013331 41861
982822 1013859 31037
981636 1014783 33147
966163 1015806 49643
997882 1016235 18353
991420 1019370 27950
984406 1020492 36086
1011937 1020921 8984
980049 1021812 41763
982677 1023000 40323
999907 1024221 24314
1014870 1025772 10902
1016854 1026300 9446
982363 1026498 44135
1021829 1027785 5956
1001598 1027884 26286
1022204 1028148 5944
990314 1031316 41002
992790 1031778 38988
1026034 1031976 5942
996696 1032405 35709
998211 1032801 34590
1001433 1032900 31467
1020733 1033131 12398
1006950 1033428 26478
998701 1033692 34991
1010069 1033956 23887
1021766 1034781 13015
1023306 1035342 12036
980399 1038807 58408
1014494 1038939 24445
1010796 1039665 28869
1011379 1044483 33104
1014195 1044912 30717
1029337 1046661 17324
1023357 1049202 25845
1037173 1050291 13118
1032607 1051050 18443
1032405 1051776 19371
1025849 1055340 29491
1049869 1055835 5966
1026652 1055967 29315
1035242 1056528 21286
1008358 1056792 48434
1040953 1057089 16136
1044290 1057254 12964
1009816 1057353 47537
1030366 1057617 27251
1042907 1057650 14743
1011535 1057782 46247
1040572 1058112 17540
1032904 1058343 25439
1015417 1061379 45962
1040169 1062369 22200
1026877 1062435 35558
1032755 1062600 29845
1043396 1063326 19930
1045593 1063425 17832
1046298 1063623 17325
1033763 1063821 30058
1025668 1064250 38582
1038573 1064910 26337
1049471 1068441 18970
1052332 1068870 16538
1036289 1069299 33010
1054882 1069431 14549
1047226 1071741 24515
1039849 1074645 34796
1038677 1075008 36331
1027417 1075074 47657
1059813 1075305 15492
1069337 1075668 6331
1052310 1076130 23820
1056954 1076295 19341
1062762 1076823 14061
1041197 1079331 38134
1053266 1080651 27385
1027987 1081212 53225
1058907 1081674 22767
1066392 1081674 15282
1043158 1081740 38582
1070900 1083258 12358
1058547 1085337 26790
1026087 1085370 59283
1065017 1085898 20881
1066984 1086360 19376
1040997 1086789 45792
1055884 1087812 31928
1057220 1088373 31153
1082661 1088967 6306
1059989 1092498 32509
1055957 1092960 37003
1080263 1093389 13126
1045666 1098504 52838
1065342 1099560 34218
1077072 1099758 22686
1059741 1100055 40314
1080180 1100253 20073
1060529 1100583 40054
1070575 1100649 30074
1083468 1100814 17346
1061055 1103190 42135
1097463 1103421 5958
1071853 1103850 31997
1079395 1104477 25082
1047600 1104807 57207
1082182 1105665 23483
1076703 1105764 29061
1088269 1106787 18518
1100332 1107843 7511
1049527 1109889 60362
1085488 1110351 24863
1104428 1110384 5956
1085301 1110417 25116
1091975 1110450 18475
1074242 1110780 36538
1095672 1111440 15768
1075951 1112364 36413
1065744 1112925 47181
1106161 1113090 6929
1081334 1113420 32086
1096816 1115961 19145
1069537 1116357 46820
1096864 1116555 19691
1097137 1116819 19682
1075017 1118403 43386
1091456 1119030 27574
1091572 1119723 28151
1104884 1121769 16885
1091453 1122000 30547
1091879 1123056 31177
1082310 1123650 41340
1094930 1123716 28786
1094703 1124145 29442
1114714 1125267 10553
1091237 1127346 36109
1067133 1127874 60741
1107650 1128006 20356
1092140 1128666 36526
1107156 1129689 22533
1105926 1129920 23994
1122813 1130151 7338
1113790 1130778 16988
1121501 1131867 10366
1107661 1132395 24734
1086618 1134309 47691
1124720 1134375 9655
1090621 1134870 44249
1112092 1135431 23339
1086742 1135794 49052
1105305 1136223 30918
1098600 1140348 41748
1116874 1140810 23936
1100822 1140876 40054
1116833 1141800 24967
1133127 1143384 10257
1137371 1144077 6706
1133646 1144143 10497
1094606 1146486 51880
1117272 1146651 29379
1128892 1147212 18320
1114494 1147575 33081
1139073 1147806 8733
1125866 1148202 22336
1126928 1148301 21373
1136350 1148961 12611
1132867 1149324 16457
1110897 1151337 40440
1117868 1151865 33997
1136335 1152657 16322
1111401 1152789 41388
1106273 1157343 51070
1126528 1157871 31343
1140206 1157871 17665
1127447 1158300 30853
1146968 1158366 11398
1132347 1159356 27009
1151108 1159521 8413
1123261 1159917 36656
1134405 1160049 25644
1152540 1160049 7509
1153598 1160577 6979
1151125 1160907 9782
1151875 1165395 13520
1143790 1166649 22859
1146452 1169190 22738
1144285 1169520 25235
1165282 1171599 6317
1159158 1173480 14322
1122440 1175328 52888
1156395 1175988 19593
1142667 1176318 33651
1160902 1176516 15614
1157807 1177209 19402
1147152 1177242 30090
1158235 1177671 19436
1169164 1178760 9596
1134627 1182786 48159
1146129 1183380 37251
1145137 1183809 38672
1138076 1184799 46723
1163234 1184964 21730
1139710 1188363 48653
1179808 1188957 9149
1161571 1191036 29465
1164951 1191201 26250
1174585 1192224 17639
1179273 1192785 13512
1182589 1193214 10625
1144758 1194501 49743
1169224 1194666 25442
1155299 1195029 39730
1169788 1195095 25307
1176948 1195227 18279
1180809 1195755 14946
1177489 1196118 18629
1149939 1199319 49380
1174215 1199946 25731
1181361 1200012 18651
1189727 1200540 10813
1169209 1200672 31463
1196767 1202718 5951
1188703 1203873 15170
1198298 1204665 6367
1181225 1204830 23605
1199040 1204995 5955
1193536 1206051 12515
1183850 1206249 22399
1193758 1206909 13151
1169868 1207800 37932
1174976 1208328 33352
1193234 1210836 17602
1192372 1212288 19916
1182998 1212354 29356
1197289 1212816 15527
1174998 1213641 38643
1207650 1214565 6915
1209246 1215258 6012
1203155 1215786 12631
1203468 1218327 14859
1181887 1218492 36605
1204729 1218888 14159
1175102 1219053 43951
1203267 1219218 15951
1199468 1219581 20113
1212905 1219779 6874
1201002 1220439 19437
1185197 1223343 38146
1209637 1224531 14894
1191137 1224795 33658
1218840 1224795 5955
1183726 1225323 41597
1184987 1225752 40765
1200116 1227831 27715
1218331 1229382 11051
1205571 1230372 24801
1224416 1230372 5956
1201245 1230801 29556
1197302 1230834 33532
1205232 1231824 26592
1198873 1231923 33050
1221832 1236444 14612
1198935 1236510 37575
1228344 1237038 8694
1194574 1237599 43025
1216012 1237962 21950
1207549 1237995 30446
1221064 1240206 19142
1229492 1241460 11968
1201469 1243044 41575
1211562 1243572 32010
1238186 1244496 6310
1211637 1244628 32991
1214779 1245189 30410
1193701 1248654 54953
1227547 1249116 21569
1218018 1249248 31230
1223153 1249677 26524
1214199 1249875 35676
1217370 1253340 35970
1200302 1253868 53566
1215650 1254297 38647
1230012 1254363 24351
1214938 1254462 39524
1241857 1254924 13067
1226152 1255023 28871
1223130 1255815 32685
1220799 1255947 35148
1233115 1256013 22898
1218567 1256244 37677
1225514 1256937 31423
1226436 1257036 30600
1230462 1260864 30402
1230643 1261458 30815
1254038 1264329 10291
1219004 1266012 47008
1246010 1266672 20662
1228449 1267101 38652
1238369 1267167 28798
1248254 1267299 19045
1261491 1267794 6303
1250407 1267827 17420
1254059 1268949 14890
1262979 1269312 6333
1223207 1271325 48118
1226029 1272777 46748
1244219 1273206 28987
1238791 1273668 34877
1248717 1273767 25050
1250912 1274295 23383
1239774 1274460 34686
1217023 1274988 57965
1241770 1275153 33383
1262764 1276374 13610
1263549 1277364 13815
1227416 1279311 51895
1261508 1279443 17935
1236313 1279806 43493
1214448 1279872 65424
1249631 1280334 30703
1237336 1280400 43064
1237203 1280433 43230
1252188 1280961 28773
1259780 1283370 23590
1239702 1284360 44658
1267808 1284459 16651
1273785 1285020 11235
1253385 1285416 32031
1264790 1285812 21022
1251667 1285878 34211
1260226 1285944 25718
1256082 1287165 31083
1266124 1290399 24275
1226616 1290498 63882
1284222 1290993 6771
1274794 1294425 19631
1278837 1295217 16380
1285785 1295910 10125
1275410 1296009 20599
1251491 1296801 45310
1255888 1297362 41474
1250796 1297692 46896
1262983 1297791 34808
1270654 1297824 27170
1278054 1298319 20265
1293336 1299276 5940
1293788 1299738 5950
1266869 1301322 34453
1280393 1301850 21457
1266269 1303467 37198
1245465 1303797 58332
1298243 1304193 5950
1269384 1304490 35106
1269481 1305051 35570
1270152 1305117 34965
1285788 1307361 21573
1299170 1307955 8785
1279678 1308813 29135
1286879 1309902 23023
1287957 1313202 25245
1288902 1313796 24894
1295096 1314324 19228
1245408 1315017 69609
1250408 1315116 64708
1295560 1315875 20315
1280486 1316304 35818
1310001 1316304 6303
1313058 1319043 5985
1257994 1319208 61214
1248743 1319769 71026
1267379 1320462 53083
1294531 1320660 26129
1282061 1325346 43285
1288316 1325874 37558
1304319 1326369 22050
1267051 1326798 59747
1276578 1326831 50253
1294874 1327425 32551
1321626 1327590 5964
1277781 1327821 50040
1292365 1328349 35984
1319285 1328547 9262
1326308 1332276 5968
1276199 1332375 56176
1296199 1332870 36671
1328373 1334322 5949
1328559 1334817 6258
1317810 1335015 17205
1318765 1335444 16679
1324740 1336203 11463
1313858 1338480 24622
1315439 1338645 23206
1332641 1338975 6334
1284416 1339008 54592
1292688 1339041 46353
1297303 1339602 42299
1324003 1339701 15698
1324705 1339833 15128
1328462 1340394 11932
1328505 1340955 12450
1279180 1343199 64019
1286184 1343760 57576
1296378 1344288 47910
1305896 1344783 38887
1339254 1345212 5958
1307230 1345245 38015
1322849 1345938 23089
1324030 1346235 22205
1316868 1349337 32469
1307713 1349865 42152
1327370 1350426 23056
1332920 1351350 18430
1334440 1351911 17471
1336780 1352439 15659
1347569 1356531 8962
1350956 1357191 6235
1345111 1359798 14687
1351580 1361613 10033
1322401 1362504 40103
1348895 1362669 13774
1321204 1363098 41894
1356876 1363362 6486
1322791 1367322 44531
1337665 1367751 30086
1349815 1368015 18200
1318389 1368411 50022
1329851 1368807 38956
1329384 1368939 39555
1330608 1369335 38727
1346514 1369434 22920
1366326 1372635 6309
1342258 1373328 31070
1325310 1373889 48579
1341723 1374285 32562
1351687 1374417 22730
1372654 1379928 7274
1331424 1380489 49065
1374846 1380918 6072
1333869 1381017 47148
1356278 1381611 25333
1367334 1382667 15333
1376489 1386264 9775
1370877 1387749 16872
1376635 1387848 11213
1373587 1388277 14690
1357410 1391346 33936
1359841 1392666 32825
1374658 1393689 19031
1376452 1396329 19877
1379573 1398804 19231
1374473 1399794 25321
1376577 1400355 23778
1363226 1400916 37690
1386567 1402830 16263
1387168 1403391 16223
1385604 1404282 18678
1367608 1404480 36872
1397644 1404513 6869
1362928 1404942 42014
1395187 1409199 14012
1381375 1410552 29177
1383820 1410651 26831
1391720 1411212 19492
1398783 1411740 12957
1402648 1412268 9620
1402886 1412829 9943
1389196 1415502 26306
1377760 1416789 39029
1376754 1417317 40563
1402878 1418208 15330
1412752 1419297 6545
1395307 1421343 26036
1367730 1421376 53646
1401552 1422366 20814
1395949 1422399 26450
1405843 1422795 16952
1413421 1422894 9473
1417270 1424016 6746
1418714 1425039 6325
1413630 1427349 13719
1419852 1427877 8025
1387961 1428504 40543
1406572 1430517 23945
1418042 1431309 13267
1419608 1432068 12460
1419893 1432233 12340
1401875 1433520 31645
1403832 1434114 30282
1407869 1434675 26806
1429684 1435632 5948
1412482 1439196 26714
1390032 1440780 50748
1428488 1441638 13150
1416563 1441671 25108
1400733 1441869 41136
1417706 1442232 24526
1416979 1442397 25418
1421886 1443321 21435
1424805 1444476 19671
1405152 1444839 39687
1415596 1445829 30233
1399995 1446291 46296
1418609 1446357 27748
1432493 1446456 13963
1438006 1446984 8978
1425736 1447314 21578
1403734 1447809 44075
1421118 1447842 26724
1399975 1448238 48263
1432414 1450845 18431
1442160 1451373 9213
1442940 1451934 8994
1417139 1452495 35356
1433034 1452825 19791
1433866 1457214 23348
1423071 1457511 34440
1432824 1458666 25842
1441817 1458864 17047
1433542 1459260 25718
1452853 1459491 6638
1447873 1459788 11915
1448646 1460976 12330
1423533 1463187 39654
1448985 1464540 15555
1416911 1464804 47893
1451504 1465101 13597
1437325 1465662 28337
1439063 1469787 30724
1444339 1470348 26009
1428405 1470777 42372
1459154 1470909 11755
1445653 1471305 25652
1465656 1471965 6309
1425838 1472757 46919
1443830 1473054 29224
1460343 1475892 15549
1469590 1476420 6830
1438550 1478334 39784
1456191 1479027 22836
1458586 1479687 21101
1472192 1481007 8815
1446254 1482492 36238
1440761 1482525 41764
1453441 1483218 29777
1463036 1484307 21271
1446995 1487343 40348
1433618 1487871 54253
1468382 1488003 19621
1447972 1488333 40361
1438411 1488663 50252
1480526 1491270 10744
1480786 1491864 11078
1440785 1495263 54478
1450960 1495824 44864
1466662 1495824 29162
1468873 1495890 27017
1453869 1496385 42516
1474148 1496814 22666
1490968 1497276 6308
1487041 1500477 13436
1472201 1500510 28309
1478729 1500840 22111
1491511 1501005 9494
1481559 1501401 19842
1495568 1501698 6130
1471714 1501797 30083
1470798 1502358 31560
1473470 1502457 28987
1487039 1502490 15451
1490375 1503282 12907
1450494 1505988 55494
1473219 1506549 33330
1483544 1507143 23599
1483612 1507737 24125
1476735 1508199 31464
1494601 1508397 13796
1499826 1509453 9627
1455369 1511334 55965
1469638 1511895 42257
1473625 1512357 38732
1484979 1512984 28005
1475775 1513314 37539
1507491 1514172 6681
1499476 1517373 17897
1505973 1517406 11433
1493352 1518363 25011
1484235 1519815 35580
1474733 1520343 45610
1484324 1521300 36976
1483660 1521993 38333
1486620 1522389 35769
1503873 1523379 19506
1506145 1523940 17795
1478756 1524501 45745
1486256 1525062 38806
1489893 1525326 35433
1513140 1525392 12252
1491959 1525491 33532
1498118 1526679 28561
1495947 1530507 34560
1499100 1530540 31440
1501658 1531167 29509
1514578 1531695 17117
1516207 1531827 15620
1528118 1534071 5953
1480740 1535325 54585
1501503 1535952 34449
1521949 1536513 14564
1507020 1536645 29625
1529361 1537041 7680
1516859 1537668 20809
1512777 1539846 27069
1526187 1543443 17256
1498993 1543806 44813
1534388 1543938 9550
1535434 1544499 9065
1505196 1548492 43296
1509013 1548954 39941
1509841 1549812 39971
1511404 1551165 39761
1516840 1552485 35645
1536904 1554300 17396
1539333 1555323 15990
1541804 1555752 13948
1542059 1555851 13792
1521745 1559184 37439
1513165 1560900 47735
1543298 1562253 18955
1549060 1562781 13721
1554910 1563342 8432
1537256 1565256 28000
1550048 1566939 16891
1529090 1567797 38707
1562118 1568061 5943
1529203 1568226 39023
1520104 1568721 48617
1512177 1572483 60306
1521214 1573011 51797
1555275 1573374 18099
1531906 1573539 41633
1532236 1573605 41369
1543332 1573803 30471
1533494 1574034 40540
1534065 1574100 40035
1524767 1574331 49564
1528258 1574562 46304
1532486 1575123 42637
1556794 1577202 20408
1533014 1578489 45475
1569223 1578819 9596
1565488 1579215 13727
1563096 1580403 17307
1566826 1580931 14105
1538860 1583340 44480
1579540 1585485 5945
1567747 1586277 18530
1581647 1587960 6313
1552207 1589346 37139
1571581 1590336 18755
1569824 1590369 20545
1522988 1590798 67810
1559850 1590831 30981
1548266 1591821 43555
1567293 1591953 24660
1571083 1592514 21431
1543683 1592745 49062
1572553 1595352 22799
1580861 1596441 15580
1527697 1596507 68810
1562947 1597035 34088
1553999 1597464 43465
1568065 1597827 29762
1569172 1599015 29843
1574253 1599741 25488
1595616 1601556 5940
1579997 1601754 21757
1585824 1602282 16458
1581150 1602513 21363
1577138 1602645 25507
1588531 1603041 14510
1587864 1603206 15342
1591668 1603371 11703
1591667 1603734 12067
1560681 1607199 46518
1603551 1609509 5958
1583180 1609674 26494
1606156 1612116 5960
1581443 1613337 31894
1573097 1613403 40306
1566857 1614294 47437
1591630 1614360 22730
1593245 1614921 21676
1584113 1615251 31138
1576108 1615812 39704
1602710 1616142 13432
1608985 1616505 7520
1608660 1620300 11640
1574192 1620366 46174
1615257 1621224 5967
1586624 1621620 34996
1609461 1623039 13578
1617636 1623600 5964
1592119 1625184 33065
1598516 1626504 27988
1617548 1627857 10309
1595123 1632675 37552
1622870 1633005 10135
1603062 1633368 30306
1621421 1633665 12244
1587185 1633797 46612
1611518 1638285 26767
1623976 1638351 14375
1627335 1638912 11577
1612959 1639308 26349
1634045 1640001 5956
1625884 1644819 18935
1631456 1645380 13924
1622888 1647690 24802
1636866 1649769 12903
1646149 1652112 5963
1648474 1654422 5948
1613921 1655742 41821
1611224 1656798 45574
1633308 1657788 24480
1652466 1658415 5949
1593254 1658481 65227
1602818 1658910 56092
1629695 1659537 29842
1638208 1661286 23078
1641791 1661781 19990
1601857 1662309 60452
1636449 1662375 25926
1609263 1663365 54102
1620898 1663794 42896
1618757 1663926 45169
1647663 1664586 16923
1658653 1664619 5966
1654975 1664751 9776
1633515 1665444 31929
1615138 1665972 50834
1653862 1666830 12968
1630053 1668480 38427
1645432 1668909 23477
1646084 1669404 23320
1633555 1669800 36245
1650692 1669899 19207
1651200 1670427 19227
1642065 1673496 31431
1644030 1673496 29466
1662843 1674816 11973
1667582 1675080 7498
1657278 1675311 18033
1667597 1675872 8275
1670469 1676994 6525
1649309 1679337 30028
1640112 1679766 39654
1624963 1680459 55496
1637884 1680657 42773
1669328 1681053 11725
1678556 1684518 5962
1642217 1685343 43126
1643580 1685904 42324
1671310 1686234 14924
1652027 1686366 34339
1658868 1687488 28620
1667960 1688577 20617
1670669 1690821 20152
1647077 1692504 45427
1659269 1693032 33763
1688048 1693989 5941
1677133 1694220 17087
1673936 1694352 20416
1683508 1694715 11207
1690986 1696926 5940
1670470 1697190 26720
1670472 1698510 28038
1685204 1698840 13636
1692925 1698873 5948
1658007 1699137 41130
1693490 1699434 5944
1660783 1699698 38915
1693737 1700061 6324
1685171 1700424 15253
1661534 1703328 41794
1670373 1703889 33516
1660135 1704450 44315
1654561 1704648 50087
1660722 1709334 48612
1671479 1709862 38383
1655622 1710291 54669
1689427 1710357 20930
1684179 1710852 26673
1681579 1711083 29504
1683531 1711413 27882
1695720 1711479 15759
1685437 1711611 26174
1704357 1712007 7650
1675400 1712238 36838
1676784 1712799 36015
1694759 1713459 18700
1698001 1715373 17372
1683299 1716495 33196
1710536 1716495 5959
1702229 1716858 14629
1683843 1717518 33675
1688438 1717815 29377
1711840 1718079 6239
1684025 1718178 34153
1696170 1718673 22503
1700707 1721214 20507
1706707 1721709 15002
1700631 1722666 22035
1708567 1723854 15287
1713732 1724415 10683
1688699 1727319 38620
1666532 1727847 61315
1701804 1728408 26604
1691340 1728573 37233
1695393 1728672 33279
1679651 1729233 49582
1698386 1729662 31276
1712040 1729662 17622
1698661 1730223 31562
1712510 1730289 17779
1713511 1730784 17273
1726286 1732599 6313
1719845 1735470 15625
1710363 1735800 25437
1714631 1740354 25723
1716988 1741014 24026
1685691 1741311 55620
1687761 1742367 54606
1697630 1742499 44869
1736560 1742532 5972
1712605 1743588 30983
1726707 1745766 19059
1739932 1746261 6329
1737841 1746294 8453
1713684 1746492 32808
1705882 1747020 41138
1714792 1747086 32294
1729613 1747317 17704
1743066 1749396 6330
1714111 1751343 37232
1713789 1752564 38775
1716503 1752795 36292
1737028 1754247 17219
1741246 1754247 13001
1741633 1754808 13175
1719138 1757316 38178
1713642 1758306 44664
1744645 1762827 18182
1728913 1764510 35597
1758602 1764543 5941
1756280 1764906 8626
1759254 1765203 5949
1735213 1765599 30386
1724014 1766160 42146
1747663 1769460 21797
1751614 1770648 19034
1752093 1771308 19215
1761130 1771407 10277
1768947 1774905 5958
1736681 1775334 38653
1750063 1775730 25667
1711893 1776786 64893
1761437 1777644 16207
1751588 1777677 26089
1715924 1777875 61951
1733852 1778403 44551
1773653 1779624 5971
1749376 1781868 32492
1740163 1781934 41771
1766526 1782363 15837
1753916 1782792 28876
1749252 1782957 33705
1754477 1784244 29767
1757311 1784805 27494
1714773 1785333 70560
1771653 1787379 15726
1767564 1788303 20739
1747254 1788501 41247
1751903 1788963 37060
1753496 1790382 36886
1771741 1791471 19730
1737713 1792032 54319
1770594 1792065 21471
1783354 1794441 11087
1763764 1794507 30743
1770724 1794672 23948
1780835 1795233 14398
1786657 1796289 9632
1757909 1799325 41416
1782770 1799985 17215
1789761 1800513 10752
1759092 1800777 41685
1780697 1801668 20971
1780765 1802262 21497
1780267 1806783 26516
1753167 1806816 53649
1783798 1807674 23876
1766457 1807872 41415
1786076 1808400 22324
1785245 1811403 26158
1781057 1812492 31435
1802402 1812822 10420
1788985 1813020 24035
1805516 1813020 7504
1779827 1814670 34843
1797096 1817508 20412
1813132 1819092 5960
1796207 1823184 26977
1817641 1824339 6698
1781976 1824801 42825
1792183 1825857 33674
1794934 1826418 31484
1796684 1827012 30328
1821043 1827012 5969
1814414 1828332 13918
1798793 1832259 33466
1785084 1833876 48792
1814150 1834833 20683
1818268 1836450 18182
1797496 1836483 38987
1824109 1836813 12704
1794139 1837044 42905
1803031 1837638 34607
1802897 1837770 34873
1806631 1838067 31436
1817080 1839750 22670
1819911 1842654 22743
1839042 1845492 6450
1803987 1847340 43353
1807817 1847901 40084
1805683 1848462 42779
1802365 1848990 46625
1820769 1849320 28551
1806738 1849518 42780
1828861 1849617 20756
1823098 1849683 26585
1816234 1849749 33515
1806457 1853346 46889
1802247 1853379 51132
1804845 1854468 49623
1809859 1854798 44939
1835734 1854930 19196
1816610 1855029 38419
1821557 1855326 33769
1832035 1855392 23357
1838568 1855458 16890
1822118 1855557 33439
1826024 1855689 29665
1832308 1855821 23513
1844307 1856547 12240
1804424 1856778 52354
1825335 1859682 34347
1826072 1860309 34237
1825801 1860375 34574
1841286 1860837 19551
1834666 1861464 26798
1822242 1862322 40080
1838144 1862520 24376
1822350 1863015 40665
1843247 1865193 21946
1853275 1865754 12479
1824111 1866480 42369
1844154 1866645 22491
1834028 1867008 32980
1835739 1867041 31302
1848720 1867767 19047
1843038 1871331 28293
1846013 1872255 26242
1824485 1872783 48298
1837821 1872948 35127
1831145 1873311 42166
1833441 1873476 40035
1847516 1873674 26158
1827811 1873905 46094
1868142 1875324 7182
1819542 1878294 58752
1855851 1878921 23070
1834120 1879812 45692
1868567 1880505 11938
1844943 1884498 39555
1833702 1885026 51324
1857012 1885587 28575
1857096 1885818 28722
1863549 1886973 23424
1839359 1887039 47680
1860416 1887039 26623
1881692 1887633 5941
1883811 1889778 5967
1844192 1890504 46312
1864177 1890669 26492
1838388 1891065 52677
1857718 1891659 33941
1862374 1892484 30110
1845976 1895322 49346
1843467 1895949 52482
1848312 1896807 48495
1883252 1898226 14974
1861390 1901328 39938
1864516 1901889 37373
1861517 1902285 40768
1856770 1902450 45680
1863033 1903803 40770
1883864 1904232 20368
1875463 1904463 29000
1877814 1908489 30675
1902949 1908918 5969
1869787 1908951 39164
1870806 1909479 38673
1873006 1910172 37166
1890645 1910667 20022
1880100 1910733 30633
1852185 1914495 62310
1890878 1914660 23782
1867445 1915056 47611
1899623 1915749 16126
1882580 1915848 33268
1904400 1916277 11877
1894812 1916937 22125
1910498 1917465 6967
1879304 1919346 40042
1900234 1919775 19541
1911733 1920567 8834
1871091 1921326 50235
1878566 1921920 43354
1901286 1922283 20997
1879425 1922349 42924
1912736 1922811 10075
1898236 1923042 24806
1901379 1925814 24435
1898031 1926309 28278
1878274 1926837 48563
1894057 1927662 33605
1869560 1928322 58762
1922401 1928355 5954
1900310 1932348 32038
1870460 1933800 63340
1896805 1933866 37061
1908998 1935021 26023
1910325 1935219 24894
1920320 1936242 15922
1912277 1937199 24922
1893328 1938486 45158
1918520 1938651 20131
1927140 1940400 13260
1929963 1940928 10965
1930282 1941489 11207
1916827 1944030 27203
1934329 1945680 11351
1922848 1948353 25505
1929573 1950366 20793
1912048 1951818 39770
1927636 1952346 24710
1945137 1954821 9684
1914025 1956372 42347
1936264 1961190 24926
1934608 1961520 26912
1945594 1962675 17081
1938818 1967328 28510
1953411 1967955 14544
1947802 1970232 22430
1963193 1970331 7138
1951661 1970760 19099
1955466 1971288 15822
1960372 1973499 13127
1948664 1974357 25693
1960962 1974918 13956
1949454 1975677 26223
1970774 1976733 5959
1958290 1979373 21083
1952952 1981815 28863
1961305 1981881 20576
1976983 1982937 5954
1952654 1983168 30514
1970138 1987128 16990
1965069 1987227 22158
1981422 1987755 6333
1974399 1987887 13488
1945065 1991319 46254
1960119 1991880 31761
1981319 1992012 10693
1951924 1992804 40880
1962559 1993662 31103
1960483 1993893 33410
1988113 1994058 5945
1965686 1994223 28537
1978282 1995279 16997
1982172 1995840 13668
1950142 1997325 47183
1965277 1997358 32081
1976822 1998348 21526
1977982 1998942 20960
1992648 1999503 6855
1968863 1999800 30937
1989052 1999833 10781
1961139 2000361 39222
1982537 2000790 18253
1964072 2001450 37378
1989262 2003364 14102
1984258 2004288 20030
1975688 2004486 28798
1988306 2004816 16510
1959839 2004948 45109
1992940 2005938 12998
1974341 2006136 31795
1977459 2006664 29205
1986208 2009205 22997
2000753 2011317 10564
2008789 2014914 6125
1975893 2015211 39318
1978102 2016663 38561
2012411 2018742 6331
1997291 2022372 25081
2008978 2023461 14483
1996766 2024781 28015
2006280 2027916 21636
2012334 2028444 16110
1999085 2028510 29425
2008986 2028840 19854
1994218 2029797 35579
2001772 2030655 28883
2016285 2033196 16911
2027280 2033229 5949
2025478 2033724 8246
2014905 2034648 19743
2024844 2035110 10266
2019438 2035209 15771
1988736 2039334 50598
1997536 2039796 42260
2012170 2040423 28253
2006776 2040654 33878
2017507 2040918 23411
2005761 2041215 35454
2030085 2041974 11889
1991672 2044845 53173
1992248 2045901 53653
2024669 2045934 21265
2019423 2046363 26940
1997596 2047815 50219
2038312 2050851 12539
2020213 2052501 32288
2046829 2064018 17189
2018804 2064777 45973
2059147 2065107 5960
2023038 2065305 42267
2055536 2065668 10132
2058629 2066196 7567
2028201 2066394 38193
2031015 2067087 36072
2037369 2069331 31962
2037822 2070420 32598
2042571 2070519 27948
2042490 2070783 28293
2054127 2070915 16788
2047856 2071806 23950
2025732 2072202 46470
2063220 2075931 12711
2048348 2076492 28144
2054903 2077416 22513
2037818 2078439 40621
2065063 2078472 13409
2050728 2079033 28305
2054422 2081211 26789
2063099 2081772 18673
2075884 2081838 5954
2070185 2083356 13171
2076253 2083719 7466
2051717 2087316 35599
2076389 2088009 11620
2047920 2088801 40881
2059631 2089329 29698
2053818 2089890 36072
2079694 2090055 10361
2084652 2090616 5964
2086707 2092662 5955
2039843 2094312 54469
2053248 2095368 42120
2053965 2095797 41832
2068567 2095929 27362
2070931 2096490 25559
2090644 2096952 6308
2078282 2097051 18769
2086552 2098833 12281
2055494 2100483 44989
2090966 2100483 9517
2069246 2100945 31699
2073221 2102925 29704
2086781 2103255 16474
2088410 2104278 15868
2074588 2105202 30614
2071523 2106489 34966
2079415 2106555 27140
2065375 2107578 42203
2066794 2108106 41312
2078013 2108139 30126
2091249 2108436 17187
2087403 2108700 21297
2091438 2109030 17592
2104238 2110185 5947
2072887 2111208 38321
2075509 2111835 36326
2098437 2112000 13563
2064031 2112990 48959
2084038 2113485 29447
2107077 2114145 7068
2092588 2114244 21656
2098721 2114772 16051
2079004 2117346 38342
2081736 2117874 36138
2086339 2118468 32129
2103690 2118468 14778
2057695 2118798 61103
2104896 2118996 14100
2065462 2119359 53897
2083327 2119425 36098
2109877 2120019 10142
2098999 2120349 21350
2101911 2120778 18867
2098669 2123253 24584
2105644 2123781 18137
2114511 2124342 9831
2086857 2124375 37518
2082394 2125563 43169
2108397 2125959 17562
2095890 2126949 31059
2122867 2128830 5963
2093571 2130480 36909
2099367 2131173 31806
2108202 2131239 23037
2115998 2131305 15307
2102212 2131734 29522
2117186 2131767 14581
2113207 2132328 19121
2122491 2132394 9903
2118430 2132856 14426
2090597 2135199 44602
2109609 2135760 26151
2110126 2136321 26195
2111197 2136552 25355
2092163 2136783 44620
2089241 2136849 47608
2120831 2137113 16282
2099326 2137179 37853
2117713 2137476 19763
2124226 2138235 14009
2109200 2141898 32698
2108954 2141964 33010
2083628 2142294 58666
2099744 2143812 44068
2107993 2144274 36281
2128398 2147970 19572
2135482 2148300 12818
2124511 2148498 23987
2138280 2148828 10548
2135248 2149059 13811
2116844 2149818 32974
2121108 2150346 29238
2101850 2150412 48562
2124300 2151039 26739
2125170 2151237 26067
2127451 2153184 25733
2129653 2154306 24653
2111427 2154504 43077
2134642 2154834 20192
2140997 2155065 14068
2134815 2155329 20514
2142634 2156880 14246
2143953 2156979 13026
2137956 2160543 22587
2121123 2160807 39684
2116942 2161236 44294
2143836 2161665 17829
2148230 2161665 13435
2119089 2161929 42840
2132215 2163018 30803
2126271 2165328 39057
2132064 2165889 33825
2136114 2166351 30237
2127210 2166450 39240
2143630 2166780 23150
2152677 2166912 14235
2142917 2166978 24061
2160562 2167473 6911
2119184 2168331 49147
2120517 2168925 48408
2123425 2169354 45929
2127233 2169948 42715
2126261 2170575 44314
2156337 2172291 15954
2142992 2172357 29365
2141848 2172918 31070
2152220 2173446 21226
2144951 2174337 29386
2164634 2174535 9901
2147376 2177142 29766
2148104 2177670 29566
2144283 2178660 34377
2152046 2178792 26746
2171920 2180343 8423
2157751 2180442 22691
2139433 2183214 43781
2154398 2183709 29311
2152169 2184567 32398
2166947 2185689 18742
2173485 2186778 13293
2169797 2187075 17278
2181527 2187471 5944
2176493 2187867 11374
2176550 2188527 11977
2153045 2189451 36406
2157591 2189583 31992
2162315 2190111 27796
2179068 2190375 11307
2128449 2190804 62355
2160941 2191794 30853
2173350 2191926 18576
2168571 2192322 23751
2168862 2192817 23955
2176614 2196282 19668
2151236 2196348 45112
2177930 2196843 18913
2155811 2196909 41098
2151138 2197305 46167
2182532 2197404 14872
2156422 2197437 41015
2193893 2199846 5953
2194360 2200308 5948
2194098 2200341 6243
2165471 2201100 35629
2173763 2201826 28063
2196027 2201991 5964
2164921 2203047 38126
2193417 2203212 9795
2187677 2203311 15634
2197222 2203839 6617
2170591 2207205 36614
2200281 2209581 9300
2203419 2209713 6294
2202488 2210571 8083
2186422 2213343 26921
2178871 2213871 35000
2193925 2214366 20441
2168372 2214795 46423
2195201 2214960 19759
2177305 2215356 38051
2209372 2215752 6380
2185024 2215818 30794
2188792 2215950 27158
2186455 2216280 29825
2188855 2216478 27623
2190702 2216874 26172
2189781 2217039 27258
2198927 2217303 18376
2201856 2217600 15744
2200528 2218821 18293
2204273 2220306 16033
2184422 2221824 37402
2197234 2222385 25151
2201359 2223705 22346
2201119 2225190 24071
2200768 2226675 25907
2216624 2227830 11206
2224182 2230140 5958
2200273 2231328 31055
2201653 2231955 30302
2217147 2232615 15468
2224893 2233143 8250
2227540 2233506 5966
2227497 2233770 6273
2215973 2237301 21328
2214385 2237334 22949
2221215 2238324 17109
2231906 2238687 6781
2221681 2238786 17105
2218648 2239413 20765
2220062 2239677 19615
2229920 2243373 13453
2231158 2243934 12776
2221779 2244264 22485
2231198 2244825 13627
2217032 2245815 28783
2233839 2245947 12108
2224120 2246343 22223
2239928 2250666 10738
2243558 2251194 7636
2232125 2255517 23392
2224689 2256804 32115
2234472 2257134 22662
2216697 2257233 40536
2245598 2257662 12064
2235352 2257695 22343
2229192 2261259 32067
2228468 2261325 32857
2229614 2261754 32140
2242248 2262777 20529
2244430 2262810 18380
2238904 2262876 23972
2244550 2262909 18359
2247254 2263437 16183
2231616 2263800 32184
2258402 2264724 6322
2247013 2264922 17909
2248183 2267364 19181
2252127 2268816 16689
2261884 2270532 8648
2250562 2273205 22643
2261732 2274591 12859
2254034 2275845 21811
2253794 2279211 25417
2235986 2279772 43786
2264177 2280630 16453
2273120 2281917 8797
2244048 2284821 40773
2252329 2285877 33548
2263935 2285943 22008
2273644 2286372 12728
2268739 2286471 17732
2243936 2286801 42865
2251900 2286834 34934
2275244 2287494 12250
2258577 2287923 29346
2242271 2288352 46081
2267282 2289012 21730
2268264 2289045 20781
2278910 2291355 12445
2274186 2292840 18654
2261310 2292972 31662
2272761 2293500 20739
2266434 2293797 27363
2285113 2293962 8849
2265214 2295150 29936
2279554 2295777 16223
2273338 2297196 23858
2285169 2297757 12588
2271847 2298648 26801
2251078 2299044 47966
2269049 2299110 30061
2275818 2299209 23391
2293017 2299341 6324
2276514 2299737 23223
2287957 2300232 12275
2281968 2300892 18924
2270576 2303202 32626
2287424 2303994 16570
2239000 2304786 65786
2241185 2305347 64162
2283143 2305644 22501
2280236 2305677 25441
2248548 2305941 57393
2287920 2306238 18318
2273724 2306469 32745
2276416 2306865 30449
2257938 2307426 49488
2280483 2309340 28857
2259282 2309868 50586
2272948 2310297 37349
2285943 2310363 24420
2298040 2310396 12356
2287976 2310924 22948
2277208 2311353 34145
2278648 2311485 32837
2288243 2311815 23572
2301840 2311980 10140
2276794 2312244 35450
2295276 2312541 17265
2282989 2313366 30377
2293364 2314059 20695
2307804 2317029 9225
2283525 2317062 33537
2293194 2319207 26013
2295637 2319768 24131
2302049 2320296 18247
2299004 2321748 22744
2308908 2322012 13104
2316713 2323035 6322
2277728 2327325 49597
2303315 2328546 25231
2289071 2328777 39706
2308157 2329107 20950
2283231 2329305 46074
2312828 2329668 16840
2317680 2330229 12549
2305825 2333397 27572
2328376 2334321 5945
2312393 2334354 21961
2283748 2334783 51035
2323178 2334948 11770
2302179 2335443 33264
2288906 2335674 46768
2308780 2335971 27191
2324381 2337852 13471
2317049 2339403 22354
2296539 2340492 43953
2302720 2341020 38300
2331403 2341383 9980
2307023 2341482 34459
2308711 2341812 33101
2310923 2342175 31252
2308109 2342373 34264
2316994 2343198 26204
2314676 2345145 30469
2321590 2346234 24644
2290750 2346498 55748
2324119 2346663 22544
2330502 2346762 16260
2326442 2347224 20782
2331916 2347323 15407
2333833 2347818 13985
2344331 2352669 8338
2314932 2352801 37869
2345877 2353197 7320
2323253 2353263 30010
2333711 2353791 20080
2320829 2357883 37054
2330187 2358444 28257
2328866 2358609 29743
2317532 2358807 41275
2312188 2359335 47147
2325797 2359797 34000
2334514 2360325 25811
2337714 2363988 26274
2320657 2364351 43694
2347419 2365044 17625
2327755 2365803 38048
2351900 2365836 13936
2313703 2366331 52628
2337186 2367024 29838
2337247 2367222 29975
2348975 2370654 21679
2352133 2371215 19082
2354110 2371842 17732
2365502 2372040 6538
2337713 2375340 37627
2346957 2375802 28845
2366454 2377188 10734
2368991 2378211 9220
2354579 2380389 25810
2355699 2380950 25251
2362439 2382369 19930
2362837 2382798 19961
2353161 2383425 30264
2374784 2384580 9796
2378309 2386461 8152
2336700 2388375 51675
2337280 2389002 51722
2382892 2389398 6506
2345494 2389464 43970
2345968 2389761 43793
2352867 2390619 37752
2352887 2394480 41593
2374687 2394645 19958
2370950 2395173 24223
2377039 2395305 18266
2388773 2395338 6565
2358369 2399199 40830
2387847 2399991 12144
2388160 2400552 12392
2358497 2400783 42286
2377818 2401311 23493
2375192 2401674 26482
2378292 2401872 23580
2355278 2402400 47122
2397694 2404512 6818
2399022 2404974 5952
2377329 2405337 28008
2379219 2406360 27141
2358585 2406789 48204
2384323 2406822 22499
2386903 2407911 21008
2383359 2408439 25080
2398278 2410848 12570
2403971 2415798 11827
2397909 2417184 19275
2391525 2418669 27144
2395512 2419230 23718
2403343 2419758 16415
2415731 2421672 5941
2379884 2423322 43438
2385086 2423751 38665
2405644 2424015 18371
2395150 2424279 29129
2389836 2424675 34839
2401572 2424939 23367
2395529 2425368 29839
2401949 2425962 24013
2405922 2426226 20304
2409021 2426754 17733
2417846 2429889 12043
2396925 2430780 33855
2399827 2430846 31019
2414669 2431440 16771
2414988 2432001 17013
2401948 2436489 34541
2411817 2436852 25035
2404553 2436918 32365
2431541 2437512 5971
2405384 2437743 32359
2383068 2438304 55236
2412003 2439030 27027
2407023 2439327 32304
2433612 2439558 5946
2434643 2440614 5971
2402284 2442495 40211
2410519 2442594 32075
2412180 2443617 31437
2418059 2443617 25558
2403027 2447346 44319
2410129 2447874 37745
2427766 2448501 20735
2432725 2448534 15809
2415722 2448798 33076
2434469 2449062 14593
2436476 2449623 13147
2413529 2449821 36292
2425834 2450349 24515
2421607 2451834 30227
2436835 2454012 17177
2412282 2454309 42027
2438320 2455035 16715
2428599 2455926 27327
2433691 2456223 22532
2446907 2457048 10141
2408851 2457279 48428
2436181 2460909 24728
2438698 2461800 23102
2439651 2462658 23007
2457223 2463186 5963
2459719 2465661 5942
2447084 2465760 18676
2421484 2465991 44507
2447880 2466288 18408
2445247 2467047 21800
2458187 2467344 9157
2459712 2467707 7995
2451924 2468400 16476
2455693 2468928 13235
2440031 2471205 31174
2411820 2472360 60540
2452497 2472525 20028
2429735 2472789 43054
2438659 2473020 34361
2454065 2473086 19021
2454228 2473647 19419
2455617 2473680 18063
2434388 2473845 39457
2448660 2474109 25449
2455445 2474208 18763
2441740 2474505 32765
2435544 2475033 39489
2441546 2477343 35797
2460374 2477739 17365
2442089 2477871 35782
2446665 2478927 32262
2445642 2479818 34176
2469189 2479983 10794
2440586 2480346 39760
2431994 2480775 48781
2474157 2483943 9786
2442205 2485032 42827
2443195 2485494 42299
2445581 2485824 40243
2457239 2486352 29113
2467474 2487012 19538
2459969 2489190 29221
2467658 2490477 22819
2450947 2490510 39563
2469818 2491005 21187
2465138 2491236 26098
2473321 2491830 18509
2485733 2492061 6328
2468453 2492292 23839
2477678 2492391 14713
2482645 2492919 10274
2486868 2493975 7107
2478456 2496516 18060
2443979 2496780 52801
2448803 2497308 48505
2477321 2497671 20350
2458653 2497737 39084
2469464 2498265 28801
2478320 2498265 19945
2492994 2498958 5964
2487385 2501433 14048
2475232 2502357 27125
2484243 2502852 18609
2484131 2503446 19315
2460045 2503809 43764
2463505 2504271 40766
2489599 2504535 14936
2465940 2504799 38859
2483087 2507835 24748
2499838 2508462 8624
2503648 2509617 5969
2474654 2510376 35722
2483255 2511498 28243
2491532 2511564 20032
2505309 2511597 6288
2479856 2512092 32236
2491133 2513214 22081
2465262 2514501 49239
2500169 2515062 14893
2478905 2515458 36553
2492205 2515887 23682
2495996 2515986 19990
2498441 2516514 18073
2499639 2517603 17964
2503011 2518395 15384
2482432 2519319 36887
2485952 2519781 33829
2511061 2519880 8819
2469258 2520474 51216
2511894 2520540 8646
2458264 2520804 62540
2482969 2521002 38033
2513871 2521035 7164
2478104 2521332 43228
2490725 2521497 30772
2485425 2521893 36468
2498293 2522058 23765
2514265 2522157 7892
2482601 2522421 39820
2497501 2525325 27824
2502871 2526348 23477
2464404 2526777 62373
2518614 2526876 8262
2481749 2527305 45556
2519009 2527404 8395
2521443 2527404 5961
2492306 2527899 35593
2472865 2528328 55463
2511452 2528460 17008
2518110 2530836 12726
2491695 2532486 40791
2504407 2533014 28607
2493475 2533806 40331
2500180 2534367 34187
2522106 2537766 15660
2526096 2538294 12198
2515585 2539845 24260
2532653 2540274 7621
2505139 2543211 38072
2529351 2544531 15180
2538616 2544564 5948
2518432 2545686 27254
2521178 2546247 25069
2528114 2546775 18661
2535962 2547303 11341
2527704 2548326 20622
2539983 2548326 8343
2538090 2548887 10797
2512694 2550801 38107
2526998 2551329 24331
2520356 2552385 32029
2533999 2554827 20828
2518927 2556510 37583
2533022 2556840 23818
2547760 2558490 10730
2534286 2559216 24930
2548270 2559414 11144
2550583 2560173 9590
2528334 2562483 34149
2545356 2563308 17952
2534482 2563770 29288
2555498 2564397 8899
2559838 2566278 6440
2539891 2567202 27311
2516850 2567763 50913
2533497 2568786 35289
2549890 2569116 19226
2533180 2569215 36035
2538701 2569809 31108
2548008 2570238 22230
2565421 2571756 6335
2551161 2574363 23202
2549091 2574462 25371
2517201 2574792 57591
2546101 2574825 28724
2531083 2574990 43907
2545243 2575419 30176
2544814 2575518 30704
2545334 2575551 30217
2559824 2575881 16057
2563760 2576508 12748
2539601 2580369 40768
2549783 2581029 31246
2542529 2581821 39292
2533261 2581887 48626
2556054 2582118 26064
2544307 2582481 38174
2561563 2583075 21512
2573256 2584296 11040
2556719 2585187 28468
2566322 2587233 20911
2566997 2587299 20302
2583040 2588982 5942
2584182 2590137 5955
2545624 2591325 45701
2561991 2592645 30654
2554650 2592777 38127
2574716 2593173 18457
2561508 2593338 31830
2550989 2593767 42778
2562753 2594295 31542
2589937 2595879 5942
2552004 2597331 45327
2552799 2597859 45060
2556219 2597925 41706
2564755 2598783 34028
2589594 2599443 9849
2559721 2599806 40085
2579661 2600367 20706
2594664 2600631 5967
2597356 2603337 5981
2585147 2604294 19147
2579758 2604360 24602
2598900 2604855 5955
2568798 2604921 36123
2573827 2605812 31985
2593419 2607165 13746
2591256 2608881 17625
2603619 2609937 6318
2605108 2612445 7337
2607926 2613897 5971
2609036 2614986 5950
2609149 2615481 6332
2598693 2615514 16821
2565727 2616669 50942
2611316 2617263 5947
2571718 2617362 45644
2592142 2617692 25550
2609341 2619837 10496
2613330 2620398 7068
2576271 2622312 46041
2597768 2622378 24610
2597741 2623335 25594
2617709 2624193 6484
2604700 2624325 19625
2606121 2624424 18303
2589857 2624886 35029
2598921 2628384 29463
2618252 2628450 10198
2612999 2628846 15847
2606856 2628912 22056
2607587 2629473 21886
2601010 2629803 28793
2617984 2630496 12512
2616935 2632212 15277
2606577 2633202 26625
2606855 2633796 26941
2602963 2634555 31592
2616140 2635446 19306
2617886 2635842 17956
2628580 2636370 7790
2594609 2639208 44599
2609148 2640792 31644
2613560 2641683 28123
2624051 2643861 19810
2637948 2643894 5946
2600819 2645973 45154
2622323 2646369 24046
2615652 2646600 30948
2604801 2646798 41997
2624274 2646930 22656
2612445 2647821 35376
2618365 2647953 29588
2634956 2647986 13030
2620457 2648448 27991
2616487 2649339 32852
2616964 2650032 33068
2623886 2650494 26608
2633734 2651352 17618
2612734 2652507 39773
2620446 2652903 32457
2634242 2653431 19189
2612340 2653794 41454
2600959 2653827 52868
2648168 2654124 5956
2609813 2654916 45103
2619910 2655444 35534
2621430 2656005 34575
2628273 2656533 28260
2626358 2657754 31396
2651899 2658183 6284
2614054 2658480 44426
2614033 2658546 44513
2644026 2659338 15312
2653515 2659470 5955
2614324 2663331 49007
2657676 2663628 5952
2617289 2663892 46603
2653395 2664552 11157
2656260 2665641 9381
2659829 2665773 5944
2653655 2666763 13108
2626827 2669337 42510
2633998 2669370 35372
2652172 2670426 18254
2654589 2670954 16365
2657761 2670987 13226
2649141 2671251 22110
2626216 2671812 45596
2662825 2672043 9218
2647686 2672340 24654
2623198 2676366 53168
2635124 2677026 41902
2665541 2677389 11848
2637568 2677620 40052
2646011 2677818 31807
2668314 2678478 10164
2669764 2679105 9341
2673145 2679732 6587
2673614 2680359 6745
2674776 2681547 6771
2655850 2682504 26654
2657215 2682669 25454
2676938 2682900 5962
2640806 2687190 46384
2654481 2687850 33369
2671788 2688543 16755
2650313 2688807 38494
2675138 2689104 13966
2664140 2689665 25525
2661352 2689995 28643
2684359 2690787 6428
2660771 2693328 32557
2679957 2694516 14559
2667957 2695803 27846
2652552 2696331 43779
2685380 2696562 11182
2689637 2699367 9730
2692222 2699433 7211
2671601 2700489 28888
2675463 2701017 25554
2667349 2701809 34460
2685487 2703030 17543
2682077 2706660 24583
2679909 2707056 27147
2695834 2707584 11750
2689387 2707848 18461
2701514 2708310 6796
2701711 2708904 7193
2691870 2712534 20664
2698450 2712600 14150
2668795 2712798 44003
2707170 2713128 5958
2676330 2713326 36996
2678602 2713788 35186
2678988 2714481 35493
2708207 2714844 6637
2679341 2714943 35602
2682702 2717319 34617
2682051 2717352 35301
2687772 2717880 30108
2687453 2718375 30922
2685253 2718804 33551
2688487 2718936 30449
2702320 2719332 17012
2697937 2719464 21527
2697630 2719662 22032
2708367 2720553 12186
2712279 2725008 12729
2698235 2727153 28918
2705113 2728242 23129
2706668 2730519 23851
2707578 2731245 23667
2718345 2732037 13692
2717193 2732301 15108
2714288 2732367 18079
2718740 2732565 13825
2718627 2732895 14268
2724306 2732928 8622
2725379 2733456 8077
2686865 2735337 48472
2705952 2736459 30507
2697148 2736789 39641
2712227 2736954 24727
2697381 2737350 39969
2713487 2737482 23995
2697753 2737944 40191
2723531 2738241 14710
2699284 2738340 39056
2732566 2738538 5972
2704825 2738868 34043
2732455 2740452 7997
2700069 2741343 41274
2713584 2741409 27825
2718195 2742366 24171
2720896 2742795 21899
2736955 2743290 6335
2726042 2743356 17314
2730924 2743455 12531
2728999 2743884 14885
2717511 2744181 26670
2728022 2744808 16786
2727365 2748471 21106
2709106 2748504 39398
2718215 2749626 31411
2723406 2749824 26418
2725844 2749857 24013
2740512 2749956 9444
2703560 2750154 46594
2729299 2750946 21647
2716209 2751012 34803
2727220 2753190 25970
2709339 2754510 45171
2722308 2755137 32829
2746421 2755500 9079
2723221 2755731 32510
2717051 2759196 42145
2724122 2759757 35635
2730773 2760285 29512
2702461 2760780 58319
2707158 2760813 53655
2752437 2761176 8739
2736991 2761671 24680
2754517 2763387 8870
2745232 2765169 19937
2744305 2765334 21029
2724501 2766786 42285
2746170 2767314 21144
2719209 2772495 53286
2756965 2772495 15530
2764000 2772825 8825
2728546 2773023 44477
2728919 2773485 44566
2755478 2773815 18337
2747729 2774607 26878
2745387 2774673 29286
2749027 2775696 26669
2755023 2775762 20739
2771384 2777346 5962
2771204 2777511 6307
2737233 2778501 41268
2753416 2778666 25250
2771697 2779887 8190
2767429 2780283 12854
2741043 2783187 42144
2725767 2783748 57981
2733842 2784804 50962
2745057 2785332 40275
2776361 2785629 9268
2772687 2786223 13536
2779729 2786784 7055
2750485 2788830 38345
2762659 2790282 27623
2774139 2790348 16209
2777211 2790513 13302
2778634 2790909 12275
2760816 2791800 30984
2778494 2796288 17794
2765063 2796354 31291
2790975 2797377 6402
2760769 2797872 37103
2780439 2801205 20766
2788290 2802294 14004
2776295 2803020 26725
2789402 2804406 15004
2791344 2804967 13623
2763324 2808795 45471
2797783 2809092 11309
2771271 2809323 38052
2784024 2809686 25662
2800101 2810181 10080
2788372 2810247 21875
2782185 2813250 31065
2757522 2813316 55794
2786903 2814240 27337
2769526 2814306 44780
2782686 2815329 32643
2780318 2815824 35506
2793867 2816352 22485
2786694 2816385 29691
2807030 2819355 12325
2807308 2819949 12641
2791525 2820510 28985
2777771 2820939 43168
2815460 2821401 5941
2782078 2821797 39719
2798431 2822655 24224
2799345 2825196 25851
2801306 2826978 25672
2792623 2827539 34916
2821399 2827704 6305
2806784 2827737 20953
2811267 2828067 16800
2793699 2831334 37635
2798483 2832786 34303
2788319 2833215 44896
2809063 2833644 24581
2794087 2833776 39689
2818501 2834799 16298
2815368 2834997 19629
2825586 2835756 10170
2830007 2835954 5947
2809968 2837340 27372
2800140 2837373 37233
2800145 2837934 37789
2805993 2838297 32304
2827602 2838363 10761
2801845 2838528 36683
2805116 2839122 34006
2814484 2839815 25331
2813103 2840112 27009
2803511 2840277 36766
2810491 2840970 30479
2812833 2841399 28566
2802806 2845821 43015
2814217 2846349 32132
2816568 2846679 30111
2825823 2849187 23364
2843732 2849682 5950
2831271 2850309 19038
2805962 2850507 44545
2820515 2850672 30157
2813222 2851035 37813
2827035 2851101 24066
2833929 2851761 17832
2828178 2851794 23616
2841789 2851827 10038
2829073 2852355 23282
2844382 2852355 7973
2844636 2852883 8247
2810233 2855325 45092
2818164 2855886 37722
2835929 2857107 21178
2831048 2857668 26620
2837533 2858757 21224
2847320 2859285 11965
2835008 2860407 25399
2851185 2863443 12258
2827668 2863806 36138
2827846 2864334 36488
2831660 2864895 33235
2830448 2865291 34843
2848885 2868294 19409
2834945 2868360 33415
2861904 2868459 6555
2863144 2869284 6140
2830905 2869812 38907
2834610 2870373 35763
2864658 2870604 5946
2858021 2871132 13111
2850152 2873805 23653
2852281 2874333 22052
2856348 2874861 18513
2858348 2875422 17074
2863329 2875752 12423
2868019 2876973 8954
2871141 2877105 5964
2836906 2879316 42410
2868571 2880009 11438
2836440 2880801 44361
2843587 2881329 37742
2857423 2881692 24269
2877356 2883309 5953
2860979 2886312 25333
2861760 2886411 24651
2862616 2886972 24356
2862810 2887005 24195
2832518 2887665 55147
2844408 2888325 43917
2853584 2888919 35335
2858696 2892483 33787
2845578 2893308 47730
2848343 2893440 45097
2860293 2894364 34071
2865964 2894694 28730
2877107 2895684 18577
2880275 2897202 16927
2892309 2898258 5949
2880456 2898654 18198
2885217 2899314 14097
2889587 2899842 10255
2870221 2903208 32987
2878263 2903835 25572
2894245 2904660 10415
2872701 2904792 32091
2865821 2905254 39433
2886590 2905683 19093
2849977 2905914 55937
2894868 2906244 11376
2901108 2907069 5961
2882782 2909313 26531
2844344 2909346 65002
2889528 2910336 20808
2882740 2916375 33635
2895863 2917365 21502
2898560 2917794 19234
2910804 2918388 7584
2894178 2919180 25002
2898475 2920203 21728
2898886 2922480 23594
2913074 2922942 9868
2920995 2926935 5940
2903952 2927496 23544
2904100 2928552 24452
2894364 2928783 34419
2906155 2929080 22925
2910691 2929608 18917
2914645 2929674 15029
2899647 2929905 30258
2900460 2930301 29841
2887908 2934789 46881
2917308 2935317 18009
2892946 2935812 42866
2899883 2937363 37480
2897339 2937891 40552
2915687 2940366 24679
2920821 2940828 20007
2916194 2941059 24865
2924805 2941389 16584
2907668 2941620 33952
2901329 2941818 40489
2916890 2942346 25456
2934057 2942544 8487
2889856 2942907 53051
2903914 2943468 39554
2913912 2943534 29622
2916183 2946504 30321
2939871 2948451 8580
2894930 2951190 56260
2903854 2951751 47897
2917306 2952444 35138
2928466 2952807 24341
2924860 2953005 28145
2930266 2953665 23399
2948434 2954391 5957
2948726 2954886 6160
2932014 2956338 24324
2945771 2956899 11128
2926867 2958285 31418
2929440 2959341 29901
2928437 2959803 31366
2936557 2960430 23873
2926430 2964489 38059
2958307 2965545 7238
2932475 2965809 33334
2937575 2966667 29092
2961815 2967756 5941
2952453 2969208 16755
2944800 2970528 25728
2956044 2970660 14616
2940478 2971089 30611
2959915 2971320 11405
2955191 2976534 21343
2953191 2976666 23475
2957634 2977095 19461
2964473 2977623 13150
2956240 2977689 21449
2964462 2979339 14877
2974294 2980263 5969
2927401 2981319 53918
2940287 2982309 42022
2965199 2982375 17176
2973500 2982903 9403
2950076 2983794 33718
2962423 2984322 21899
2963242 2984883 21641
2949945 2985411 35466
2976559 2986830 10271
2939945 2988480 48535
2964250 2988843 24593
2946853 2989041 42188
2969244 2989404 20160
2955905 2989668 33763
2953176 2990064 36888
2985007 2990955 5948
2978664 2991384 12720
2978998 2992143 13145
2967618 2993199 25581
2964139 2993496 29357
2968131 2993793 25662
2970656 2994288 23632
2980703 2995212 14509
2980758 2995443 14685
2989506 2996103 6597
2990761 2996730 5969
2958203 2999337 41134
2962947 2999799 36852
2966536 3000459 33923
2964073 3000789 36716
2984960 3001680 16720
2978603 3005376 26773
2989725 3005739 16014
2984505 3006399 21894
2999128 3006828 7700
2976079 3007686 31607
2987124 3008280 21156
2975217 3008775 33558
2994292 3012306 18014
2999632 3012834 13202
3001912 3013395 11483
2968387 3013824 45437
2971778 3014352 42574
2977782 3014418 36636
2993263 3015507 22244
2995617 3018675 23058
3002966 3019302 16336
3012626 3021018 8392
3017620 3023592 5972
2993868 3024351 30483
2989421 3029334 39913
3003251 3029829 26578
3001970 3030291 28321
3004310 3031347 27037
3005874 3031479 25605
3022771 3033096 10325
2996371 3036495 40124
2999411 3037023 37612
3019075 3037452 18377
2998041 3037815 39774
3000884 3038343 37459
3010412 3038343 27931
3014693 3038970 24277
3026797 3039498 12701
3028724 3041214 12490
3020470 3042501 22031
3028770 3042534 13764
3036464 3043722 7258
3028476 3047517 19041
3029223 3048540 19317
3036614 3049662 13048
3024019 3052335 28316
3038922 3053919 14997
3038812 3054282 15470
3030988 3056460 25472
3035062 3060486 25424
3042694 3060816 18122
3046760 3061377 14617
3051575 3062466 10891
3033287 3062664 29377
3057690 3063654 5964
3050652 3065205 14553
3048508 3067053 18545
3061015 3067350 6335
3045421 3067746 22325
3061610 3067944 6334
3060262 3068274 8012
3028436 3072663 44227
3029680 3073290 43610
3061923 3074775 12852
3051553 3077316 25763
3026530 3077349 50819
3054472 3078372 23900
3033181 3078438 45257
3051259 3078801 27542
3059470 3078834 19364
3068679 3079659 10980
3036509 3079824 43315
3055981 3079956 23975
3072505 3080022 7517
3067939 3082827 14888
3043607 3084510 40903
3076414 3084939 8525
3055824 3085236 29412
3061652 3089196 27544
3080668 3090285 9617
3044554 3090483 45929
3071433 3090648 19215
3058852 3090681 31829
3083238 3090813 7575
3084663 3091737 7074
3085539 3091770 6231
3059991 3095334 35343
3042386 3095895 53509
3077467 3095994 18527
3069049 3096786 27737
3083375 3097083 13708
3060376 3097314 36938
3086022 3098172 12150
3079087 3098238 19151
3080616 3098733 18117
3089555 3098964 9409
3089753 3099261 9508
3080742 3101175 20433
3070328 3101340 31012
3096514 3102462 5948
3073370 3102792 29422
3085324 3103320 17996
3092183 3106851 14668
3089711 3108831 19120
3097386 3109392 12006
3066673 3109821 43148
3085583 3110349 24766
3097062 3111768 14706
3086757 3113187 26430
3087281 3114507 27226
3095248 3114672 19424
3093071 3115002 21931
3104601 3115794 11193
3070439 3119193 48754
3092401 3119886 27485
3071640 3120315 48675
3085211 3120777 35566
3109109 3121008 11899
3077080 3121305 44225
3109752 3121536 11784
3100976 3121668 20692
3094730 3121767 27037
3104151 3126783 22632
3116496 3126783 10287
3108298 3126816 18518
3084563 3127806 43243
3122358 3128301 5943
3088798 3132492 43694
3101244 3133053 31809
3123118 3133086 9968
3105147 3133614 28467
3107989 3134043 26054
3104354 3135033 30679
3112390 3136386 23996
3117112 3138333 21221
3103664 3138498 34834
3128795 3139851 11056
3125765 3143514 17749
3100692 3144801 44109
3104960 3145329 40369
3126723 3145692 18969
3133915 3147342 13427
3120224 3149322 29098
3107866 3149388 41522
3127323 3150015 22692
3133309 3150609 17300
3112110 3150807 38697
3130434 3150939 20505
3134163 3151137 16974
3132934 3151467 18533
3112497 3151665 39168
3136942 3151731 14789
3136209 3154833 18624
3112888 3156483 43595
3113229 3157803 44574
3135486 3161202 25716
3127582 3162489 34907
3146262 3163248 16986
3151923 3164304 12381
3149872 3164403 14531
3155943 3165492 9549
3132936 3167208 34272
3138916 3167703 28787
3128325 3168660 40335
3163223 3169188 5965
3136430 3174798 38368
3159792 3174930 15138
3162404 3175458 13054
3153713 3175821 22108
3170828 3177141 6313
3167829 3178824 10995
3142919 3180507 37588
3153028 3181299 28271
3142352 3181629 39277
3148596 3182025 33429
3171953 3183741 11788
3160664 3185193 24529
3172241 3185754 13513
3173340 3186282 12942
3145440 3186480 41040
3174771 3186810 12039
3166444 3187206 20762
3149921 3187602 37681
3169836 3187833 17997
3154810 3188163 33353
3178812 3188262 9450
3173239 3188394 15155
3164052 3188724 24672
3175601 3188757 13156
3179495 3189483 9988
3160290 3191199 30909
3143638 3192783 49145
3167330 3193905 26575
3141170 3194400 53230
3179361 3194796 15435
3181390 3195324 13934
3148565 3197337 48772
3171267 3198327 27060
3167879 3198789 30910
3179146 3198855 19709
3185139 3198921 13782
3188928 3199020 10092
3160756 3199812 39056
3150294 3200934 50640
3182310 3202848 20538
3191051 3204465 13414
3168278 3204498 36220
3183901 3204861 20960
3166489 3205323 38834
3197584 3205620 8036
3172033 3206346 34313
3183240 3207699 24459
3186346 3207765 21419
3202630 3208590 5960
3181829 3209118 27289
3191791 3209613 17822
3203511 3212385 8874
3177836 3215322 37486
3210426 3216378 5952
3181730 3216510 34780
3174477 3216807 42330
3193215 3217005 23790
3194382 3217929 23547
3208818 3219315 10497
3214275 3220239 5964
3199320 3221328 22008
3173044 3221856 48812
3204679 3222351 17672
3182926 3222417 39491
3206127 3222945 16818
3186866 3223803 36937
3193286 3224331 31045
3196532 3224925 28393
3199011 3225354 26343
3174171 3225882 51711
3192615 3226575 33960
3178576 3228489 49913
3195876 3229017 33141
3211111 3231723 20612
3225876 3231822 5946
3227307 3233274 5967
3208736 3233769 25033
3207919 3234000 26081
3211043 3234297 23254
3208651 3234660 26009
3228850 3234792 5942
3219022 3234825 15803
3229254 3235617 6363
3222191 3235782 13591
3214319 3235848 21529
3196218 3239214 42996
3206679 3239775 33096
3228692 3240006 11314
3206725 3240402 33677
3207153 3240666 33513
3232033 3240699 8666
3225866 3241161 15295
3209659 3241326 31667
3222329 3241689 19360
3237100 3246276 9176
3194417 3246804 52387
3219997 3247431 27434
3234004 3248718 14714
3236823 3249015 12192
3206402 3252348 45946
3244227 3254493 10266
3240468 3257760 17292
3222050 3258486 36436
3225351 3259014 33663
3211348 3259113 47765
3241054 3259311 18257
3223916 3260169 36253
3250066 3260169 10103
3255109 3261192 6083
3232316 3261291 28975
3233867 3263337 29470
3235892 3263865 27973
3228042 3264459 36417
3259014 3264954 5940
3252033 3265482 13449
3245198 3266769 21571
3247149 3267330 20181
3238669 3269343 30674
3230337 3269904 39567
3239727 3269970 30243
3246068 3270366 24298
3244544 3270993 26449
3254359 3271026 16667
3252154 3272016 19862
3249747 3275382 25635
3237203 3276372 39169
3259949 3276471 16522
3248655 3276933 28278
3239825 3277494 37669
3271491 3277692 6201
3250333 3277956 27623
3248864 3278649 29785
3261493 3281784 20291
3262055 3282345 20290
3244160 3282510 38350
3235527 3282609 47082
3262965 3283302 20337
3270603 3283467 12864
3269401 3283830 14429
3271971 3284391 12420
3241992 3287196 45204
3248550 3288780 40230
3252151 3289341 37190
3269026 3291387 22361
3272003 3291849 19846
3238831 3295809 56978
3266805 3296073 29268
3253568 3296931 43363
3263135 3297360 34225
3272948 3298086 25138
3272981 3298548 25567
3279212 3298845 19633
3255596 3300495 44899
3261844 3300825 38981
3263323 3301650 38327
3262775 3302343 39568
3271004 3305214 34210
3277044 3305808 28764
3263957 3306501 42544
3256595 3306600 50005
3291611 3307326 15715
3268410 3307623 39213
3301436 3307755 6319
3299215 3308415 9200
3301537 3308910 7373
3268952 3311319 42367
3273413 3311880 38467
3297208 3312012 14804
3250305 3312441 62136
3249142 3312804 63662
3298346 3312969 14623
3262744 3314685 51941
3308865 3314817 5952
3305527 3317391 11864
3261434 3318282 56848
3284772 3318810 34038
3248776 3319800 71024
3262444 3320328 57884
3291397 3320493 29096
3291932 3321483 29551
3256796 3322044 65248
3257075 3322605 65530
3309931 3323364 13433
3313934 3323925 9991
3317286 3324453 7167
3282672 3325806 43134
3306457 3325938 19481
3304498 3326334 21836
3315235 3326466 11231
3308314 3330492 22178
3286885 3330558 43673
3304814 3331119 26305
3310616 3331317 20701
3323549 3332967 9418
3282078 3335343 53265
3296447 3335871 39424
3315255 3336003 20748
3265908 3336300 70392
3319765 3336531 16766
3266127 3336795 70668
3320462 3337455 16993
3305097 3337686 32589
3286043 3337917 51874
3288971 3338478 49507
3301304 3339006 37702
3314594 3339930 25336
3272100 3341316 69216
3278052 3341877 63825
3323396 3342372 18976
3279045 3342471 63426
3327177 3342801 15624
3329635 3342933 13298
3308098 3343329 35231
3263234 3343824 80590
3320616 3345408 24792
3270144 3345936 75792
3314602 3348378 33776
3311214 3348972 37758
3304263 3349302 45039
3327231 3351018 23787
3336234 3351744 15510
3347159 3353130 5971
3336548 3354813 18265
3337106 3355308 18202
3347996 3355737 7741
3342061 3355836 13775
3344053 3356991 12938
3349578 3357519 7941
3306249 3359334 53085
3312460 3359862 47402
3354241 3360192 5951
3282996 3360324 77328
3330403 3360786 30383
3299110 3360951 61841
3330473 3361215 30742
3348121 3361644 13523
3326174 3362832 36658
3357475 3363426 5951
3358769 3364713 5944
3341741 3365406 23665
3342142 3366297 24155
3360420 3366363 5943
3348835 3367452 18617
3318802 3367815 49013
3355977 3367980 12003
3358845 3368541 9696
3351243 3371379 20136
3333184 3372369 39185
3345469 3372963 27494
3366514 3373359 6845
3349283 3373656 24373
3367144 3374382 7238
3347118 3374679 27561
3355331 3376329 20998
3361940 3376857 14917
3350732 3377187 26455
3350825 3378540 27715
3352958 3379596 26638
3359506 3380124 20618
3322316 3383193 60877
3322426 3383919 61493
3335481 3384777 49296
3362556 3385107 22551
3327519 3385569 58050
3351398 3385668 34270
3341954 3385932 43978
3330372 3385998 55626
3353374 3386229 32855
3344811 3389859 45048
3366980 3389958 22978
3354668 3390288 35620
3361547 3390519 28972
3361841 3390948 29107
3355145 3391344 36199
3373908 3391476 17568
3355980 3391905 35925
3367413 3392004 24591
3375133 3392004 16871
3343438 3392367 48929
3357179 3392466 35287
3369233 3392928 23695
3370742 3394050 23308
3335817 3394512 58695
3381697 3395403 13706
3327351 3396360 69009
3327689 3396954 69265
3348017 3397812 49795
3391924 3397878 5954
3366605 3398340 31735
3379484 3401211 21727
3379531 3401805 22274
3381145 3402333 21188
3396557 3402861 6304
3381125 3404412 23287
3384575 3404940 20365
3388872 3406293 17421
3331052 3407316 76264
3359891 3407745 47854
3372026 3408372 36346
3361291 3408801 47510
3359284 3409362 50078
3377037 3410352 33315
3396147 3410781 14634
3381112 3410880 29768
3381199 3413355 32156
3373727 3414312 40585
3386112 3414840 28728
3375492 3415302 39810
3400328 3416094 15766
3403104 3418833 15729
3386833 3420351 33518
3415619 3421605 5986
3387808 3421836 34028
3378834 3422397 43563
3401130 3425763 24633
3389378 3425994 36616
3403026 3426291 23265
3413928 3426654 12726
3398764 3426951 28187
3417026 3427215 10189
3410762 3427347 16585
3417252 3427776 10524
3393728 3427875 34147
3392095 3431208 39113
3405705 3432561 26856
3391026 3432660 41634
3406871 3433122 26251
3402765 3433287 30522
3404845 3433881 29036
3409304 3434244 24940
3405625 3435861 30236
3413673 3438369 24696
3392232 3438798 46566
3410779 3438831 28052
3415979 3438930 22951
3396458 3439821 43363
3389272 3439887 50615
3399752 3439920 40168
3401806 3440448 38642
3409785 3441009 31224
3424021 3442824 18803
3399368 3444507 45139
3406894 3444936 38042
3440822 3446784 5962
3413559 3449193 35634
3421302 3450051 28749
3431277 3451767 20490
3411831 3455496 43665
3432911 3456552 23641
3420986 3457674 36688
3452884 3458961 6077
3431649 3461337 29688
3441767 3462096 20329
3442103 3462921 20818
3406749 3463317 56568
3453710 3463449 9739
3424776 3463680 38904
3426782 3463878 37096
3416967 3463911 46944
3431172 3464307 33135
3416992 3464439 47447
3440442 3464934 24492
3431534 3465462 33928
3460917 3467178 6261
3458046 3467376 9330
3432476 3468498 36022
3432353 3469323 36970
3443203 3470676 27473
3458685 3471765 13080
3467323 3473283 5960
3450442 3473745 23303
3464162 3474273 10111
3453051 3474504 21453
3411863 3474537 62674
3469224 3475527 6303
3417000 3475626 58626
3459605 3480015 20410
3461887 3480543 18656
3433201 3480807 47606
3435718 3481368 45650
3474458 3481599 7141
3438368 3481665 43297
3436525 3481797 45272
3432823 3482457 49634
3454823 3483183 28360
3464167 3484305 20138
3470434 3484932 14498
3424316 3486780 62464
3434658 3486813 52155
3463793 3487803 24010
3440487 3487902 47415
3457661 3488826 31165
3469202 3488991 19789
3459513 3489552 30039
3473456 3490839 17383
3446564 3492489 45925
3457101 3493017 35916
3471446 3493446 22000
3469517 3493809 24292
3474193 3497208 23015
3476204 3497802 21598
3446895 3498495 51600
3470962 3498528 27566
3481890 3499551 17661
3442145 3503346 61201
3455194 3504435 49241
3465371 3504798 39427
3500136 3506085 5949
3476186 3506250 30064
3504212 3510177 5965
3504436 3510672 6236
3492235 3510936 18701
3470057 3511794 41737
3475692 3512322 36630
3493736 3512883 19147
3461989 3516480 54491
3509590 3516942 7352
3511872 3517833 5961
3508625 3518031 9406
3511291 3518559 7268
3488855 3519021 30166
3492254 3519186 26932
3499683 3519747 20064
3505985 3520275 14290
3501848 3521760 19912
3513751 3522321 8570
3502534 3522651 20117
3492990 3523047 30057
3499935 3523179 23244
3515123 3523872 8749
3464804 3527337 62533
3485927 3527766 41839
3486457 3528294 41837
3487783 3528789 41006
3486738 3528855 42117
3486537 3529251 42714
3499513 3529515 30002
3512079 3530109 18030
3499941 3530241 30300
3504966 3530505 25539
3508718 3531891 23173
3496417 3533343 36926
3505220 3533871 28651
3496563 3534432 37869
3500597 3534960 34363
3514389 3535455 21066
3500311 3536346 36035
3517387 3536874 19487
3523270 3538821 15551
3496559 3540504 43945
3520144 3540834 20690
3500457 3541824 41367
3529605 3543177 13572
3532265 3543408 11143
3533549 3544299 10750
3524987 3545751 20764
3532079 3546675 14596
3501484 3547038 45554
3532262 3547632 15370
3541347 3547665 6318
3504328 3551328 47000
3518338 3551757 33419
3536103 3552384 16281
3512637 3552648 40011
3513695 3553275 39580
3522490 3553671 31181
3528391 3553836 25445
3510893 3557367 46474
3517618 3557961 40343
3518646 3558291 39645
3532248 3558456 26208
3551892 3558687 6795
3546812 3559512 12700
3520416 3559809 39393
3542419 3560964 18545
3523010 3564363 41353
3550526 3564825 14299
3530481 3565617 35136
3534317 3565815 31498
3532585 3566046 33461
3539784 3566376 26592
3514865 3566442 51577
3523495 3566673 43178
3539283 3567003 27720
3561742 3569676 7934
3542208 3570501 28293
3555664 3570930 15266
3555136 3571854 16718
3532555 3575187 42632
3545616 3575781 30165
3558572 3576012 17440
3528588 3576342 47754
3525504 3576804 51300
3546152 3577002 30850
3529768 3577365 47597
3549446 3577497 28051
3553291 3577662 24371
3564297 3578058 13761
3553805 3578256 24451
3536073 3578487 42414
3525622 3578883 53261
3557545 3579411 21866
3569072 3579840 10768
3551512 3581325 29813
3538836 3582282 43446
3560089 3583833 23744
3557363 3584394 27031
3533444 3584823 51379
3572244 3585747 13503
3569710 3588849 19139
3572362 3589410 17048
3562093 3589806 27713
3573730 3590664 16934
3575026 3593205 18179
3563164 3594492 31328
3568323 3595086 26763
3578629 3595614 16985
3584284 3595647 11363
3572798 3595878 23080
3586236 3596241 10005
3581905 3596439 14534
3585797 3596967 11170
3557168 3599211 42043
3557227 3599772 42545
3577356 3600564 23208
3582033 3601686 19653
3590308 3602247 11939
3577104 3605778 28674
3580496 3606801 26305
3586525 3606867 20342
3583970 3607824 23854
3570378 3608385 38007
3568074 3608814 40740
3589223 3611355 22132
3574576 3612510 37934
3578329 3613797 35468
3578075 3613863 35788
3585903 3615150 29247
3594168 3616206 22038
3579617 3618483 38866
3581361 3619044 37683
3572564 3619572 47008
3599880 3619572 19692
3590863 3623334 32471
3599456 3623961 24505
3583433 3624786 41353
3577095 3625776 48681
3592984 3629340 36356
3588774 3631782 43008
3595445 3636501 41056
3588467 3648777 60310
3599446 3654288 54842
