184 6798 6614
664 7293 6629
2465 9075 6610
3334 15906 12572
6006 22539 16533
14533 23133 8600
10899 26763 15864
21619 30822 9203
19523 31086 11563
23624 32439 8815
9813 33429 23616
19527 34023 14496
13596 35013 21417
27336 36729 9393
27337 39468 12131
20816 39699 18883
14811 42174 27363
30929 45276 14347
30762 47190 16428
40664 49896 9232
38053 50226 12173
24625 51117 26492
43811 52239 8428
45839 52866 7027
41176 55308 14132
30948 56166 25218
35830 56166 20336
33419 56364 22945
35448 56727 21279
36286 57981 21695
49303 58872 9569
43642 59334 15692
52783 59697 6914
46141 59994 13853
46711 63030 16319
44635 63195 18560
49396 63558 14162
52121 63591 11470
46138 64053 17915
52248 64152 11904
61776 68376 6600
56594 72171 15577
64215 75735 11520
59266 77913 18647
61462 78342 16880
63021 79662 16641
62066 80223 18157
67124 81015 13891
71681 81048 9367
58415 82335 23920
72729 84018 11289
76435 84546 8111
71572 85305 13733
73584 85899 12315
64409 86493 22084
65436 86922 21486
72752 87417 14665
79987 89133 9146
77086 94116 17030
81621 96756 15135
78976 98241 19265
83941 100386 16445
84232 101409 17177
94531 102597 8066
91504 102696 11192
85824 103356 17532
97504 104412 6908
86850 105567 18717
91961 106227 14266
95407 107217 11810
103076 114081 11005
96794 114147 17353
100731 114213 13482
103639 114840 11201
107834 116721 8887
100443 117249 16806
108085 117249 9164
102804 117876 15072
100623 117975 17352
103784 119295 15511
101687 121110 19423
108568 121176 12608
113036 121605 8569
114722 123750 9028
111741 124146 12405
115043 126720 11677
103533 129426 25893
102777 130482 27705
120827 132099 11272
122692 133584 10892
128491 134739 6248
123049 136125 13076
109716 136653 26937
122059 137214 15155
130620 137214 6594
119606 139920 20314
136305 142923 6618
132477 147378 14901
137555 149094 11539
136817 150018 13201
135093 151965 16872
144461 152064 7603
128402 153516 25114
135471 157080 21609
145558 159687 14129
141860 162096 20236
127672 162525 34853
147757 162855 15098
146192 163086 16894
144650 166023 21373
145758 166320 20562
165103 171732 6629
158258 171930 13672
160669 172425 11756
167232 173481 6249
160017 173877 13860
166989 174702 7713
163817 176979 13162
163899 177012 13113
170768 180378 9610
174131 180378 6247
163396 182490 19094
167253 184206 16953
173557 185229 11672
177573 187935 10362
177640 188529 10889
185651 192324 6673
181406 195393 13987
175062 195558 20496
194339 200937 6598
188645 202257 13612
189638 202851 13213
192002 202884 10882
196134 204831 8697
196319 205392 9073
199184 205788 6604
195691 207933 12242
188842 208461 19619
203514 209781 6267
204607 210870 6263
205558 212190 6632
217369 224433 7064
214558 224928 10370
215639 226017 10378
221092 227700 6608
221369 227700 6331
226870 233178 6308
226683 233310 6627
227287 233871 6584
219499 235422 15923
223045 238194 15149
229999 238623 8624
230398 239217 8819
229290 239778 10488
233648 239910 6262
233937 240405 6468
231184 242484 11300
231934 243045 11111
229415 246114 16699
235823 249414 13591
238118 249942 11824
234354 250338 15984
242773 251229 8456
241812 252582 10770
241327 253209 11882
248347 255024 6677
239841 260139 20298
252484 260238 7754
247093 261492 14399
239902 262152 22250
252427 263109 10682
244511 264858 20347
248022 266937 18915
249312 269577 20265
256540 270435 13895
259732 270468 10736
263608 274428 10820
269602 275913 6311
265746 276870 11124
259693 277365 17672
264463 279444 14981
262567 281556 18989
275734 282348 6614
270702 283767 13065
271735 284922 13187
270523 285747 15224
278549 287727 9178
278252 287991 9739
268087 288453 20366
270346 290928 20582
272344 292842 20498
286507 293106 6599
282222 294426 12204
286131 297231 11100
289576 297825 8249
271689 298221 26532
292492 299838 7346
281983 300630 18647
283142 303270 20128
283928 303633 19705
287344 304194 16850
292836 306933 14097
283681 308451 24770
299285 310068 10783
304879 311487 6608
293268 314160 20892
302368 314655 12287
310548 317163 6615
305883 319374 13491
303218 321420 18202
312414 322080 9666
312564 324159 11595
315738 327096 11358
321125 327756 6631
308600 328515 19915
314592 330264 15672
326166 332772 6606
328623 335610 6987
329742 340560 10818
330083 340956 10873
323989 342705 18716
335785 347259 11474
330192 348777 18585
342348 348975 6627
340383 349965 9582
341724 352935 11211
350613 357225 6612
351459 359535 8076
346217 363495 17278
347604 364551 16947
360486 366729 6243
363294 369864 6570
363989 375210 11221
357942 376035 18093
363838 378444 14606
363118 379533 16415
368727 379599 10872
369263 380490 11227
373704 382041 8337
370799 382239 11440
373707 382767 9060
370157 385836 15679
380595 387222 6627
368901 387750 18849
377546 388707 11161
376350 389466 13116
378302 391776 13474
374513 392205 17692
384241 395043 10802
390177 396495 6318
388695 397716 9021
390470 398211 7741
382167 399102 16935
390435 399531 9096
395992 402336 6344
395549 404547 8998
398104 404679 6575
390951 405933 14982
395599 406395 10796
396739 407913 11174
403411 410025 6614
399747 413721 13974
411191 417450 6259
410300 421047 10747
416226 422466 6240
410329 424875 14546
409325 426822 17497
417092 427614 10522
411209 428736 17527
416737 429297 12560
418717 429660 10943
425622 432630 7008
415746 433125 17379
424171 433620 9449
425120 436062 10942
416521 437052 20531
420601 439131 18530
431506 440022 8516
427383 443124 15741
432496 443685 11189
436711 443982 7271
438014 444642 6628
435105 446556 11451
427421 447084 19663
441328 448239 6911
428100 450285 22185
432165 450450 18285
428867 451308 22441
436827 452991 16164
442425 454014 11589
445488 454542 9054
443250 456555 13305
446695 457677 10982
451623 457941 6318
444086 459756 15670
437312 460878 23566
447934 463617 15683
452217 464772 12555
442808 467148 24340
442185 468006 25821
458572 473484 14912
467320 473649 6329
454100 473814 19714
459746 473847 14101
468899 475497 6598
456632 476157 19525
458012 476883 18871
462977 478335 15358
473111 479358 6247
469583 484110 14527
479319 485562 6243
477562 488862 11300
481491 491568 10077
480308 493119 12811
485451 494439 8988
475522 494868 19346
479651 495396 15745
489014 499521 10507
483575 500379 16804
494893 502689 7796
480206 505560 25354
493283 506484 13201
489459 508035 18576
492694 508134 15440
495099 509487 14388
504518 511170 6652
498326 515130 16804
510580 517407 6827
499969 520410 20441
514192 523149 8957
513223 523710 10487
518328 524733 6405
514967 526449 11482
512728 526482 13754
515197 527010 11813
514816 527538 12722
521540 529749 8209
520033 530244 10211
513943 532488 18545
521744 533247 11503
519309 533313 14004
516932 533973 17041
527541 535854 8313
525617 536679 11062
521782 536844 15062
527176 537240 10064
531623 539022 7399
527491 540309 12818
528753 543609 14856
528705 543939 15234
529503 546876 17373
528846 546942 18096
535971 549648 13677
536027 550209 14182
542446 550341 7895
540620 550770 10150
544840 551793 6953
546157 552420 6263
546272 552948 6676
536034 553542 17508
543660 555720 12060
537437 557502 20065
550729 557568 6839
538221 558063 19842
544769 558690 13921
546749 560769 14020
552517 561330 8813
542488 564300 21812
555027 564828 9801
559515 566841 7326
561239 567864 6625
551552 568161 16609
561065 569118 8053
546729 570471 23742
555416 574563 19147
552107 574860 22753
561414 575553 14139
559544 578754 19210
568466 581295 12829
576391 582648 6257
577246 583869 6623
572034 586080 14046
562858 587268 24410
575982 587961 11979
581455 589017 7562
583161 589908 6747
575527 592482 16955
584430 592614 8184
586624 592944 6320
565887 593010 27123
587250 594528 7278
579396 595320 15924
573251 598224 24973
580432 598257 17825
584426 600369 15943
595363 601887 6524
582781 603108 20327
588747 603999 15252
597124 604098 6974
578727 607134 28407
598422 608916 10494
573385 609840 36455
592328 610863 18535
589217 611391 22174
600910 611886 10976
583518 613206 29688
588699 615087 26388
590340 615648 25308
597550 616407 18857
587762 616935 29173
601728 617496 15768
593036 617628 24592
607446 617991 10545
606495 618387 11892
610838 618519 7681
607291 618948 11657
602670 619047 16377
612932 620037 7105
611846 620301 8455
599443 621720 22277
604733 625845 21112
619048 626076 7028
619465 626373 6908
621075 627759 6684
608879 630927 22048
612274 632544 20270
606842 633864 27022
613975 635745 21770
629737 635976 6239
614625 636900 22275
631967 639408 7441
633160 639837 6677
622576 642543 19967
634585 645381 10796
638852 648087 9235
638535 649407 10872
628112 649572 21460
645446 651684 6238
645686 652311 6625
642558 655908 13350
647560 656205 8645
642487 656436 13949
646257 657921 11664
651553 661947 10394
650967 662475 11508
647435 665181 17746
655767 670758 14991
658962 672276 13314
664149 672276 8127
659095 675477 16382
653321 678447 25126
667311 678645 11334
672060 678744 6684
659287 679569 20282
659709 681648 21939
668080 681780 13700
675143 686004 10861
669204 688908 19704
678091 688974 10883
682631 689799 7168
673109 692538 19429
688312 694848 6536
674120 695178 21058
681432 695739 14307
689489 697125 7636
687414 697785 10371
679914 698907 18993
693101 699369 6268
682170 700986 18816
685244 701646 16402
684353 702966 18613
697921 704847 6926
694211 706068 11857
691396 708675 17279
702062 709170 7108
694887 709203 14316
693207 711117 17910
687607 711282 23675
691826 713427 21601
696038 713526 17488
695294 714483 19189
703033 716760 13727
701194 716892 15698
685637 717453 31816
686499 720885 34386
712536 724284 11748
706143 727023 20880
712182 727749 15567
707610 729927 22317
716921 731214 14293
712758 731445 18687
704697 731841 27144
720624 732039 11415
726489 732831 6342
725344 734745 9401
700267 739134 38867
724530 739200 14670
704283 739695 35412
724821 740124 15303
727393 740289 12896
735193 741444 6251
735086 742368 7282
725164 742896 17732
725257 742962 17705
734024 743259 9235
737672 743919 6247
737921 744414 6493
732384 745668 13284
733996 746196 12200
725187 746361 21174
733905 748770 14865
743341 749595 6254
735368 749859 14491
739134 751311 12177
740967 751707 10740
745565 754380 8815
747264 754875 7611
750029 756657 6628
750437 757449 7012
753542 760155 6613
747512 760386 12874
754519 762267 7748
761656 767910 6254
758103 770385 12282
759991 770748 10757
764508 772827 8319
761170 775632 14462
764947 777018 12071
764698 779988 15290
776045 783057 7012
768197 783882 15685
762254 784971 22717
765532 785565 20033
770828 786951 16123
768028 787545 19517
777087 787710 10623
779278 788172 8894
781427 788700 7273
781475 790581 9106
783168 793089 9921
786379 795795 9416
784654 797610 12956
768539 797709 29170
782220 801966 19746
776140 802626 26486
788118 803154 15036
798273 804969 6696
785721 805860 20139
794809 806388 11579
784793 807873 23080
783957 808203 24246
799442 809622 10180
793629 813648 20019
806504 814473 7969
800171 815232 15061
787089 815430 28341
788797 815991 27194
802719 816255 13536
804425 816387 11962
802838 817542 14704
808239 819258 11019
810196 819885 9689
802325 821634 19309
816389 828399 12010
815681 828828 13147
813942 829983 16041
816280 830775 14495
807536 831930 24394
818143 834999 16856
828394 835494 7100
812400 838200 25800
833916 840675 6759
830385 841269 10884
834771 841401 6630
829153 843843 14690
826735 844338 17603
827949 844998 17049
832619 846549 13930
839071 848265 9194
834549 849123 14574
841912 849222 7310
826545 849288 22743
844213 851334 7121
844978 851598 6620
834893 851730 16837
829272 851829 22557
841096 854040 12944
851555 858165 6610
842860 858561 15701
845084 858660 13576
855730 861993 6263
851219 863214 11995
857800 864369 6569
853847 864633 10786
845829 865755 19926
865940 872553 6613
866119 872751 6632
862163 872916 10753
865705 876447 10742
870781 879219 8438
864068 879582 15514
869121 879912 10791
867304 880638 13334
875179 882189 7010
869703 883080 13377
877384 884004 6620
868940 887205 18265
880100 888723 8623
876737 890175 13438
878177 892452 14275
881750 892452 10702
882697 893046 10349
879019 898392 19373
878282 899514 21232
883746 900042 16296
892796 900471 7675
884164 900801 16637
885653 901857 16204
885794 902550 16756
896525 902913 6388
873395 903045 29650
887675 903606 15931
887963 904200 16237
885961 905322 19361
889254 907137 17883
893019 908886 15867
899524 910206 10682
897090 911625 14535
892141 912153 20012
889595 914430 24835
897671 915354 17683
898871 915354 16483
898858 915453 16595
909895 921096 11201
915217 921525 6308
916430 922680 6250
916065 923076 7011
915221 923901 8680
904596 924693 20097
903210 927861 24651
914037 929082 15045
922835 929082 6247
913006 931161 18155
929197 935814 6617
929692 936309 6617
926898 937794 10896
921488 939378 17890
929406 940302 10896
926879 940500 13621
935597 946110 10513
939914 946539 6625
931964 946638 14674
946050 952314 6264
940550 954789 14239
946374 957429 11055
951466 957726 6260
945479 959838 14359
952663 960795 8132
943655 961059 17404
948129 962313 14184
957186 963798 6612
953538 964293 10755
951506 964458 12952
955448 965415 9967
960764 967395 6631
957783 967593 9810
959102 968121 9019
955730 971553 15823
966618 973533 6915
959989 974226 14237
970127 976371 6244
965780 976536 10756
967708 977262 9554
967392 982674 15282
974818 985479 10661
971026 986964 15938
974162 987393 13231
977614 988482 10868
979420 990099 10679
981804 990627 8823
978331 991485 13154
987112 993762 6650
984571 994191 9620
987222 995280 8058
978786 995511 16725
989334 996336 7002
990780 997095 6315
985498 997425 11927
983545 998943 15398
986687 999075 12388
981415 1000329 18914
983221 1002045 18824
974534 1003365 28831
986589 1003563 16974
979886 1006269 26383
998100 1007127 9027
993899 1008117 14218
998563 1009338 10775
993496 1010955 17459
1005585 1012275 6690
1006804 1013133 6329
1007205 1015806 8601
999744 1018446 18702
1000310 1019007 18697
1008460 1019502 11042
1005910 1019568 13658
1010882 1021614 10732
1013659 1022076 8417
1006147 1022241 16094
1011700 1024848 13148
1017165 1025508 8343
1013840 1026135 12295
1018810 1026663 7853
1019725 1027158 7433
1011182 1029171 17989
1025960 1032570 6610
1012976 1033329 20353
1020273 1034385 14112
1028979 1035243 6264
1027927 1035573 7646
1029041 1036563 7522
1030978 1037982 7004
1034373 1040622 6249
1032732 1041414 8682
1032063 1042866 10803
1032443 1043196 10753
1040420 1046661 6241
1042843 1049697 6854
1043818 1050060 6242
1041050 1051809 10759
1044262 1053261 8999
1046181 1056561 10380
1048350 1058739 10389
1050661 1061544 10883
1056725 1063161 6436
1055541 1065933 10392
1060460 1067088 6628
1061225 1067484 6259
1062224 1068738 6514
1062692 1073127 10435
1057287 1073985 16698
1068989 1075602 6613
1067915 1076625 8710
1066488 1077813 11325
1074763 1081377 6614
1075303 1081542 6239
1064082 1081839 17757
1062075 1082796 20721
1067134 1084017 16883
1077159 1089297 12138
1075198 1090122 14924
1081427 1091805 10378
1076791 1092564 15773
1083720 1094577 10857
1089568 1100451 10883
1091094 1104411 13317
1090282 1105236 14954
1098631 1107084 8453
1094471 1109592 15121
1092458 1109790 17332
1103025 1112001 8976
1104096 1112232 8136
1100545 1112397 11852
1107507 1114179 6672
1106925 1114509 7584
1108410 1116819 8409
1098856 1117743 18887
1107415 1118304 10889
1100715 1119855 19140
1098805 1120449 21644
1108406 1122891 14485
1112982 1125960 12978
1116656 1127610 10954
1113424 1129062 15638
1123803 1130811 7008
1111631 1131141 19510
1123170 1134474 11304
1128586 1135596 7010
1131134 1137444 6310
1123730 1137708 13978
1135453 1142064 6611
1136211 1142460 6249
1131283 1144176 12893
1134187 1145793 11606
1132147 1146519 14372
1141520 1148598 7078
1142542 1153119 10577
1142397 1156254 13857
1144046 1161303 17257
1143439 1161699 18260
1145644 1161831 16187
1150655 1162326 11671
1146360 1164735 18375
1142347 1165032 22685
1156726 1165659 8933
1147155 1166616 19461
1151093 1167144 16051
1152785 1167639 14854
1150465 1168728 18263
1160207 1171830 11623
1150408 1171929 21521
1151545 1172853 21308
1163712 1173282 9570
1161870 1174536 12666
1168460 1174701 6241
1162025 1175097 13072
1165517 1178463 12946
1156307 1179849 23542
1172680 1180212 7532
1170815 1181466 10651
1153938 1181862 27924
1163100 1183413 20313
1166973 1183941 16968
1156120 1184733 28613
1168007 1186482 18475
1177742 1187868 10126
1184027 1190640 6613
1169948 1191069 21121
1174440 1192125 17685
1175209 1193082 17873
1180586 1193907 13321
1172331 1195425 23094
1176953 1195854 18901
1180045 1196283 16238
1176499 1198494 21995
1177001 1198560 21559
1177615 1199022 21407
1171850 1199352 27502
1183897 1199517 15620
1187827 1202982 15155
1186464 1203576 17112
1193936 1204632 10696
1189020 1206414 17394
1188827 1208691 19864
1190816 1209219 18403
1189976 1211826 21850
1202084 1212849 10765
1197907 1215522 17615
1204984 1215852 10868
1210603 1216842 6239
1210790 1217337 6547
1211025 1217436 6411
1211617 1221990 10373
1211181 1224993 13812
1218728 1224993 6265
1212610 1225092 12482
1219743 1233639 13896
1223850 1234662 10812
1212636 1236345 23709
1233463 1240074 6611
1232647 1240668 8021
1234097 1241097 7000
1231061 1242087 11026
1234534 1243605 9071
1219036 1244331 25295
1235238 1244397 9159
1228236 1247532 19296
1232488 1248060 15572
1233385 1249743 16358
1237900 1250271 12371
1240960 1250799 9839
1237136 1251591 14455
1245758 1252845 7087
1240344 1254297 13953
1248314 1254561 6247
1239200 1255485 16285
1235429 1255551 20122
1233249 1260468 27219
1237272 1262514 25242
1246101 1264956 18855
1251730 1267695 15965
1257009 1270962 13953
1261975 1273866 11891
1261590 1274955 13365
1261652 1275450 13798
1250416 1276671 26255
1261167 1276770 15603
1271608 1278354 6746
1258465 1278981 20516
1262768 1280829 18061
1263932 1281390 17458
1270304 1281621 11317
1276340 1283832 7492
1277763 1284393 6630
1278162 1286109 7947
1277177 1291488 14311
1288081 1298814 10733
1288605 1303038 14433
1297375 1303632 6257
1287701 1305348 17647
1294985 1305909 10924
1290873 1308549 17676
1304427 1310694 6267
1304217 1317096 12879
1307449 1318317 10868
1313660 1320297 6637
1307182 1323366 16184
1318315 1326006 7691
1319481 1326105 6624
1309160 1326567 17407
1307486 1326600 19114
1309640 1329207 19567
1316915 1329669 12754
1324496 1330791 6295
1321097 1332111 11014
1316681 1332969 16288
1319084 1333530 14446
1322637 1335048 12411
1318879 1337325 18446
1331235 1337556 6321
1329337 1340064 10727
1323652 1340592 16940
1332196 1347753 15557
1335685 1347951 12266
1342972 1349634 6662
1348954 1355574 6620
1347383 1358643 11260
1350376 1360755 10379
1352948 1361184 8236
1353048 1363428 10380
1360333 1366959 6626
1356973 1367355 10382
1361644 1368840 7196
1364317 1370985 6668
1361277 1371645 10368
1362209 1373097 10888
1363882 1375374 11492
1370908 1377222 6314
1364356 1378641 14285
1370244 1378641 8397
1367061 1380324 13263
1371173 1381380 10207
1370613 1382799 12186
1369114 1383657 14543
1367432 1386000 18568
1383344 1389960 6616
1381335 1391775 10440
1388151 1394778 6627
1385266 1397286 12020
1384351 1398573 14222
1380675 1398672 17997
1388009 1401675 13666
1391088 1401675 10587
1395158 1402170 7012
1385182 1403028 17846
1387512 1405668 18156
1388367 1407285 18918
1398253 1408638 10385
1401595 1409430 7835
1402469 1409463 6994
1400259 1411806 11547
1403824 1412334 8510
1405921 1412598 6677
1405257 1414545 9288
1397457 1415040 17583
1398727 1415832 17105
1409232 1418538 9306
1407596 1420782 13186
1402369 1421310 18941
1409326 1422597 13271
1403469 1425666 22197
1410408 1426722 16314
1411547 1429428 17881
1417907 1431804 13897
1423082 1432266 9184
1415962 1432365 16403
1422113 1432365 10252
1417130 1433289 16159
1419765 1435467 15702
1420083 1435962 15879
1426039 1439097 13058
1430442 1445433 14991
1429555 1446093 16538
1426577 1446786 20209
1427404 1448469 21065
1420113 1448799 28686
1423915 1449360 25445
1432976 1450284 17308
1433079 1450416 17337
1447350 1453617 6267
1449934 1460877 10943
1448530 1464375 15845
1454608 1465959 11351
1449938 1466982 17044
1454548 1469061 14513
1466193 1472460 6267
1465974 1472592 6618
1461223 1473450 12227
1464340 1477575 13235
1462970 1478367 15397
1472125 1479126 7001
1463581 1479984 16403
1471889 1481073 9184
1474195 1482327 8132
1473530 1482525 8995
1460764 1483680 22916
1469555 1486188 16633
1474412 1487343 12931
1472175 1488564 16389
1484379 1491402 7023
1480054 1492986 12932
1481932 1493019 11087
1475448 1493745 18297
1486902 1495593 8691
1486254 1497111 10857
1488318 1498992 10674
1487696 1500939 13243
1486615 1502358 15743
1497781 1504041 6260
1494060 1504536 10476
1495665 1505064 9399
1496383 1508034 11651
1499660 1510806 11146
1497975 1512687 14712
1502707 1514073 11366
1508453 1515063 6610
1511517 1518132 6615
1500245 1518165 17920
1495815 1520475 24660
1502533 1521399 18866
1512814 1524534 11720
1516081 1526811 10730
1512631 1527669 15038
1516051 1527735 11684
1523504 1532421 8917
1521003 1532520 11517
1521023 1533576 12553
1515652 1535457 19805
1524010 1535556 11546
1526497 1538163 11666
1526575 1538262 11687
1526653 1539318 12665
1533149 1539912 6763
1530766 1545918 15152
1529646 1548855 19209
1539898 1550274 10376
1539613 1553706 14093
1543659 1554927 11268
1549136 1555752 6616
1547728 1556247 8519
1549339 1556280 6941
1541360 1556643 15283
1544259 1558194 13935
1552605 1559613 7008
1552519 1563408 10889
1553611 1564893 11282
1554859 1566642 11783
1560670 1572252 11582
1554110 1572483 18373
1566138 1572813 6675
1556487 1572912 16425
1557592 1573605 16013
1562498 1573638 11140
1560928 1576014 15086
1570267 1578258 7991
1566606 1579281 12675
1563370 1580700 17330
1575589 1581855 6266
1556189 1582383 26194
1575138 1582746 7608
1577349 1584858 7509
1578109 1588917 10808
1582594 1589214 6620
1585007 1593702 8695
1578292 1593801 15509
1583707 1595154 11447
1585829 1596936 11107
1574575 1597002 22427
1592806 1599048 6242
1592841 1599840 6999
1581807 1600203 18396
1596513 1603140 6627
1594693 1606869 12176
1600667 1609872 9205
1603720 1609971 6251
1612311 1618617 6306
1608700 1624986 16286
1607557 1625448 17891
1610486 1625514 15028
1612976 1625976 13000
1618869 1626207 7338
1624229 1630893 6664
1611751 1631883 20132
1619289 1632741 13452
1622813 1635546 12733
1616936 1637823 20887
1619407 1638483 19076
1617041 1638747 21706
1622548 1641684 19136
1633240 1642476 9236
1631264 1644390 13126
1637113 1644852 7739
1625895 1648020 22125
1629905 1648581 18676
1634524 1648944 14420
1632040 1649175 17135
1626484 1649373 22889
1625452 1651056 25604
1629818 1652376 22558
1635706 1655148 19442
1642548 1656204 13656
1634134 1657260 23126
1650109 1659966 9857
1653911 1660527 6616
1651872 1663497 11625
1657821 1664421 6600
1659648 1665972 6324
1656894 1667259 10365
1659230 1669932 10702
1640743 1671021 30278
1650224 1671120 20896
1660364 1672506 12142
1666608 1673232 6624
1656385 1675410 19025
1667668 1676301 8633
1663841 1678479 14638
1658824 1678809 19985
1662678 1678908 16230
1666020 1679568 13548
1665873 1682076 16203
1667321 1682076 14755
1665194 1682769 17575
1677212 1683660 6448
1677076 1685673 8597
1678689 1689435 10746
1682060 1692504 10444
1675707 1695870 20163
1678110 1698675 20565
1689855 1700754 10899
1692939 1702206 9267
1688366 1703130 14764
1684619 1703955 19336
1685336 1704516 19180
1689849 1705176 15327
1683069 1705407 22338
1699284 1707981 8697
1700785 1708410 7625
1699658 1708542 8884
1700657 1711512 10855
1692558 1711677 19119
1701490 1712238 10748
1697286 1714383 17097
1705325 1716825 11500
1692337 1718277 25940
1707633 1718442 10809
1704763 1719267 14504
1712520 1725702 13182
1712316 1727088 14772
1720341 1727550 7209
1722030 1729860 7830
1721262 1729893 8631
1712152 1729959 17807
1714833 1734480 19647
1720670 1734975 14305
1721671 1735569 13898
1720187 1736031 15844
1725093 1738704 13611
1734433 1740750 6317
1730342 1743786 13444
1738847 1745403 6556
1723554 1745469 21915
1734702 1746393 11691
1735420 1747119 11699
1739098 1749099 10001
1739917 1750089 10172
1728940 1751772 22832
1731605 1751805 20200
1731896 1752300 20404
1737718 1752663 14945
1739353 1752663 13310
1732282 1752828 20546
1746216 1755930 9714
1746950 1756524 9574
1752888 1759494 6606
1734949 1761969 27020
1745301 1763058 17757
1749727 1763388 13661
1752963 1767249 14286
1756209 1768437 12228
1744590 1769427 24837
1753618 1770483 16865
1758175 1771407 13232
1765896 1772496 6600
1761504 1773189 11685
1750114 1774311 24197
1768308 1775169 6861
1763411 1776225 12814
1768815 1776654 7839
1766819 1777446 10627
1767656 1779624 11968
1760626 1779855 19229
1772527 1780185 7658
1759638 1782231 22593
1766538 1782858 16320
1763355 1785927 22572
1782478 1788732 6254
1778256 1793088 14832
1772837 1794474 21637
1778817 1795299 16482
1784559 1795365 10806
1779314 1795662 16348
1781848 1798401 16553
1783045 1800282 17237
1796747 1803648 6901
1791877 1805463 13586
1797527 1808334 10807
1796522 1808499 11977
1793273 1810248 16975
1795572 1812162 16590
1804655 1812327 7672
1804843 1812855 8012
1794552 1817310 22758
1802037 1817970 15933
1812066 1820148 8082
1809928 1820676 10748
1812571 1820676 8105
1805832 1822854 17022
1813400 1825791 12391
1803661 1827507 23846
1820254 1827870 7616
1820333 1828398 8065
1817320 1834668 17348
1821580 1834998 13418
1822311 1835691 13380
1811593 1836483 24890
1821534 1838199 16665
1828657 1840113 11456
1833482 1840113 6631
1834130 1845492 11362
1835665 1846944 11279
1818677 1848594 29917
1830841 1849188 18347
1836638 1849782 13144
1837249 1853115 15866
1839740 1853709 13969
1842971 1855326 12355
1839941 1856316 16375
1832200 1856811 24611
1853825 1860441 6616
1841897 1860903 19006
1855418 1862025 6607
1856185 1863180 6995
1859569 1865820 6251
1857714 1869747 12033
1863592 1870275 6683
1865071 1871793 6722
1864345 1872783 8438
1868480 1875159 6679
1870290 1877172 6882
1872129 1878756 6627
1864695 1880406 15711
1866424 1882650 16226
1870804 1883112 12308
1878405 1884663 6258
1875646 1889151 13505
1882897 1889514 6617
1877061 1890042 12981
1888042 1894365 6323
1883398 1896873 13475
1885658 1899117 13459
1877151 1899975 22824
1884442 1900008 15566
1888150 1902615 14465
1897239 1904001 6762
1895247 1905981 10734
1900098 1906707 6609
1901326 1907928 6602
1891151 1908192 17041
1896392 1909545 13153
1900615 1911459 10844
1907967 1914594 6627
1913160 1919478 6318
1914247 1920930 6683
1913618 1922316 8698
1910726 1924065 13339
1912946 1924395 11449
1919871 1927629 7758
1917416 1927794 10378
1923051 1929675 6624
1923204 1930203 6999
1923710 1930335 6625
1916122 1932216 16094
1926955 1933206 6251
1928967 1935582 6615
1925122 1936275 11153
1931797 1938651 6854
1930025 1944261 14236
1935406 1944492 9086
1932635 1944888 12253
1930680 1945581 14901
1940083 1948848 8765
1935003 1951686 16683
1938998 1952214 13216
1942350 1953105 10755
1942558 1953435 10877
1944216 1954920 10704
1950789 1957032 6243
1952588 1958913 6325
1948658 1961487 12829
1952886 1963269 10383
1960712 1967328 6616
1961485 1968483 6998
1958781 1969143 10362
1958911 1969671 10760
1959208 1970133 10925
1957795 1970430 12635
1965815 1976568 10753
1970716 1979340 8624
1968140 1979670 11530
1970474 1981848 11374
1975834 1982409 6575
1971415 1984554 13139
1970541 1987128 16587
1977186 1988778 11592
1975239 1989174 13935
1984299 1990758 6459
1970108 1993266 23158
1978689 1994223 15534
1988934 1996104 7170
1991525 1997787 6262
1987591 1998414 10823
1980281 1998645 18364
1981488 1999338 17850
1985407 2000295 14888
1986843 2001351 14508
1984063 2005080 21017
1995354 2005641 10287
1993014 2006598 13584
1991662 2008017 16355
1995804 2008545 12741
1999577 2009832 10255
2001891 2009898 8007
1994382 2011218 16836
1995338 2011746 16408
1992972 2013033 20061
1995875 2013561 17686
1997747 2013825 16078
1992240 2014122 21882
2005159 2015904 10745
2011892 2018907 7015
2010264 2019105 8841
2008748 2020590 11842
2013032 2022108 9076
2011411 2025309 13898
2013799 2026563 12764
2015081 2029962 14881
2021055 2031942 10887
2023942 2035110 11168
2022283 2035902 13619
2025525 2035902 10377
2029589 2036562 6973
2024154 2037255 13101
2027167 2038443 11276
2026218 2038608 12390
2033209 2044515 11306
2035336 2046066 10730
2032743 2046330 13587
2039388 2046561 7173
2032338 2048508 16170
2033419 2049795 16376
2037243 2049894 12651
2039169 2050752 11583
2041166 2052567 11401
2042905 2055372 12467
2044030 2061444 17414
2052242 2063358 11116
2052549 2065536 12987
2055551 2066856 11305
2061480 2069067 7587
2055088 2069958 14870
2060114 2070684 10570
2063181 2073588 10407
2063781 2075304 11523
2056322 2076327 20005
2065461 2078472 13011
2065254 2080023 14769
2072469 2081112 8643
2066478 2082828 16350
2066327 2082927 16600
2071570 2084082 12512
2076221 2084643 8422
2076288 2085666 9378
2075539 2085897 10358
2070225 2091870 21645
2076859 2094675 17816
2079745 2094741 14996
2083113 2096853 13740
2081982 2097909 15927
2079477 2098041 18564
2081868 2100021 18153
2086949 2104608 17659
2094733 2104641 9908
2094746 2107182 12436
2090756 2107644 16888
2081255 2110251 28996
2085985 2110614 24629
2086381 2110779 24398
2096639 2110779 14140
2088938 2111670 22732
2091945 2112297 20352
2095225 2114574 19349
2095471 2115003 19532
2108377 2117181 8804
2105807 2117511 11704
2104370 2120580 16210
2107712 2120976 13264
2107952 2123484 15532
2096393 2123616 27223
2104860 2123979 19119
2102711 2124177 21466
2110018 2124540 14522
2112281 2124573 12292
2112968 2125068 12100
2098645 2127246 28601
2107936 2127807 19871
2114688 2128170 13482
2111915 2128368 16453
2121537 2130480 8943
2115167 2131041 15874
2109871 2131569 21698
2102495 2133681 31186
2123683 2134440 10757
2116415 2134704 18289
2113314 2137806 24492
2120806 2138565 17759
2119527 2141007 21480
2111559 2141766 30207
2128937 2142690 13753
2122630 2143614 20984
2115933 2144208 28275
2127981 2144472 16491
2119802 2144637 24835
2128076 2147343 19267
2139626 2150379 10753
2144331 2150940 6609
2145589 2152194 6605
2145998 2153844 7846
2147915 2154900 6985
2137823 2157573 19750
2147551 2158893 11342
2148687 2159553 10866
2153030 2160048 7018
2149705 2160411 10706
2141621 2161929 20308
2154843 2162820 7977
2156535 2163150 6615
2158864 2165559 6695
2159003 2168298 9295
2164717 2170971 6254
2157718 2171235 13517
2173233 2184501 11268
2171266 2185623 14357
2178890 2186613 7723
2183387 2190375 6988
2181930 2192322 10392
2179089 2193840 14751
2184567 2194929 10362
2185094 2197866 12772
2194385 2200638 6253
2192355 2203608 11253
2197726 2206050 8324
2198520 2207205 8685
2200539 2207205 6666
2191393 2208096 16703
2199958 2208888 8930
2193146 2209812 16666
2196675 2209812 13137
2199231 2210802 11571
2196294 2211924 15630
2205627 2214927 9300
2208851 2217468 8617
2205245 2219943 14698
2215243 2221857 6614
2206934 2223738 16804
2210757 2226147 15390
2210772 2226741 15969
2213996 2227071 13075
2208015 2230437 22422
2217041 2230569 13528
2214174 2233440 19266
2220063 2233638 13575
2212031 2234133 22102
2229125 2236773 7648
2210419 2236839 26420
2211233 2237400 26167
2214938 2237829 22891
2229584 2240997 11413
2211664 2241030 29366
2228275 2241690 13415
2230336 2243142 12806
2215711 2243703 27992
2232746 2244660 11914
2236419 2246442 10023
2228867 2247003 18136
2242712 2249313 6601
2238527 2249478 10951
2236116 2251458 15342
2232596 2251920 19324
2233970 2252679 18709
2235402 2253207 17805
2237858 2254065 16207
2241966 2254362 12396
2238344 2254593 16249
2248187 2257266 9079
2240598 2257530 16932
2244803 2266440 21637
2248818 2266605 17787
2253627 2268783 15156
2258290 2269311 11021
2254354 2269410 15056
2254768 2269575 14807
2266095 2275647 9552
2255755 2275977 20222
2261097 2276406 15309
2271113 2277726 6613
2271748 2278287 6539
2265034 2278848 13814
2269912 2280795 10883
2273679 2280927 7248
2275350 2282742 7392
2271518 2283270 11752
2264322 2284557 20235
2278670 2284920 6250
2280680 2286933 6253
2277960 2288880 10920
2282643 2288880 6237
2283532 2289771 6239
2279051 2290398 11347
2283965 2290860 6895
2284260 2300430 16170
2294417 2301024 6607
2289813 2301849 12036
2288542 2303268 14726
2296890 2307261 10371
2300930 2307558 6628
2301422 2309967 8545
2298581 2313168 14587
2310137 2316798 6661
2310685 2317293 6608
2307735 2318679 10944
2308752 2323992 15240
2314025 2324388 10363
2318089 2326995 8906
2315927 2327259 11332
2314397 2329173 14776
2311956 2329965 18009
2324582 2331582 7000
2325916 2332176 6260
2313419 2334255 20836
2318730 2334651 15921
2326991 2335410 8419
2315240 2337456 22216
2319249 2338380 19131
2324786 2340558 15772
2327542 2340657 13115
2325375 2341152 15777
2332051 2341680 9629
2320295 2342010 21715
2334045 2342175 8130
2328770 2342835 14065
2331988 2344914 12926
2327907 2345970 18063
2326795 2347752 20957
2335775 2348445 12670
2331572 2349831 18259
2345512 2351778 6266
2334973 2352702 17729
2339134 2352735 13601
2337338 2356068 18730
2342243 2357091 14848
2351684 2358312 6628
2348215 2359005 10790
2346399 2359137 12738
2350306 2360754 10448
2348722 2366166 17444
2361427 2367750 6323
2359749 2368575 8826
2362899 2369631 6732
2361174 2371545 10371
2361205 2372073 10868
2367487 2374119 6632
2354462 2374284 19822
2354208 2375340 21132
2368757 2379564 10807
2372924 2381610 8686
2364224 2382765 18541
2371551 2383128 11577
2364535 2384217 19682
2374145 2385009 10864
2373516 2386824 13308
2364481 2386989 22508
2379674 2390058 10384
2381780 2397186 15406
2383228 2400057 16829
2396046 2402664 6618
2388333 2402697 14364
2404414 2411244 6830
2401458 2412696 11238
2398391 2412762 14371
2409074 2415699 6625
2401456 2416755 15299
2410450 2417052 6602
2409642 2418933 9291
2415373 2421639 6266
2411049 2421705 10656
2404810 2422134 17324
2407793 2423025 15232
2406093 2424477 18384
2407983 2427348 19365
2411795 2430483 18688
2419230 2431968 12738
2406998 2434674 27676
2408433 2434872 26439
2428378 2435070 6692
2411060 2435697 24637
2425704 2436225 10521
2428786 2441802 13016
2426866 2442099 15233
2433137 2444574 11437
2430185 2445597 15412
2441197 2449029 7832
2438335 2449062 10727
2438647 2449788 11141
2432932 2451372 18440
2443559 2452560 9001
2431547 2454243 22696
2444486 2456487 12001
2443568 2459127 15559
2449616 2459160 9544
2453092 2459787 6695
2450706 2461899 11193
2455988 2462295 6307
2445508 2462394 16886
2448817 2464605 15788
2449456 2465463 16007
2449263 2467674 18411
2449645 2468796 19151
2460562 2470380 9818
2456562 2470776 14214
2456640 2471337 14697
2455427 2473845 18418
2470525 2477145 6620
2470801 2478630 7829
2466219 2479620 13401
2468859 2481039 12180
2452523 2481468 28945
2473243 2483118 9875
2474539 2483580 9041
2478295 2484537 6242
2476892 2486550 9658
2474416 2487771 13355
2471349 2489751 18402
2469896 2490312 20416
2483987 2490675 6688
2472024 2493018 20994
2484138 2493414 9276
2486137 2493909 7772
2477929 2496021 18092
2491975 2498991 7016
2488733 2499090 10357
2480568 2499453 18885
2495069 2502060 6991
2489479 2503413 13934
2480152 2503875 23723
2497726 2506911 9185
2496386 2510013 13627
2497527 2510376 12849
2498122 2511003 12881
2504815 2514006 9191
2499618 2516283 16665
2510977 2517603 6626
2506200 2518989 12789
2509672 2519517 9845
2510513 2520078 9565
2514813 2521431 6618
2514781 2522355 7574
2512093 2523774 11681
2517507 2523774 6267
2500918 2525589 24671
2519615 2526249 6634
2518013 2528889 10876
2524609 2531232 6623
2518463 2531925 13462
2518918 2533872 14954
2529327 2536644 7317
2516013 2538360 22347
2519104 2538888 19784
2519800 2539449 19649
2532918 2539548 6630
2524990 2539746 14756
2525348 2542947 17599
2536608 2543277 6669
2526305 2546412 20107
2526988 2549646 22658
2546877 2553507 6630
2546824 2554530 7706
2549627 2555949 6322
2545580 2556510 10930
2535886 2557599 21713
2548285 2559018 10733
2529167 2559084 29917
2551824 2559876 8052
2557669 2564298 6629
2558857 2565123 6266
2553082 2566674 13592
2557331 2568060 10729
2557382 2568126 10744
2562004 2572383 10379
2565967 2572614 6647
2565047 2575848 10801
2567456 2578620 11164
2564974 2578851 13877
2574717 2581458 6741
2576446 2583141 6695
2577255 2583867 6612
2579510 2586111 6601
2566188 2586210 20022
2564340 2587200 22860
2577929 2594064 16135
2576268 2594988 18720
2584141 2595021 10880
2575270 2598189 22919
2581738 2598717 16979
2583328 2598783 15455
2584244 2601489 17245
2593457 2601852 8395
2586747 2602017 15270
2582923 2604162 21239
2594988 2605350 10362
2592992 2606076 13084
2589040 2606142 17102
2588321 2607495 19174
2588985 2609508 20523
2594973 2612973 18000
2603775 2613468 9693
2607157 2614128 6971
2599805 2616537 16732
2607261 2616834 9573
2606728 2617197 10469
2607163 2617758 10595
2608154 2618286 10132
2613942 2620563 6621
2604394 2621124 16730
2610651 2621388 10737
2606873 2624226 17353
2605456 2624589 19133
2594023 2627427 33404
2597528 2627460 29932
2593538 2627790 34252
2601742 2628549 26807
2607571 2629737 22166
2610828 2629770 18942
2623244 2630727 7483
2621387 2631024 9637
2623387 2631222 7835
2619730 2632476 12746
2619724 2632476 12752
2614205 2635182 20977
2626172 2635347 9175
2612890 2637426 24536
2628586 2638251 9665
2616770 2638548 21778
2617259 2639076 21817
2629557 2640495 10938
2635431 2642871 7440
2634332 2643168 8836
2632601 2643333 10732
2622706 2645742 23036
2631508 2645973 14465
2627950 2646270 18320
2636746 2647491 10745
2642138 2648382 6244
2618297 2649174 30877
2634250 2649207 14957
2643070 2649735 6665
2645102 2651352 6250
2645038 2654223 9185
2644395 2658810 14415
2647065 2659173 12108
2645971 2662671 16700
2652419 2663166 10747
2653411 2664783 11372
2649672 2665179 15507
2656773 2665509 8736
2665065 2671680 6615
2666468 2673099 6631
2669222 2675475 6253
2669676 2675937 6261
2662395 2677455 15060
2669799 2682405 12606
2674671 2685375 10704
2675067 2686398 11331
2669530 2686464 16934
2667939 2688477 20538
2672332 2688576 16244
2677486 2691678 14192
2670968 2692173 21205
2674249 2692602 18353
2686567 2693328 6761
2671315 2695275 23960
2672478 2696034 23556
2682229 2696430 14201
2689869 2697783 7914
2691677 2698278 6601
2686967 2698509 11542
2689474 2698740 9266
2681179 2700984 19805
2683274 2701083 17809
2683164 2701413 18249
2681693 2701512 19819
2697209 2703855 6646
2687943 2708739 20796
2702548 2709234 6686
2698380 2711544 13164
2704612 2713095 8483
2705521 2715900 10379
2709678 2716362 6684
2702947 2719101 16154
2704117 2720916 16799
2714934 2721576 6642
2716676 2723358 6682
2716764 2723886 7122
2715334 2724414 9080
2713160 2726955 13795
2711274 2727615 16341
2723736 2730321 6585
2717648 2733786 16138
2720219 2735172 14953
2726048 2736822 10774
2727559 2737086 9527
2721650 2739231 17581
2732937 2740056 7119
2729119 2741442 12323
2736350 2742960 6610
2731294 2743521 12227
2727624 2744643 17019
2721410 2744808 23398
2733467 2745699 12232
2730043 2752035 21992
2746542 2752794 6252
2743467 2755566 12099
2741464 2757447 15983
2750233 2757579 7346
2752167 2759229 7062
2749632 2759460 9828
2749188 2760318 11130
2741329 2762661 21332
2752735 2763552 10817
2758358 2768535 10177
2749570 2769789 20219
2762872 2770185 7313
2752269 2770317 18048
2757534 2773386 15852
2760565 2773749 13184
2769261 2775861 6600
2751143 2776455 25312
2757350 2777412 20062
2761812 2779821 18009
2772284 2782659 10375
2776207 2782824 6617
2769286 2783253 13967
2772847 2784969 12122
2770144 2786817 16673
2781402 2790117 8715
2784825 2791074 6249
2787085 2793714 6629
2789795 2796783 6988
2784615 2798367 13752
2790677 2799753 9076
2788343 2801568 13225
2786064 2802954 16890
2796944 2803548 6604
2793538 2804307 10769
2778701 2805957 27256
2799107 2806386 7279
2794585 2808795 14210
2794155 2810082 15927
2803876 2810478 6602
2789351 2811864 22513
2795356 2813151 17795
2804288 2815890 11602
2806816 2816418 9602
2800045 2816682 16637
2788845 2816979 28134
2808572 2817045 8473
2801123 2817639 16516
2812040 2818365 6325
2812312 2820642 8330
2806267 2821236 14969
2795538 2823282 27744
2800822 2823942 23120
2805995 2824404 18409
2803745 2824800 21055
2820153 2826747 6594
2813253 2828298 15045
2817013 2829156 12143
2812949 2830509 17560
2809269 2830707 21438
2819857 2831367 11510
2822682 2832390 9708
2824335 2833776 9441
2828392 2834634 6242
2828767 2836515 7748
2816278 2838363 22085
2810433 2839518 29085
2825035 2839716 14681
2832433 2840607 8174
2827957 2841894 13937
2821995 2842224 20229
2818458 2843181 24723
2825455 2843247 17792
2830263 2844699 14436
2837626 2845359 7733
2832289 2845788 13499
2832933 2846976 14043
2836686 2847405 10719
2830262 2848758 18496
2840091 2849022 8931
2842806 2849814 7008
2832914 2851332 18418
2828691 2851728 23037
2829972 2852223 22251
2834302 2852520 18218
2833561 2854929 21368
2833878 2855952 22074
2843448 2858658 15210
2849891 2860770 10879
2855604 2862222 6618
2842830 2862783 19953
2854386 2863377 8991
2848766 2863806 15040
2856133 2863905 7772
2857021 2864433 7412
2857739 2864730 6991
2859718 2866743 7025
2860662 2867634 6972
2863299 2870274 6975
2858934 2870538 11604
2865206 2871462 6256
2862181 2873343 11162
2869847 2876478 6631
2863737 2878029 14292
2872419 2880141 7722
2875950 2882187 6237
2873858 2883045 9187
2864441 2886114 21673
2875587 2887731 12144
2873378 2890305 16927
2875898 2890866 14968
2873381 2891559 18178
2886102 2892813 6711
2877390 2895882 18492
2878138 2897565 19427
2890494 2902020 11526
2895418 2902086 6668
2892400 2903736 11336
2893450 2904330 10880
2899227 2905980 6753
2902739 2909346 6607
2895964 2911029 15065
2895900 2913801 17901
2899463 2913900 14437
2896801 2914989 18188
2898641 2916903 18262
2905779 2916903 11124
2911415 2917728 6313
2911900 2918223 6323
2900652 2918553 17901
2905085 2921457 16372
2908790 2921985 13195
2913958 2924163 10205
2912811 2924691 11880
2914170 2925219 11049
2905919 2926539 20620
2920307 2927199 6892
2919845 2928486 8641
2921823 2928981 7158
2916513 2929938 13425
2924921 2931819 6898
2915493 2933304 17811
2927568 2933832 6264
2928920 2940003 11083
2934896 2941653 6757
2934427 2945316 10889
2938637 2947461 8824
2935288 2948814 13526
2939109 2950629 11520
2937386 2951751 14365
2942779 2951883 9104
2943838 2953335 9497
2947153 2956239 9086
2945799 2962146 16347
2954611 2963565 8954
2949598 2963763 14165
2953629 2965116 11487
2958344 2966040 7696
2947328 2967195 19867
2949758 2969241 19483
2967842 2974950 7108
2965452 2975973 10521
2967947 2976765 8818
2961101 2978481 17380
2960950 2979108 18158
2970164 2981418 11254
2962583 2983299 20716
2967347 2984652 17305
2977332 2984982 7650
2972097 2987985 15888
2964990 2988051 23061
2983237 2989998 6761
2973590 2990394 16804
2974559 2990922 16363
2981641 2990988 9347
2984866 2996400 11534
2984996 2996928 11932
2987074 2997291 10217
2980249 2999469 19220
2991573 3000162 8589
2992811 3000459 7648
2986587 3001911 15324
2989018 3002307 13289
2996536 3003165 6629
2987398 3005442 18044
2990084 3007653 17569
2998430 3007818 9388
2988719 3009534 20815
3003176 3009831 6655
2997642 3010986 13344
2997650 3011382 13732
3005818 3012075 6257
3003602 3012438 8836
3007949 3018675 10726
3009966 3020358 10392
3013133 3023889 10756
3014910 3023889 8979
3017888 3024153 6265
3017151 3027321 10170
3024777 3031380 6603
3023113 3032106 8993
3021758 3032634 10876
3027520 3034218 6698
3027848 3034449 6601
3029456 3036132 6676
3033484 3040488 7004
3027557 3041082 13525
3028520 3042072 13552
3039467 3045735 6268
3041852 3052731 10879
3037053 3053061 16008
3040626 3054051 13425
3047283 3056757 9474
3054698 3060948 6250
3056146 3062829 6683
3045785 3065403 19618
3060841 3067086 6245
3047818 3068604 20786
3048083 3069132 21049
3067082 3073323 6241
3067491 3073752 6261
3064458 3075303 10845
3065266 3076623 11357
3061093 3078438 17345
3065264 3078471 13207
3070225 3081144 10919
3068271 3082068 13797
3070924 3083289 12365
3074198 3084609 10411
3068458 3084774 16316
3077765 3085665 7900
3074910 3088272 13362
3077584 3091143 13559
3080045 3091704 11659
3066703 3092232 25529
3081413 3092397 10984
3086056 3095631 9575
3080687 3095664 14977
3090850 3097578 6728
3091570 3098469 6899
3084893 3099558 14665
3082142 3099954 17812
3084031 3100119 16088
3091451 3101538 10087
3100565 3107808 7243
3099064 3109821 10757
3090120 3110514 20394
3106680 3113352 6672
3103258 3114012 10754
3108499 3115101 6602
3103930 3117741 13811
3110973 3118599 7626
3113747 3120183 6436
3103249 3120480 17231
3115463 3122196 6733
3117466 3128334 10868
3123387 3130017 6630
3124630 3131238 6608
3121825 3132756 10931
3122980 3134241 11261
3128337 3134604 6267
3124107 3135363 11256
3129854 3136881 7027
3133170 3139851 6681
3133783 3140412 6629
3130388 3141864 11476
3128558 3143283 14725
3132762 3143844 11082
3125995 3147078 21083
3148184 3154503 6319
3148085 3154701 6616
3141053 3157275 16222
3149555 3159981 10426
3154002 3160245 6243
3154049 3160674 6625
3154418 3165294 10876
3160006 3166251 6245
3158198 3168990 10792
3164199 3174732 10533
3168859 3175524 6665
3161999 3175953 13954
3165962 3177141 11179
3158239 3177504 19265
3167137 3177867 10730
3167548 3179253 11705
3169153 3183345 14192
3170847 3183873 13026
3171944 3186843 14899
3180282 3189945 9663
3183801 3192981 9180
3177158 3193575 16417
3182178 3195291 13113
3182911 3196017 13106
3182413 3196314 13901
3183366 3197304 13938
3178216 3200010 21794
3178480 3202485 24005
3196058 3202749 6691
3187893 3203079 15186
3186240 3205818 19578
3182156 3206280 24124
3189413 3206280 16867
3191195 3207336 16141
3196600 3207930 11330
3197412 3208722 11310
3202003 3209151 7148
3196864 3210570 13706
3204103 3214299 10196
3209167 3215421 6254
3205613 3216378 10765
3197993 3218556 20563
3213431 3222516 9085
3212456 3223638 11182
3209326 3225189 15863
3208279 3225486 17207
3204398 3229545 25147
3217903 3231129 13226
3213780 3232185 18405
3225341 3232416 7075
3222226 3235584 13358
3230595 3237432 6837
3227122 3238290 11168
3228265 3238950 10685
3228699 3239082 10383
3223377 3246177 22800
3225592 3246573 20981
3230841 3246804 15963
3231705 3247035 15330
3231404 3247629 16225
3238014 3249048 11034
3224785 3250830 26045
3228199 3251589 23390
3243236 3252546 9310
3242635 3253800 11165
3245270 3254559 9289
3251587 3257991 6404
3250607 3258288 7681
3248271 3260499 12228
3247457 3261720 14263
3249475 3264327 14852
3257703 3264393 6690
3257981 3267627 9646
3262137 3268386 6249
3263613 3270234 6621
3255246 3270696 15450
3257724 3272709 14985
3267087 3273732 6645
3259127 3273897 14770
3254509 3274293 19784
3265201 3276603 11402
3266286 3277164 10878
3267505 3277890 10385
3272921 3279903 6982
3271819 3282279 10460
3258036 3282444 24408
3272407 3287361 14954
3281394 3288021 6627
3272446 3289011 16565
3284467 3290727 6260
3279001 3292872 13871
3278997 3293631 14634
3281978 3296304 14326
3292469 3303333 10864
3293023 3303762 10739
3300900 3307524 6624
3305424 3311682 6258
3302508 3312870 10362
3307640 3314982 7342
3310167 3316599 6432
3306970 3317853 10883
3310752 3319437 8685
3313206 3319833 6627
3312626 3320031 7405
3314400 3325278 10878
3319918 3327489 7571
3314483 3328248 13765
3319952 3329040 9088
3315865 3329601 13736
3317291 3332241 14950
3322550 3332571 10021
3323092 3332835 9743
3322189 3333132 10943
3318338 3335640 17302
3323518 3336333 12815
3323441 3337521 14080
3323044 3338709 15665
3330310 3339402 9092
3334072 3340722 6650
3328729 3342570 13841
3319643 3343890 24247
3328279 3348741 20462
3339031 3351348 12317
3336699 3352074 15375
3337299 3352767 15468
3341799 3353163 11364
3330211 3354450 24239
3340587 3355968 15381
3350094 3357090 6996
3345029 3359037 14008
3350622 3360753 10131
3341637 3362106 20469
3340154 3364383 24229
3340883 3364383 23500
3354455 3364911 10456
3359068 3365307 6239
3355471 3367089 11618
3353588 3367584 13996
3345130 3367914 22784
3357683 3374316 16633
3361409 3375603 14194
3362201 3376098 13897
3363085 3376626 13541
3370697 3377319 6622
3373065 3380058 6993
3364120 3380619 16499
3363471 3382236 18765
3371094 3383787 12693
3371458 3386988 15530
3372394 3387879 15485
3370126 3389067 18941
3363925 3392631 28706
3366550 3392664 26114
3364657 3393720 29063
3373758 3395865 22107
3378135 3396426 18291
3382755 3396426 13671
3385264 3397416 12152
3382254 3399396 17142
3387691 3399396 11705
3383164 3401409 18245
3377971 3402102 24131
3396293 3403455 7162
3391779 3403488 11709
3391116 3403653 12537
3391217 3406161 14944
3384307 3406854 22547
3388173 3407217 19044
3390387 3409362 18975
3385480 3410253 24773
3401292 3412431 11139
3391964 3414246 22282
3394530 3416754 22224
3408150 3417249 9099
3404103 3417414 13311
3396250 3417843 21593
3406513 3418503 11990
3395870 3420153 24283
3398157 3420252 22095
3416474 3423090 6616
3409802 3426093 16291
3414312 3426621 12309
3405526 3426852 21326
3416841 3429987 13146
3422685 3432264 9579
3415039 3433551 18512
3422827 3433584 10757
3423536 3435234 11698
3420900 3435960 15060
3430511 3441405 10894
3430008 3442131 12123
3426531 3443055 16524
3421597 3445266 23669
3429326 3445332 16006
3441799 3448038 6239
3429518 3449028 19510
3430399 3451173 20774
3425095 3452031 26936
3440188 3453978 13790
3444250 3455496 11246
3445466 3455892 10426
3450820 3457443 6623
3434808 3457872 23064
3440462 3459654 19192
3450333 3460578 10245
3453784 3460875 7091
3454314 3463581 9267
3440152 3463647 23495
3439427 3464340 24913
3458406 3464670 6264
3447764 3465957 18193
3459443 3466551 7108
3463657 3469917 6260
3464994 3471237 6243
3460613 3472227 11614
3459950 3472821 12871
3457898 3475428 17530
3470293 3476550 6257
3475840 3482160 6320
3472686 3484305 11619
3466018 3485328 19310
3471152 3485856 14704
3480684 3487935 7251
3482346 3488958 6612
3480752 3490146 9394
3477096 3491037 13941
3483939 3492918 8979
3486432 3493446 7014
3483293 3495129 11836
3481662 3496185 14523
3485879 3496911 11032
3484929 3497802 12873
3489468 3499287 9819
3494439 3500706 6267
3495313 3506118 10805
3500610 3507240 6630
3492559 3509187 16628
3506121 3514962 8841
3508827 3515820 6993
3501939 3516447 14508
3504212 3517569 13357
3506612 3520209 13597
3505298 3521001 15703
3509355 3522948 13593
3503266 3523575 20309
3513605 3525918 12313
3514840 3529449 14609
3514161 3530241 16080
3514666 3530802 16136
3523390 3532221 8831
3526726 3533343 6617
3520057 3535488 15431
3524754 3541197 16443
3536702 3543342 6640
3532854 3543738 10884
3531784 3545850 14066
3526093 3546147 20054
3524052 3546444 22392
3539645 3548853 9208
3528331 3549051 20720
3532938 3549480 16542
3542224 3551064 8840
3537032 3551757 14725
3537916 3552318 14402
3542149 3552582 10433
3533460 3552681 19221
3547628 3554199 6571
3547550 3554364 6814
3545633 3558390 12757
3537112 3563274 26162
3543788 3563703 19915
3552123 3564231 12108
3549287 3565815 16528
3556365 3566805 10440
3558709 3567366 8657
3561060 3567663 6603
3550303 3572514 22211
3561169 3573537 12368
3559370 3573966 14596
3552090 3575517 23427
3558785 3576045 17260
3557843 3576903 19060
3571224 3585747 14523
3576723 3587496 10773
3582550 3588816 6266
3584548 3591159 6611
3582731 3593931 11200
3589960 3601224 11264
3596623 3603237 6614
3599293 3606273 6980
3596168 3609705 13537
3599403 3610662 11259
3599968 3610827 10859
