2268 8580 6312
5105 11352 6247
5056 11682 6626
3521 13959 10438
1010 14256 13246
8319 14520 6201
8520 15147 6627
7229 18018 10789
4709 18480 13771
8649 19503 10854
13373 19701 6328
7781 22737 14956
15377 25443 10066
13151 28677 15526
13679 29997 16318
26732 33363 6631
23506 35442 11936
26158 40524 14366
32724 41151 8427
31954 42768 10814
40801 47058 6257
41894 51975 10081
43113 54582 11469
44507 55374 10867
48610 57057 8447
48983 59796 10813
49370 62469 13099
56209 62832 6623
57405 64680 7275
54549 66033 11484
51575 66066 14491
58802 67122 8320
56658 68772 12114
62758 69300 6542
56011 70059 14048
61651 72402 10751
64740 75999 11259
69720 76362 6642
59609 78078 18469
73512 80157 6645
75378 82005 6627
78749 85008 6259
78968 85602 6634
81910 88176 6266
78071 88836 10765
74968 95106 20138
90531 96789 6258
90667 97680 7013
82579 98934 16355
88065 99198 11133
89426 99924 10498
95036 101541 6505
90481 101640 11159
100485 107052 6567
100303 107316 7013
98237 109164 10927
105140 111573 6433
98680 113091 14411
102218 114411 12193
105161 114675 9514
102370 114939 12569
105438 116358 10920
113133 122661 9528
112887 123684 10797
115114 129492 14378
119422 130152 10730
125026 131637 6611
125565 136422 10857
136646 143088 6442
138382 148830 10448
134758 151239 16481
144943 151569 6626
149464 155727 6263
140881 157740 16859
153348 160017 6669
153874 162690 8816
156083 162690 6607
157307 163548 6241
160326 166716 6390
158665 169389 10724
164820 171072 6252
168221 178959 10738
171761 186120 14359
177258 191202 13944
180894 191697 10803
176932 192852 15920
179172 194766 15594
195492 202158 6666
195576 204897 9321
199519 205590 6071
200371 206613 6242
201287 209187 7900
199442 211926 12484
206023 212289 6266
198986 212388 13402
204280 219120 14840
208283 221859 13576
206298 222354 16056
206847 222717 15870
205079 225588 20509
222462 228723 6261
206300 228822 22522
218943 231066 12123
222091 234828 12737
230645 236907 6262
221616 239613 17997
234971 241560 6589
235931 242187 6256
232957 244365 11408
232562 246180 13618
236270 247599 11329
243223 249876 6653
238819 251592 12773
239765 256443 16678
243691 258423 14732
254793 261393 6600
255011 261690 6679
251500 268917 17417
264158 270765 6607
261167 271920 10753
260009 273240 13231
266989 273240 6251
262482 274692 12210
272406 278718 6312
266678 281193 14515
273101 283800 10699
268547 286968 18421
283125 289377 6252
284288 290598 6310
284951 293172 8221
286313 295020 8707
283769 295152 11383
281467 296373 14906
286821 297330 10509
286427 297495 11068
284786 302940 18154
286876 304524 17648
286911 305052 18141
288746 308319 19573
286354 308583 22229
289940 308979 19039
290543 309540 18997
293146 311190 18044
301713 312444 10731
302843 313203 10360
307835 318219 10384
309080 319836 10756
315228 322245 7017
317322 323565 6243
314147 324885 10738
316722 327591 10869
317401 328185 10784
326481 333102 6621
321778 336633 14855
331047 337656 6609
327761 338613 10852
335344 345774 10430
340605 347226 6621
335652 348975 13323
340120 350922 10802
340849 351945 11096
344791 353628 8837
345835 356499 10664
346281 356598 10317
344011 359700 15689
343053 362406 19353
350382 363825 13443
361812 368049 6237
347254 369336 22082
353821 369996 16175
359702 370095 10393
358781 370425 11644
365643 372669 7026
352439 373131 20692
366329 373395 7066
363178 376398 13220
370420 381414 10994
371093 381942 10849
370130 382074 11944
372319 384021 11702
375208 384648 9440
375617 386067 10450
379585 386199 6614
380160 386727 6567
381050 387321 6271
380555 388443 7888
382658 389136 6478
377321 390192 12871
372808 392238 19430
386535 393525 6990
373091 394944 21853
381238 395340 14102
383481 397452 13971
390647 398013 7366
385719 399498 13779
382802 401247 18445
384344 402600 18256
389642 403887 14245
395850 405339 9489
384617 406692 22075
401462 407781 6319
397448 410388 12940
392886 411048 18162
397407 415602 18195
409396 418572 9176
411904 418869 6965
403823 418902 15079
409276 420090 10814
410488 420948 10460
414670 421674 7004
406351 422037 15686
409531 423192 13661
420526 426657 6131
418210 426756 8546
420962 427152 6190
410548 429462 18914
417236 430386 13150
420564 435996 15432
422747 438108 15361
427914 438636 10722
421379 438999 17620
425410 441012 15602
429770 446325 16555
446426 452760 6334
442380 455763 13383
445226 458964 13738
448757 462858 14101
456977 467346 10369
460827 471702 10875
461908 477972 16064
462448 478665 16217
457076 479094 22018
475409 482031 6622
465069 482922 17853
464704 484572 19868
481205 489819 8614
479771 490149 10378
483628 494604 10976
487456 498564 11108
493959 500577 6618
488916 501435 12519
486285 502689 16404
499761 506781 7020
500993 507672 6679
493307 507771 14464
495283 508596 13313
496668 514470 17802
513413 524469 11056
513706 524997 11291
518799 525063 6264
511719 525591 13872
520270 527010 6740
526462 533082 6620
522937 533313 10376
527557 533874 6317
525243 535986 10743
530884 537141 6257
533100 539781 6681
534418 540672 6254
534887 545325 10438
534976 548559 13583
533537 550044 16507
550768 557007 6239
552476 559086 6610
552521 561231 8710
547334 561693 14359
547732 564366 16634
575258 581526 6268
572167 583044 10877
573078 584034 10956
575200 585948 10748
588155 594759 6604
581636 596046 14410
589640 596244 6604
590628 597267 6639
594627 601293 6666
595072 601689 6617
596611 603735 7124
587564 604329 16765
599883 606507 6624
596992 607860 10868
604240 610500 6260
605635 611622 5987
605928 612183 6255
602976 613701 10725
600859 615252 14393
609058 615318 6260
610139 616110 5971
610474 618618 8144
601181 618882 17701
608753 620895 12142
619853 626439 6586
616809 627957 11148
617227 628584 11357
628114 634359 6245
622250 636207 13957
626292 637131 10839
624375 641982 17607
630492 642906 12414
636776 644061 7285
639421 646041 6620
635424 646239 10815
636605 647460 10855
642081 648318 6237
635554 649440 13886
643374 650001 6627
645653 651915 6262
652698 658911 6213
650132 660990 10858
655593 662574 6981
652347 666369 14022
652044 666732 14688
657402 669306 11904
661999 670890 8891
660669 671055 10386
664482 671418 6936
652909 672012 19103
657934 672309 14375
668401 678711 10310
667129 681648 14519
668426 682077 13651
673447 684519 11072
669495 687225 17730
677217 688149 10932
675682 688347 12665
672832 691020 18188
677095 691944 14849
686114 692439 6325
677443 697917 20474
691665 697917 6252
682965 698214 15249
686526 699039 12513
698177 704847 6670
699647 706266 6619
690155 708081 17926
696688 711282 14594
702279 714351 12072
704005 718278 14273
708125 719004 10879
714294 721314 7020
702848 722667 19819
716006 723162 7156
707585 724977 17392
722493 728739 6246
721045 732534 11489
726821 733062 6241
721168 733161 11993
723396 735141 11745
717036 735438 18402
721365 736461 15096
725903 739992 14089
734770 749133 14363
745181 752202 7021
738889 752763 13874
748426 755436 7010
745207 756459 11252
752106 758373 6267
750707 758703 7996
749577 763554 13977
745771 764082 18311
758521 764775 6254
753527 768009 14482
762393 769065 6672
763235 769593 6358
761965 772695 10730
762657 772695 10038
766018 774939 8921
761188 775401 14213
764861 776127 11266
771709 778371 6662
776326 782595 6269
777092 783354 6262
779082 785334 6252
779528 786126 6598
776947 787314 10367
780928 788271 7343
782056 788667 6611
789837 796455 6618
782573 797016 14443
795512 802131 6619
788403 803286 14883
791314 803286 11972
792241 804210 11969
790696 804903 14207
798757 805398 6641
800377 810744 10367
805856 812526 6670
799257 814836 15579
798084 816519 18435
806096 817740 11644
810739 817740 7001
798228 819753 21525
805012 820182 15170
814237 825858 11621
810603 828465 17862
826096 837573 11477
824145 838992 14847
828929 842094 13165
827154 842655 15501
839782 847935 8153
835249 849552 14303
841045 854601 13556
845137 855525 10388
852496 859188 6692
852674 861927 9253
851151 862026 10875
859287 865722 6435
862218 868824 6606
865240 871497 6257
860720 871959 11239
867058 873708 6650
855666 875094 19428
857913 876117 18204
870063 876810 6747
866878 879120 12242
869921 880671 10750
882399 889053 6654
883271 889878 6607
883347 889977 6630
880956 896247 15291
889653 896346 6693
882668 899514 16846
889897 902220 12323
890097 902979 12882
896770 903771 7001
897947 904431 6484
894148 905190 11042
895011 905784 10773
900756 907830 7074
892752 908259 15507
897779 910239 12460
901876 910305 8429
895007 910965 15958
904620 911295 6675
893711 911757 18046
908349 914430 6081
908753 914793 6040
910025 916278 6253
906345 917895 11550
904665 918522 13857
911195 920601 9406
907817 921756 13939
909915 922482 12567
911831 923604 11773
908245 926145 17900
913870 926838 12968
918522 929379 10857
913921 931557 17636
922679 933537 10858
916470 936342 19872
925732 936507 10775
925740 937002 11262
924518 938784 14266
927056 939048 11992
919086 939444 20358
916023 941028 25005
932409 941787 9378
928182 942678 14496
927128 944790 17662
933027 948288 15261
929580 948750 19170
932470 949542 17072
934336 951588 17252
931425 952479 21054
948804 955449 6645
949770 956043 6273
935850 956670 20820
952300 958914 6614
943307 959871 16564
946855 961455 14600
952188 963402 11214
958909 965448 6539
953259 966405 13146
953610 967692 14082
955414 969111 13697
958755 969573 10818
948799 970431 21632
951111 972543 21432
966451 977262 10811
966123 977757 11634
959386 979737 20351
968052 980331 12279
966630 980661 14031
971453 985710 14257
960143 985908 25765
973554 986601 13047
968963 989109 20146
982880 989142 6262
974033 990528 16495
981572 990660 9088
973657 991848 18191
984894 992013 7119
976182 993729 17547
972754 993762 21008
972125 995247 23122
989324 995940 6616
980087 996468 16381
994880 1005609 10729
1007654 1014585 6931
1010335 1016994 6659
1007536 1017984 10448
1012879 1019535 6656
1007185 1021680 14495
1007469 1021779 14310
1017442 1024089 6647
1011263 1026597 15334
1020326 1026927 6601
1017317 1029468 12151
1017136 1029534 12398
1020894 1032735 11841
1020347 1033824 13477
1028714 1035144 6430
1018092 1035243 17151
1028412 1040886 12474
1022934 1041249 18315
1031514 1042239 10725
1029071 1043064 13993
1036766 1043394 6628
1038039 1044285 6246
1033379 1048971 15592
1041028 1054911 13883
1049249 1055505 6256
1043552 1059498 15946
1052863 1063722 10859
1057836 1069200 11364
1060556 1071312 10756
1054714 1073358 18644
1058593 1075536 16943
1062830 1076460 13630
1071726 1082169 10443
1062848 1082829 19981
1067870 1084347 16477
1070677 1088835 18158
1080972 1090386 9414
1076825 1091673 14848
1067777 1093356 25579
1092295 1098900 6605
1087865 1100022 12157
1089287 1102728 13441
1094155 1105038 10883
1094818 1105203 10385
1104143 1114509 10366
1109395 1115664 6269
1104077 1118436 14359
1107635 1120944 13309
1111435 1121868 10433
1119913 1126488 6575
1117573 1128303 10730
1121977 1128303 6326
1125678 1132527 6849
1112726 1132659 19933
1118114 1135101 16987
1125013 1135959 10946
1130339 1138071 7732
1126399 1139523 13124
1133242 1139919 6677
1132165 1142229 10064
1135007 1142724 7717
1129492 1142922 13430
1129823 1145595 15772
1128347 1148004 19657
1126719 1148367 21648
1137916 1149192 11276
1140001 1151139 11138
1135986 1153845 17859
1132386 1154274 21888
1137199 1154901 17702
1143413 1155561 12148
1136392 1157475 21083
1154279 1160940 6661
1147885 1163316 15431
1158169 1168563 10394
1154432 1168794 14362
1166355 1172622 6267
1162118 1172853 10735
1167200 1173249 6049
1167724 1174701 6977
1169336 1175328 5992
1164693 1175955 11262
1166234 1176615 10381
1167878 1183413 15535
1167880 1183446 15566
1174239 1185690 11451
1170091 1187109 17018
1177687 1189584 11897
1187454 1193709 6255
1188029 1198989 10960
1189193 1199583 10390
1185118 1201695 16577
1190148 1201728 11580
1195587 1202190 6603
1196151 1204203 8052
1192957 1206909 13952
1199938 1210803 10865
1204044 1218294 14250
1208556 1219317 10761
1215024 1221660 6636
1216510 1223607 7097
1218824 1225455 6631
1213247 1225752 12505
1219424 1228326 8902
1212586 1228524 15938
1220690 1231560 10870
1224596 1232088 7492
1221799 1232517 10718
1217874 1234266 16392
1230164 1237170 7006
1234553 1240800 6247
1230784 1243638 12854
1234038 1244793 10755
1239494 1245750 6256
1246324 1252581 6257
1248184 1255815 7631
1252276 1258884 6608
1247858 1258983 11125
1247128 1259346 12218
1249980 1261755 11775
1257445 1263702 6257
1249313 1266111 16798
1249715 1267035 17320
1250122 1268487 18365
1264083 1271259 7176
1254482 1272810 18328
1271263 1278090 6827
1264176 1279773 15597
1268938 1279806 10868
1271521 1281159 9638
1274579 1281192 6613
1264574 1289343 24769
1279580 1290432 10852
1275620 1292478 16858
1274455 1292577 18122
1280567 1293105 12538
1284559 1295019 10460
1276319 1296108 19789
1288340 1297329 8989
1279127 1298484 19357
1290067 1299144 9077
1291894 1299639 7745
1295939 1302543 6604
1284227 1304193 19966
1294015 1308252 14237
1300085 1310826 10741
1305439 1312047 6608
1305457 1315842 10385
1310609 1317294 6685
1310271 1317888 7617
1302993 1320462 17469
1312974 1323399 10425
1310254 1324290 14036
1309928 1326897 16969
1320526 1327128 6602
1312069 1330065 17996
1326239 1332507 6268
1320068 1335840 15772
1323415 1336632 13217
1326638 1337523 10885
1324591 1341219 16628
1336677 1347060 10383
1340116 1351053 10937
1345021 1351647 6626
1344537 1354914 10377
1349818 1357059 7241
1347898 1357257 9359
1344229 1357587 13358
1347657 1359270 11613
1344303 1362504 18201
1356605 1362603 5998
1358229 1364880 6651
1348248 1365474 17226
1349443 1368114 18671
1361897 1368972 7075
1358308 1369038 10730
1355613 1370820 15207
1360431 1372602 12171
1370321 1377321 7000
1368004 1378377 10373
1360356 1379730 19374
1371174 1382304 11130
1376801 1387815 11014
1377463 1390917 13454
1381694 1392930 11236
1383488 1394349 10861
1382682 1394547 11865
1389270 1395900 6630
1381676 1396164 14488
1376851 1397682 20831
1387076 1397814 10738
1385764 1398870 13106
1392730 1399332 6602
1387786 1399959 12173
1386442 1401774 15332
1392660 1403028 10368
1391724 1403358 11634
1393042 1403886 10844
1387686 1406592 18906
1401623 1407879 6256
1389265 1409628 20363
1396338 1410816 14478
1393026 1413555 20529
1403631 1416162 12531
1402032 1416459 14427
1403940 1416723 12783
1398088 1419396 21308
1403946 1419792 15846
1409032 1421904 12872
1408099 1422993 14894
1422199 1429923 7724
1416820 1431936 15116
1417008 1433652 16644
1427767 1434378 6611
1431967 1444575 12608
1430759 1445136 14377
1431377 1445961 14584
1441348 1447479 6131
1443621 1449888 6267
1444564 1451637 7073
1444750 1451835 7085
1441894 1454904 13010
1441032 1455300 14268
1449147 1455399 6252
1439965 1458006 18041
1437179 1458501 21322
1449635 1461141 11506
1438024 1461702 23678
1449999 1462098 12099
1448633 1464045 15412
1451537 1464606 13069
1446979 1465530 18551
1457963 1468335 10372
1447964 1468731 20767
1463450 1470513 7063
1464955 1475562 10607
1469384 1480083 10699
1467044 1481436 14392
1469247 1483614 14367
1477715 1483977 6262
1479410 1485363 5953
1479624 1485858 6234
1480652 1486914 6262
1476886 1487772 10886
1478984 1488960 9976
1478772 1489290 10518
1484233 1490544 6311
1484000 1491468 7468
1484832 1494174 9342
1489216 1495461 6245
1491490 1498101 6611
1490186 1500873 10687
1488382 1502952 14570
1496726 1503348 6622
1485824 1506318 20494
1491140 1508496 17356
1505972 1516845 10873
1518792 1529649 10857
1524166 1535028 10862
1529590 1535853 6263
1531887 1538493 6606
1532660 1539384 6724
1534766 1541034 6268
1531893 1542552 10659
1526226 1543113 16887
1528546 1546083 17537
1531278 1546182 14904
1533641 1550571 16930
1544436 1551066 6630
1545154 1552155 7001
1540303 1553211 12908
1546826 1553211 6385
1532998 1555620 22622
1544114 1558227 14113
1543058 1559514 16456
1539893 1560570 20677
1554396 1561197 6801
1547725 1563771 16046
1556904 1563870 6966
1554013 1566279 12266
1555284 1569381 14097
1565690 1578225 12535
1567895 1578621 10726
1570426 1580469 10043
1564432 1580931 16499
1570085 1581030 10945
1571884 1583010 11126
1571926 1583208 11282
1568322 1586409 18087
1577125 1588125 11000
1572683 1588323 15640
1583925 1590171 6246
1582614 1590534 7920
1584679 1593867 9188
1587880 1594197 6317
1585537 1596606 11069
1583689 1601292 17603
1599065 1605681 6616
1588776 1608057 19281
1597791 1608585 10794
1588454 1611258 22804
1598572 1612611 14039
1606950 1613205 6255
1606700 1613700 7000
1598189 1615779 17590
1611910 1618518 6608
1610415 1619871 9456
1616444 1623006 6562
1612229 1625349 13120
1610355 1625877 15522
1610352 1626108 15756
1613536 1626900 13364
1620898 1627560 6662
1623720 1630332 6612
1625341 1631949 6608
1627713 1633962 6249
1627208 1637592 10384
1632462 1638714 6252
1636479 1643169 6690
1638550 1645578 7028
1637072 1645776 8704
1632327 1646568 14241
1640778 1647195 6417
1642205 1649604 7399
1642279 1650132 7853
1640198 1650330 10132
1641416 1651782 10366
1640066 1652772 12706
1643276 1653663 10387
1638450 1654026 15576
1640752 1654653 13901
1646376 1658778 12402
1658938 1665180 6242
1667070 1673034 5964
1666822 1673430 6608
1669993 1676235 6242
1665783 1676532 10749
1668608 1679799 11191
1673550 1679799 6249
1672809 1681812 9003
1670815 1684386 13571
1675324 1687092 11768
1678092 1689765 11673
1676330 1690194 13864
1680996 1691745 10749
1688226 1694847 6621
1687047 1696266 9219
1686752 1697553 10801
1690591 1697586 6995
1691481 1698147 6666
1694324 1700787 6463
1696780 1703394 6614
1687618 1704945 17327
1693109 1706199 13090
1709698 1720587 10889
1714742 1725537 10795
1715200 1728507 13307
1718244 1729068 10824
1715351 1731576 16225
1721896 1731807 9911
1722316 1733919 11603
1720072 1734414 14342
1721512 1735536 14024
1720231 1738770 18539
1730727 1744710 13983
1730980 1745271 14291
1738744 1745370 6626
1734822 1745997 11175
1737129 1748274 11145
1740564 1752036 11472
1748744 1759626 10882
1751718 1761243 9525
1753315 1762266 8951
1754348 1762926 8578
1754752 1763487 8735
1743774 1764444 20670
1749870 1764906 15036
1758519 1765137 6618
1749731 1767843 18112
1749890 1768107 18217
1756688 1768635 11947
1748852 1771044 22192
1753592 1771341 17749
1767354 1773618 6264
1758285 1775565 17280
1761067 1775961 14894
1769039 1778634 9595
1772060 1778964 6904
1774243 1780812 6569
1763346 1781571 18225
1771550 1782495 10945
1765877 1783947 18070
1770203 1784640 14437
1769813 1785036 15223
1758392 1785399 27007
1773664 1787346 13682
1775173 1788270 13097
1772613 1792428 19815
1785956 1792560 6604
1786913 1793154 6241
1786345 1795035 8690
1791422 1798038 6616
1797560 1804176 6616
1798141 1804836 6695
1799026 1805265 6239
1798449 1812030 13581
1810539 1821270 10731
1819272 1825527 6255
1815132 1825857 10725
1819055 1826385 7330
1818427 1831665 13238
1820293 1832193 11900
1821479 1832655 11176
1821079 1835295 14216
1817861 1838001 20140
1827093 1838826 11733
1825906 1841037 15131
1831997 1842885 10888
1836666 1847043 10377
1841850 1848462 6612
1840449 1850838 10389
1841244 1851696 10452
1845048 1854765 9717
1847138 1857867 10729
1853031 1859649 6618
1852959 1859979 7020
1853711 1860540 6829
1847968 1863609 15641
1857025 1863609 6584
1847894 1865589 17695
1858262 1865886 7624
1852633 1866315 13682
1860149 1866777 6628
1861947 1868559 6612
1850500 1868955 18455
1866510 1877403 10893
1868862 1879449 10587
1872866 1879515 6649
1874454 1881132 6678
1874762 1881660 6898
1875775 1882023 6248
1867584 1884861 17277
1878956 1885587 6631
1885227 1891857 6630
1881163 1891923 10760
1888156 1894464 6308
1888253 1899117 10864
1894252 1900503 6251
1888643 1901196 12553
1890230 1906476 16246
1902443 1912812 10369
1909607 1915650 6043
1904932 1915815 10883
1909590 1916277 6687
1905601 1918587 12986
1910031 1918917 8886
1912939 1919181 6242
1908268 1920105 11837
1913298 1920765 7467
1910804 1922646 11842
1908728 1923174 14446
1921150 1927827 6677
1910428 1930566 20138
1929018 1935648 6630
1929648 1937034 7386
1922539 1937793 15254
1933357 1939971 6614
1933287 1940103 6816
1930031 1943238 13207
1940797 1950168 9371
1940632 1951983 11351
1927357 1952709 25352
1946505 1953105 6600
1932308 1953270 20962
1945762 1956504 10742
1947618 1956570 8952
1940293 1961289 20996
1950130 1961817 11687
1946705 1962246 15541
1946680 1964556 17876
1940328 1964952 24624
1958775 1965018 6243
1950050 1965711 15661
1951516 1965876 14360
1954827 1967559 12732
1957554 1968417 10863
1959707 1973037 13330
1970508 1976766 6258
1972872 1979472 6600
1967260 1979835 12575
1978721 1984983 6262
1975755 1987029 11274
1984541 1991517 6976
1985282 1991550 6268
1988596 1994850 6254
1981934 1995675 13741
1981833 1996632 14799
1985983 1996830 10847
1983287 1999404 16117
1993138 2003529 10391
2001192 2007951 6759
1999757 2010459 10702
1993293 2010558 17265
2006128 2012769 6641
2001293 2013462 12169
1997928 2013495 15567
1997007 2014980 17973
2004585 2015343 10758
2012230 2018544 6314
2004220 2020293 16073
2012462 2021547 9085
2006239 2023626 17387
2014292 2024253 9961
2014840 2026860 12020
2020780 2027025 6245
2003858 2027355 23497
2007501 2027817 20316
2013249 2029137 15888
2024624 2031744 7120
2020444 2034978 14534
2024731 2035869 11138
2022665 2037288 14623
2026890 2037585 10695
2026093 2042172 16079
2026866 2042370 15504
2027417 2042997 15580
2036442 2044020 7578
2034716 2045670 10954
2032210 2047155 14945
2038705 2048409 9704
2028026 2050950 22924
2034757 2051511 16754
2041028 2051742 10714
2046460 2053557 7097
2039176 2056692 17516
2045870 2057154 11284
2046348 2057616 11268
2047494 2057847 10353
2058273 2065074 6801
2058963 2065602 6639
2050942 2066097 15155
2059023 2066130 7107
2050954 2067087 16133
2057940 2069199 11259
2064760 2075568 10808
2067224 2077614 10390
2064429 2078802 14373
2065043 2079924 14881
2074509 2082861 8352
2073774 2084643 10869
2076670 2085864 9194
2074059 2086458 12399
2077629 2086524 8895
2077567 2088009 10442
2083666 2090286 6620
2082573 2093454 10881
2092221 2098800 6579
2089871 2100747 10876
2090962 2101836 10874
2095245 2103189 7944
2094641 2105070 10429
2099758 2107248 7490
2106287 2112594 6307
2106996 2115135 8139
2111458 2118072 6614
2102783 2118336 15553
2109085 2121042 11957
2116428 2126817 10389
2118881 2129226 10345
2118316 2129490 11174
2122558 2132922 10364
2123996 2135595 11599
2130823 2137179 6356
2134118 2140677 6559
2133348 2144208 10860
2134398 2144769 10371
2131798 2147211 15413
2135840 2147937 12097
2135828 2151105 15277
2145382 2151633 6251
2135105 2153085 17980
2147006 2153580 6574
2144806 2155593 10787
2153361 2159619 6258
2154371 2160972 6601
2141043 2161269 20226
2144906 2162754 17848
2153931 2167044 13113
2156526 2167242 10716
2159959 2168100 8141
2154989 2168496 13507
2158573 2170113 11540
2157338 2172522 15184
2162550 2172951 10401
2171408 2177604 6196
2171678 2177934 6256
2173537 2180112 6575
2176813 2183445 6632
2170819 2185590 14771
2174943 2186481 11538
2178596 2189385 10789
2185419 2191662 6243
2182852 2192454 9602
2186452 2193741 7289
2190419 2196678 6259
2183742 2196942 13200
2182694 2199483 16789
2194643 2201496 6853
2188824 2202651 13827
2196688 2202948 6260
2194699 2209416 14717
2211142 2217402 6260
2216362 2222979 6617
2216609 2223606 6997
2210449 2224827 14378
2215684 2226840 11156
2220231 2234529 14298
2226272 2237136 10864
2228889 2238357 9468
2224459 2239215 14756
2225781 2239677 13896
2233475 2240205 6730
2226638 2240997 14359
2235407 2242383 6976
2241742 2248488 6746
2243402 2249346 5944
2240062 2249775 9713
2240060 2250930 10870
2239988 2251689 11701
2250089 2260962 10873
2256064 2262678 6614
2252935 2263668 10733
2256882 2267265 10383
2260696 2267265 6569
2258119 2268420 10301
2259916 2270301 10385
2260354 2271291 10937
2258873 2273634 14761
2265408 2276175 10767
2271408 2278023 6615
2268056 2279112 11056
2272471 2282841 10370
2273235 2283666 10431
2278498 2285118 6620
2280264 2286504 6240
2277048 2286735 9687
2280643 2287296 6653
2279459 2287791 8332
2282670 2289243 6573
2282422 2289408 6986
2277302 2289474 12172
2283426 2293731 10305
2289836 2296074 6238
2285472 2296668 11196
2285154 2297097 11943
2283685 2299374 15689
2295494 2302113 6619
2287211 2302476 15265
2298976 2309340 10364
2299841 2310594 10753
2305179 2312508 7329
2300386 2314818 14432
2296538 2316105 19567
2310118 2316369 6251
2302033 2317425 15392
2314021 2320626 6605
2315921 2322177 6256
2316376 2323002 6626
2319508 2326500 6992
2322750 2329866 7116
2322890 2330031 7141
2317411 2331978 14567
2325012 2335278 10266
2317327 2335674 18347
2325285 2336730 11445
2329528 2337984 8456
2333100 2339337 6237
2335161 2341416 6255
2330817 2342076 11259
2332268 2342670 10402
2325837 2343297 17460
2335309 2346564 11255
2341761 2348907 7146
2335064 2350062 14998
2332846 2350623 17777
2342350 2351448 9098
2340862 2353758 12896
2335533 2354649 19116
2338018 2354946 16928
2343625 2356497 12872
2348751 2357454 8703
2339318 2362074 22756
2356697 2366232 9535
2346704 2367222 20518
2347547 2368839 21292
2362727 2369400 6673
2355183 2369994 14811
2357708 2373228 15520
2354733 2374845 20112
2353005 2375274 22269
2359504 2375934 16430
2361156 2376165 15009
2364916 2377650 12734
2363634 2378805 15171
2364099 2382006 17907
2368816 2384745 15929
2375215 2387121 11906
2383531 2389728 6197
2369419 2389827 20408
2375096 2390883 15787
2382307 2393754 11447
2377599 2395437 17838
2377676 2396031 18355
2390503 2397054 6551
2380440 2397747 17307
2380576 2398671 18095
2389592 2399100 9508
2382484 2400288 17804
2396168 2402796 6628
2400442 2406756 6314
2397061 2407812 10751
2397656 2413191 15535
2403662 2414412 10750
2400866 2416392 15526
2410419 2417019 6600
2415761 2422002 6241
2418383 2424642 6259
2411982 2425533 13551
2415576 2426259 10683
2419257 2430054 10797
2424976 2432232 7256
2425900 2432529 6629
2424933 2436753 11820
2424919 2437545 12626
2428519 2441967 13448
2428039 2443947 15908
2438647 2445267 6620
2425798 2446224 20426
2423575 2446356 22781
2423592 2446917 23325
2435993 2449425 13432
2428611 2449623 21012
2440813 2449821 9008
2433216 2450151 16935
2433486 2452626 19140
2435260 2452626 17366
2439029 2453418 14389
2442916 2459754 16838
2435515 2460975 25460
2442762 2464176 21414
2458497 2465133 6636
2449110 2466948 17838
2461198 2467443 6245
2461722 2468829 7107
2462303 2468928 6625
2463341 2473779 10438
2468218 2474472 6254
2459645 2474901 15256
2473895 2480577 6682
2470181 2484735 14554
2478968 2486847 7879
2474498 2487408 12910
2474448 2490477 16029
2474627 2490873 16246
2478790 2491500 12710
2480925 2491533 10608
2486485 2493249 6764
2487504 2493810 6306
2483120 2493909 10789
2488009 2494338 6329
2488851 2495592 6741
2479978 2497440 17462
2493122 2503875 10753
2504263 2515062 10799
2506556 2517438 10882
2509179 2519880 10701
2505902 2520342 14440
2509680 2520870 11190
2515450 2521695 6245
2505028 2523807 18779
2509850 2524632 14782
2518534 2525952 7418
2519489 2528196 8707
2522215 2528460 6245
2518754 2529681 10927
2517388 2531298 13910
2526969 2537304 10335
2526438 2537601 11163
2524119 2539020 14901
2529770 2541099 11329
2527941 2542221 14280
2535259 2543805 8546
2534654 2545290 10636
2538817 2546511 7694
2532191 2547864 15673
2535151 2551032 15881
2541947 2552682 10735
2539909 2553309 13400
2548440 2555058 6618
2547212 2556312 9100
2551345 2557599 6254
2545035 2558358 13323
2552618 2559612 6994
2548184 2562417 14233
2557267 2563869 6602
2553343 2564727 11384
2548817 2566377 17560
2559586 2570238 10652
2564964 2573604 8640
2555686 2575287 19601
2560633 2576805 16172
2567214 2578488 11274
2570497 2581293 10796
2575006 2588388 13382
2589213 2595516 6303
2590735 2597364 6629
2584398 2599179 14781
2587838 2602347 14509
2601979 2608584 6605
2599352 2610102 10750
2600952 2614458 13506
2605047 2618979 13932
2609299 2621157 11858
2607278 2621784 14506
2612297 2623038 10741
2616176 2627295 11119
2617609 2629143 11534
2624267 2633136 8869
2620161 2635974 15813
2629694 2636007 6313
2621999 2636700 14701
2626093 2639010 12917
2634879 2641551 6672
2630887 2641749 10862
2635106 2644290 9184
2636466 2645280 8814
2639765 2646006 6241
2635666 2650428 14762
2643976 2654355 10379
2648589 2658975 10386
2653530 2660922 7392
2656497 2662737 6240
2653629 2663991 10362
2656776 2667918 11142
2662084 2668347 6263
2658631 2670030 11399
2664048 2674914 10866
2671077 2677686 6609
2671693 2678709 7016
2669271 2679996 10725
2674812 2681415 6603
2671904 2683725 11821
2674044 2684814 10770
2675468 2686926 11458
2687766 2694450 6684
2686120 2696925 10805
2685401 2698212 12811
2683935 2701149 17214
2697041 2703723 6682
2688558 2704812 16254
2694732 2705109 10377
2690419 2706825 16406
2699158 2713095 13937
2699668 2714151 14483
2714926 2721543 6617
2709087 2723655 14568
2713929 2724381 10452
2718497 2727186 8689
2723660 2730288 6628
2727261 2733522 6261
2721052 2736195 15143
2730127 2736393 6266
2729076 2741442 12366
2732026 2744709 12683
2733290 2746689 13399
2737531 2747745 10214
2736494 2747811 11317
2738406 2749692 11286
2737896 2750550 12654
2739177 2751078 11901
2745626 2751870 6244
2746554 2752563 6009
2742597 2754081 11484
2734422 2754939 20517
2735621 2755005 19384
2744702 2758734 14032
2747866 2761737 13871
2754774 2761836 7062
2751619 2762034 10415
2753216 2764740 11524
2750419 2765037 14618
2759502 2766126 6624
2763047 2769657 6610
2752227 2772924 20697
2761440 2775795 14355
2761345 2776521 15176
2763446 2777379 13933
2762746 2778798 16052
2772839 2783715 10876
2779027 2786718 7691
2774464 2788764 14300
2774312 2789160 14848
2774167 2789292 15125
2786206 2792526 6320
2786606 2795430 8824
2786421 2797344 10923
2783113 2798169 15056
2793651 2800281 6630
2790628 2800413 9785
2792130 2801601 9471
2791921 2805363 13442
2799200 2805462 6262
2794615 2805495 10880
2798999 2808366 9367
2804920 2815296 10376
2806673 2817540 10867
2807483 2818431 10948
2813052 2819685 6633
2812024 2821104 9080
2814965 2821203 6238
2821603 2827869 6266
2810390 2828199 17809
2818592 2829519 10927
2814318 2832588 18270
2818573 2833380 14807
2821565 2835294 13729
2822533 2838396 15863
2833086 2840937 7851
2832598 2841069 8471
2832441 2842884 10443
2835011 2846184 11173
2842877 2849352 6475
2834647 2850738 16091
2841389 2852388 10999
2844635 2855325 10690
2842032 2858064 16032
2840277 2859384 19107
2848744 2860143 11399
2841958 2862585 20627
2856020 2862651 6631
2853035 2863905 10870
2852424 2865192 12768
2857331 2868459 11128
2861850 2868459 6609
2863645 2874597 10952
2868369 2881692 13323
2872075 2881890 9815
2865762 2882913 17151
2866272 2883309 17037
2880170 2886774 6604
2872669 2888061 15392
2879712 2888886 9174
2877126 2889810 12684
2886003 2892615 6612
2878862 2892780 13918
2883090 2893539 10449
2887303 2893638 6335
2883252 2893902 10650
2878193 2897136 18943
2891469 2897730 6261
2882319 2897961 15642
2894683 2900997 6314
2885056 2904462 19406
2888764 2906607 17843
2896957 2908356 11399
2902322 2909346 7024
2899970 2911293 11323
2895290 2911491 16201
2896674 2912448 15774
2897890 2914494 16604
2905490 2916210 10720
2896855 2917464 20609
2906571 2917761 11190
2912390 2918652 6262
2909206 2919180 9974
2913472 2924625 11153
2921974 2928585 6611
2923219 2929542 6323
2916430 2931918 15488
2921470 2933931 12461
2924806 2935449 10643
2925798 2937000 11202
2923441 2937957 14516
2930835 2938914 8079
2930881 2939838 8957
2927284 2942148 14864
2929170 2942841 13671
2937026 2943963 6937
2922459 2946075 23616
2934497 2947164 12667
2941274 2948352 7078
2930625 2950695 20070
2944538 2950794 6256
2933950 2951091 17141
2950328 2959473 9145
2949938 2960892 10954
2954654 2960892 6238
2951095 2966931 15836
2951296 2968152 16856
2962867 2970330 7463
2960619 2971353 10734
2959876 2972013 12137
2958007 2973069 15062
2966825 2973432 6607
2967632 2974620 6988
2959725 2976633 16908
2967207 2978184 10977
2970428 2983761 13333
2974533 2985411 10878
2980271 2986533 6262
2973822 2988381 14559
2974528 2988876 14348
2982644 2989272 6628
2984035 2990394 6359
2984392 2990889 6497
2970924 2991186 20262
2988155 2997258 9103
2987402 2997885 10483
2985431 2999931 14500
2994501 3002076 7575
2996935 3003264 6329
2986172 3006168 19996
2999205 3009930 10725
3004172 3011811 7639
3001903 3013164 11261
3002327 3013164 10837
3006006 3016794 10788
3007859 3019170 11311
3014609 3021216 6607
3011735 3021876 10141
3010074 3024648 14574
3021167 3027651 6484
3022707 3028971 6264
3024711 3031314 6603
3012582 3031413 18831
3013198 3031974 18776
3027075 3033690 6615
3018404 3036330 17926
3021251 3036858 15607
3021438 3038607 17169
3025348 3039630 14282
3034385 3045570 11185
3034854 3045735 10881
3036795 3047517 10722
3037130 3048342 11212
3040960 3055503 14543
3043145 3059925 16780
3043294 3060585 17291
3049177 3063192 14015
3050599 3065007 14408
3055766 3066822 11056
3050479 3067779 17300
3061344 3075699 14355
3070568 3077184 6616
3071101 3077712 6611
3072530 3080748 8218
3070173 3082332 12159
3069324 3083322 13998
3079940 3086193 6253
3074153 3088272 14119
3082649 3089262 6613
3084103 3090714 6611
3081626 3091011 9385
3082090 3092859 10769
3086436 3097248 10812
3090455 3099954 9499
3091054 3101802 10748
3093661 3102858 9197
3097800 3104046 6246
3092830 3104508 11678
3100238 3106851 6613
3111698 3118302 6604
3108004 3119457 11453
3109576 3121239 11663
3107516 3121404 13888
3108335 3122163 13828
3116821 3123087 6266
3115137 3123846 8709
3121194 3127806 6612
3111494 3129852 18358
3114119 3131073 16954
3128073 3134340 6267
3117399 3135198 17799
3129017 3136518 7501
3113763 3139191 25428
3132146 3139422 7276
3124090 3140016 15926
3126209 3140808 14599
3135623 3142227 6604
3135973 3142392 6419
3131934 3145395 13461
3132614 3146154 13540
3142305 3148563 6258
3139982 3150345 10363
3130421 3152028 21607
3141782 3153315 11533
3135906 3153645 17739
3133399 3156186 22787
3135558 3156384 20826
3154662 3161664 7002
3151913 3162225 10312
3150630 3163248 12618
3149626 3166878 17252
3162966 3169551 6585
3161209 3172092 10883
3168217 3175392 7175
3169616 3177768 8152
3164233 3179088 14855
3160576 3180870 20294
3168945 3181794 12849
3177585 3184599 7014
3181720 3187965 6245
3180034 3190968 10934
3184471 3193674 9203
3188464 3199416 10952
3193029 3202419 9390
3194467 3204861 10394
3201341 3207963 6622
3190110 3209118 19008
3203921 3218292 14371
3206055 3220437 14382
3211256 3222879 11623
3213868 3228885 15017
3223989 3230997 7008
3220852 3231228 10376
3226612 3232878 6266
3226733 3233703 6970
3221506 3236244 14738
3223210 3237663 14453
3233511 3242250 8739
3223611 3243042 19431
3225618 3243636 18018
3236358 3245748 9390
3229147 3246705 17558
3235500 3249906 14406
3236550 3250797 14247
3247305 3253932 6627
3249772 3256011 6239
3255324 3261588 6264
3250878 3261621 10743
3256749 3263007 6258
3257805 3264063 6258
3251304 3264261 12957
3257461 3264459 6998
3254433 3265449 11016
3259472 3269739 10267
3263130 3270663 7533
3260933 3273105 12172
3260373 3274524 14151
3261347 3275052 13705
3250891 3275811 24920
3259359 3276900 17541
3259000 3277164 18164
3270392 3277461 7069
3261256 3280530 19274
3274764 3281751 6987
3272157 3283335 11178
3262078 3283566 21488
3283326 3294324 10998
3288942 3295545 6603
3287731 3297030 9299
3291449 3298086 6637
3283546 3300066 16520
3298245 3304851 6606
3300185 3306798 6613
3295091 3307062 11971
3291850 3308910 17060
3304598 3310857 6259
3301897 3310890 8993
3301469 3311649 10180
3301525 3312210 10685
3311591 3317919 6328
3312813 3319074 6261
3300066 3320559 20493
3324307 3330921 6614
3326823 3333429 6606
3324805 3335607 10802
3329950 3336564 6614
3331757 3338379 6622
3334923 3341679 6756
3326697 3342735 16038
3328008 3343296 15288
3329691 3344220 14529
3333964 3349467 15503
3343966 3350226 6260
3338265 3350787 12522
3345427 3351711 6284
3351533 3357783 6250
3352897 3359499 6602
3359430 3365670 6240
3360133 3366396 6263
3365732 3371973 6241
3365884 3372864 6980
3364174 3378045 13871
3374726 3380949 6223
3376569 3383193 6624
3374334 3384810 10476
3374114 3385041 10927
3370695 3387186 16491
3372029 3387714 15685
3375040 3392103 17063
3379181 3392532 13351
3388023 3395205 7182
3385391 3395601 10210
3387554 3396855 9301
3384484 3398439 13955
3382682 3398967 16285
3391079 3401673 10594
3389776 3408339 18563
3402464 3409065 6601
3402492 3409098 6606
3403760 3410385 6625
3394447 3411309 16862
3413322 3419559 6237
3412933 3419625 6692
3408878 3422364 13486
3408204 3422562 14358
3409185 3423585 14400
3419859 3426489 6630
3427167 3433419 6252
3429808 3436422 6614
3432752 3438996 6244
3438863 3445101 6238
3439169 3445860 6691
3441564 3452427 10863
3444575 3454209 9634
3439524 3454935 15411
3445779 3455133 9354
3446094 3455298 9204
3437660 3455331 17671
3445629 3456882 11253
3445163 3458631 13468
3441643 3461733 20090
3459444 3466089 6645
3450721 3467541 16820
3461552 3472755 11203
3458743 3475263 16520
3463598 3478332 14734
3459735 3478464 18729
3473817 3480081 6264
3464402 3481467 17065
3473144 3484701 11557
3475417 3485262 9845
3470015 3487902 17887
3468273 3490773 22500
3475049 3494766 19717
3487722 3496053 8331
3485795 3497076 11281
3477543 3497769 20226
3485398 3502389 16991
3484668 3503280 18612
3493171 3503280 10109
3499269 3506349 7080
3500175 3506415 6240
3499891 3506844 6953
3487052 3509715 22663
3493084 3510111 17027
3501546 3512124 10578
3505382 3512388 7006
3503762 3512718 8956
3500502 3518460 17958
3512015 3518625 6610
3504703 3519450 14747
3514419 3520671 6252
3513543 3521958 8415
3515851 3522057 6206
3506523 3523410 16887
3511994 3524928 12934
3518481 3530703 12222
3507580 3531627 24047
3535603 3542220 6617
3535321 3542550 7229
3530088 3544497 14409
3540877 3547500 6623
3542274 3553407 11133
3551693 3558027 6334
3544078 3560667 16589
3544750 3562284 17534
3543687 3562845 19158
3551376 3564627 13251
3548078 3565056 16978
3559651 3567366 7715
3552631 3571821 19190
3567084 3573339 6255
3566143 3576870 10727
3574192 3580434 6242
3570448 3581193 10745
3574923 3582183 7260
3575533 3582216 6683
3572462 3585384 12922
3573394 3585912 12518
3574699 3586440 11741
3581322 3587562 6240
3587005 3593766 6761
3583494 3596736 13242
3586416 3597231 10815
3593547 3600168 6621
3591046 3600234 9188
3594192 3601257 7065
3585345 3604326 18981
3588304 3607527 19223
3592660 3608484 15824
3593863 3610233 16370
