810 7425 6615
1317 7557 6240
2889 9504 6615
3281 9900 6619
3474 10065 6591
5041 12507 7466
3606 14520 10914
7854 16533 8679
5533 16599 11066
7529 17193 9664
2106 17655 15549
12446 19074 6628
10162 19437 9275
12571 19932 7361
13395 20460 7065
4560 21219 16659
5431 23826 18395
9985 23925 13940
12486 25047 12561
19680 26169 6489
15840 26532 10692
13857 26895 13038
17167 27093 9926
2244 27126 24882
14147 27687 13540
18310 28248 9938
8773 28314 19541
21151 29964 8813
20204 30360 10156
22078 30657 8579
20492 30954 10462
17512 31515 14003
20150 32835 12685
23561 34254 10693
18744 34320 15576
26362 34452 8090
22055 35244 13189
14467 37389 22922
15460 38115 22655
12619 38445 25826
22927 38610 15683
14662 38973 24311
10040 40260 30220
15868 40293 24425
13432 41316 27884
35302 41613 6311
23923 42339 18416
23988 42372 18384
17985 44715 26730
32747 45045 12298
39788 46959 7171
40098 47454 7356
20797 47949 27152
28063 48609 20546
31271 49302 18031
43310 50391 7081
21409 51216 29807
15682 51777 36095
31325 51810 20485
38651 53493 14842
24630 53625 28995
31454 54153 22699
41681 54285 12604
20709 55671 34962
26584 56232 29648
38860 56298 17438
34528 56793 22265
39841 56826 16985
37134 57354 20220
42890 57387 14497
19635 57882 38247
33018 57882 24864
45107 57948 12841
24541 58377 33836
40980 58542 17562
39857 58971 19114
48553 59565 11012
51367 60390 9023
37679 61281 23602
21494 62205 40711
32401 62733 30332
35057 62799 27742
45495 63459 17964
35899 63591 27692
40980 64548 23568
45786 66033 20247
52613 67155 14542
28358 67815 39457
58004 68475 10471
35256 68904 33648
30888 69333 38445
42664 69465 26801
52802 69465 16663
33771 69861 36090
44975 70026 25051
52856 70026 17170
56184 70851 14667
39283 71412 32129
61369 73194 11825
48379 73920 25541
40099 74646 34547
41340 74712 33372
45724 75174 29450
47220 75537 28317
46644 75735 29091
49104 76263 27159
38324 78375 40051
45534 78408 32874
54456 78771 24315
56396 78870 22474
48659 78936 30277
57759 79959 22200
49824 80091 30267
55636 80619 24983
61765 82071 20306
61370 82434 21064
64576 82533 17957
76076 83556 7480
44132 83820 39688
77584 84084 6500
77392 84117 6725
54573 84942 30369
48327 85371 37044
65566 85734 20168
58520 86031 27511
65885 86295 20410
68380 86427 18047
77380 87186 9806
77762 87780 10018
45666 89133 43467
47283 90222 42939
61604 90288 28684
56726 90585 33859
75265 90618 15353
46485 91542 45057
66140 91938 25798
47312 91971 44659
58529 92103 33574
49413 92598 43185
65081 92664 27583
50987 93192 42205
71214 94644 23430
65147 96327 31180
62364 96393 34029
90399 96921 6522
59953 97152 37199
64244 98142 33898
64616 99231 34615
66036 99693 33657
77028 99990 22962
92773 100353 7580
80511 100551 20040
43222 100947 57725
71667 102498 30831
80950 103059 22109
96060 103884 7824
52779 104148 51369
57752 104709 46957
38733 105006 66273
91530 105039 13509
79440 105237 25797
70997 105435 34438
59420 105963 46543
64430 107547 43117
87647 107976 20329
68051 108075 40024
53644 108669 55025
91708 109065 17357
99573 109593 10020
76406 109692 33286
91391 110913 19522
72911 112695 39784
95125 113619 18494
86448 113784 27336
98991 114147 15156
86896 114708 27812
103217 114906 11689
89990 115236 25246
92438 115665 23227
109471 117546 8075
111293 117612 6319
70366 119592 49226
71610 120153 48543
113835 120483 6648
81611 120714 39103
89244 120846 31602
77368 121275 43907
104828 121836 17008
91297 121935 30638
101290 122496 21206
104408 122496 18088
63691 122925 59234
102241 123057 20816
60758 124245 63487
104246 125169 20923
109830 125235 15405
82437 126126 43689
108074 126786 18712
111498 127215 15717
105512 128271 22759
89820 128469 38649
72772 128997 56225
93603 129591 35988
97808 129624 31816
121251 132363 11112
126018 132726 6708
127662 133650 5988
88288 133980 45692
105957 134673 28716
105010 135696 30686
114739 135828 21089
119060 136818 17758
119332 137709 18377
97307 137874 40567
126336 138039 11703
102459 138402 35943
116502 138996 22494
119528 139062 19534
125839 139359 13520
123776 140085 16309
102363 140877 38514
98764 141141 42377
103873 141405 37532
110541 141801 31260
104315 142791 38476
124176 142857 18681
114953 142890 27937
114537 143220 28683
111288 143253 31965
101445 143550 42105
125767 143781 18014
121385 144012 22627
125991 144375 18384
118428 144903 26475
125960 145299 19339
119988 145926 25938
127710 146751 19041
111097 146784 35687
111530 147312 35782
119765 147378 27613
109115 150216 41101
136463 150876 14413
139336 151404 12068
125099 151536 26437
126900 152097 25197
132594 153186 20592
133707 153978 20271
117796 154374 36578
135895 157080 21185
147075 157344 10269
136161 157674 21513
105397 157872 52475
138020 158235 20215
114398 158433 44035
138888 158730 19842
127853 158994 31141
116424 160281 43857
124753 161337 36584
117378 161700 44322
120250 162756 42506
140520 163284 22764
141134 163812 22678
113491 163944 50453
115284 164538 49254
115814 165099 49285
128977 165429 36452
131106 165495 34389
136269 166188 29919
150280 166518 16238
140061 166551 26490
123164 166782 43618
138427 168927 30500
137909 169950 32041
151356 170445 19089
128487 171534 43047
162153 172095 9942
163318 172623 9305
131298 172887 41589
137732 173811 36079
126225 175692 49467
137240 176286 39046
119645 177144 57499
107693 177408 69715
122078 177639 55561
141632 179520 37888
159406 180642 21236
167184 180675 13491
169315 181236 11921
163282 181302 18020
163661 181995 18334
164838 182094 17256
137521 183678 46157
155706 184173 28467
141248 184272 43024
156553 184668 28115
142143 184800 42657
160665 185196 24531
118751 185229 66478
147596 185361 37765
147928 185757 37829
148759 185922 37163
163088 188463 25375
181816 188496 6680
168346 188694 20348
168692 189255 20563
175058 190674 15616
184701 191334 6633
147823 192687 44864
136498 193215 56717
168480 193710 25230
169077 194238 25161
154419 194733 40314
157726 195822 38096
161280 195855 34575
162629 198231 35602
203305 209616 6311
196017 210573 14556
201991 212487 10496
211193 217866 6673
