2184 8448 6264
1987 8613 6626
5161 11781 6620
4864 13464 8600
2553 14025 11472
731 15048 14317
8203 15114 6911
5022 17985 12963
10168 19338 9170
6024 20295 14271
13527 20790 7263
7474 21285 13811
11636 21846 10210
6190 22704 16514
16267 24090 7823
16816 24585 7769
13474 25410 11936
18702 26433 7731
5967 26631 20664
8852 27192 18340
3910 27258 23348
14386 28215 13829
16320 28743 12423
20118 28842 8724
6297 29667 23370
6039 30624 24585
19283 31053 11770
24976 32142 7166
12676 33693 21017
4778 34353 29575
18433 34551 16118
22625 35013 12388
25659 35541 9882
20874 35805 14931
22692 36300 13608
23571 36861 13290
9438 37554 28116
8588 39006 30418
8357 41250 32893
18898 41415 22517
17707 41811 24104
19106 42009 22903
14073 42207 28134
9118 42339 33221
33855 42438 8583
33991 42966 8975
22736 44979 22243
26433 45375 18942
28422 45540 17118
10167 45771 35604
26985 45903 18918
8230 46200 37970
12614 46299 33685
28463 46464 18001
9960 46629 36669
16757 46860 30103
19824 47388 27564
18863 47916 29053
18891 47949 29058
16030 49335 33305
17083 49896 32813
29963 50688 20725
25621 51744 26123
27995 52833 24838
43004 52899 9895
38569 52965 14396
44874 53625 8751
34170 54351 20181
36612 56001 19389
29221 56859 27638
38458 57123 18665
30420 57387 26967
19430 58773 39343
31073 58806 27733
52142 59169 7027
29047 59367 30320
31544 59367 27823
5951 59796 53845
41004 59961 18957
17611 60324 42713
23350 60885 37535
26047 61314 35267
41255 61842 20587
32523 62667 30144
53655 63591 9936
56326 63954 7628
38882 64350 25468
42279 64944 22665
26581 65076 38495
24703 65142 40439
33383 66759 33376
43626 67650 24024
27863 67683 39820
39331 68343 29012
20967 68772 47805
44354 69168 24814
47349 69432 22083
52773 69993 17220
46708 70290 23582
53781 70587 16806
51652 70851 19199
56487 72171 15684
20861 73689 52828
57096 74052 16956
43875 74250 30375
53935 74580 20645
66923 76098 9175
51394 76923 25529
26515 77286 50771
54798 78078 23280
28457 78606 50149
34262 79167 44905
49736 79893 30157
47447 80124 32677
44420 80157 35737
50360 80454 30094
50519 80553 30034
61295 80784 19489
54256 81048 26792
54050 81246 27196
65045 81576 16531
52689 82104 29415
37507 82269 44762
70667 82401 11734
67129 85305 18176
43936 85503 41567
67129 85899 18770
44352 86064 41712
59427 86262 26835
72590 86394 13804
60890 86790 25900
59016 87021 28005
71372 87318 15946
72188 87549 15361
71546 87879 16333
80370 88440 8070
76362 88803 12441
76500 89364 12864
43656 91410 47754
63747 91674 27927
67945 92103 24158
63166 92268 29102
67482 92499 25017
54770 92631 37861
66675 92829 26154
34827 92895 58068
80575 93357 12782
78531 95139 16608
85498 95172 9674
81064 96162 15098
65789 96360 30571
82326 97449 15123
91051 98208 7157
91774 98703 6929
56944 99033 42089
41700 100122 58422
73383 101277 27894
83893 102432 18539
65576 102861 37285
91148 102993 11845
54526 103884 49358
54972 103950 48978
90306 104346 14040
74262 104478 30216
77871 105138 27267
97735 105402 7667
81640 106227 24587
83555 107019 23464
93411 107217 13806
97743 107745 10002
73194 108603 35409
79905 109164 29259
100128 109494 9366
102238 110022 7784
79075 110220 31145
76470 112398 35928
78723 112992 34269
83921 113124 29203
96758 113685 16927
77917 114213 36296
90468 114642 24174
99705 115170 15465
96299 115830 19531
103950 116358 12408
97810 116886 19076
99322 120087 20765
101870 120516 18646
100291 120648 20357
104575 121077 16502
85544 121902 36358
113598 122628 9030
106591 123387 16796
105530 124509 18979
112396 125598 13202
107358 125730 18372
100748 125961 25213
120757 127215 6458
119259 127314 8055
110880 127512 16632
114751 129657 14906
121320 130284 8964
104287 130548 26261
113514 130647 17133
123766 130812 7046
103292 131076 27784
103611 131571 27960
97259 132363 35104
98989 133056 34067
71084 133485 62401
113399 133848 20449
71272 134046 62774
121706 134277 12571
109490 134706 25216
125652 134805 9153
119913 135234 15321
126558 135366 8808
122465 135432 12967
126905 135927 9022
127495 135993 8498
129156 136455 7299
126881 137082 10201
93171 138468 45297
107814 138501 30687
121253 139524 18271
115734 140118 24384
113262 140316 27054
113153 140712 27559
118818 141240 22422
129208 141768 12560
124603 143352 18749
128087 143913 15826
115336 144540 29204
117920 144969 27049
120153 146157 26004
107160 146586 39426
107983 147246 39263
111790 148203 36413
131466 148401 16935
116291 149292 33001
112589 149952 37363
120138 150480 30342
130915 151602 20687
123080 153945 30865
127322 154011 26689
134672 154308 19636
111553 154671 43118
147361 154704 7343
135952 154869 18917
113614 155496 41882
148360 157014 8654
141099 157410 16311
146146 158532 12386
127070 158730 31660
124134 158796 34662
132598 159390 26792
151802 159885 8083
136682 159951 23269
133351 160116 26765
142445 160512 18067
146358 161535 15177
154376 162096 7720
148452 162294 13842
131713 163746 32033
132535 164175 31640
135970 164241 28271
134451 164901 30450
142760 165330 22570
139526 165363 25837
141482 165429 23947
137021 165858 28837
143190 165891 22701
105435 165957 60522
137515 166089 28574
143211 166320 23109
142103 166650 24547
147137 166980 19843
128855 169158 40303
138845 169851 31006
149634 169884 20250
146762 170214 23452
147585 170313 22728
147087 170742 23655
159546 170973 11427
147506 173019 25513
164115 173481 9366
136840 174603 37763
144422 175164 30742
148227 175725 27498
158514 176121 17607
132497 176385 43888
159505 176715 17210
144104 179586 35482
129459 179619 50160
163955 179883 15928
166184 180411 14227
150490 180741 30251
151517 180807 29290
152073 181170 29097
161576 181731 20155
163789 181830 18041
157460 182358 24898
130604 183645 53041
136828 184206 47378
155830 184437 28607
167870 184470 16600
175628 185097 9469
145367 185328 39961
175480 188232 12752
161407 188529 27122
173892 188628 14736
157861 189057 31196
175163 191334 16171
168574 191796 23222
163604 191961 28357
166199 192390 26191
172519 192885 20366
168147 193017 24870
163834 193347 29513
174887 193512 18625
171372 193908 22536
177926 194040 16114
158299 194535 36236
177967 194535 16568
160735 195063 34328
155676 195525 39849
181482 197142 15660
171197 197505 26308
183096 198066 14970
165560 198726 33166
184670 199122 14452
182865 201432 18567
184298 201993 17695
171483 202983 31500
181279 203511 22232
186598 204039 17441
179395 204600 25205
187549 206613 19064
198007 206943 8936
189431 207141 17710
171768 207240 35472
181583 207339 25756
176556 207801 31245
179058 207900 28842
183849 208329 24480
171377 208923 37546
171187 210111 38924
188164 211068 22904
188453 211101 22648
193290 211695 18405
201723 212190 10467
186019 212784 26765
187912 213972 26060
189747 214797 25050
179405 214896 35491
184297 214929 30632
199150 216315 17165
199793 216843 17050
194608 217536 22928
189760 217635 27875
192572 218691 26119
195053 218724 23671
209840 219186 9346
196640 219219 22579
181144 220704 39560
166692 221859 55167
205475 222288 16813
173178 222420 49242
171553 222948 51395
209816 223377 13561
216076 223905 7829
180410 224169 43759
193144 224565 31421
200549 224598 24049
197185 225126 27941
185962 225654 39692
186350 226677 40327
189019 226743 37724
201331 227535 26204
187471 227799 40328
184214 228162 43948
201320 228294 26974
180730 228327 47597
198036 228393 30357
201509 228921 27412
179399 229548 50149
208608 229977 21369
193945 230868 36923
206229 231000 24771
207969 231561 23592
195070 231891 36821
195456 231924 36468
213519 232122 18603
195622 232485 36863
196138 232683 36545
214413 232683 18270
213912 232782 18870
201468 233772 32304
195963 234333 38370
197357 234894 37537
191271 234960 43689
217125 237501 20376
195785 237699 41914
196339 238260 41921
202096 238854 36758
214016 239415 25399
225011 239712 14701
227404 240273 12869
188252 241395 53143
207608 241989 34381
215581 242550 26969
215799 244002 28203
203325 244101 40776
226439 244497 18058
219666 244629 24963
226983 245058 18075
209221 245190 35969
238155 245586 7431
190067 245817 55750
220160 246378 26218
231653 247335 15682
236508 247863 11355
185448 248688 63240
231515 250140 18625
215976 251823 35847
225735 252417 26682
207030 252615 45585
214703 252648 37945
227119 254133 27014
229212 255222 26010
211110 255618 44508
236792 255783 18991
229813 256476 26663
201057 259050 57993
221406 259149 37743
250379 259479 9100
218433 259677 41244
202281 259743 57462
232497 260106 27609
228168 260304 32136
227187 260865 33678
229967 261393 31426
224486 262581 38095
232295 263142 30847
233884 263307 29423
245274 264099 18825
252446 265221 12775
242474 265386 22912
217316 266343 49027
222141 266376 44235
226170 266442 40272
247410 267003 19593
224358 267465 43107
244748 268290 23542
249362 268851 19489
250842 269148 18306
258260 269214 10954
256942 270171 13229
259739 270468 10729
235010 272316 37306
264150 272382 8232
237924 272910 34986
242031 273966 31935
263686 274824 11138
256568 274923 18355
252336 275484 23148
256838 275517 18679
260056 276045 15989
264025 276573 12548
264783 277101 12318
238131 277464 39333
254205 278058 23853
253936 278157 24221
252279 278850 26571
244569 280335 35766
236004 280764 44760
259162 280764 21602
262517 281325 18808
255530 281391 25861
238494 281556 43062
258112 281952 23840
262317 282381 20064
252210 282612 30402
253937 282678 28741
261447 283701 22254
231162 284163 53001
240327 284229 43902
248877 285285 36408
249171 285813 36642
251858 285879 34021
269076 290565 21489
257078 290763 33685
282779 292578 9799
277466 292710 15244
283897 293139 9242
268473 294492 26019
277614 295086 17472
276275 296175 19900
268332 296208 27876
278219 296670 18451
277927 296736 18809
273550 299409 25859
266641 299475 32834
248750 299871 51121
272676 300003 27327
241796 300399 58603
270367 300531 30164
271473 300531 29058
244353 300960 56607
267694 300993 33299
272398 300993 28595
284295 301653 17358
271554 303105 31551
283583 304623 21040
259907 305481 45574
297133 305481 8348
261671 306306 44635
259663 306537 46874
278515 306834 28319
262610 307098 44488
269138 307395 38257
264610 307659 43049
273216 307791 34575
267681 308352 40671
296516 309705 13189
289265 310398 21133
298781 310926 12145
282372 311586 29214
279321 311652 32331
292483 312708 20225
292771 312774 20003
271122 312906 41784
287916 312939 25023
289100 313797 24697
291108 314358 23250
296313 314985 18672
281014 316041 35027
281358 316635 35277
286634 317757 31123
278965 318054 39089
252608 318219 65611
262903 318285 55382
303367 318879 15512
304870 319869 14999
292335 322047 29712
294228 322740 28512
295981 323301 27320
275471 324126 48655
296333 325248 28915
284164 325281 41117
273894 325281 51387
279092 326337 47245
273807 326667 52860
273017 326865 53848
277015 327195 50180
304329 328515 24186
281964 328944 46980
296023 329604 33581
284914 330000 45086
301925 330990 29065
317185 331254 14069
302522 331584 29062
319028 331782 12754
289791 332739 42948
297969 333267 35298
298294 333861 35567
300008 334422 34414
297122 334884 37762
304308 334950 30642
283943 335940 51997
329143 336006 6863
300607 336534 35927
273504 336633 63129
284087 337689 53602
292082 339141 47059
310847 339372 28525
295855 339702 43847
309817 339966 30149
302028 340494 38466
321918 340923 19005
322078 341484 19406
304356 341517 37161
284348 343695 59347
325135 344256 19121
281454 344520 63066
292268 344850 52582
328967 345906 16939
329860 346500 16640
336647 348150 11503
311852 350196 38344
298246 350394 52148
299111 350493 51382
300356 350988 50632
316235 352803 36568
334767 353331 18564
307090 353628 46538
289266 353628 64362
323680 354156 30476
330155 354189 24034
340860 354420 13560
337897 355245 17348
333552 356169 22617
335944 356697 20753
339247 357225 17978
321520 357522 36002
325461 358116 32655
297551 358578 61027
334763 359766 25003
313140 360492 47352
335292 361779 26487
324791 361911 37120
327129 362967 35838
310224 363528 53304
342329 363660 21331
315654 364254 48600
312679 364353 51674
297639 365442 67803
338705 366234 27529
339334 366630 27296
339696 367224 27528
347563 367884 20321
316935 368049 51114
350344 368412 18068
329337 369138 39801
288053 369963 81910
297417 371019 73602
358809 371283 12474
343636 371514 27878
351268 372075 20807
303996 372834 68838
359090 373692 14602
333856 376794 42938
308203 378147 69944
344897 378147 33250
314025 378840 64815
351457 379236 27779
320603 379500 58897
346540 380259 33719
320313 380358 60045
328155 380523 52368
304972 380589 75617
351105 380820 29715
312241 381645 69404
304562 381975 77413
301397 382173 80776
326551 382998 56447
360398 383295 22897
327807 383592 55785
336547 383658 47111
353644 384549 30905
339363 384714 45351
361068 385143 24075
354685 385209 30524
320925 385737 64812
311108 386265 75157
344651 388476 43825
354300 389466 35166
378827 390192 11365
380502 390720 10218
364346 391248 26902
353683 392634 38951
379037 393426 14389
345290 393954 48664
327588 394746 67158
363326 395868 32542
335174 396396 61222
349915 396660 46745
378362 396891 18529
339772 397089 57317
334125 397683 63558
346298 397716 51418
329282 398277 68995
348930 399399 50469
357730 399828 42098
361351 399927 38576
360481 400356 39875
358801 400389 41588
314880 400917 86037
362746 400917 38171
371920 400983 29063
338876 401478 62602
345004 401544 56540
376578 401544 24966
377259 401973 24714
376438 402666 26228
364594 404745 40151
387491 404844 17353
377804 405207 27403
365371 405207 39836
376132 405438 29306
381864 405768 23904
385110 406296 21186
326926 406494 79568
376803 406923 30120
342927 407022 64095
379704 407484 27780
387712 407946 20234
388408 408540 20132
389177 409101 19924
353509 409728 56219
362302 410883 48581
361040 411543 50503
371169 412104 40935
372243 412665 40422
346867 413490 66623
348951 414051 65100
323305 415206 91901
371428 415404 43976
331179 415602 84423
357526 415668 58142
381498 415899 34401
357142 415932 58790
334552 416262 81710
359096 416262 57166
390623 416460 25837
374728 419133 44405
335362 419199 83837
356495 419496 63001
373736 419562 45826
366547 420189 53642
373862 420189 46327
390611 420750 30139
350340 420948 70608
395685 421113 25428
355722 421179 65457
391215 421344 30129
353731 421509 67778
389739 423885 34146
390266 424413 34147
385605 424578 38973
403082 424743 21661
390292 424974 34682
385334 425469 40135
390596 425469 34873
408024 425832 17808
409119 426360 17241
399658 426657 26999
402304 426921 24617
401946 429759 27813
417571 430584 13013
413718 430881 17163
418719 431112 12393
386514 431706 45192
418011 431970 13959
389653 434907 45254
378850 435303 56453
385931 435534 49603
387576 435633 48057
352847 435765 82918
382032 435930 53898
387870 436062 48192
366918 436293 69375
382041 436458 54417
390854 436590 45736
371136 436854 65718
386528 436986 50458
371641 437415 65774
383941 437943 54002
356654 438537 81883
348942 439560 90618
378384 440187 61803
384286 440253 55967
416469 440418 23949
385411 440682 55271
386305 440847 54542
393038 441210 48172
360767 441837 81070
362233 442398 80165
393298 443553 50255
411339 444444 33105
413212 444576 31364
416726 445170 28444
411365 445302 33937
418040 445632 27592
422658 445797 23139
411503 445896 34393
396052 448437 52385
392667 448866 56199
397840 449031 51191
396996 449460 52464
418323 449988 31665
428325 450285 21960
399016 450582 51566
433775 451902 18127
424559 452232 27673
360467 454047 93580
392209 454278 62069
393559 454839 61280
393618 455400 61782
390679 455631 64952
415016 456027 41011
394021 456687 62666
411413 456885 45472
381812 457248 75436
427385 457776 30391
430262 458337 28075
398951 459426 60475
400230 459591 59361
414096 459822 45726
404865 459987 55122
405352 460647 55295
430978 460812 29834
418546 461109 42563
408340 461241 52901
437268 461472 24204
403162 461868 58706
397769 462132 64363
442210 462132 19922
402334 462660 60326
444965 463221 18256
450049 464574 14525
403768 464673 60905
418069 464706 46637
418567 465399 46832
422175 465795 43620
407463 466290 58827
408322 466884 58562
424546 467445 42899
438535 469227 30692
413102 469557 56455
440186 469821 29635
440226 470382 30156
434390 471174 36784
458716 471504 12788
420328 472329 52001
446470 472626 26156
421294 473055 51761
450234 473187 22953
425355 473583 48228
455716 473715 17999
422258 474144 51886
411810 474969 63159
415051 475563 60512
441312 475695 34383
443414 476322 32908
411617 476817 65200
453922 476949 23027
430093 477378 47285
421070 478599 57529
411446 479028 67582
402920 479952 77032
420451 480084 59633
446870 480612 33742
415884 480612 64728
444740 481140 36400
424763 481305 56542
435815 481668 45853
458242 482295 24053
435813 482361 46548
460988 482856 21868
406077 482922 76845
456134 482922 26788
463058 483351 20293
419068 484374 65306
466527 484440 17913
446683 485958 39275
459392 486783 27391
462940 487872 24932
466829 489126 22297
434175 489126 54951
479249 490248 10999
483086 490776 7690
413180 491997 78817
464375 492624 28249
454539 492690 38151
456532 493251 36719
437052 493845 56793
452977 494538 41561
425382 495033 69651
449040 495099 46059
452150 495660 43510
465179 495990 30811
441215 496188 54973
415971 496485 80514
469572 497013 27441
466841 497574 30733
452162 497574 45412
460931 499290 38359
419343 499389 80046
431194 499455 68261
423591 500016 76425
452617 500841 48224
436274 501039 64765
454527 501402 46875
428226 501666 73440
429088 502227 73139
461458 502491 41033
479034 502524 23490
451879 502557 50678
480219 504933 24714
466487 505263 38776
480303 505494 25191
454048 505626 51578
485109 506055 20946
460651 506154 45503
469738 506385 36647
460620 506550 45930
460867 506715 45848
490786 507111 16325
461097 507276 46179
468162 508266 40104
471411 508860 37449
486281 510015 23734
492821 511071 18250
499983 511302 11319
496353 511632 15279
456230 512094 55864
456839 512655 55816
482825 513216 30391
467141 513546 46405
423355 513744 90389
453011 514305 61294
419774 514866 95092
463578 515328 51750
466321 515427 49106
479205 515922 36717
450108 516285 66177
483372 517308 33936
487671 517506 29835
486610 518034 31424
463887 518166 54279
463643 519123 55480
503074 519156 16082
461680 519783 58103
472614 521598 48984
473025 522126 49101
473196 523512 50316
496425 523908 27483
474111 524172 50061
498578 524436 25858
503191 525030 21839
503887 525591 21704
474338 527967 53629
463088 530178 67090
466021 532884 66863
479611 533148 53537
433607 533544 99937
467665 533907 66242
470344 533973 63629
446854 534072 87218
432404 534204 101800
478768 534501 55733
468834 534600 65766
460789 534765 73976
497198 536118 38920
474663 536151 61488
492194 536415 44221
474961 536943 61982
510239 538065 27826
491157 538857 47700
480756 538857 58101
479527 539418 59891
505570 539682 34112
482096 539979 57883
513106 540210 27104
485522 540507 54985
515379 541068 25689
494247 541530 47283
524590 545655 21065
491417 545721 54304
528000 546216 18216
496207 546810 50603
528611 547272 18661
506689 550209 43520
468180 550374 82194
523380 550605 27225
522582 550770 28188
511806 551067 39261
482997 551298 68301
537911 552783 14872
486841 553806 66965
484677 554334 69657
478808 554895 76087
488329 554895 66566
490734 555423 64689
490985 555456 64471
470098 555819 85721
492560 556017 63457
479163 556215 77052
480075 556380 76305
494292 556578 62286
491343 556743 65400
521372 556809 35437
517405 557139 39734
531093 557634 26541
492380 558360 65980
501240 559845 58605
511581 560406 48825
504950 560901 55951
511737 561000 49263
516792 561495 44703
514410 561528 47118
529302 562056 32754
530356 562617 32261
503029 562617 59588
510198 563739 53541
512884 566313 53429
545527 566841 21314
555273 567402 12129
515811 567435 51624
556790 567930 11140
521789 568029 46240
518190 568227 50037
497970 568392 70422
530331 568788 38457
534662 568920 34258
558070 569052 10982
538352 569481 31129
488742 569514 80772
545067 570570 25503
491352 571494 80142
487374 572022 84648
497822 572121 74299
503691 572220 68529
512690 573243 60553
480944 573507 92563
514011 573837 59826
525394 574398 49004
549430 576543 27113
499030 576741 77711
506988 577302 70314
539239 577434 38195
512956 578655 65699
560849 579513 18664
567713 580074 12361
539097 581163 42066
551536 581724 30188
509899 583506 73607
536544 584034 47490
559484 584826 25342
521715 585255 63540
570841 585915 15074
570969 586476 15507
524857 588027 63170
524972 588588 63616
525204 590139 64935
536980 591294 54314
519018 592482 73464
526996 596673 69677
563229 596805 33576
529549 597267 67718
577777 599544 21767
