60 6303 6243
486 7095 6609
3654 15213 11559
11109 17358 6249
13293 22506 9213
2603 23826 21223
6079 24288 18209
3865 24816 20951
10245 25410 15165
8587 25938 17351
4797 27027 22230
8239 27588 19349
13407 27654 14247
12305 28644 16339
15037 28644 13607
10694 29370 18676
24648 30888 6240
5506 34914 29408
18564 35046 16482
7746 35607 27861
16551 38346 21795
32020 38643 6623
14122 38841 24719
33258 40425 7167
26476 41547 15071
19009 42042 23033
35342 42603 7261
29128 43197 14069
23237 45243 22006
31069 45672 14603
22089 47289 25200
33661 48378 14717
19115 48741 29626
41965 49104 7139
33475 49401 15926
29652 51084 21432
44866 51942 7076
35129 52074 16945
21753 52140 30387
43362 53691 10329
45612 54516 8904
36992 54747 17755
34997 54780 19783
39313 60456 21143
39186 61413 22227
55379 62073 6694
37409 63162 25753
31961 64185 32224
52884 64218 11334
53059 64713 11654
60845 67320 6475
59132 67947 8815
55541 69300 13759
50835 72039 21204
49734 72501 22767
59466 73326 13860
60327 73854 13527
67194 74382 7188
53970 75240 21270
57291 75603 18312
58113 76131 18018
61457 79332 17875
72958 79563 6605
68834 82038 13204
71803 84315 12512
74628 85008 10380
69578 87516 17938
60398 88440 28042
76245 88770 12525
63858 89001 25143
68488 89562 21074
75113 89628 14515
70021 90057 20036
80046 91509 11463
77972 92334 14362
71512 92796 21284
79343 93852 14509
78968 94611 15643
80956 95304 14348
77571 99198 21627
82760 99957 17197
84052 101442 17390
87156 102300 15144
89748 104544 14796
96228 105600 9372
97440 106194 8754
101260 107514 6254
101451 108438 6987
89949 109428 19479
90579 109989 19410
93650 110550 16900
95595 110946 15351
92165 111507 19342
99972 112530 12558
105854 112827 6973
94338 113751 19413
97600 114246 16646
103729 115896 12167
106700 117018 10318
98769 119856 21087
103030 119856 16826
93869 121143 27274
96133 121737 25604
105745 122331 16586
102464 122925 20461
114082 124410 10328
110355 125400 15045
120620 128568 7948
105609 128865 23256
107224 129294 22070
121511 130779 9268
114360 131373 17013
122991 131538 8547
118404 133980 15576
120038 134013 13975
118544 134508 15964
116198 137115 20917
132254 138501 6247
133202 140679 7477
128170 141240 13070
131272 141801 10529
125907 143121 17214
128524 143781 15257
127181 144870 17689
138956 145959 7003
133179 147576 14397
137177 149457 12280
138117 151140 13023
123537 152823 29286
142994 153846 10852
137547 155463 17916
129329 155529 26200
141280 156354 15074
136039 156585 20546
133608 157146 23538
144098 157707 13609
131253 158532 27279
141371 159093 17722
148975 163878 14903
138848 165165 26317
147104 167772 20668
152427 168267 15840
148178 168333 20155
157620 168432 10812
137287 168894 31607
137718 169422 31704
145160 170676 25516
156913 171501 14588
151092 173118 22026
149996 173217 23221
137389 173283 35894
141832 173745 31913
156006 174702 18696
158811 175362 16551
159809 176352 16543
155141 178596 23455
162699 178893 16194
146624 179256 32632
157125 180312 23187
168907 181071 12164
169385 182160 12775
166157 182325 16168
164321 184041 19720
157252 185526 28274
179346 185625 6279
179282 185889 6607
157547 185988 28441
167818 187506 19688
181385 188463 7078
182098 188991 6893
169701 189486 19785
178218 189684 11466
172578 190212 17634
175074 190740 15666
167030 191202 24172
167287 193677 26390
178594 193809 15215
179848 194403 14555
179384 194931 15547
179541 196251 16710
183140 196284 13144
164108 196878 32770
169792 199452 29660
184748 200079 15331
185389 201201 15812
189663 201762 12099
182415 202653 20238
196697 205524 8827
182686 205623 22937
191735 206514 14779
190262 208164 17902
189859 208296 18437
188513 209484 20971
195230 209946 14716
201916 211365 9449
204362 212091 7729
200336 212355 12019
205628 212619 6991
190039 214533 24494
203598 217272 13674
197114 217569 20455
205010 217800 12790
197231 219582 22351
211388 221463 10075
213934 222156 8222
217566 223773 6207
208401 224664 16263
206460 225258 18798
212325 226314 13989
217522 226809 9287
220263 226908 6645
218047 227898 9851
216533 228492 11959
220004 228888 8884
219148 230208 11060
216932 231990 15058
217590 232287 14697
211079 235488 24409
219484 235554 16070
216780 235785 19005
224662 238227 13565
222362 240339 17977
229089 242154 13065
233532 243870 10338
233162 244134 10972
229515 244695 15180
236364 245454 9090
212229 247104 34875
235899 247401 11502
239374 249513 10139
235112 249546 14434
218539 250338 31799
224448 251427 26979
238051 251427 13376
231871 252582 20711
230437 254628 24191
236669 254760 18091
238968 254925 15957
224028 255156 31128
227078 255783 28705
240345 255783 15438
246131 257895 11764
251094 257895 6801
227154 257961 30807
250417 258390 7973
244298 258489 14191
250918 258918 8000
258681 264924 6243
259387 266013 6626
240520 266475 25955
254717 267894 13177
250762 268191 17429
249111 269181 20070
263026 269280 6254
263703 270336 6633
262160 270864 8704
263851 270996 7145
264009 271392 7383
265177 272415 7238
264209 275979 11770
265406 276012 10606
265059 278388 13329
267401 278982 11581
273401 279708 6307
261633 282216 20583
268975 282315 13340
272910 283932 11022
278369 286341 7972
278975 286869 7894
270025 289047 19022
275653 289080 13427
284166 290862 6696
284855 293931 9076
270954 295482 24528
276033 295944 19911
285194 296835 11641
272887 298023 25136
277414 298551 21137
281994 302544 20550
283515 303105 19590
282292 303765 21473
284813 304260 19447
285803 305811 20008
285841 307164 21323
278278 308913 30635
289420 309375 19955
296157 309540 13383
279687 310959 31272
295978 312807 16829
305423 312972 7549
305861 316569 10708
302471 317592 15121
297875 319275 21400
311438 320265 8827
303844 320364 16520
311332 322509 11177
306685 323499 16814
307839 323499 15660
314529 323763 9234
309911 324027 14116
304235 325842 21607
309543 327360 17817
321661 327921 6260
316627 328746 12119
317267 328812 11545
319477 329373 9896
322689 330033 7344
305860 331947 26087
326384 332640 6256
316158 333267 17109
322133 338019 15886
324011 339174 15163
329129 339636 10507
329777 340626 10849
324270 340725 16455
330269 341220 10951
333326 341550 8224
333729 342111 8382
324529 342573 18044
327588 344652 17064
324975 347622 22647
331801 349569 17768
326397 350823 24426
337109 352011 14902
337085 352308 15223
343014 354651 11637
334029 354717 20688
337552 355344 17792
340669 355872 15203
343171 355905 12734
346695 356433 9738
350767 357720 6953
347879 358281 10402
340964 358941 17977
352421 359832 7411
338565 360954 22389
330346 361383 31037
338566 362835 24269
334989 363957 28968
336328 364518 28190
332074 364584 32510
350727 365046 14319
337122 365640 28518
345250 366036 20786
350540 366531 15991
353522 367323 13801
344146 368247 24101
356195 369798 13603
348603 370029 21426
350726 370953 20227
353535 371877 18342
359475 372240 12765
346594 373923 27329
343662 375078 31416
349175 375639 26464
357938 376167 18229
354326 377124 22798
343213 378543 35330
335435 378840 43405
366756 379830 13074
368913 380358 11445
364262 381645 17383
352506 381744 29238
368014 383427 15413
367619 383592 15973
377431 384648 7217
358562 386826 28264
368746 387750 19004
358928 387783 28855
374192 388377 14185
349851 390489 40638
377404 390489 13085
364069 391050 26981
364380 392139 27759
366625 392700 26075
358601 393129 34528
378409 394944 16535
383235 396330 13095
359085 396660 37575
390018 396990 6972
382037 399531 17494
389712 399729 10017
386424 402237 15813
384703 402831 18128
385054 403689 18635
393761 404844 11083
389502 406131 16629
391737 407814 16077
401926 408606 6680
393754 409992 16238
399139 412632 13493
402280 412698 10418
394965 412764 17799
406466 415305 8839
404105 415668 11563
408314 417978 9664
404679 418440 13761
396268 421179 24911
395276 421476 26200
407531 424314 16783
398596 424380 25784
399973 424545 24572
394930 424908 29978
412687 425304 12617
420651 427284 6633
417901 427416 9515
408696 427647 18951
408956 428208 19252
418032 428769 10737
421597 429264 7667
420560 430122 9562
421501 431145 9644
421375 433092 11717
401145 435105 33960
415496 435633 20137
429634 436260 6626
426845 437415 10570
425690 440517 14827
425373 442068 16695
435765 442068 6303
432455 442794 10339
435750 443289 7539
431939 444774 12835
435052 445302 10250
430868 446655 15787
441227 447480 6253
427489 448503 21014
438146 449328 11182
417890 449856 31966
443277 449955 6678
442597 451308 8711
431240 452397 21157
436095 453090 16995
436466 455004 18538
437018 455103 18085
450592 457215 6623
448134 457545 9411
446456 458667 12211
444599 460317 15718
448779 461703 12924
450183 462264 12081
443635 462495 18860
450640 462792 12152
446683 463023 16340
451432 463320 11888
458026 465168 7142
445037 465762 20725
445053 466290 21237
446278 467313 21035
445077 468303 23226
450188 468864 18676
455048 469326 14278
450404 469491 19087
449206 471405 22199
462337 472593 10256
455029 473352 18323
467226 474441 7215
468269 475497 7228
453151 476553 23402
464682 478137 13455
461571 478236 16665
467304 478731 11427
467275 479259 11984
470814 479787 8973
461335 481932 20597
467664 482988 15324
474045 485034 10989
460719 485760 25041
478907 488301 9394
477743 493515 15772
470471 493845 23374
472848 494241 21393
479838 495066 15228
483969 495594 11625
484491 496155 11664
484712 496716 12004
473994 496947 22953
476880 497475 20595
492243 499224 6981
479472 499950 20478
490855 500181 9326
492686 500742 8056
487613 502887 15274
489488 503811 14323
480524 503976 23452
498440 508464 10024
500774 509256 8482
500647 509289 8642
502834 509520 6686
500469 509586 9117
502905 514602 11697
494559 514866 20307
500201 515262 15061
494727 515955 21228
500318 516483 16165
499432 519552 20120
503573 519585 16012
498245 520740 22495
499478 521301 21823
516176 522984 6808
510721 524040 13319
498310 527142 28832
503361 527241 23880
492330 527802 35472
500126 528264 28138
515194 529782 14588
505512 530178 24666
517778 531135 13357
521138 531333 10195
504238 532917 28679
507592 533478 25886
518107 534006 15899
517743 534402 16659
529876 536481 6605
520171 536712 16541
524688 537240 12552
524615 540672 16057
525209 541827 16618
516542 541959 25417
522126 542355 20229
525617 544896 19279
530171 545523 15352
531611 546117 14506
529557 546249 16692
539875 546546 6671
528475 547767 19292
542857 549384 6527
533013 549450 16437
542049 552453 10404
537364 552651 15287
540600 553311 12711
544930 554367 9437
545207 555357 10150
535629 557766 22137
544919 558327 13408
549586 558954 9368
551947 559482 7535
552095 559977 7882
546900 560901 14001
555249 561495 6246
524904 562749 37845
544805 563607 18802
554815 563904 9089
555155 566115 10960
559872 566115 6243
552143 567699 15556
564286 570537 6251
565053 573804 8751
559305 574068 14763
558031 574563 16532
555631 575091 19460
556740 576906 20166
561936 577434 15498
571030 577632 6602
569218 577665 8447
572221 578490 6269
574646 580899 6253
568844 581262 12418
576945 583209 6264
571399 586179 14780
579980 586608 6628
578243 588786 10543
577175 590007 12832
583996 590238 6242
583016 591162 8146
584010 592350 8340
577821 594363 16542
575816 594759 18943
584835 595320 10485
578451 597960 19509
594777 601392 6615
580060 604824 24764
583270 608091 24821
589867 609675 19808
588388 609972 21584
586143 612513 26370
590756 613173 22417
587070 613602 26532
584666 613668 29002
605387 616308 10921
597138 616374 19236
597495 616935 19440
600906 617463 16557
603517 619311 15794
596089 620697 24608
601448 620796 19348
595847 622611 26764
596105 624426 28321
599122 624855 25733
613035 625053 12018
614357 625581 11224
594129 627825 33696
600806 628056 27250
608391 628056 19665
615288 629145 13857
618604 630201 11597
605245 630663 25418
614533 631191 16658
624747 631389 6642
611272 631752 20480
615265 634425 19160
626863 635316 8453
618875 636504 17629
627891 638583 10692
606675 638913 32238
617514 640266 22752
631987 640629 8642
633330 641124 7794
612928 641421 28493
608746 641619 32873
629422 641652 12230
623873 642147 18274
635124 642147 7023
612641 645315 32674
618190 645381 27191
617552 645546 27994
612045 645810 33765
612881 646338 33457
616829 646965 30136
626348 647493 21145
625762 648285 22523
630705 651222 20517
641259 651783 10524
628809 652179 23370
631836 654720 22884
639593 655248 15655
627362 659637 32275
637457 660165 22708
641070 660264 19194
642774 660693 17919
643018 660726 17708
631543 661221 29678
647946 661947 14001
639485 663960 24475
657507 664125 6618
633736 664521 30785
658280 667227 8947
664104 670725 6621
647911 671880 23969
641977 672243 30266
651838 672771 20933
649172 673299 24127
650080 674850 24770
658761 675081 16320
673489 679734 6245
671032 681219 10187
667552 682770 15218
650785 684420 33635
662234 684915 22681
674736 686103 11367
665197 688413 23216
666066 688842 22776
676618 689172 12554
681735 689700 7965
677735 690558 12823
672031 690690 18659
678886 692769 13883
675890 693528 17638
671169 693759 22590
682633 696366 13733
691395 697719 6324
691496 698346 6850
683623 698379 14756
693430 700359 6929
694548 700788 6240
696044 702306 6262
693963 703065 9102
697302 703560 6258
685164 703758 18594
691968 704979 13011
687249 706464 19215
700829 707091 6262
701362 707619 6257
701408 710193 8785
697191 710391 13200
702770 710721 7951
705756 712008 6252
697398 712338 14940
702757 714549 11792
705863 717057 11194
692750 717255 24505
699783 718311 18528
706180 718443 12263
697227 720258 23031
714154 720423 6269
701881 721809 19928
715227 721842 6615
699161 723228 24067
716099 728904 12805
718334 732831 14497
714480 734613 20133
717892 735075 17183
719995 735372 15377
713440 736065 22625
714513 741345 26832
725975 742929 16954
722199 745569 23370
721499 746262 24763
728251 746262 18011
732503 748440 15937
728404 749364 20960
736472 750255 13783
719927 751476 31549
741429 751674 10245
729515 752796 23281
744696 756987 12291
731326 758175 26849
747849 758340 10491
752116 758901 6785
741127 759066 17939
743368 761376 18008
749675 762003 12328
745512 762267 16755
750826 764412 13586
737546 764709 27163
740267 767052 26785
744669 767514 22845
758988 767844 8856
757300 770682 13382
751228 770913 19685
748524 770946 22422
750812 773883 23071
758644 774444 15800
746555 776523 29968
756168 778305 22137
766343 778338 11995
766347 778899 12552
768895 779427 10532
771483 780747 9264
772374 781341 8967
757305 783354 26049
754008 784575 30567
769587 784707 15120
777871 785004 7133
762479 785994 23515
772128 786093 13965
765851 786654 20803
776536 787743 11207
764409 789195 24786
757788 789789 32001
767869 790383 22514
769455 792396 22941
780464 793056 12592
782496 793617 11121
783130 793683 10553
783437 794475 11038
785559 795036 9477
781627 795465 13838
785444 796026 10582
786041 796686 10645
776502 796752 20250
761094 798105 37011
790292 798336 8044
761912 798699 36787
765849 799227 33378
782400 799887 17487
781387 801570 20183
780156 801900 21744
780268 801933 21665
781734 802098 20364
793934 803121 9187
789685 805002 15317
793119 805398 12279
797713 806850 9137
796743 806916 10173
789960 809424 19464
793360 812658 19298
796028 813186 17158
794733 813318 18585
777485 813714 36229
791901 814077 22176
794700 814110 19410
797560 815166 17606
797910 815661 17751
809076 815760 6684
805500 816816 11316
788176 818367 30191
815046 821634 6588
800494 822558 22064
816393 825099 8706
812549 826089 13540
821667 828564 6897
821999 829092 7093
813259 829290 16031
824048 831039 6991
812932 831270 18338
815942 831864 15922
819137 832128 12991
816234 832293 16059
820661 834669 14008
818340 838530 20190
828286 839289 11003
824309 839652 15343
819877 841005 21128
815585 841731 26146
833247 842325 9078
836556 843975 7419
823376 845526 22150
827784 847176 19392
824721 848496 23775
828848 848727 19879
842197 849189 6992
829082 849585 20503
842102 851004 8902
840633 851730 11097
840137 853974 13837
840937 854568 13631
819069 854964 35895
833045 855492 22447
835324 855525 20201
834891 856020 21129
834435 856086 21651
828552 858000 29448
831442 858528 27086
838480 859419 20939
841768 861861 20093
837137 862785 25648
831652 864402 32750
846382 864831 18449
854544 866943 12399
854959 866943 11984
845191 868593 23402
858194 869682 11488
857462 871992 14530
865934 873741 7807
866020 877008 10988
857100 877437 20337
858715 879120 20405
860902 881463 20561
866429 881826 15397
868059 881859 13800
861229 882189 20960
868722 882288 13566
869823 882387 12564
850557 882750 32193
877796 884433 6637
872185 885093 12908
865709 885951 20242
867340 886479 19139
873292 887139 13847
881829 889977 8148
881024 890109 9085
878228 892881 14653
869454 893409 23955
874853 893541 18688
874014 894102 20088
869941 894729 24788
881253 895785 14532
879904 896610 16706
885883 897765 11882
872994 897930 24936
886768 902055 15287
891135 902649 11514
896337 902946 6609
895404 904761 9357
897477 904959 7482
881952 907599 25647
897824 907731 9907
895803 910602 14799
892579 911394 18815
882577 913803 31226
893072 916344 23272
897820 916509 18689
908095 917070 8975
907087 918291 11204
912079 918753 6674
915364 922053 6689
908492 923538 15046
908711 924132 15421
909325 924165 14840
901464 926013 24549
907273 926574 19301
917736 926772 9036
913430 926871 13441
919244 927366 8122
913802 928455 14653
918673 929280 10607
915671 929445 13774
916644 929775 13131
922241 932151 9910
929462 935781 6319
922577 936045 13468
923895 937398 13503
932349 939345 6996
933134 940269 7135
926562 942183 15621
924253 942348 18095
937377 943965 6588
928936 946110 17174
937831 947034 9203
928460 947595 19135
932951 948090 15139
937016 950961 13945
935086 952215 17129
934152 953667 19515
939268 954129 14861
924228 954294 30066
933487 954690 21203
950994 957231 6237
942562 957429 14867
929309 958023 28714
937825 959937 22112
954530 960861 6331
945955 961257 15302
953224 962577 9353
951154 964359 13205
950188 964953 14765
936944 965580 28636
955150 966537 11387
939763 966636 26873
940066 967197 27131
944034 968319 24285
947088 968649 21561
960745 968814 8069
943832 969342 25510
953695 969342 15647
953938 969771 15833
959342 970299 10957
958612 972642 14030
965650 974259 8609
954708 975018 20310
965767 977295 11528
958813 977361 18548
961566 977823 16257
971463 979836 8373
961678 980562 18884
957623 981618 23995
959523 981717 22194
960631 982575 21944
956269 984819 28550
957547 984885 27338
964031 984918 20887
970762 985281 14519
961543 986007 24464
974553 986271 11718
976519 986799 10280
977096 989241 12145
966728 989505 22777
956697 990066 33369
965548 991320 25772
968209 991881 23672
971394 993267 21873
969557 993366 23809
960320 993795 33475
965307 996072 30765
967028 996237 29209
983611 996831 13220
978184 996930 18746
977541 997095 19554
992483 999141 6658
993898 1001253 7355
972532 1002243 29711
977801 1003563 25762
990458 1004784 14326
994678 1004949 10271
995865 1005477 9612
997360 1006566 9206
992196 1007490 15294
998418 1008117 9699
993758 1009668 15910
996240 1010757 14517
990729 1011978 21249
983831 1012506 28675
997366 1013166 15800
1001065 1014090 13025
987449 1015080 27631
994065 1016070 22005
994942 1016466 21524
1007582 1017027 9445
1013204 1020129 6925
995461 1020294 24833
1004453 1020723 16270
998535 1020855 22320
996672 1021812 25140
995271 1022373 27102
1003462 1022901 19439
1011795 1023099 11304
1012556 1023561 11005
994451 1023825 29374
1017364 1024980 7616
1018285 1025838 7553
1017296 1028841 11545
1024063 1032240 8177
1026037 1032669 6632
1008250 1032702 24452
1025388 1032735 7347
1022691 1033065 10374
1009254 1033296 24042
1028382 1035045 6663
1026743 1035672 8929
1009927 1035738 25811
1019606 1036497 16891
1011640 1037388 25748
1020099 1038708 18609
1032298 1042470 10172
1028546 1042998 14452
1027183 1047156 19973
1041106 1047783 6677
1033587 1048278 14691
1036742 1048905 12163
1040077 1050225 10148
1041468 1051116 9648
1036356 1051281 14925
1031255 1052469 21214
1037766 1053063 15297
1039569 1053987 14418
1047552 1055043 7491
1035316 1056264 20948
1046884 1056726 9842
1037343 1056792 19449
1043288 1058112 14824
1040510 1058607 18097
1043338 1059102 15764
1049039 1059696 10657
1041554 1061346 19792
1047286 1062402 15116
1056372 1062996 6624
1057539 1063986 6447
1050875 1065174 14299
1057283 1067088 9805
1049021 1069299 20278
1049092 1069365 20273
1052264 1070850 18586
1058204 1072005 13801
1059115 1072533 13418
1051008 1075767 24759
1055879 1076295 20416
1066039 1078077 12038
1067250 1079100 11850
1067035 1082037 15002
1072014 1083027 11013
1064724 1084182 19458
1062380 1084743 22363
1073348 1085898 12550
1069587 1086228 16641
1075213 1086789 11576
1067217 1088373 21156
1077866 1089495 11629
1072105 1092300 20195
1074608 1092861 18253
1084731 1093059 8328
1084824 1093587 8763
1078541 1094643 16102
1084602 1096260 11658
1073663 1096656 22993
1078306 1099494 21188
1091746 1099527 7781
1079295 1102662 23367
1082643 1102926 20283
1081445 1102992 21547
1090600 1105269 14669
1090417 1105797 15380
1098280 1106094 7814
1092338 1106325 13987
1099134 1106622 7488
1079266 1106754 27488
1073409 1106787 33378
1091426 1109394 17968
1100725 1109559 8834
1100410 1110021 9611
1098901 1110285 11384
1075933 1112991 37058
1088285 1113717 25432
1076872 1114377 37505
1096303 1114872 18569
1106313 1116126 9813
1092737 1116423 23686
1107971 1116753 8782
1084712 1118106 33394
1092670 1118172 25502
1103520 1120878 17358
1099182 1120977 21795
1112067 1121967 9900
1111729 1123815 12086
1112807 1125036 12229
1114458 1125465 11007
1116747 1125663 8916
1118659 1126224 7565
1105185 1126752 21567
1095986 1127544 31558
1096494 1128105 31611
1099139 1128864 29725
1081562 1129293 47731
1108663 1129458 20795
1108224 1130811 22587
1094333 1132692 38359
1095359 1132758 37399
1107733 1134870 27137
1128298 1134936 6638
1118689 1135464 16775
1118751 1136025 17274
1123349 1137312 13963
1124633 1137444 12811
1131097 1138467 7370
1113805 1140414 26609
1111700 1141701 30001
1135382 1142064 6682
1111347 1142691 31344
1102015 1143252 41237
1114188 1143945 29757
1128493 1144473 15980
1129455 1145232 15777
1120955 1145397 24442
1140878 1147146 6268
1128413 1147179 18766
1132065 1151502 19437
1140233 1152492 12259
1141055 1152987 11932
1142623 1153515 10892
1126799 1154703 27904
1147523 1154802 7279
1138534 1155693 17159
1130104 1158399 28295
1129892 1159455 29563
1122477 1160115 37638
1138099 1161138 23039
1143720 1163283 19563
1141674 1163481 21807
1153899 1164636 10737
1136094 1166385 30291
1140923 1166418 25495
1148815 1166616 17801
1157707 1167309 9602
1147977 1169124 21147
1142893 1169619 26726
1139091 1171632 32541
1147905 1172325 24420
1143791 1172391 28600
1157710 1172457 14747
1158902 1172985 14083
1156338 1173414 17076
1157445 1173447 16002
1160748 1173975 13227
1149814 1174833 25019
1148699 1175592 26893
1148946 1176318 27372
1155783 1176747 20964
1145496 1177308 31812
1162719 1178298 15579
1149718 1180047 30329
1166080 1180377 14297
1152096 1184007 31911
1172456 1184040 11584
1170006 1184073 14067
1172581 1184568 11987
1157829 1184733 26904
1177075 1185756 8681
1178076 1186284 8208
1168571 1187472 18901
1169310 1187967 18657
1173838 1189419 15581
1184356 1191003 6647
1169165 1191135 21970
1183170 1192356 9186
1173945 1194303 20358
1185997 1194633 8636
1163609 1194765 31156
1176909 1194831 17922
1171697 1195062 23365
1172691 1195590 22899
1184146 1195920 11774
1185082 1196448 11366
1183919 1196613 12694
1175516 1197075 21559
1172721 1197471 24750
1186268 1199319 13051
1180080 1200045 19965
1189894 1200078 10184
1192616 1200606 7990
1193903 1202718 8815
1196175 1202751 6576
1184457 1203312 18855
1187708 1204566 16858
1190549 1205094 14545
1196120 1205919 9799
1195915 1206975 11060
1201731 1209318 7587
1189988 1210110 20122
1190352 1210605 20253
1201834 1211397 9563
1202538 1212915 10377
1206531 1212981 6450
1206820 1213509 6689
1208787 1215423 6636
1209696 1216017 6321
1197184 1216875 19691
1204445 1217832 13387
1207768 1220571 12803
1208204 1220769 12565
1208719 1223178 14459
1216578 1223706 7128
1209832 1223937 14105
1197522 1224498 26976
1215131 1226676 11545
1210477 1226775 16298
1213167 1227336 14169
1211394 1230537 19143
1211776 1231098 19322
1215219 1231692 16473
1218892 1232187 13295
1204475 1233210 28735
1227016 1233936 6920
1220274 1234926 14652
1225852 1235454 9602
1220277 1236345 16068
1228445 1236345 7900
1222124 1237005 14881
1227966 1239414 11448
1229145 1239480 10335
1229271 1240074 10803
1227057 1240866 13809
1221933 1240899 18966
1212719 1242615 29896
1216235 1243077 26842
1233310 1243605 10295
1210584 1243770 33186
1236895 1244100 7205
1214225 1244562 30337
1233512 1246575 13063
1230258 1247103 16845
1230975 1247268 16293
1231029 1247532 16503
1235652 1249545 13893
1238178 1249875 11697
1236370 1250139 13769
1223060 1250172 27112
1243927 1250172 6245
1242543 1251129 8586
1223521 1252845 29324
1240760 1254033 13273
1248109 1254429 6320
1242366 1259115 16749
1242914 1261854 18940
1233107 1262349 29242
1253667 1265418 11751
1257572 1265616 8044
1240662 1266309 25647
1261005 1268487 7482
1256210 1268916 12706
1253732 1269180 15448
1255879 1269180 13301
1258449 1269477 11028
1250163 1269708 19545
1261027 1270104 9077
1242450 1271688 29238
1257456 1272216 14760
1245124 1273470 28346
1258474 1274955 16481
1269462 1278519 9057
1264070 1278618 14548
1272343 1279014 6671
1259035 1281654 22619
1262158 1283106 20948
1277826 1284426 6600
1268689 1285020 16331
1277910 1285515 7605
1273298 1285548 12250
1266162 1286604 20442
1278874 1287726 8852
1273174 1288254 15080
1278208 1288782 10574
1281000 1289442 8442
1264024 1292115 28091
1280330 1293699 13369
1267129 1294788 27659
1281188 1294854 13666
1288627 1295745 7118
1276289 1295811 19522
1280821 1295976 15155
1266233 1296504 30271
1285871 1297824 11953
1281014 1300992 19978
1281427 1301025 19598
1280047 1301949 21902
1292790 1301982 9192
1293515 1302609 9094
1274628 1304127 29499
1288279 1305183 16904
1298434 1305414 6980
1291247 1306569 15322
1299610 1307328 7718
1300332 1310496 10164
1295273 1311123 15850
1301927 1313961 12034
1295364 1314324 18960
1301138 1315083 13945
1294934 1317723 22789
1311170 1319901 8731
1294386 1319934 25548
1313471 1320165 6694
1308542 1320792 12250
1315297 1324125 8828
1317605 1324653 7048
1310121 1325544 15423
1304660 1325676 21016
1320209 1327326 7117
1313504 1327524 14020
1306910 1328151 21241
1322708 1329141 6433
1310060 1330560 20500
1318156 1330659 12503
1311404 1331484 20080
1321908 1332243 10335
1319777 1333266 13489
1325777 1333629 7852
1318300 1336005 17705
1325210 1336962 11752
1319896 1337952 18056
1323248 1338018 14770
1324004 1338513 14509
1327494 1338711 11217
1325352 1340163 14811
1328373 1341153 12780
1322815 1345014 22199
1333485 1347555 14070
1326810 1349832 23022
1332003 1350657 18654
1344355 1353264 8909
1341196 1354254 13058
1340614 1355970 15356
1341389 1356036 14647
1342861 1356564 13703
1345084 1357059 11975
1336758 1358478 21720
1353053 1360194 7141
1342999 1360689 17690
1336179 1361481 25302
1334498 1362042 27544
1354655 1363263 8608
1349308 1363395 14087
1342231 1363527 21296
1345416 1365243 19827
1340676 1365771 25095
1359512 1365771 6259
1342741 1366365 23624
1353674 1366794 13120
1345365 1367025 21660
1349482 1367619 18137
1358653 1369038 10385
1360952 1369665 8713
1363014 1369962 6948
1351389 1371084 19695
1362250 1373196 10946
1358365 1373856 15491
1369270 1375539 6269
1346499 1375902 29403
1347564 1377552 29988
1341392 1378113 36721
1361027 1379499 18472
1373004 1380456 7452
1366771 1380819 14048
1366422 1381446 15024
1363384 1383657 20273
1365930 1384647 18717
1378523 1386099 7576
1352171 1386858 34687
1375890 1388442 12552
1373940 1390026 16086
1375494 1391643 16149
1367379 1391940 24561
1381357 1392138 10781
1369751 1392270 22519
1371911 1392468 20557
1357968 1392996 35028
1377744 1393590 15846
1373407 1395339 21932
1371183 1397319 26136
1381343 1399827 18484
1387744 1400619 12875
1380743 1400718 19975
1393194 1400883 7689
1370789 1402071 31282
1377457 1403325 25868
1377975 1403721 25746
1375912 1405173 29261
1371940 1405272 33332
1391229 1405305 14076
1376697 1407648 30951
1389651 1408638 18987
1374256 1411344 37088
1396299 1411476 15177
1396570 1412070 15500
1405266 1413984 8718
1406179 1414875 8696
1386156 1415436 29280
1393030 1415964 22934
1394704 1416723 22019
1406014 1417845 11831
1388833 1418274 29441
1394443 1419198 24755
1403203 1419264 16061
1407386 1419858 12472
1405148 1420848 15700
1405221 1420980 15759
1399679 1421046 21367
1396218 1421475 25257
1391062 1422003 30941
1410328 1422927 12599
1406814 1423917 17103
1394203 1425204 31001
1398930 1425732 26802
1388315 1426128 37813
1403495 1426359 22864
1418156 1429197 11041
1411854 1429428 17574
1413982 1430550 16568
1414346 1432398 18052
1426937 1433751 6814
1406735 1434411 27676
1405067 1435500 30433
1416530 1435533 19003
1409362 1435599 26237
1419114 1436523 17409
1412211 1436721 24510
1423323 1438701 15378
1425404 1439262 13858
1430248 1439691 9443
1428501 1442001 13500
1414725 1442793 28068
1437407 1446027 8620
1419172 1446192 27020
1434343 1448040 13697
1442017 1448700 6683
1426390 1449393 23003
1438608 1451010 12402
1426533 1451835 25302
1443473 1453056 9583
1443550 1453056 9506
1432766 1454211 21445
1440624 1454871 14247
1422460 1457412 34952
1423649 1457973 34324
1429870 1458567 28697
1440350 1460085 19735
1445845 1461108 15263
1449769 1461273 11504
1437299 1461471 24172
1448126 1461504 13378
1447308 1461834 14526
1449215 1462362 13147
1447004 1463847 16843
1455212 1464507 9295
1456217 1467114 10897
1439331 1467543 28212
1463791 1470480 6689
1460791 1471272 10481
1463302 1472889 9587
1464096 1473450 9354
1467448 1473714 6266
1466545 1473978 7433
1454053 1475463 21410
1468482 1476321 7839
1460956 1478697 17741
1447045 1479060 32015
1461890 1479522 17632
1460334 1479918 19584
1474306 1480545 6239
1463384 1483152 19768
1476916 1483548 6632
1473668 1487046 13378
1480619 1488762 8143
1475969 1489983 14014
1482524 1490478 7954
1474484 1490907 16423
1486248 1492854 6606
1488081 1498101 10020
1477894 1499025 21131
1480520 1501005 20485
1495746 1501995 6249
1492543 1502622 10079
1495870 1502985 7115
1478455 1504734 26279
1489347 1504800 15453
1482345 1505361 23016
1481919 1505493 23574
1500413 1507407 6994
1487357 1507506 20149
1496192 1507671 11479
1492815 1508397 15582
1493851 1508595 14744
1496755 1509123 12368
1498567 1509519 10952
1500748 1509651 8903
1480841 1509816 28975
1497487 1510377 12890
1496763 1512720 15957
1499188 1513281 14093
1474869 1513776 38907
1501794 1516746 14952
1489651 1517241 27590
1486094 1517769 31675
1503985 1520739 16754
1489581 1523016 33435
1506457 1523577 17120
1502285 1523973 21688
1498374 1526514 28140
1501844 1528164 26320
1516728 1529649 12921
1507157 1530375 23218
1503607 1530969 27362
1506177 1532289 26112
1504217 1533576 29359
1508031 1533609 25578
1508095 1533675 25580
1512195 1534698 22503
1512389 1535259 22870
1529439 1535688 6249
1525716 1537833 12117
1520145 1537965 17820
1511886 1538592 26706
1512991 1539087 26096
1525017 1541364 16347
1534817 1541892 7075
1534529 1542420 7891
1534897 1542651 7754
1520913 1546380 25467
1529786 1548261 18475
1536878 1549086 12208
1535487 1549251 13764
1539038 1549614 10576
1530595 1551363 20768
1543567 1551396 7829
1539439 1551495 12056
1540953 1552056 11103
1539692 1553772 14080
1513490 1554531 41041
1526502 1554564 28062
1536571 1555125 18554
1529503 1556973 27470
1547574 1557798 10224
1537058 1558326 21268
1545523 1559679 14156
1553041 1560735 7694
1531624 1560999 29375
1547087 1561065 13978
1537974 1563969 25995
1538490 1564563 26073
1556287 1564563 8276
1553362 1566675 13313
1539872 1567005 27133
1548918 1569711 20793
1550022 1570503 20481
1564156 1571592 7436
1558680 1573110 14430
1568140 1575486 7346
1561431 1575816 14385
1551061 1576674 25613
1561297 1578423 17126
1559477 1578984 19507
1556013 1580634 24621
1558336 1580700 22364
1541534 1582185 40651
1564170 1583274 19104
1572994 1583406 10412
1574702 1583901 9199
1547968 1584726 36758
1568477 1586376 17899
1558655 1586706 28051
1578841 1586904 8063
1565745 1587927 22182
1549195 1590105 40910
1576840 1590996 14156
1579802 1591755 11953
1569376 1591953 22577
1572890 1592481 19591
1569661 1592811 23150
1584723 1592811 8088
1584410 1595946 11536
1587461 1596177 8716
1575792 1598388 22596
1555409 1598586 43177
1566579 1599114 32535
1585042 1599378 14336
1578053 1600632 22579
1581385 1601061 19676
1571521 1601589 30068
1581053 1601688 20635
1584825 1602216 17391
1593375 1602315 8940
1593687 1603866 10179
1591207 1604427 13220
1591414 1604658 13244
1596389 1605318 8929
1573952 1606539 32587
1594862 1607001 12139
1587751 1608519 20768
1601756 1608750 6994
1595174 1609806 14632
1592310 1611786 19476
1605626 1612248 6622
1605584 1615944 10360
1608379 1616538 8159
1587056 1617132 30076
1605691 1618551 12860
1607636 1619871 12235
1607327 1620168 12841
1613973 1620663 6690
1614538 1621752 7214
1601296 1621884 20588
1597515 1622610 25095
1604053 1623369 19316
1603672 1623666 19994
1605145 1623798 18653
1600017 1624788 24771
1578361 1624953 46592
1586466 1625547 39081
1617335 1625976 8641
1599193 1626636 27443
1600793 1627197 26404
1596729 1627626 30897
1607895 1629078 21183
1607456 1630827 23371
1602252 1631850 29598
1608568 1632906 24338
1615889 1633731 17842
1617953 1634259 16306
1594869 1634952 40083
1622784 1635612 12828
1608522 1637229 28707
1613974 1638153 24179
1612804 1638318 25514
1610859 1640661 29802
1612554 1641387 28833
1621777 1642245 20468
1635338 1644423 9085
1632663 1644489 11826
1636295 1644720 8425
1617175 1645446 28271
1631473 1647492 16019
1627045 1647591 20546
1628074 1647822 19748
1644569 1650825 6256
1640143 1655148 15005
1650430 1656699 6269
1653191 1659438 6247
1651605 1661682 10077
1644109 1662573 18464
1657577 1664586 7009
1652058 1664652 12594
1661205 1667457 6252
1648897 1668018 19121
1661723 1668051 6328
1652362 1668579 16217
1658030 1669239 11209
1657816 1671054 13238
1659085 1672935 13850
1658951 1674222 15271
1671385 1677654 6269
1668716 1678974 10258
1661412 1679865 18453
1670702 1681944 11242
1670390 1682142 11752
1655427 1685013 29586
1667562 1685145 17583
1664143 1685673 21530
1670678 1686135 15457
1682483 1694319 11836
1681307 1695672 14365
1683949 1695903 11954
1675898 1696431 20533
1677104 1697553 20449
1672550 1699764 27214
1692363 1699830 7467
1686663 1700292 13629
1674939 1700754 25815
1690909 1702503 11594
1675205 1702932 27727
1684172 1703460 19288
1692260 1705473 13213
1698755 1707618 8863
1701297 1707651 6354
1682545 1708707 26162
1687878 1709697 21819
1693968 1711347 17379
1684042 1711380 27338
1695471 1711875 16404
1691271 1714119 22848
1683695 1715043 31348
1702427 1717881 15454
1686279 1719432 33153
1693576 1719993 26417
1713780 1721181 7401
1699036 1723128 24092
1692083 1723260 31177
1702994 1723689 20695
1709654 1724316 14662
1715985 1725141 9156
1698773 1726395 27622
1710064 1726395 16331
1715841 1726923 11082
1707910 1727418 19508
1695066 1727517 32451
1701533 1727649 26116
1701230 1728309 27079
1698490 1728672 30182
1712233 1729992 17759
1722862 1731840 8978
1717426 1733622 16196
1695144 1736823 41679
1721441 1737285 15844
1718221 1737747 19526
1722438 1738506 16068
1720725 1738770 18045
1721826 1741641 19815
1736553 1744215 7662
1712368 1744347 31979
1737078 1744347 7269
1722097 1744809 22712
1731453 1745865 14412
1733839 1747317 13478
1719929 1747449 27520
1722469 1747548 25079
1727653 1748010 20357
1729224 1748538 19314
1724258 1751013 26755
1704000 1751244 47244
1720424 1751772 31348
1733839 1752762 18923
1735728 1753620 17892
1749964 1756491 6527
1741370 1757745 16375
1740330 1757910 17580
1748621 1759395 10774
1749523 1760682 11159
1734160 1760946 26786
1746587 1760979 14392
1749547 1761243 11696
1732431 1763025 30594
1734270 1764147 29877
1744549 1764477 19928
1739335 1764675 25340
1734074 1766226 32152
1742835 1766754 23919
1749242 1767414 18172
1739191 1767678 28487
1749835 1767975 18140
1748527 1771044 22517
1757859 1773057 15198
1764920 1773552 8632
1759872 1773651 13779
1738797 1773981 35184
1744006 1774245 30239
1762409 1774707 12298
1753372 1776060 22688
1761201 1777941 16740
1763233 1778502 15269
1763536 1781241 17705
1777275 1783947 6672
1764854 1785861 21007
1766236 1786983 20747
1761641 1787049 25408
1766875 1787544 20669
1770123 1788105 17982
1760492 1788501 28009
1779420 1789425 10005
1769846 1791702 21856
1785411 1792560 7149
1779944 1792956 13012
1786885 1793517 6632
1779784 1794870 15086
1785094 1796223 11129
1771957 1796256 24299
1771856 1796883 25027
1792694 1799028 6334
1776155 1801074 24919
1781371 1801305 19934
1787273 1802328 15055
1790328 1803285 12957
1779132 1804143 25011
1795486 1805034 9548
1780086 1806354 26268
1784017 1806915 22898
1776626 1807344 30718
1780455 1807377 26922
1789048 1808400 19352
1798278 1809588 11310
1801332 1810545 9213
1791143 1811634 20491
1781422 1812261 30839
1797494 1812954 15460
1794864 1815627 20763
1808502 1815627 7125
1809890 1816518 6628
1789020 1816749 27729
1802285 1819092 16807
1799236 1819521 20285
1814057 1820511 6454
1786404 1821699 35295
1811722 1825296 13574
1816097 1825824 9727
1800632 1826055 25423
1799672 1826616 26944
1789911 1828002 38091
1794302 1828695 34393
1819103 1829982 10879
1820626 1830510 9884
1813544 1831071 17527
1802736 1831929 29193
1814015 1832457 18442
1820006 1832886 12880
1804692 1833744 29052
1824175 1835559 11384
1811720 1837440 25720
1821227 1838628 17401
1814549 1840443 25894
1819080 1841433 22353
1823421 1842456 19035
1818315 1843017 24702
1824832 1843017 18185
1824871 1843215 18344
1829157 1843644 14487
1838319 1845228 6909
1827959 1845756 17797
1833552 1846284 12732
1824720 1846713 21993
1830495 1849848 19353
1836147 1851003 14856
1830009 1853049 23040
1823170 1854468 31298
1847295 1854534 7239
1831034 1855029 23995
1824672 1856118 31446
1842199 1856118 13919
1831455 1856547 25092
1834450 1858296 23846
1846167 1859286 13119
1838838 1859319 20481
1839897 1861035 21138
1843017 1862058 19041
1836927 1862256 25329
1836518 1862619 26101
1838334 1862817 24483
1841490 1863345 21855
1841389 1863345 21956
1836309 1869945 33636
1857378 1870011 12633
1859615 1871133 11518
1853355 1872519 19164
1859247 1872981 13734
1856410 1873641 17231
1831197 1874334 43137
1848461 1876182 27721
1860809 1876380 15571
1867876 1877040 9164
1867697 1879317 11620
1859253 1879515 20262
1868173 1879911 11738
1868545 1880505 11960
1849793 1882023 32230
1857517 1883409 25892
1868854 1884630 15776
1875182 1884729 9547
1871733 1884762 13029
1856872 1885983 29111
1875979 1886412 10433
1849846 1887699 37853
1877982 1888722 10740
1848332 1890900 42568
1874391 1891164 16773
1865360 1891428 26068
1875562 1891692 16130
1865035 1892121 27086
1870814 1892748 21934
1871615 1893342 21727
1882782 1894431 11649
1879730 1894530 14800
1874278 1896543 22265
1888756 1896774 8018
1882597 1899018 16421
1891121 1899711 8590
1889593 1899810 10217
1891249 1902879 11630
1882938 1903308 20370
1888807 1903737 14930
1894186 1904001 9815
1872535 1906509 33974
1876062 1908225 32163
1879033 1908786 29753
1891269 1909215 17946
1903190 1909875 6685
1883047 1912779 29732
1887458 1913340 25882
1906105 1915089 8984
1903511 1915320 11809
1903689 1916046 12357
1908220 1916739 8519
1908552 1917267 8715
1911535 1918224 6689
1910094 1919577 9483
1903484 1920501 17017
1891579 1921458 29879
1913226 1921590 8364
1908419 1924263 15844
1913124 1924659 11535
1918711 1925352 6641
1919002 1926375 7373
1911257 1927002 15745
1918747 1930137 11390
1915457 1930500 15043
1921832 1930533 8701
1916155 1930566 14411
1923053 1931061 8008
1904521 1933701 29180
1905439 1934262 28823
1919054 1934790 15736
1915451 1935846 20395
1922413 1936407 13994
1920230 1939047 18817
1927470 1939773 12303
1922695 1943172 20477
1931716 1944789 13073
1933288 1945086 11798
1936572 1945416 8844
1930115 1945845 15730
1937256 1946142 8886
1910937 1946373 35436
1919225 1946934 27709
1918917 1948287 29370
1924371 1949640 25269
1934167 1950597 16430
1939892 1950861 10969
1941454 1951257 9803
1934259 1952874 18615
1936968 1953435 16467
1930689 1954095 23406
1928936 1954458 25522
1922752 1954821 32069
1924289 1955052 30763
1936300 1955415 19115
1937605 1955943 18338
1922592 1956801 34209
1928580 1957824 29244
1942266 1958385 16119
1948266 1959375 11109
1940710 1961091 20381
1950502 1962180 11678
1935266 1965183 29917
1947290 1965480 18190
1947576 1965546 17970
1938616 1965711 27095
1948546 1966140 17594
1950310 1966668 16358
1953048 1967163 14115
1945510 1968978 23468
1952949 1970265 17316
1953506 1971684 18178
1947912 1972971 25059
1954406 1974621 20215
1956049 1974621 18572
1955866 1975149 19283
1945460 1975578 30118
1964260 1976337 12077
1954713 1978812 24099
1968500 1979406 10906
1964331 1979571 15240
1971943 1980462 8519
1957805 1981848 24043
1975076 1982112 7036
1967298 1982772 15474
1962078 1983663 21585
1957076 1985973 28897
1976093 1989108 13015
1976426 1990857 14431
1981688 1990923 9235
1981817 1991022 9205
1985706 1992936 7230
1970520 1994256 23736
1978121 1994784 16663
1977923 1996170 18247
1979005 1996863 17858
1979423 1997292 17869
1993410 1999668 6258
1990085 2000823 10738
1968527 2001978 33451
1994887 2004387 9500
1996513 2005080 8567
1983662 2005245 21583
1974339 2007654 33315
1985422 2007885 22463
1978377 2008182 29805
1980401 2008281 27880
1990670 2008710 18040
1982499 2009205 26706
1982862 2009733 26871
1995305 2010855 15550
1997717 2011383 13666
2000280 2011449 11169
2004143 2012439 8296
1993303 2014584 21281
1999292 2017158 17866
2000063 2017554 17491
2002353 2017686 15333
2000744 2018049 17305
1995675 2019369 23694
2006833 2022108 15275
1984366 2022339 37973
2010418 2022636 12218
1998513 2025210 26697
1992659 2026101 33442
2000366 2026233 25867
2018356 2027355 8999
2001949 2028444 26495
2013942 2028840 14898
2011301 2029038 17737
2021929 2029335 7406
2003331 2029566 26235
1998809 2030589 31780
2009471 2032404 22933
2008167 2033790 25623
2009125 2034384 25259
2005151 2034549 29398
2025009 2035341 10332
2024544 2035737 11193
2012967 2037123 24156
2028438 2037123 8685
2014877 2040093 25216
2023448 2040093 16645
2021046 2041479 20433
2027999 2041974 13975
2022907 2043162 20255
2036913 2043657 6744
2028267 2043756 15489
2032267 2044251 11984
2016914 2045670 28756
2030979 2046924 15945
2031391 2046990 15599
2038789 2047914 9125
2037429 2048013 10584
2040244 2049366 9122
2033744 2050521 16777
2031438 2050983 19545
2026431 2051577 25146
2034298 2052006 17708
2037199 2052864 15665
2028536 2054415 25879
2048985 2055768 6783
2047998 2058078 10080
2045399 2058870 13471
2051861 2059893 8032
2052470 2060388 7918
2043073 2060586 17513
2045331 2061114 15783
2038455 2061873 23418
2056137 2062731 6594
2036902 2063490 26588
2045400 2064381 18981
2043035 2065074 22039
2048613 2065107 16494
2050831 2065833 15002
2051280 2066691 15411
2053168 2068176 15008
2053768 2068770 15002
2049497 2069034 19537
2058287 2069397 11110
2054299 2070684 16385
2041184 2072433 31249
2062675 2074116 11441
2061680 2075040 13360
2040962 2076822 35860
2054291 2077845 23554
2070342 2077911 7569
2050501 2078208 27707
2062339 2078703 16364
2059124 2081013 21889
2055465 2081970 26505
2065253 2083620 18367
2061987 2084214 22227
2070322 2084643 14321
2075889 2084973 9084
2078967 2086689 7722
2054550 2087844 33294
2070394 2089593 19199
2065822 2089692 23870
2078395 2095533 17138
2083753 2095797 12044
2080459 2096160 15701
2082042 2096259 14217
2072961 2100054 27093
2076742 2100582 23840
2078962 2100945 21983
2084197 2101011 16814
2083784 2101506 17722
2085018 2102133 17115
2078014 2103024 25010
2078315 2103453 25138
2084690 2104080 19390
2073895 2104212 30317
2080281 2104740 24459
2094460 2104773 10313
2093168 2104839 11671
2092131 2107314 15183
2095339 2107842 12503
2093687 2108436 14749
2100001 2110383 10382
2101953 2110977 9024
2082590 2111802 29212
2092467 2113584 21117
2092981 2113584 20603
2094076 2115498 21422
2110925 2118501 7576
2110607 2119788 9181
2113174 2122362 9188
2109854 2122428 12574
2099725 2122461 22736
2112319 2125068 12749
2114003 2125596 11593
2107892 2126091 18199
2104534 2126190 21656
2108827 2128599 19772
2108569 2128896 20327
2110481 2129952 19471
2118018 2130150 12132
2114562 2132691 18129
2121288 2133813 12525
2116663 2133945 17282
2122930 2133978 11048
2127163 2134341 7178
2122672 2135364 12692
2129230 2136354 7124
2129501 2136882 7381
2127851 2136948 9097
2105822 2139093 33271
2123895 2139786 15891
2121185 2139918 18733
2115648 2140083 24435
2119619 2140611 20992
2129573 2142261 12688
2120795 2142987 22192
2114802 2143152 28350
2107941 2143845 35904
2110727 2144406 33679
2115425 2145033 29608
2132826 2145231 12405
2137926 2145759 7833
2127708 2148828 21120
2135582 2149224 13642
2130610 2151171 20561
2137088 2151468 14380
2114586 2153844 39258
2115719 2154999 39280
2129916 2155296 25380
2141265 2155956 14691
2129289 2157111 27822
2136929 2158200 21271
2143128 2159058 15930
2135994 2159091 23097
2152490 2161434 8944
2147746 2162589 14843
2150949 2163117 12168
2147456 2164503 17047
2143853 2165097 21244
2130794 2166318 35524
2141838 2167011 25173
2144775 2167506 22731
2135489 2167869 32380
2158078 2169717 11639
2149104 2169948 20844
2135018 2170080 35062
2159344 2170245 10901
2141123 2170575 29452
2149574 2171136 21562
2164387 2172456 8069
2163891 2173314 9423
2158507 2174997 16490
2153015 2175657 22642
2166822 2176152 9330
2153050 2176218 23168
2169899 2177208 7309
2163569 2177406 13837
2166982 2178495 11513
2153235 2179914 26679
2156488 2180607 24119
2165709 2180904 15195
2162765 2181201 18436
2160666 2181267 20601
2164202 2181927 17725
2169096 2182455 13359
2175847 2182950 7103
2156896 2183610 26714
2169940 2184369 14429
2164210 2184633 20423
2160876 2186151 25275
2162047 2186712 24665
2177985 2187372 9387
2169442 2189418 19976
2184495 2190804 6309
2169429 2192025 22596
2180725 2192058 11333
2185541 2193015 7474
2182123 2194533 12410
2183661 2195259 11598
2184559 2195820 11261
2179997 2196216 16219
2171027 2197899 26872
2177062 2199417 22355
2178514 2199945 21431
2185837 2200407 14570
2188537 2200506 11969
2192388 2201628 9240
2190910 2202684 11774
2182293 2203179 20886
2182118 2203707 21589
2187657 2204268 16611
2182008 2204664 22656
2194190 2204730 10540
2189053 2205588 16535
2185919 2206215 20296
2194467 2206215 11748
2199357 2206578 7221
2196579 2208294 11715
2193488 2208855 15367
2179508 2210670 31162
2197627 2211033 13406
2185044 2211165 26121
2195577 2213079 17502
2192122 2213904 21782
2192164 2215158 22994
2185875 2216511 30636
2203762 2217006 13244
2207953 2217534 9581
2203563 2218392 14829
2200764 2219712 18948
2200368 2221560 21192
2210393 2221626 11233
2207243 2223408 16165
2200242 2224695 24453
2201619 2225322 23703
2212583 2227533 14950
2206630 2228523 21893
2198995 2228589 29594
2214545 2229711 15166
2221108 2230932 9824
2205136 2231988 26852
2202240 2232054 29814
2210372 2232516 22144
2224060 2233638 9578
2214425 2235750 21325
2219108 2235816 16708
2216037 2236410 20373
2206809 2236740 29931
2222380 2238522 16142
2225266 2239050 13784
2214963 2239578 24615
2233752 2240370 6618
2235416 2242053 6637
2215257 2242251 26994
2212159 2244660 32501
2213342 2246343 33001
2218792 2246805 28013
2234448 2249775 15327
2231313 2250039 18726
2241754 2250732 8978
2236461 2251128 14667
2232826 2253009 20183
2241494 2253834 12340
2244140 2254362 10222
2247081 2257464 10383
2244018 2258520 14502
2252053 2260137 8084
2254244 2260500 6256
2240937 2262645 21708
2226868 2262843 35975
2244122 2263140 19018
2238717 2263239 24522
2234775 2263272 28497
2245587 2263668 18081
2249453 2264196 14743
2229183 2266473 37290
2259710 2266539 6829
2237461 2267001 29540
2241071 2267298 26227
2243169 2267364 24195
2252398 2269872 17474
2259944 2270202 10258
2251983 2271621 19638
2252238 2272182 19944
2260798 2273040 12242
2254425 2273733 19308
2251394 2274162 22768
2261898 2274294 12396
2251572 2274855 23283
2264586 2275284 10698
2267320 2275449 8129
2258182 2277330 19148
2260425 2277627 17202
2266057 2278155 12098
2257182 2278485 21303
2259833 2278815 18982
2259258 2279046 19788
2257443 2279475 22032
2261507 2280069 18562
2259046 2280762 21716
2265768 2280861 15093
2269922 2281521 11599
2263378 2283963 20585
2262037 2284029 21992
2274394 2284524 10130
2275315 2285052 9737
2269393 2286735 17342
2268316 2287725 19409
2273244 2288121 14877
2270562 2289837 19275
2271507 2289903 18396
2273224 2291421 18197
2285105 2291850 6745
2283685 2292147 8462
2282373 2294160 11787
2279190 2295084 15894
2286279 2295777 9498
2279181 2296041 16860
2291616 2298351 6735
2280560 2298450 17890
2275481 2298879 23398
2284871 2301288 16417
2289781 2302542 12761
2292376 2303334 10958
2283777 2305743 21966
2275087 2307195 32108
2287420 2308317 20897
2290218 2308614 18396
2298595 2309043 10448
2300965 2311056 10091
2291043 2312244 21201
2295865 2315082 19217
2294742 2315280 20538
2291167 2315478 24311
2299978 2318250 18272
2306141 2318712 12571
2310531 2320923 10392
2309060 2321418 12358
2301191 2322804 21613
2315029 2324421 9392
2311825 2325939 14114
2305303 2327622 22319
2313512 2327655 14143
2305860 2330460 24600
2313268 2332935 19667
2315466 2333595 18129
2315671 2334123 18452
2310987 2334684 23697
2316661 2335641 18980
2319670 2337159 17489
2311328 2337687 26359
2323332 2338182 14850
2332408 2338743 6335
2320708 2340789 20081
2318485 2340888 22403
2319215 2340921 21706
2314022 2341119 27097
2337521 2344419 6898
2334457 2347521 13064
2333586 2347653 14067
2331657 2348181 16524
2336717 2348775 12058
2342111 2349138 7027
2330438 2351217 20779
2337949 2351910 13961
2346177 2354121 7944
2347195 2354220 7025
2330957 2355375 24418
2332497 2356101 23604
2344471 2356200 11729
2338405 2359335 20930
2353134 2360787 7653
2352984 2361612 8628
2354605 2363559 8954
2349663 2365011 15348
2357015 2366661 9646
2347512 2366694 19182
2357649 2367651 10002
2342661 2367717 25056
2345818 2368806 22988
2341189 2369961 28772
2346780 2371413 24633
2356584 2371974 15390
2356727 2372535 15808
2361541 2372667 11126
2364985 2373327 8342
2352796 2374152 21356
2355786 2375307 19521
2365249 2376396 11147
2366479 2378211 11732
2360344 2378508 18164
2351457 2378541 27084
2367941 2378739 10798
2362101 2379003 16902
2351538 2381082 29544
2351544 2382237 30693
2344563 2382468 37905
2369255 2383293 14038
2354410 2383788 29378
2368391 2385999 17608
2374134 2386923 12789
2366953 2387220 20267
2375911 2387451 11540
2370802 2388969 18167
2373077 2392137 19060
2355600 2392797 37197
2361218 2392962 31744
2380379 2393226 12847
2376934 2393457 16523
2371061 2396394 25333
2370726 2396691 25965
2376692 2397219 20527
2359668 2399100 39432
2372421 2399463 27042
2379944 2399958 20014
2357557 2400189 42632
2385086 2400255 15169
2379034 2401608 22574
2393385 2402961 9576
2393828 2403522 9694
2394288 2404116 9828
2389920 2404446 14526
2385824 2404479 18655
2381711 2407548 25837
2393461 2407647 14186
2396678 2409693 13015
2401230 2410320 9090
2397196 2410881 13685
2385442 2411640 26198
2394677 2412432 17755
2406768 2413290 6522
2406251 2414379 8128
2401541 2417085 15544
2412776 2421705 8929
2414899 2423124 8225
2398270 2423388 25118
2404538 2423388 18850
2406556 2423982 17426
2406384 2425434 19050
2419001 2425698 6697
2410268 2426127 15859
2419015 2426226 7211
2405364 2426325 20961
2412486 2426688 14202
2404502 2426886 22384
2418918 2427645 8727
2399568 2430615 31047
2418783 2433387 14604
2405184 2433486 28302
2410235 2433684 23449
2423540 2433882 10342
2411582 2436588 25006
2410427 2437116 26689
2427322 2437512 10190
2431633 2438634 7001
2432281 2439162 6881
2432712 2439723 7011
2414684 2440713 26029
2418656 2441241 22585
2435782 2442957 7175
2415775 2444442 28667
2421808 2444970 23162
2428769 2445564 16795
2418396 2446059 27663
2435389 2447412 12023
2438321 2447907 9586
2441758 2448666 6908
2418407 2449260 30853
2443094 2449755 6661
2416215 2451372 35157
2436961 2451966 15005
2446564 2452857 6293
2444342 2452923 8581
2446669 2453352 6683
2444864 2453484 8620
2442940 2456454 13514
2440498 2456784 16286
2443411 2457015 13604
2439392 2459061 19669
2430272 2460381 30109
2440033 2461041 21008
2442592 2461569 18977
2430859 2462229 31370
2448592 2462427 13835
2451148 2463714 12566
2455780 2463879 8099
2455628 2465496 9868
2441153 2466948 25795
2449438 2467674 18236
2462948 2469192 6244
2461909 2470314 8405
2455351 2472129 16778
2462306 2473515 11209
2470034 2476320 6286
2456658 2476650 19992
2470401 2476815 6414
2465864 2479917 14053
2468720 2482788 14068
2461913 2483019 21106
2465976 2485857 19881
2473193 2486550 13357
2466771 2486583 19812
2467987 2487111 19124
2478364 2489256 10892
2463296 2489817 26521
2479385 2489817 10432
2481081 2492424 11343
2486745 2495361 8616
2472919 2495526 22607
2469273 2496219 26946
2478946 2497011 18065
2489601 2498166 8565
2477584 2498727 21143
2482313 2499288 16975
2494124 2500740 6616
2493245 2502555 9310
2498889 2505525 6636
2492238 2505624 13386
2497257 2506086 8829
2500285 2508165 7880
2482744 2508231 25487
2485115 2508825 23710
2487582 2509386 21804
2490461 2510937 20476
2487705 2512620 24915
2505974 2512653 6679
2490808 2512686 21878
2504050 2513544 9494
2499608 2514864 15256
2502550 2519517 16967
2498762 2520837 22075
2508520 2521596 13076
2510444 2523543 13099
2507791 2524368 16577
2500899 2524599 23700
2514027 2524599 10572
2500552 2524797 24245
2516113 2525127 9014
2509207 2525226 16019
2506406 2527503 21097
2504663 2527800 23137
2506897 2528064 21167
2514945 2528196 13251
2510032 2528328 18296
2510724 2528757 18033
2512901 2530770 17869
2514407 2530803 16396
2513174 2531331 18157
2498260 2531463 33203
2521716 2531496 9780
2523263 2531991 8728
2522138 2532057 9919
2528007 2535621 7614
2524007 2536974 12967
2526970 2537535 10565
2508957 2537667 28710
2522875 2538030 15155
2518971 2540868 21897
2520762 2540934 20172
2521634 2541990 20356
2520646 2542782 22136
2532148 2548260 16112
2532411 2548821 16410
2534224 2548821 14597
2534813 2549349 14536
2541100 2551494 10394
2543189 2551824 8635
2520283 2552550 32267
2547313 2553969 6656
2547972 2554233 6261
2546780 2555421 8641
2528504 2555883 27379
2522921 2557137 34216
2527429 2557500 30071
2541402 2559909 18507
2548298 2560437 12139
2556936 2563539 6603
2540187 2563572 23385
2552969 2563572 10603
2544979 2566773 21794
2565460 2571723 6263
2556249 2573274 17025
2552584 2573868 21284
2561497 2574264 12767
2557409 2577102 19693
2563648 2578686 15038
2570126 2579313 9187
2571597 2581392 9795
2566556 2582679 16123
2567766 2583372 15606
2570233 2583603 13370
2579243 2585880 6637
2573493 2587200 13707
2568948 2587299 18351
2574230 2589048 14818
2580087 2591259 11172
2573714 2591754 18040
2577175 2592282 15107
2587882 2594130 6248
2585071 2594988 9917
2589725 2595978 6253
2589566 2596143 6577
2590515 2597199 6684
2586895 2600334 13439
2586080 2600697 14617
2592006 2603403 11397
2597363 2603997 6634
2594800 2606538 11738
2584660 2606934 22274
2600944 2609013 8069
2597570 2609277 11707
2597859 2609475 11616
2600736 2610762 10026
2592872 2613567 20695
2600098 2615679 15581
2593832 2616867 23035
2597450 2617362 19912
2612150 2618418 6268
2611963 2618649 6686
2614764 2621388 6624
2607983 2621751 13768
2615593 2622279 6686
2616364 2622972 6608
2614678 2624457 9779
2619073 2626536 7463
2620186 2626800 6614
2622200 2628450 6250
2613868 2629605 15737
2625119 2631387 6268
2616143 2631684 15541
2618476 2633301 14825
2627134 2633400 6266
2630083 2636700 6617
2629423 2639802 10379
2630479 2640858 10379
2637134 2645775 8641
2639022 2648118 9096
2639376 2650461 11085
2637098 2651748 14650
2637285 2652672 15387
2635883 2654487 18604
2636189 2654883 18694
2639097 2655345 16248
2649278 2657424 8146
2654367 2660691 6324
2651081 2661648 10567
2643616 2662341 18725
2646510 2662605 16095
2639850 2663661 23811
2642452 2664783 22331
2653590 2665047 11457
2658537 2665542 7005
2657278 2666268 8990
2647682 2666862 19180
2655922 2667489 11567
2662070 2668809 6739
2657536 2670459 12923
2642659 2672043 29384
2653791 2672472 18681
2657229 2673990 16761
2668876 2675145 6269
2662292 2675211 12919
2655219 2675673 20454
2664673 2676663 11990
2669399 2678280 8881
2660705 2679897 19192
2662573 2680425 17852
2668758 2682141 13383
2678693 2685111 6418
2671629 2685309 13680
2669319 2687652 18333
2684208 2690754 6546
2685086 2691414 6328
2679853 2691546 11693
2666214 2691975 25761
2676249 2693559 17310
2677952 2694615 16663
2672509 2696760 24251
2682270 2697948 15678
2691803 2698047 6244
2682811 2698509 15698
2683034 2699136 16102
2691642 2699631 7989
2674719 2700753 26034
2679120 2701875 22755
2695905 2702337 6432
2674380 2703063 28683
2676620 2703492 26872
2678300 2704449 26149
2693626 2705769 12143
2699636 2705901 6265
2694076 2706330 12254
2683349 2706759 23410
2687690 2709399 21709
2681093 2710686 29593
2696325 2712963 16638
2700473 2713491 13018
2705555 2714052 8497
2708835 2715471 6636
2683063 2717418 34355
2702294 2718111 15817
2704976 2718870 13894
2705591 2720124 14533
2705875 2721345 15470
2690782 2721576 30794
2713809 2724546 10737
2719128 2725734 6606
2713184 2726526 13342
2720787 2727417 6630
2698850 2727747 28897
2708406 2727879 19473
2709246 2728407 19161
2718096 2729133 11037
2719000 2730519 11519
2721678 2730717 9039
2717142 2732103 14961
2715602 2733126 17524
2703199 2735172 31973
2729043 2735700 6657
2722064 2737284 15220
2730634 2739264 8630
2730620 2739990 9370
2730498 2742531 12033
2739036 2747613 8577
2739012 2748108 9096
2731070 2750121 19051
2731048 2751837 20789
2736699 2751903 15204
2733282 2753322 20040
2723176 2753388 30212
2745486 2753685 8199
2744647 2754345 9698
2724588 2754477 29889
2725162 2754543 29381
2740182 2754609 14427
2738767 2755104 16337
2736325 2757414 21089
2745749 2757579 11830
2744600 2758767 14167
2737968 2760615 22647
2744456 2760648 16192
2745689 2760879 15190
2739875 2761110 21235
2741032 2761968 20936
2759435 2766258 6823
2748736 2769228 20492
2761025 2769855 8830
2761944 2771241 9297
2754621 2772990 18369
2742427 2773056 30629
2746763 2773188 26425
2743066 2775894 32828
2766429 2776059 9630
2744817 2776521 31704
2758539 2776950 18411
2771097 2778237 7140
2756616 2779887 23271
2767991 2781273 13282
2768938 2781273 12335
2769250 2781834 12584
2771256 2782362 11106
2773056 2782593 9537
2752417 2783880 31463
2760408 2784243 23835
2767405 2784771 17366
2756264 2784936 28672
2771948 2785596 13648
2780572 2787213 6641
2780958 2787708 6750
2778755 2788665 9910
2774054 2789655 15601
2748366 2790348 41982
2773028 2790678 17650
2778402 2791239 12837
2767572 2793483 25911
2759468 2793549 34081
2787462 2793714 6252
2761996 2794077 32081
2781081 2794209 13128
2784366 2796090 11724
2780900 2797311 16411
2791077 2797476 6399
2794471 2800710 6239
2780405 2801766 21361
2787558 2802030 14472
2788107 2802195 14088
2796686 2802954 6268
2788882 2803812 14930
2792977 2804901 11924
2793086 2805462 12376
2781147 2808432 27285
2802014 2808696 6682
2786425 2808894 22469
2795194 2811930 16736
2802843 2812722 9879
2799272 2813019 13747
2804820 2813679 8859
2806140 2815164 9024
2792940 2815428 22488
2806465 2815560 9095
2806380 2815692 9312
2804858 2817408 12550
2804395 2820114 15719
2799505 2821599 22094
2802576 2822160 19584
2802041 2823777 21736
2812792 2825427 12635
2815313 2826846 11533
2819597 2827374 7777
2802610 2829189 26579
2807637 2830443 22806
2798044 2831829 33785
2823548 2832126 8578
2825315 2832654 7339
2810553 2833314 22761
2811917 2834601 22684
2811596 2834931 23335
2811629 2835855 24226
2823264 2836284 13020
2830629 2839386 8757
2812444 2840739 28295
2812478 2841168 28690
2825416 2842158 16742
2813705 2842455 28750
2831801 2844864 13063
2809094 2845656 36562
2827683 2846184 18501
2838879 2847570 8691
2824552 2848164 23612
2842231 2850573 8342
2822282 2851167 28885
2828238 2853411 25173
2842035 2853774 11739
2834432 2855787 21355
2829849 2856414 26565
2836688 2860176 23488
2845652 2863047 17395
2858197 2864466 6269
2849717 2865852 16135
2841180 2866479 25299
2845293 2866974 21681
2835569 2869053 33484
2835365 2870109 34744
2847232 2870109 22877
2848182 2872386 24204
2862682 2873343 10661
2838023 2874498 36475
2863279 2875884 12605
2867656 2877138 9482
2856865 2877798 20933
2858881 2880999 22118
2860660 2882187 21527
2865467 2882682 17215
2876980 2883639 6659
2849027 2885388 36361
2871204 2885751 14547
2864746 2885916 21170
2855964 2885949 29985
2871472 2887137 15665
2872630 2887731 15101
2880917 2887995 7078
2873339 2891196 17857
2866821 2892054 25233
2865406 2892483 27077
2886252 2892582 6330
2880455 2895783 15328
2881913 2896410 14497
2887604 2896938 9334
2867627 2899347 31720
2871391 2899875 28484
2878900 2900667 21767
2879497 2901294 21797
2873075 2901822 28747
2892254 2905221 12967
2881852 2905914 24062
2888509 2906409 17900
2895046 2908257 13211
2888187 2909049 20862
2881529 2909610 28081
2892571 2910270 17699
2902462 2911821 9359
2906176 2913174 6998
2901746 2914824 13078
2894102 2916243 22141
2888397 2917794 29397
2912439 2918685 6246
2912821 2919279 6458
2897892 2920896 23004
2904763 2921556 16793
2909049 2921556 12507
2900106 2924988 24882
2916023 2925021 8998
2919290 2927133 7843
2915758 2927331 11573
2918768 2927397 8629
2912541 2929443 16902
2920763 2930037 9274
2916929 2930367 13438
2919178 2930367 11189
2922815 2930532 7717
2921521 2931423 9902
2912492 2933733 21241
2923249 2935779 12530
2924731 2936439 11708
2915236 2939376 24140
2928169 2939409 11240
2931134 2940036 8902
2924397 2941488 17091
2933666 2942577 8911
2934995 2943204 8209
2921435 2943270 21835
2926063 2943798 17735
2938451 2945052 6601
2931868 2945283 13415
2927271 2947593 20322
2924851 2947626 22775
2919893 2951025 31132
2931070 2951223 20153
2940950 2951685 10735
2940627 2952312 11685
2946360 2953500 7140
2933374 2954985 21611
2948911 2957031 8120
2932594 2957988 25394
2952229 2958846 6617
2945268 2961189 15921
2954905 2961552 6647
2945877 2962740 16863
2956969 2964687 7718
2936982 2966073 29091
2949115 2967393 18278
2951336 2968317 16981
2955650 2968812 13162
2960364 2969538 9174
2956168 2971353 15185
2945935 2972640 26705
2951024 2975841 24817
2967533 2976072 8539
2970739 2976996 6257
2969854 2977887 8033
2959636 2978547 18911
2956428 2979273 22845
2969134 2981814 12680
2955502 2983002 27500
2965170 2983035 17865
2964413 2983233 18820
2960531 2983926 23395
2971088 2984058 12970
2967645 2984355 16710
2965837 2984454 18617
2966733 2988084 21351
2980671 2990262 9591
2973273 2990295 17022
2959796 2990790 30994
2966687 2991384 24697
2969214 2993001 23787
2987264 2993529 6265
2983944 2994090 10146
2985146 2995278 10132
2975665 2995707 20042
2980187 2996268 16081
2990061 2996301 6240
2967714 2997588 29874
2987094 2998347 11253
2987259 2998941 11682
2992078 2999403 7325
2991143 3000294 9151
2976503 3002142 25639
2986767 3002505 15738
2989433 3003594 14161
2966705 3005574 38869
2999505 3006333 6828
2992829 3008115 15286
2984918 3008280 23362
2997031 3008775 11744
3001783 3010689 8906
3006425 3012669 6244
3004050 3013659 9609
2991899 3013692 21793
3001075 3014748 13673
2996671 3014913 18242
2998897 3015474 16577
3007499 3016629 9130
3000999 3017058 16059
3004572 3017982 13410
3000305 3019830 19525
3013012 3020325 7313
3015458 3021711 6253
3006226 3022536 16310
2996808 3023559 26751
3010646 3023625 12979
3006345 3023988 17643
3016735 3024120 7385
3006708 3024615 17907
3012678 3027222 14544
3010011 3027750 17739
3017410 3029796 12386
3023568 3030192 6624
3022111 3030951 8840
3006106 3032502 26396
3020766 3035109 14343
3020842 3037947 17105
3017782 3038475 20693
3025567 3041115 15548
3021072 3041313 20241
3021214 3043656 22442
3034937 3043755 8818
3035054 3044250 9196
3028788 3046725 17937
3026559 3046890 20331
3032896 3047286 14390
3027410 3047319 19909
3021352 3047880 26528
3022603 3048804 26201
3036600 3050190 13590
3035675 3050586 14911
3031656 3051180 19524
3040854 3051708 10854
3032533 3052170 19637
3045840 3052731 6891
3039003 3054249 15246
3048046 3054711 6665
3044227 3054975 10748
3047674 3055305 7631
3035678 3057615 21937
3048251 3059496 11245
3047714 3059826 12112
3052361 3060024 7663
3044825 3061509 16684
3044329 3063027 18698
3030397 3063225 32828
3031033 3063819 32786
3046108 3064446 18338
3048844 3064611 15767
3042793 3064974 22181
3047208 3065007 17799
3037978 3065733 27755
3057335 3068043 10708
3052757 3068340 15583
3062564 3069528 6964
3056855 3071574 14719
3062322 3071904 9582
3061867 3072036 10169
3040666 3072597 31931
3066953 3073950 6997
3061588 3075435 13847
3061220 3075666 14446
3056030 3076194 20164
3047551 3078570 31019
3047110 3081078 33968
3070007 3082464 12457
3072332 3082464 10132
3073295 3083025 9730
3072705 3083058 10353
3070186 3083553 13367
3076618 3085698 9080
3066158 3086754 20596
3062770 3087546 24776
3081761 3088866 7105
3075351 3089163 13812
3077729 3089460 11731
3076120 3089790 13670
3084067 3090483 6416
3080389 3094542 14153
3083225 3094839 11614
3083948 3096324 12376
3086241 3096951 10710
3081780 3097281 15501
3087236 3099129 11893
3075759 3100647 24888
3085850 3101307 15457
3077705 3101703 23998
3080607 3102198 21591
3083031 3102231 19200
3086561 3104013 17452
3097034 3104310 7276
3098471 3105168 6697
3098531 3106158 7627
3076234 3107907 31673
3101237 3108897 7660
3095551 3110052 14501
3095772 3110085 14313
3089107 3110250 21143
3103870 3110448 6578
3094191 3110811 16620
3105423 3112065 6642
3106032 3114804 8772
3099958 3115299 15341
3095120 3115827 20707
3099035 3116124 17089
3099051 3116685 17634
3102582 3117246 14664
3090776 3118005 27229
3102774 3118302 15528
3088477 3118533 30056
3098610 3119061 20451
3113985 3120744 6759
3113253 3122790 9537
3117954 3124407 6453
3113006 3124902 11896
3119279 3125892 6613
3102723 3126882 24159
3100232 3127971 27739
3108743 3128136 19393
3111830 3129027 17197
3110498 3129852 19354
3122807 3129951 7144
3100628 3130677 30049
3110377 3133119 22742
3126051 3133185 7134
3119796 3133515 13719
3129075 3136683 7608
3126517 3137376 10859
3132081 3138894 6813
3125404 3139818 14414
3132313 3140346 8033
3129772 3140610 10838
3128338 3142029 13691
3118709 3143184 24475
3132790 3143679 10889
3113068 3144174 31106
3136044 3145890 9846
3134050 3146880 12830
3141462 3147705 6243
3140102 3147969 7867
3140690 3148497 7807
3140743 3148992 8249
3134133 3149949 15816
3125383 3150873 25490
3145071 3151599 6528
3132358 3153711 21353
3139872 3154569 14697
3133403 3154668 21265
3144459 3154668 10209
3135017 3157374 22357
3133490 3157440 23950
3138995 3157869 18874
3124715 3158001 33286
3140457 3158298 17841
3151718 3161037 9319
3134460 3161070 26610
3151868 3161598 9730
3129324 3163578 34254
3135325 3164271 28946
3138388 3164799 26411
3158988 3166911 7923
3159003 3167439 8436
3161677 3169122 7445
3162351 3170112 7761
3163277 3170343 7066
3148871 3170574 21703
3150979 3171036 20057
3155585 3171564 15979
3159575 3172785 13210
3153637 3173412 19775
3158004 3174039 16035
3167421 3174468 7047
3154513 3174732 20219
3161483 3174864 13381
3155545 3175722 20177
3168186 3177273 9087
3146937 3177702 30765
3147239 3178164 30925
3170916 3180276 9360
3161050 3180870 19820
3164991 3181695 16704
3164546 3183444 18898
3165049 3183477 18428
3170352 3183873 13521
3174048 3184368 10320
3174251 3185094 10843
3160782 3186216 25434
3168964 3188196 19232
3178839 3188493 9654
3172760 3188757 15997
3171096 3188922 17826
3172732 3189450 16718
3168641 3191694 23053
3171046 3191760 20714
3163427 3191826 28399
3170883 3192486 21603
3176227 3193047 16820
3187498 3193740 6242
3174230 3194169 19939
3184606 3194466 9860
3180020 3195489 15469
3166327 3196248 29921
3155535 3197931 42396
3182466 3198030 15564
3180265 3199515 19250
3192956 3199779 6823
3193397 3199944 6547
3193171 3200274 7103
3179882 3202947 23065
3178731 3203376 24645
3179693 3203442 23749
3195708 3203904 8196
3176405 3204036 27631
3182139 3206247 24108
3190430 3206742 16312
3186774 3206775 20001
3191172 3206973 15801
3189309 3207237 17928
3190205 3209712 19507
3197484 3209943 12459
3184736 3210174 25438
3197460 3212913 15453
3197797 3215454 17657
3185206 3216246 31040
3193935 3216345 22410
3209839 3217038 7199
3207594 3218523 10929
3199982 3219546 19564
3211392 3219909 8517
3187671 3220272 32601
3198936 3220833 21897
3205003 3221229 16226
3205525 3221295 15770
3204800 3222252 17452
3198909 3222285 23376
3208763 3222681 13918
3211409 3223902 12493
3210395 3224991 14596
3200446 3226443 25997
3221574 3228159 6585
3190828 3230337 39509
3199653 3230370 30717
3209657 3230799 21142
3207193 3231294 24101
3210487 3233439 22952
3223782 3233868 10086
3206797 3234000 27203
3211898 3234099 22201
3215440 3234528 19088
3218432 3234594 16162
3229319 3236805 7486
3223316 3237234 13918
3224649 3238356 13707
3214401 3239709 25308
3232895 3239973 7078
3233677 3241953 8276
3233086 3242778 9692
3210106 3243141 33035
3213072 3245055 31983
3224103 3245154 21051
3234022 3246210 12188
3235354 3246771 11417
3238774 3247332 8558
3239853 3247827 7974
3240962 3248355 7393
3229478 3250731 21253
3241393 3251655 10262
3242776 3252216 9440
3236610 3253998 17388
3236902 3254625 17723
3235668 3254922 19254
3247344 3257529 10185
3251207 3257826 6619
3238607 3259971 21364
3225160 3260631 35471
3242515 3262347 19832
3253369 3263535 10166
3244996 3263700 18704
3248596 3263766 15170
3251248 3264327 13079
3253294 3265416 12122
3236778 3267429 30651
3253432 3268419 14987
3241094 3268617 27523
3251098 3270696 19598
3236127 3271323 35196
3237791 3271488 33697
3263564 3273402 9838
3246484 3274227 27743
3263135 3275118 11983
3258955 3276372 17417
3252724 3277461 24737
3261635 3279078 17443
3257269 3279606 22337
3268247 3280167 11920
3246573 3281421 34848
3271398 3283731 12333
3276968 3283731 6763
3274049 3284853 10804
3267068 3286503 19435
3280132 3286734 6602
3275757 3287196 11439
3277030 3288120 11090
3282463 3288780 6317
3270604 3289275 18671
3272429 3289770 17341
3275840 3292476 16636
3270574 3292509 21935
3282683 3294225 11542
3287769 3294489 6720
3278587 3295314 16727
3289319 3298779 9460
3289018 3299835 10817
3291628 3301485 9857
3287841 3301551 13710
3292381 3302046 9665
3290883 3302145 11262
3293615 3302607 8992
3295758 3305940 10182
3297061 3306534 9473
3295079 3308580 13501
3296559 3309438 12879
3301250 3310230 8980
3299265 3312309 13044
3306691 3313662 6971
3303679 3315807 12128
3300498 3318744 18246
3308511 3320658 12147
3303443 3322242 18799
3306116 3323100 16984
3298764 3325311 26547
3311806 3326466 14660
3319873 3329007 9134
3322955 3329601 6646
3320247 3331482 11235
3314849 3332241 17392
3325726 3332406 6680
3323394 3334221 10827
3318874 3334683 15809
3317046 3334947 17901
3320169 3335937 15768
3330905 3337587 6682
3322959 3339006 16047
3331164 3340689 9525
3331138 3340887 9749
3334616 3341217 6601
3323392 3342207 18815
3329887 3342834 12947
3320988 3344814 23826
3330994 3347652 16658
3336515 3348213 11698
3331262 3349236 17974
3333007 3350424 17417
3338700 3352404 13704
3333557 3353757 20200
3350138 3356760 6622
3351552 3357816 6264
3349639 3358179 8540
3351066 3360225 9159
3344120 3363426 19306
3353980 3364845 10865
3360350 3366891 6541
3358352 3369201 10849
3362738 3369432 6694
3359704 3370587 10883
3359241 3371874 12633
3357962 3372633 14671
3366924 3374844 7920
3358978 3377022 18044
3365191 3378111 12920
3365483 3379200 13717
3362435 3379266 16831
3368394 3380157 11763
3368038 3381972 13934
3370172 3384117 13945
3365502 3384480 18978
3373705 3384942 11237
3370087 3386097 16010
3377931 3388374 10443
3365154 3389166 24012
3382964 3389991 7027
3383494 3392136 8642
3376816 3392202 15386
3384957 3392631 7674
3377761 3392730 14969
3381230 3392994 11764
3379763 3395337 15574
3385054 3395370 10316
3372566 3395436 22870
3378788 3398538 19750
3382932 3401145 18213
3387361 3401244 13883
3394738 3401739 7001
3397670 3404775 7105
3398049 3405303 7254
3386540 3405402 18862
3400619 3408537 7918
3388704 3408702 19998
3391897 3409131 17234
3402881 3409131 6250
3395774 3411672 15898
3398540 3412233 13693
3396073 3412266 16193
3394902 3412332 17430
3407637 3414708 7071
3398806 3415467 16661
3396760 3415698 18938
3391093 3417909 26816
3406168 3417909 11741
3396364 3418437 22073
3392178 3418668 26490
3404787 3421374 16587
3410036 3421902 11866
3412473 3424575 12102
3418284 3424905 6621
3421291 3427908 6617
3422407 3428667 6260
3424155 3430779 6624
3424781 3431043 6262
3418849 3431406 12557
3415318 3431703 16385
3423745 3432000 8255
3410064 3433353 23289
3418535 3435465 16930
3428854 3435531 6677
3425862 3437643 11781
3416111 3437841 21730
3429919 3438039 8120
3410832 3438963 28131
3412347 3438963 26616
3431459 3439029 7570
3432057 3439557 7500
3434037 3440943 6906
3430516 3441570 11054
3429427 3442494 13067
3430860 3443352 12492
3420354 3444639 24285
3438176 3444969 6793
3432399 3445200 12801
3434617 3446091 11474
3432438 3447873 15435
3437626 3448071 10445
3441320 3450612 9292
3416159 3451503 35344
3437490 3454209 16719
3443569 3454572 11003
3434889 3457641 22752
3436185 3457641 21456
3438497 3457872 19375
3432705 3458169 25464
3439280 3460512 21232
3434379 3460578 26199
3440947 3461271 20324
3444140 3461436 17296
3440008 3461601 21593
3442744 3461733 18989
3436476 3462195 25719
3443838 3462294 18456
3450170 3465297 15127
3442365 3465726 23361
3454501 3465858 11357
3458549 3467541 8992
3461155 3468432 7277
3462610 3470544 7934
3457417 3471798 14381
3463095 3471864 8769
3461245 3474570 13325
3465380 3474636 9256
3463783 3474834 11051
3461791 3475164 13373
3467186 3475164 7978
3467022 3475395 8373
3467074 3475923 8849
3467403 3478332 10929
3462077 3478398 16321
3462403 3478926 16523
3469874 3479256 9382
3456837 3479553 22716
3471401 3479817 8416
3463002 3481533 18531
3464117 3482160 18043
3460150 3482688 22538
3464411 3482820 18409
3465330 3483051 17721
3476166 3485163 8997
3460209 3485757 25548
3473141 3486087 12946
3476756 3486648 9892
3463865 3486780 22915
3479139 3487209 8070
3460967 3488430 27463
3483455 3490047 6592
3483450 3490575 7125
3478234 3493017 14783
3486535 3493611 7076
3474902 3494073 19171
3480131 3496218 16087
3471911 3496812 24901
3473039 3497274 24235
3491395 3497802 6407
3477515 3498594 21079
3491319 3504765 13446
3487416 3506976 19560
3489393 3508659 19266
3489583 3509913 20330
3491698 3510441 18743
3489467 3511365 21898
3504279 3511827 7548
3488846 3513345 24499
3499744 3517437 17693
3500042 3518163 18121
3495092 3519153 24061
3497784 3520737 22953
3495634 3521265 25631
3502797 3521397 18600
3503206 3521859 18653
3502394 3522090 19696
3504451 3523971 19520
3490488 3524136 33648
3494310 3524697 30387
3499431 3525258 25827
3520193 3526446 6253
3504469 3526842 22373
3511397 3527667 16270
3513197 3528030 14833
3516269 3528195 11926
3509004 3528987 19983
3502867 3531363 28496
3508427 3531495 23068
3510642 3532023 21381
3512710 3532287 19577
3513379 3533541 20162
3521522 3534003 12481
3521894 3534564 12670
3525910 3535125 9215
3517460 3535224 17764
3504470 3535488 31018
3500208 3537468 37260
3521768 3537930 16162
3520827 3539448 18621
3521594 3541131 19537
3527267 3541824 14557
3514737 3543078 28341
3524385 3543573 19188
3535957 3546675 10718
3536617 3548160 11543
3535372 3548490 13118
3529645 3549183 19538
3515701 3549678 33977
3536620 3551229 14609
3529130 3551790 22660
3528105 3552252 24147
3535618 3552417 16799
3528685 3554991 26306
3547815 3555156 7341
3532704 3555486 22782
3547844 3555651 7807
3524712 3555717 31005
3535637 3558192 22555
3541225 3558192 16967
3543741 3558720 14979
3541119 3559776 18657
3549192 3561921 12729
3530447 3562482 32035
3534602 3562845 28243
3547619 3564330 16711
3557295 3564891 7596
3549336 3566112 16776
3527437 3567696 40259
3536891 3568257 31366
3546138 3568389 22251
3550011 3569214 19203
3553661 3571095 17434
3555083 3571095 16012
3546723 3571491 24768
3548473 3571788 23315
3562467 3572283 9816
3566759 3573075 6316
3558218 3575220 17002
3566164 3575781 9617
3565964 3576144 10180
3559545 3576177 16632
3561225 3579576 18351
3550487 3580038 29551
3570433 3581655 11222
3569679 3582183 12504
3572814 3582183 9369
3569246 3582744 13498
3575866 3586341 10475
3565224 3587529 22305
3566805 3589080 22275
3556505 3589542 33037
3565991 3589806 23815
3569876 3590532 20656
3578468 3591852 13384
3560323 3593040 32717
3584172 3594063 9891
3585614 3595218 9604
3568166 3597132 28966
3579396 3597660 18264
3574383 3598452 24069
3573167 3599013 25846
3575221 3599145 23924
3578221 3600168 21947
3577675 3600366 22691
3587085 3601158 14073
3595177 3602346 7169
3593098 3603897 10799
3569908 3605415 35507
3581663 3606108 24445
3582005 3607659 25654
3584974 3608220 23246
3565382 3608847 43465
3590895 3609210 18315
3595683 3609474 13791
3592625 3609804 17179
3571533 3609870 38337
3595303 3610431 15128
3595600 3610926 15326
3581811 3611685 29874
3589697 3612510 22813
3589799 3614820 25021
3589164 3617097 27933
