4848 11088 6240
6963 13200 6237
7144 13728 6584
5086 14190 9104
8304 15180 6876
667 15873 15206
9019 16137 7118
3064 17820 14756
3930 17919 13989
8743 20526 11783
17069 23694 6625
12222 24486 12264
14324 24717 10393
21307 32241 10934
13040 33792 20752
27727 34353 6626
29217 35475 6258
30894 37752 6858
31323 38346 7023
23855 38973 15118
34417 40656 6239
32219 41217 8998
32192 41679 9487
32805 41745 8940
21573 43032 21459
35504 45375 9871
37174 46266 9092
37234 46794 9560
40333 46959 6626
37486 47355 9869
30288 48048 17760
36809 50424 13615
29027 51447 22420
29276 52041 22765
47669 53922 6253
36255 54318 18063
41322 56331 15009
46306 57981 11675
50187 58938 8751
50150 58971 8821
52382 59433 7051
51851 60951 9100
48298 62667 14369
48713 64152 15439
48363 64746 16383
56770 67485 10715
58797 68046 9249
60359 72006 11647
50594 73128 22534
59842 75306 15464
50408 75801 25393
63343 75834 12491
65520 76197 10677
59748 76527 16779
65298 76692 11394
69518 79068 9550
57649 79101 21452
63137 80091 16954
62632 80421 17789
59034 83622 24588
59352 83688 24336
69042 85833 16791
69284 86394 17110
69374 87087 17713
74269 87549 13280
65702 89034 23332
74609 89364 14755
72287 89562 17275
75260 90519 15259
75002 90651 15649
84486 90750 6264
73940 91410 17470
86860 93555 6695
84964 96789 11825
73671 98109 24438
88457 99792 11335
74817 99990 25173
81023 100122 19099
92626 100320 7694
89035 100848 11813
82127 100980 18853
78913 101541 22628
87317 103191 15874
85904 103818 17914
70689 104775 34086
74607 104841 30234
95637 105435 9798
73011 106128 33117
83799 107646 23847
95730 108834 13104
102013 109329 7316
99486 110352 10866
99377 110550 11173
97309 112398 15089
99168 112959 13791
88614 113322 24708
92918 113883 20965
77336 114345 37009
90536 114972 24436
92945 115863 22918
97870 116094 18224
81620 116160 34540
92833 116622 23789
108481 118767 10286
103435 119229 15794
107234 119922 12688
112661 120417 7756
94641 120813 26172
102113 121440 19327
113514 121638 8124
90586 122958 32372
114269 127149 12880
104195 127578 23383
116900 129426 12526
121935 129558 7623
122467 129591 7124
117446 129888 12442
101641 132660 31019
114659 132825 18166
121313 134541 13228
111431 135597 24166
106085 136026 29941
123713 136554 12841
121534 136752 15218
131232 137610 6378
101775 137742 35967
132956 139260 6304
118520 140448 21928
120353 142428 22075
131067 142923 11856
125957 143055 17098
133910 144540 10630
137676 146652 8976
137426 147246 9820
143288 150381 7093
139894 152394 12500
143740 152922 9182
145684 153450 7766
134354 153813 19459
119044 154110 35066
128298 156288 27990
138164 156684 18520
144193 157377 13184
139668 158994 19326
126833 159027 32194
135646 159522 23876
150728 161370 10642
145560 161700 16140
149574 162261 12687
154587 162690 8103
154430 164406 9976
142421 164439 22018
148751 166386 17635
153098 166914 13816
155876 167442 11566
146674 167805 21131
144936 168267 23331
149637 168828 19191
141499 171534 30035
137230 172095 34865
148228 172887 24659
156699 173415 16716
164766 173481 8715
151648 176154 24506
155304 176517 21213
167662 176649 8987
156065 176814 20749
148442 177177 28735
169426 177177 7751
159384 177375 17991
157997 177738 19741
157331 180378 23047
156168 180411 24243
161729 180444 18715
163537 180444 16907
169456 181005 11549
166385 182457 16072
158211 183480 25269
152190 184635 32445
178230 186417 8187
166447 187836 21389
156047 189387 33340
175204 192588 17384
177994 192588 14594
180583 193149 12566
180802 193743 12941
185134 195294 10160
182362 195690 13328
184208 195855 11647
157045 197604 40559
192395 199683 7288
194088 200706 6618
194414 201234 6820
184376 201828 17452
185223 202785 17562
195248 204435 9187
180205 205029 24824
183071 205557 22486
190404 205854 15450
196750 206382 9632
186092 207636 21544
195585 209220 13635
190566 211959 21393
188756 212619 23863
202865 214302 11437
204397 214302 9905
196929 215622 18693
200463 217569 17106
186332 218394 32062
202867 219054 16187
211606 220671 9065
198090 220770 22680
189636 221760 32124
209781 222024 12243
198524 223971 25447
213641 224334 10693
205698 226677 20979
206047 227535 21488
207248 227700 20452
215413 228360 12947
215070 229383 14313
199079 230736 31657
209470 230868 21398
200972 231429 30457
210383 232584 22201
204768 234135 29367
217245 234234 16989
217998 237699 19701
216739 238260 21521
219619 238293 18674
220990 238524 17534
220441 239382 18941
232025 245025 13000
206469 245223 38754
220272 245685 25413
226779 245784 19005
232624 248523 15899
223093 250503 27410
225875 251130 25255
236358 251493 15135
239582 251625 12043
225888 251790 25902
238249 252021 13772
242095 253077 10982
245091 253638 8547
244923 254331 9408
245766 254760 8994
239577 256740 17163
247307 257301 9994
217016 257829 40813
235954 258390 22436
233233 259941 26708
234478 259974 25496
233018 260502 27484
248790 263472 14682
252934 263571 10637
249898 264495 14597
243209 265782 22573
255442 265980 10538
250740 266673 15933
252737 267201 14464
253755 267729 13974
258212 268257 10045
257754 268884 11130
262857 271062 8205
262609 274065 11456
248891 274098 25207
254661 274626 19965
255107 275220 20113
261380 275748 14368
248647 277662 29015
256337 280500 24163
258525 280830 22305
250002 283206 33204
266097 283767 17670
277437 285186 7749
263919 286968 23049
255000 287001 32001
257498 288090 30592
262024 288321 26297
265160 290895 25735
272304 291555 19251
281991 291720 9729
264897 292083 27186
275487 294690 19203
270061 295284 25223
270212 295449 25237
262844 295845 33001
278549 296505 17956
274879 297528 22649
280260 298023 17763
276210 298320 22110
287031 298551 11520
279084 298782 19698
278140 299277 21137
289591 300762 11171
282256 301851 19595
269898 302016 32118
285851 303732 17881
275412 304557 29145
279885 306999 27114
300823 307065 6242
297104 310596 13492
295658 310860 15202
296760 313797 17037
294728 314325 19597
288853 314721 25868
291122 315216 24094
307234 317163 9929
295784 317922 22138
298498 321552 23054
290424 321651 31227
308541 322080 13539
316410 323037 6627
300748 325116 24368
305860 325776 19916
309840 326601 16761
302875 329637 26762
322820 329934 7114
324397 331386 6989
319470 331584 12114
301380 332739 31359
312504 333168 20664
322264 334422 12158
319611 335445 15834
304093 336402 32309
315072 338316 23244
309757 338844 29087
327596 339108 11512
332809 340923 8114
331575 341946 10371
332596 342540 9944
330577 343167 12590
316062 344322 28260
325812 346236 20424
329390 346797 17407
330147 347028 16881
323307 347523 24216
338416 347523 9107
336148 347853 11705
338657 348381 9724
340073 348678 8605
332399 350229 17830
337877 351450 13573
329566 354387 24821
347595 354519 6924
339185 354651 15466
348166 355047 6881
323690 355278 31588
347056 355674 8618
327845 357588 29743
332319 358479 26160
352940 359634 6694
346900 360657 13757
341842 361218 19376
347978 361218 13240
344367 362274 17907
354728 362274 7546
348783 362802 14019
357356 363924 6568
341679 364980 23301
355585 365343 9758
343719 365508 21789
345611 366597 20986
357653 367587 9934
339134 368016 28882
361774 368181 6407
349367 370788 21421
345488 371217 25729
366281 372801 6520
364725 374484 9759
354393 374781 20388
358563 375276 16713
340817 376002 35185
357799 376002 18203
364348 378048 13700
367100 379830 12730
364895 380226 15331
364876 382074 17198
373630 382272 8642
365740 382602 16862
374679 382833 8154
375644 383361 7717
360679 386364 25685
373932 387453 13521
363287 387585 24298
379909 388443 8534
366440 390852 24412
353301 390918 37617
367370 392139 24769
379753 392700 12947
361762 394251 32489
379553 395538 15985
387714 396066 8352
384586 398871 14285
371927 399267 27340
366125 400059 33934
376229 400158 23929
382467 400257 17790
380307 400587 20280
384599 401808 17209
385000 402468 17468
391427 402897 11470
394751 403491 8740
382776 405042 22266
401689 408804 7115
399270 410025 10755
390741 411312 20571
405131 411642 6511
401357 413292 11935
393109 414183 21074
376540 415206 38666
394623 418011 23388
390865 418407 27542
411554 418539 6985
398625 418572 19947
393651 419100 25449
411592 421575 9983
410098 421806 11708
391544 422961 31417
400304 423819 23515
401456 424776 23320
417381 425073 7692
414818 427515 12697
422717 429033 6316
406811 431409 24598
405029 431442 26413
411135 431970 20835
415514 432135 16621
406906 432432 25526
426368 434115 7747
428751 435006 6255
405585 435336 29751
416486 435699 19213
419372 436293 16921
420462 436854 16392
407365 437052 29687
416308 439593 23285
432791 440517 7726
429740 441507 11767
429770 441639 11869
426144 444081 17937
417534 444708 27174
422057 447414 25357
438651 448206 9555
425635 449031 23396
425921 449691 23770
427146 450054 22908
436842 451506 14664
433722 451737 18015
437118 452793 15675
429788 453915 24127
435145 454113 18968
428167 454608 26441
439724 454674 14950
438290 455136 16846
432915 458337 25422
438392 458502 20110
443392 458898 15506
447988 460053 12065
451129 460614 9485
444970 461076 16106
447951 463320 15369
439902 463683 23781
440152 466389 26237
460998 467247 6249
453857 468996 15139
450164 469458 19294
451033 469953 18920
441138 469986 28848
451754 471834 20080
453790 472098 18308
457597 472395 14798
461747 472692 10945
458349 472956 14607
442832 473187 30355
440607 473220 32613
450948 473814 22866
454784 474870 20086
461173 477576 16403
462821 478104 15283
466327 481734 15407
461722 482229 20507
464275 482394 18119
469460 482724 13264
465979 485232 19253
459636 485562 25926
470230 486552 16322
460764 488334 27570
474208 488994 14786
476068 488994 12926
472996 489291 16295
465279 489555 24276
474082 489819 15737
470157 490083 19926
464569 492195 27626
466846 492756 25910
477330 492888 15558
470965 493317 22352
485835 493416 7581
488573 494769 6196
482588 494835 12247
485157 497673 12516
487848 498069 10221
493622 500313 6691
475511 501270 25759
485937 501831 15894
483140 503448 20308
483160 504108 20948
491664 504570 12906
487963 506715 18752
494503 506814 12311
496488 509751 13263
480844 510939 30095
504154 512820 8666
503663 513909 10246
490037 514701 24664
482213 515262 33049
491154 515922 24768
500479 515988 15509
495822 516384 20562
500387 519651 19264
496258 523281 27023
512970 523545 10575
502343 525195 22852
514375 525921 11546
504053 528396 24343
511647 528990 17343
507781 529650 21869
508393 530112 21719
521574 532257 10683
493042 532884 39842
504865 532983 28118
506462 533313 26851
518601 535326 16725
523981 535887 11906
529223 535920 6697
523814 536217 12403
529411 536745 7334
515668 539088 23420
527982 539220 11238
507221 540045 32824
530945 540342 9397
520925 541662 20737
530680 541794 11114
531709 542355 10646
533144 545424 12280
521226 545655 24429
525458 546711 21253
540871 547140 6269
524263 547800 23537
534750 549978 15228
528450 552123 23673
546418 553047 6629
547010 553278 6268
524613 553740 29127
536477 555390 18913
549493 555753 6260
549712 556248 6536
549582 557403 7821
544820 558261 13441
545437 558855 13418
552171 558855 6684
535733 559251 23518
551283 561924 10641
533077 562056 28979
536942 564597 27655
554591 564762 10171
553672 564894 11222
541075 567930 26855
558964 568656 9692
557677 568920 11243
555862 570735 14873
563469 572649 9180
558614 572814 14200
564464 573309 8845
560679 573870 13191
566989 575157 8168
553777 576312 22535
556982 576510 19528
566301 577302 11001
564467 578457 13990
557065 580503 23438
558875 583209 24334
567964 583341 15377
561694 583737 22043
565956 584760 18804
572610 586872 14262
572115 586905 14790
577511 586905 9394
574892 588027 13135
581475 590469 8994
572910 591426 18516
574458 591987 17529
582024 593340 11316
577695 593571 15876
587632 595485 7853
587907 596046 8139
571719 596772 25053
571104 596838 25734
591756 598488 6732
586525 599115 12590
594767 601392 6625
584646 601557 16911
581573 603009 21436
580196 603471 23275
596495 603735 7240
589206 606639 17433
573760 606672 32912
576566 606936 30370
579096 607365 28269
590143 607893 17750
594468 608520 14052
594978 609873 14895
588420 611853 23433
587216 612876 25660
599140 612876 13736
590435 613503 23068
585557 615846 30289
605596 616110 10514
592655 616704 24049
601604 619179 17575
599972 621126 21154
609373 623172 13799
608501 624030 15529
600295 626439 26144
620548 627165 6617
622775 629739 6964
620706 630102 9396
622626 630630 8004
616821 633171 16350
605540 634425 28885
626347 634722 8375
605865 634953 29088
606482 635415 28933
618738 636141 17403
622566 637164 14598
623132 637956 14824
623440 639276 15836
633121 639705 6584
613791 640662 26871
622481 642312 19831
636498 642741 6243
626021 642906 16885
628973 645612 16639
623709 646998 23289
637698 647394 9696
635108 648219 13111
624027 649869 25842
629097 650430 21333
641761 653433 11672
647264 654291 7027
636810 655116 18306
643286 656832 13546
644673 657492 12819
647927 658812 10885
649611 660198 10587
652289 660825 8536
645601 662013 16412
648698 663894 15196
648732 664488 15756
655915 665016 9101
662704 668943 6239
657257 670362 13105
665599 671913 6314
652283 672111 19828
653506 673563 20057
655396 673596 18200
655719 674190 18471
662415 680163 17748
668926 683364 14438
669981 683991 14010
673837 684156 10319
667373 684288 16915
674145 687225 13080
670382 687258 16876
669039 687489 18450
672159 689964 17805
678689 691350 12661
685891 692538 6647
683015 694881 11866
672116 695739 23623
666080 696168 30088
680890 696927 16037
688233 697158 8925
673864 700128 26264
683151 700689 17538
686145 700920 14775
686947 701217 14270
676346 701547 25201
680386 701580 21194
693357 703626 10269
684731 704253 19522
686661 704781 18120
697893 707124 9231
679727 707586 27859
687225 708147 20922
671548 708675 37127
675155 709335 34180
688490 710325 21835
669996 710754 40758
693135 711018 17883
684574 711282 26708
694306 712140 17834
689217 712536 23319
693846 713097 19251
692439 714483 22044
702058 715836 13778
705663 716364 10701
703219 717189 13970
713458 720192 6734
702384 720225 17841
701304 723426 22122
702666 723789 21123
688654 723921 35267
703908 723954 20046
691102 724350 33248
711167 725010 13843
717745 726858 9113
707793 728178 20385
694491 728211 33720
700493 729927 29434
717458 730026 12568
711496 730587 19091
716303 730884 14581
717741 731082 13341
718285 731412 13127
710018 733029 23011
720880 734316 13436
717086 735405 18319
721735 736461 14726
722006 738639 16633
715669 739893 24224
722213 740850 18637
720469 742962 22493
730696 744150 13454
732982 746229 13247
726645 746724 20079
719393 747648 28255
720983 748110 27127
731810 748341 16531
725456 748671 23215
733129 749298 16169
739704 750585 10881
729647 751872 22225
726144 752070 25926
721370 752631 31261
742205 754248 12043
743781 754578 10797
731472 755106 23634
746021 755337 9316
747617 755634 8017
730107 757449 27342
744548 758307 13759
740715 758703 17988
749458 758835 9377
731502 762069 30567
731129 763620 32491
735067 764148 29081
745620 764940 19320
739240 765270 26030
753417 766788 13371
748489 767283 18794
731469 767910 36441
751795 768471 16676
741677 769791 28114
764084 770352 6268
746758 770517 23759
738216 772035 33819
747135 773454 26319
744864 773817 28953
747799 774378 26579
749263 776952 27689
770987 777678 6691
761629 783288 21659
760238 784179 23941
771165 784608 13443
763584 785994 22410
779379 786357 6978
773332 789525 16193
762065 792231 30166
768733 792726 23993
784796 795993 11197
790091 797016 6925
786295 797247 10952
786610 797643 11033
790179 800052 9873
789778 800118 10340
793628 800316 6688
786554 800349 13795
794159 802989 8830
798414 805431 7017
784044 805497 21453
789513 806025 16512
790502 807543 17041
787840 810249 22409
794079 810777 16698
798775 811107 12332
792677 811635 18958
795411 816123 20712
805501 817146 11645
802616 817410 14794
808193 822822 14629
815988 824967 8979
805617 825396 19779
815165 826551 11386
821107 827772 6665
807965 828201 20236
819123 828300 9177
812114 829752 17638
815109 831930 16821
816642 832458 15816
821497 832986 11489
822612 833547 10935
828166 834471 6305
814664 837672 23008
825558 838827 13269
828250 839982 11732
818147 840378 22231
820142 840741 20599
820268 841269 21001
821755 841797 20042
816559 841929 25370
819377 842523 23146
836370 844107 7737
834682 844866 10184
832287 844932 12645
833079 845229 12150
837395 845856 8461
837850 846384 8534
835339 847110 11771
842451 848760 6309
821895 848793 26898
830329 849453 19124
822534 849816 27282
821876 849915 28039
840710 850542 9832
823903 850872 26969
843846 851664 7818
822508 853347 30839
837871 854865 16994
844919 855690 10771
838085 858924 20839
841900 858990 17090
848962 860640 11678
846603 861663 15060
834021 862224 28203
842471 862653 20182
856446 865458 9012
849817 865755 15938
851700 866448 14748
851346 866514 15168
861069 868395 7326
857202 868527 11325
840836 869220 28384
832994 870408 37414
863239 871563 8324
854183 871629 17446
861778 871959 10181
864180 872454 8274
862330 873609 11279
866334 875457 9123
854747 875655 20908
849675 877140 27465
870276 882915 12639
871776 883443 11667
858540 885027 26487
861277 885060 23783
865217 885060 19843
872492 887172 14680
867210 887865 20655
860243 888459 28216
863292 890340 27048
865484 890802 25318
882378 891198 8820
869508 891528 22020
866435 891660 25225
884033 891726 7693
883368 894366 10998
874810 894927 20117
883970 894927 10957
876259 895191 18932
869109 895785 26676
867612 896247 28635
874558 896907 22349
887759 897996 10237
890573 898524 7951
880028 898656 18628
891021 899349 8328
890376 902319 11943
890959 902781 11822
876730 903144 26414
893955 905454 11499
898437 908523 10086
884412 909546 25134
893139 910635 17496
903644 910833 7189
890785 911757 20972
880524 912252 31728
899512 912846 13334
903024 913275 10251
906634 913803 7169
899346 915255 15909
894076 916080 22004
907560 917994 10434
905780 918060 12280
912148 919182 7034
891104 919512 28408
901174 919578 18404
908430 920964 12534
914081 921855 7774
912928 923967 11039
915682 924495 8813
904764 926442 21678
913622 926739 13117
918484 926904 8420
916752 927267 10515
922384 929049 6665
922463 929082 6619
906933 929874 22941
907113 932580 25467
907449 933702 26253
901714 934230 32516
927089 935253 8164
925199 937332 12133
929513 939774 10261
926148 939972 13824
933994 940632 6638
925874 942315 16441
915824 942579 26755
920328 943668 23340
923558 943767 20209
929689 944163 14474
936303 944922 8619
935213 946869 11656
933187 948024 14837
928103 950532 22429
935269 950994 15725
933049 951225 18176
935757 951489 15732
949202 956208 7006
939212 957891 18679
946891 959178 12287
948399 960597 12198
951670 960762 9092
945016 961389 16373
941002 963996 22994
951562 964656 13094
948805 964755 15950
956024 966603 10579
947725 971124 23399
957610 972609 14999
962511 973203 10692
949126 974886 25760
957975 974886 16911
960339 975315 14976
957941 975414 17473
969427 975678 6251
958258 975942 17684
969429 976173 6744
958648 976503 17855
965614 979209 13595
961660 981618 19958
970864 982773 11909
954039 983433 29394
974246 983433 9187
960558 983895 23337
974375 984027 9652
962612 984390 21778
976211 984621 8410
967954 986700 18746
973637 987129 13492
975451 987657 12206
959155 987855 28700
971397 988944 17547
949714 989901 40187
963408 990429 27021
967391 992310 24919
974429 992871 18442
981418 994092 12674
988787 995478 6691
977714 996534 18820
983487 998712 15225
986244 999306 13062
973649 1000923 27274
975713 1002111 26398
966352 1002573 36221
973873 1002771 28898
980690 1003332 22642
980690 1003629 22939
986551 1003827 17276
989352 1005510 16158
974907 1006038 31131
980214 1006533 26319
994491 1006731 12240
977071 1008876 31805
980747 1009272 28525
995143 1010130 14987
1005414 1011747 6333
998198 1015476 17278
1003193 1016037 12844
1005627 1020855 15228
1007594 1022934 15340
1011164 1023429 12265
1014085 1025442 11357
1018572 1026135 7563
1020111 1026729 6618
1017068 1027455 10387
1013803 1029765 15962
1019044 1033230 14186
1004392 1033362 28970
1008893 1033989 25096
1019995 1038411 18416
1013718 1038543 24825
1026543 1039764 13221
1031152 1040622 9470
1032560 1040787 8227
1025101 1042965 17864
1028163 1043394 15231
1034230 1043757 9527
1028555 1043988 15433
1012716 1046595 33879
1021929 1047156 25227
1030109 1047882 17773
1035254 1048740 13486
1030563 1049895 19332
1028783 1050588 21805
1037386 1050819 13433
1044341 1052106 7765
1043177 1053525 10348
1028174 1055769 27595
1031913 1056891 24978
1037388 1058475 21087
1031649 1059102 27453
1044663 1060620 15957
1041558 1062600 21042
1045403 1063953 18550
1049964 1065207 15243
1053875 1066164 12289
1048221 1067649 19428
1039925 1067847 27922
1043827 1069266 25439
1058269 1070157 11888
1059697 1071675 11978
1054755 1073193 18438
1061168 1074744 13576
1058573 1074843 16270
1055852 1075041 19189
1055905 1075239 19334
1063964 1075305 11341
1065566 1077153 11587
1070436 1077252 6816
1055756 1082169 26413
1056755 1082598 25843
1071143 1085964 14821
1073331 1086129 12798
1076272 1087812 11540
1076767 1088670 11903
1082430 1088670 6240
1067734 1090518 22784
1076549 1095006 18457
1076141 1095534 19393
1086017 1095567 9550
1087564 1096161 8597
1081565 1097712 16147
1076093 1098207 22114
1091330 1100715 9385
1093995 1100979 6984
1087289 1101441 14152
1094135 1101969 7834
1091084 1103058 11974
1079016 1106193 27177
1083665 1106193 22528
1094556 1106589 12033
1085440 1106754 21314
1093709 1109394 15685
1102904 1109526 6622
1084906 1109922 25016
1101386 1113156 11770
1103479 1115763 12284
1109352 1115928 6576
1103214 1116687 13473
1111540 1118634 7094
1109299 1119987 10688
1104242 1121340 17098
1114367 1121967 7600
1113569 1122660 9091
1104109 1123650 19541
1113489 1124310 10821
1107425 1125168 17743
1115165 1127181 12016
1112257 1128072 15815
1109215 1128468 19253
1113033 1128930 15897
1123343 1130514 7171
1116566 1132923 16357
1126889 1136190 9301
1113878 1136289 22411
1117179 1136487 19308
1118525 1137048 18523
1121074 1137609 16535
1124263 1139061 14798
1125898 1143318 17420
1130281 1143384 13103
1130294 1143945 13651
1130933 1144242 13309
1126659 1144308 17649
1115363 1146519 31156
1119066 1147080 28014
1140957 1147641 6684
1132311 1149984 17673
1145800 1152624 6824
1141000 1152723 11723
1129657 1153152 23495
1139618 1154307 14689
1132221 1155825 23604
1146668 1156419 9751
1131621 1159554 27933
1140624 1160148 19524
1143141 1161963 18822
1146731 1162458 15727
1151717 1162689 10972
1140362 1164801 24439
1155269 1165659 10390
1159476 1165725 6249
1157100 1167903 10803
1151536 1168431 16895
1162965 1169223 6258
1145762 1171137 25375
1152573 1172754 20181
1160463 1173249 12786
1163702 1174239 10537
1149859 1175724 25865
1167472 1176945 9473
1159314 1180080 20766
1170080 1180641 10561
1172692 1183314 10622
1161246 1183347 22101
1172022 1183512 11490
1161644 1186185 24541
1163320 1188231 24911
1172742 1189386 16644
1173333 1189749 16416
1178906 1192092 13186
1175084 1193511 18427
1185423 1196217 10794
1185566 1196778 11212
1185214 1197372 12158
1186244 1197372 11128
1179936 1197834 17898
1169712 1197900 28188
1192462 1199088 6626
1188956 1200573 11617
1182832 1201002 18170
1180515 1201464 20949
1181647 1201497 19850
1184523 1201992 17469
1164119 1204236 40117
1183703 1205292 21589
1176410 1205391 28981
1187651 1206381 18730
1177225 1210275 33050
1197378 1210737 13359
1198477 1211265 12788
1202930 1211760 8830
1187218 1213476 26258
1201934 1213575 11641
1188013 1214004 25991
1188998 1214598 25600
1205144 1214730 9586
1204752 1214928 10176
1204920 1215489 10569
1189824 1216314 26490
1191356 1217403 26047
1199766 1217436 17670
1194636 1217502 22866
1205084 1218096 13012
1187558 1219119 31561
1199319 1219680 20361
1210771 1220241 9470
1214193 1220835 6642
1209916 1221000 11084
1196492 1222386 25894
1215882 1222848 6966
1197279 1223409 26130
1199850 1223475 23625
1196779 1226049 29270
1199518 1226181 26663
1219811 1226478 6667
1208213 1227831 19618
1219644 1228722 9078
1196308 1229415 33107
1222451 1231626 9175
1217256 1231824 14568
1223789 1232781 8992
1225683 1233276 7593
1206920 1235223 28303
1208755 1236147 27392
1220786 1236378 15592
1223769 1236774 13005
1208657 1238226 29569
1204604 1238424 33820
1222751 1239546 16795
1217793 1240041 22248
1208009 1240140 32131
1210060 1240635 30575
1220731 1240635 19904
1225264 1240833 15569
1225217 1241130 15913
1232056 1241757 9701
1230633 1241955 11322
1231075 1242549 11474
1231171 1244331 13160
1231838 1244859 13021
1232093 1245519 13426
1219633 1245783 26150
1234521 1245981 11460
1234360 1246047 11687
1215373 1246212 30839
1236117 1246377 10260
1225806 1249281 23475
1228995 1249413 20418
1220076 1249743 29667
1230830 1250370 19540
1231593 1250799 19206
1232137 1251294 19157
1239976 1252119 12143
1230000 1253010 23010
1214801 1254033 39232
1221587 1254561 32974
1232603 1255122 22519
1240194 1256706 16512
1231105 1258422 27317
1244910 1259775 14865
1233664 1261128 27464
1236888 1261656 24768
1236404 1262250 25846
1238752 1262976 24224
1236456 1265682 29226
1241750 1266606 24856
1240191 1266771 26580
1249940 1268388 18448
1254304 1271589 17285
1261959 1272183 10224
1264363 1272876 8513
1254261 1273536 19275
1266113 1274064 7951
1243612 1274790 31178
1264101 1275945 11844
1264894 1276539 11645
1247185 1277265 30080
1264899 1277496 12597
1234393 1279971 45578
1257015 1280268 23253
1259525 1280829 21304
1256821 1280994 24173
1275892 1282314 6422
1254377 1283799 29422
1270273 1284261 13988
1252892 1284327 31435
1273977 1284921 10944
1273408 1287924 14516
1280408 1288419 8011
1281112 1288419 7307
1281326 1289145 7819
1278578 1290498 11920
1275204 1290630 15426
1279923 1291191 11268
1268840 1291488 22648
1280570 1291752 11182
1255018 1292676 37658
1265249 1294194 28945
1279786 1295349 15563
1280499 1295877 15378
1281506 1296471 14965
1285103 1296999 11896
1282234 1298418 16184
1281114 1299969 18855
1265312 1300200 34888
1275027 1301355 26328
1271509 1302312 30803
1289875 1304094 14219
1285585 1304985 19400
1278493 1305018 26525
1272966 1305480 32514
1291142 1305579 14437
1285018 1306173 21155
1300433 1307526 7093
1299866 1308747 8881
1296537 1309143 12606
1290607 1311651 21044
1286804 1312179 25375
1292898 1313433 20535
1306857 1314456 7599
1296877 1314852 17975
1298661 1315908 17247
1303192 1316502 13310
1296784 1317657 20873
1298291 1319076 20785
1282990 1320363 37373
1303144 1321386 18242
1310211 1321584 11373
1298461 1324653 26192
1305626 1324686 19060
1299491 1325346 25855
1307489 1325841 18352
1307046 1326072 19026
1308483 1326402 17919
1303735 1328580 24845
1309748 1329108 19360
1314515 1329504 14989
1311748 1329702 17954
1323055 1330164 7109
1302053 1332705 30652
1307218 1333398 26180
1324371 1333563 9192
1316285 1335411 19126
1304644 1336632 31988
1321331 1336632 15301
1328045 1337259 9214
1330545 1337787 7242
1315070 1338018 22948
1326464 1339107 12643
1315581 1339734 24153
1292890 1339866 46976
1306723 1339932 33209
1315976 1340493 24517
1332298 1342473 10175
1331744 1344057 12313
1321888 1344882 22994
1319797 1345740 25943
1320129 1347258 27129
1337360 1347489 10129
1332032 1349634 17602
1340478 1350360 9882
1338200 1350459 12259
1340096 1351020 10924
1340387 1351581 11194
1348151 1354419 6268
1325213 1354947 29734
1340276 1355508 15232
1350079 1357158 7079
1351029 1358709 7680
1342745 1359765 17020
1344840 1360227 15387
1347782 1361811 14029
1355619 1364451 8832
1352385 1365837 13452
1356179 1367322 11143
1356441 1367421 10980
1359975 1367982 8007
1361185 1368477 7292
1345455 1369797 24342
1366248 1372866 6618
1361003 1373031 12028
1351789 1374879 23090
1357250 1376001 18751
1366304 1376100 9796
1367672 1377486 9814
1364712 1378245 13533
1351814 1379202 27388
1357498 1379466 21968
1370240 1381908 11668
1373581 1383030 9449
1354118 1384053 29935
1372654 1387188 14534
1377863 1388310 10447
1367345 1389333 21988
1382951 1389663 6712
1368271 1389927 21656
1383617 1390224 6607
1362223 1390323 28100
1365257 1391181 25924
1371894 1391841 19947
1386559 1392798 6239
1376190 1393062 16872
1382514 1393425 10911
1389354 1395669 6315
1383873 1396164 12291
1391176 1397781 6605
1384424 1399134 14710
1385637 1399695 14058
1388732 1400355 11623
1384725 1401279 16554
1391371 1402995 11624
1356629 1403094 46465
1392411 1403886 11475
1387214 1405800 18586
1389771 1406361 16590
1398901 1408077 9176
1396859 1408539 11680
1400627 1409859 9232
1396450 1411905 15455
1398519 1412499 13980
1377407 1412928 35521
1399339 1413093 13754
1395655 1416129 20474
1390685 1416525 25840
1386437 1418340 31903
1400168 1418538 18370
1406150 1419231 13081
1406827 1419792 12965
1405775 1420947 15172
1398977 1422861 23884
1407975 1423752 15777
1407863 1423917 16054
1391004 1425435 34431
1399861 1425864 26003
1399829 1427118 27289
1418408 1428009 9601
1400206 1429065 28859
1423298 1429560 6262
1398111 1430319 32208
1412533 1430847 18314
1413213 1431771 18558
1417728 1434081 16353
1427806 1436688 8882
1425830 1436754 10924
1419433 1436886 17453
1423435 1437447 14012
1431624 1438899 7275
1420356 1440516 20160
1433616 1442166 8550
1433311 1443618 10307
1419304 1444311 25007
1439368 1446357 6989
1414670 1447050 32380
1432639 1447314 14675
1428151 1449657 21506
1440157 1450053 9896
1425942 1450086 24144
1437432 1452231 14799
1435001 1453023 18022
1439509 1453320 13811
1446705 1453848 7143
1433293 1453881 20588
1447050 1454343 7293
1447227 1454871 7644
1442466 1455102 12636
1446023 1457940 11917
1446177 1459491 13314
1453053 1459656 6603
1437828 1461141 23313
1442915 1461768 18853
1444656 1462296 17640
1442174 1462560 20386
1448072 1462890 14818
1456010 1463022 7012
1449183 1464573 15390
1445140 1468269 23129
1459444 1468863 9419
1458453 1469589 11136
1438390 1470513 32123
1465776 1472493 6717
1455207 1473615 18408
1456328 1475100 18772
1469103 1475727 6624
1459593 1476222 16629
1465745 1477014 11269
1456153 1477212 21059
1458629 1479423 20794
1464850 1480182 15332
1467003 1484076 17073
1476712 1485693 8981
1479541 1485825 6284
1477126 1486254 9128
1469034 1487541 18507
1470767 1488333 17566
1475186 1489026 13840
1476649 1489950 13301
1482937 1491633 8696
1485076 1493217 8141
1485332 1493745 8413
1486062 1493844 7782
1484236 1495923 11687
1480695 1496946 16251
1473686 1497045 23359
1484516 1498563 14047
1489755 1499817 10062
1493076 1500015 6939
1486187 1501731 15544
1490097 1502523 12426
1487050 1504239 17189
1492808 1504569 11761
1491540 1504800 13260
1491664 1505394 13730
1496143 1510542 14399
1500846 1511070 10224
1487257 1511202 23945
1502187 1511631 9444
1504371 1512126 7755
1485447 1512489 27042
1507393 1514007 6614
1493546 1515195 21649
1491257 1515723 24466
1492882 1516317 23435
1497210 1517967 20757
1486182 1518000 31818
1504579 1518594 14015
1503139 1519584 16445
1509591 1520706 11115
1504032 1521663 17631
1505142 1521696 16554
1496698 1524369 27671
1509049 1525326 16277
1499782 1525392 25610
1512671 1525953 13282
1497912 1528263 30351
1515177 1528296 13119
1514777 1528692 13915
1516457 1529220 12763
1497666 1529979 32313
1504693 1529979 25286
1516786 1530507 13721
1501033 1531464 30431
1517695 1533246 15551
1520277 1533378 13101
1521518 1535886 14368
1502030 1536315 34285
1508865 1536579 27714
1520266 1537305 17039
1524985 1539285 14300
1532242 1540341 8099
1504355 1540374 36019
1531053 1540473 9420
1522914 1541661 18747
1535983 1542222 6239
1516736 1544994 28258
1528702 1545060 16358
1537884 1545621 7737
1534673 1548228 13555
1540689 1548327 7638
1539607 1549152 9545
1524277 1551297 27020
1517937 1551528 33591
1539153 1552452 13299
1523642 1552584 28942
1520625 1554234 33609
1520849 1554795 33946
1526252 1555686 29434
1540818 1555851 15033
1551977 1559052 7075
1539088 1560240 21152
1539144 1561494 22350
1551024 1561593 10569
1547989 1562154 14165
1535388 1562946 27558
1548688 1563309 14621
1556121 1563342 7221
1546393 1563969 17576
1558075 1565718 7643
1527918 1566510 38592
1548297 1567995 19698
1558803 1569777 10974
1543336 1571229 27893
1552930 1572417 19487
1559072 1573836 14764
1566252 1575156 8904
1561821 1575255 13434
1561284 1575354 14070
1568713 1576938 8225
1562457 1577730 15273
1564476 1580007 15531
1569721 1580832 11111
1565366 1581129 15763
1566074 1581690 15616
1554388 1584429 30041
1567862 1584957 17095
1564888 1585716 20828
1575837 1588587 12750
1574634 1588851 14217
1559275 1588950 29675
1574954 1589016 14062
1576197 1589115 12918
1567371 1589412 22041
1584426 1591425 6999
1585117 1591788 6671
1578803 1592250 13447
1567178 1592613 25435
1576723 1593174 16451
1581793 1594758 12965
1578977 1595319 16342
1570436 1597860 27424
1575155 1598520 23365
1566946 1599444 32498
1588003 1599972 11969
1586218 1600566 14348
1587207 1602381 15174
1588360 1602942 14582
1584488 1603173 18685
1583503 1603206 19703
1575822 1603569 27747
1587233 1605648 18415
1596414 1606407 9993
1594316 1608618 14302
1597345 1609179 11834
1603150 1609476 6326
1601555 1610301 8746
1596404 1610499 14095
1593403 1611753 18350
1569957 1612809 42852
1583204 1613040 29836
1589904 1614063 24159
1604291 1614393 10102
1593842 1614591 20749
1593956 1614954 20998
1606291 1615515 9224
1606550 1616076 9526
1607981 1616670 8689
1600135 1618122 17987
1607914 1618419 10505
1604356 1618650 14294
1598371 1619904 21533
1604363 1621488 17125
1611741 1621719 9978
1606725 1622346 15621
1601512 1622544 21032
1594104 1625250 31146
1618248 1628253 10005
1620590 1628781 8191
1617585 1631520 13935
1621286 1631586 10300
1619554 1631916 12362
1619670 1634622 14952
1615707 1635282 19575
1614906 1635975 21069
1616453 1636437 19984
1625269 1637724 12455
1630805 1638813 8008
1617871 1639638 21767
1617661 1640298 22637
1611750 1642113 30363
1625445 1643037 17592
1621506 1644126 22620
1625935 1644324 18389
1630724 1644885 14161
1620686 1645314 24628
1628238 1645347 17109
1629336 1646370 17034
1640043 1647888 7845
1636770 1649604 12834
1633572 1650858 17286
1634111 1650891 16780
1633893 1651881 17988
1645620 1652706 7086
1627357 1655346 27989
1625348 1656534 31186
1621675 1657062 35387
1647439 1657095 9656
1645844 1657326 11482
1639453 1658052 18599
1638894 1658085 19191
1634265 1660065 25800
1652023 1661121 9098
1647972 1661187 13215
1652875 1661748 8873
1634811 1661781 26970
1646630 1664256 17626
1645527 1664322 18795
1654212 1666335 12123
1653238 1666401 13163
1655832 1666896 11064
1655649 1667094 11445
1658538 1669800 11262
1664679 1673925 9246
1655361 1674321 18960
1660805 1675212 14407
1660907 1676334 15427
1651515 1677060 25545
1656245 1677159 20914
1661898 1679535 17637
1644826 1679634 34808
1664675 1680294 15619
1671005 1682802 11797
1659584 1682868 23284
1674197 1683363 9166
1662874 1683924 21050
1669296 1684419 15123
1670840 1686432 15592
1665490 1687620 22130
1670140 1689567 19427
1679058 1690062 11004
1682485 1690590 8105
1678974 1690689 11715
1658589 1691382 32793
1684734 1691811 7077
1672520 1693791 21271
1673711 1694319 20608
1657236 1694616 37380
1668888 1694649 25761
1682384 1697718 15334
1672607 1698279 25672
1670436 1700127 29691
1679633 1700787 21154
1680027 1701381 21354
1672222 1701909 29687
1675690 1702437 26747
1663759 1703823 40064
1675419 1704483 29064
1684926 1704681 19755
1686678 1705176 18498
1685537 1705242 19705
1691268 1707222 15954
1695186 1707387 12201
1697716 1707915 10199
1697915 1708509 10594
1696236 1710192 13956
1688054 1710621 22567
1699763 1711116 11353
1675844 1712898 37054
1703594 1713327 9733
1699371 1713492 14121
1708283 1715868 7585
1708404 1716891 8487
1699652 1718706 19054
1703259 1719102 15843
1706996 1719960 12964
1707577 1720422 12845
1713917 1721973 8056
1705087 1723326 18239
1705873 1725174 19301
1706689 1725438 18749
1717872 1727220 9348
1713296 1728243 14947
1707230 1728375 21145
1715961 1728507 12546
1724292 1731510 7218
1715661 1731708 16047
1726592 1733721 7129
1728296 1735404 7108
1717392 1736328 18936
1726171 1737384 11213
1716739 1738803 22064
1730325 1738869 8544
1709989 1740024 30035
1720527 1740552 20025
1732337 1740717 8380
1732130 1741872 9742
1733568 1744347 10779
1720713 1744380 23667
1722813 1745040 22227
1728339 1747185 18846
1737428 1747779 10351
1740875 1748274 7399
1735787 1749660 13873
1746059 1752366 6307
1739872 1752762 12890
1744140 1753356 9216
1732395 1753851 21456
1729742 1755237 25495
1746343 1755435 9092
1730948 1756557 25609
1728790 1756854 28064
1735300 1758504 23204
1737322 1760088 22766
1750709 1761804 11095
1753069 1762794 9725
1728207 1765005 36798
1735847 1765467 29620
1741207 1765599 24392
1757431 1767414 9983
1747576 1768173 20597
1742231 1768800 26569
1752395 1769922 17527
1754395 1770417 16022
1738982 1770780 31798
1746634 1771341 24707
1748301 1771803 23502
1755404 1772001 16597
1758212 1774509 16297
1756873 1774905 18032
1758762 1775235 16473
1761339 1777941 16602
1746541 1778799 32258
1756508 1779096 22588
1755034 1779756 24722
1754679 1779888 25209
1758005 1782231 24226
1756805 1782495 25690
1749900 1783089 33189
1761831 1783551 21720
1762408 1783848 21440
1766487 1784211 17724
1771599 1784376 12777
1771307 1784937 13630
1777455 1786092 8637
1763952 1787577 23625
1747336 1789161 41825
1776988 1790217 13229
1774134 1790646 16512
1766840 1791273 24433
1763098 1793022 29924
1772402 1793517 21115
1775888 1796355 20467
1785196 1796685 11489
1786785 1796685 9900
1771961 1796751 24790
1786222 1797213 10991
1789771 1797708 7937
1789196 1799754 10558
1789785 1800348 10563
1783910 1800447 16537
1794974 1802394 7420
1789420 1802988 13568
1774789 1803153 28364
1784489 1806156 21667
1796486 1806222 9736
1789218 1809027 19809
1794237 1809225 14988
1801792 1809753 7961
1795198 1809819 14621
1802806 1810281 7475
1804085 1810809 6724
1798945 1811634 12689
1797103 1812162 15059
1795727 1813911 18184
1799566 1814472 14906
1788534 1814868 26334
1805860 1816155 10295
1791521 1816518 24997
1793598 1817046 23448
1796126 1817673 21547
1802110 1820181 18071
1807263 1820841 13578
1806378 1821039 14661
1807212 1821633 14421
1814523 1824075 9552
1786130 1824207 38077
1806156 1824834 18678
1805153 1827474 22321
1819792 1827639 7847
1812859 1830180 17321
1824681 1831302 6621
1811762 1832721 20959
1826126 1834998 8872
1823911 1835328 11417
1796892 1835592 38700
1817328 1836120 18792
1811211 1838232 27021
1823295 1838859 15564
1817744 1839288 21544
1819784 1839519 19735
1807037 1840278 33241
1833568 1842093 8525
1826428 1843512 17084
1834470 1845063 10593
1836490 1845129 8639
1840601 1847505 6904
1821787 1848330 26543
1812399 1848858 36459
1822538 1849518 26980
1827232 1850541 23309
1823558 1850706 27148
1831208 1851102 19894
1834957 1852752 17795
1842413 1854204 11791
1847758 1856019 8261
1842972 1856283 13311
1835951 1857108 21157
1841102 1859088 17986
1840266 1859121 18855
1849959 1859253 9294
1852369 1859781 7412
1835322 1860309 24987
1832223 1862850 30627
1838280 1863510 25230
1848853 1863972 15119
1837863 1865127 27264
1841599 1866249 24650
1837751 1866876 29125
1860556 1867173 6617
1842910 1867899 24989
1852514 1868460 15946
1844397 1871529 27132
1862658 1871661 9003
1858002 1871694 13692
1857407 1873773 16366
1852046 1874730 22684
1855424 1875555 20131
1863513 1875720 12207
1866602 1875786 9184
1865876 1876281 10405
1869064 1876776 7712
1870072 1878888 8816
1838210 1880010 41800
1858847 1880703 21856
1874759 1882452 7693
1858453 1882716 24263
1853940 1884003 30063
1867057 1885554 18497
1860183 1885950 25767
1862830 1886280 23450
1870311 1886280 15969
1876468 1886709 10241
1871035 1886775 15740
1867872 1887006 19134
1856129 1887567 31438
1873664 1889679 16015
1874793 1890240 15447
1855454 1890504 35050
1863692 1890768 27076
1881507 1890834 9327
1875090 1892220 17130
1880118 1893606 13488
1882935 1893903 10968
1883779 1894167 10388
1869436 1895586 26150
1873114 1896642 23528
1876295 1896873 20578
1872347 1897236 24889
1883240 1897962 14722
1883916 1900206 16290
1886120 1900998 14878
1886055 1901361 15306
1892879 1902912 10033
1869694 1904067 34373
1881449 1904199 22750
1898239 1904793 6554
1883780 1904826 21046
1893870 1907565 13695
1899086 1907928 8842
1899436 1908159 8723
1890254 1910238 19984
1893842 1911228 17386
1904872 1912350 7478
1890538 1913439 22901
1891374 1913472 22098
1891962 1915419 23457
1902356 1916079 13723
1901987 1916739 14752
1912436 1918686 6250
1897512 1919280 21768
1906561 1920105 13544
1911035 1920666 9631
1913614 1921161 7547
1913069 1921887 8818
1908995 1923999 15004
1903092 1924395 21303
1903793 1926705 22912
1903342 1927596 24254
1914185 1928124 13939
1917534 1929312 11778
1918110 1929873 11763
1908492 1930665 22173
1921946 1930929 8983
1900679 1931160 30481
1901924 1931226 29302
1925564 1933701 8137
1913649 1934097 20448
1924076 1936374 12298
1929020 1936440 7420
1929947 1939410 9463
1917574 1939509 21935
1919411 1942215 22804
1925369 1943238 17869
1913647 1943931 30284
1916256 1944492 28236
1933782 1945680 11898
1937123 1947231 10108
1920349 1947792 27443
1924631 1947792 23161
1940665 1950762 10097
1932075 1950993 18918
1943339 1951884 8545
1943558 1952247 8689
1936830 1954986 18156
1929134 1957692 28558
1941510 1959144 17634
1947249 1959969 12720
1931292 1960002 28710
1946502 1962180 15678
1940794 1962312 21518
1948426 1962411 13985
1954409 1962708 8299
1948571 1963038 14467
1947028 1965777 18749
1934013 1966239 32226
1948021 1966338 18317
1947102 1966437 19335
1941003 1966800 25797
1945161 1969869 24708
1953908 1971156 17248
1965119 1971816 6697
1964202 1973433 9231
1954995 1974357 19362
1945249 1974621 29372
1960766 1976502 15736
1968107 1977294 9187
1950098 1979142 29044
1974472 1980726 6254
1970660 1980792 10132
1961478 1982310 20832
1970302 1983597 13295
1964013 1984719 20706
1962507 1985280 22773
1972100 1985610 13510
1976473 1986303 9830
1972691 1986336 13645
1971369 1988019 16650
1965450 1988976 23526
1974741 1990395 15654
1983869 1990494 6625
1981683 1993134 11451
1972389 1993695 21306
1976088 1994190 18102
1988363 1995378 7015
1974526 1995873 21347
1986583 1996929 10346
1990586 1998018 7432
1989169 1998348 9179
1970434 1999701 29267
1986982 2001120 14138
1995260 2002275 7015
1993277 2002308 9031
1993139 2002737 9598
1996428 2004750 8322
1988761 2005674 16913
1989761 2006763 17002
1995008 2008116 13108
1985974 2008875 22901
1988910 2009073 20163
1970335 2009403 39068
1976704 2009469 32765
1981526 2009997 28471
1995670 2010657 14987
1998706 2012703 13997
2004928 2013297 8369
2003661 2013891 10230
2008551 2015673 7122
1995075 2016498 21423
1999796 2016663 16867
1993867 2016960 23093
2009936 2017884 7948
1988206 2018907 30701
1999301 2019666 20365
2013700 2020623 6923
1994170 2021118 26948
2014387 2021250 6863
2009530 2022669 13139
2012929 2023692 10763
1989034 2023725 34691
2012563 2025375 12812
2016964 2026431 9467
2018455 2027520 9065
2004322 2027652 23330
2005496 2028180 22684
2014589 2028345 13756
2005856 2028675 22819
1992612 2029335 36723
2001660 2032371 30711
2017704 2032899 15195
2018517 2033097 14580
2019445 2035605 16160
2019310 2036166 16856
2027090 2038278 11188
2031297 2038641 7344
2005323 2039235 33912
2026280 2039301 13021
2013966 2041479 27513
2023505 2041875 18370
2032241 2042370 10129
2024609 2042436 17827
2026560 2042601 16041
2035586 2044284 8698
2014803 2045670 30867
2019814 2046297 26483
2036681 2049003 12322
2042781 2049795 7014
2038199 2050653 12454
2033941 2051808 17867
2034037 2052303 18266
2047220 2053821 6601
2034134 2054316 20182
2037248 2055537 18289
2025630 2057550 31920
2035897 2058111 22214
2030983 2058210 27227
2047970 2058243 10273
2026192 2059398 33206
2052958 2059563 6605
2049585 2062269 12684
2052763 2062830 10067
2052028 2064414 12386
2035177 2064678 29501
2054712 2064975 10263
2055651 2065536 9885
2044754 2068143 23389
2036386 2068176 31790
2052937 2070915 17978
2044044 2071410 27366
2054779 2071542 16763
2066350 2073159 6809
2057375 2074215 16840
2058030 2074809 16779
2049706 2075007 25301
2067773 2076921 9148
2069769 2079033 9264
2061467 2079363 17896
2070752 2079957 9205
2071668 2080584 8916
2073306 2081112 7806
2072014 2081871 9857
2070597 2082003 11406
2060185 2083158 22973
2061008 2084181 23173
2064659 2084742 20083
2066188 2085435 19247
2060519 2085633 25114
2059667 2086359 26692
2077765 2091441 13676
2085957 2093586 7629
2085228 2093751 8523
2056124 2095368 39244
2058955 2096028 37073
2067347 2096292 28945
2073283 2096952 23669
2070439 2097150 26711
2080672 2097381 16709
2078512 2098206 19694
2081035 2098767 17732
2081996 2099196 17200
2085385 2099757 14372
2068668 2099856 31188
2078273 2100384 22111
2083772 2100483 16711
2079732 2100978 21246
2092257 2101077 8820
2071087 2102463 31376
2075188 2103486 28298
2082746 2104575 21829
2078806 2107380 28574
2098042 2108304 10262
2089333 2110581 21248
2101055 2111010 9955
2109128 2115762 6634
2110352 2117709 7357
2097383 2117742 20359
2107146 2118336 11190
2093706 2118402 24696
2107958 2118864 10906
2106016 2118963 12947
2087773 2120448 32675
2093597 2120547 26950
2101224 2121075 19851
2097372 2121504 24132
2098815 2122032 23217
2093278 2123484 30206
2101681 2124144 22463
2111151 2124771 13620
2090590 2126685 36095
2112807 2127807 15000
2125126 2131437 6311
2109086 2132229 23143
2120107 2134341 14234
2120285 2134341 14056
2113297 2136717 23420
2123611 2137080 13469
2117303 2137278 19975
2121548 2138103 16555
2118253 2139753 21500
2120527 2141337 20810
2128550 2141898 13348
2129271 2141898 12627
2134049 2142294 8245
2129132 2142426 13294
2123536 2144373 20837
2112410 2144802 32392
2130887 2145297 14410
2140342 2146584 6242
2138231 2149356 11125
2142058 2152425 10367
2142940 2152458 9518
2147319 2153910 6591
2146519 2157771 11252
2152410 2158662 6252
2149003 2159817 10814
2158638 2164899 6261
2145320 2165394 20074
2155996 2166747 10751
2161516 2168529 7013
2160997 2168727 7730
2156794 2168760 11966
2149422 2170938 21516
2153329 2171730 18401
2166332 2173347 7015
2162223 2174172 11949
2168556 2176053 7497
2161174 2176251 15077
2157526 2179122 21596
2162429 2180376 17947
2163086 2181366 18280
2169057 2181828 12771
2174750 2184468 9718
2171922 2184831 12909
2177610 2186844 9234
2161842 2187669 25827
2183194 2189451 6257
2170891 2190672 19781
2171435 2191233 19798
2172125 2193345 21220
2180088 2194500 14412
2185176 2196315 11139
2175588 2198130 22542
2179551 2198625 19074
2185287 2199516 14229
2186351 2199912 13561
2177210 2200770 23560
2175774 2201331 25557
2192453 2201628 9175
2193885 2205489 11604
2177593 2206644 29051
2189384 2207106 17722
2183689 2208096 24407
2185096 2208558 23462
2198686 2211099 12413
2194024 2211759 17735
2194382 2213805 19423
2187682 2214300 26618
2202105 2215422 13317
2209822 2216841 7019
2192712 2218029 25317
2208856 2218128 9272
2213512 2219844 6332
2214322 2220570 6248
2215832 2222484 6652
2204741 2224761 20020
2214708 2226114 11406
2220969 2227599 6630
2221103 2228127 7024
2220549 2228622 8073
2222766 2229678 6912
2202785 2230305 27520
2216342 2230965 14623
2222872 2232054 9182
2222553 2234100 11547
2229340 2237796 8456
2219091 2237862 18771
2224359 2239248 14889
2219751 2240436 20685
2233778 2241558 7780
2228504 2241657 13153
2232097 2244396 12299
2238050 2244660 6610
2227753 2244726 16973
2229430 2245254 15824
2238439 2247432 8993
2236010 2247861 11851
2238782 2247993 9211
2229927 2248653 18726
2235056 2249115 14059
2241226 2250567 9341
2231075 2251722 20647
2244857 2254692 9835
2243886 2255451 11565
2243494 2258157 14663
2230620 2258916 28296
2249957 2259906 9949
2247246 2261523 14277
2242750 2262711 19961
2244472 2265186 20714
2258356 2265384 7028
2248010 2265483 17473
2246245 2265846 19601
2248791 2267991 19200
2258109 2268156 10047
2257045 2268915 11870
2258719 2271225 12506
2262536 2271786 9250
2243379 2272842 29463
2251710 2274987 23277
2252736 2275449 22713
2250979 2276043 25064
2255159 2276571 21412
2267800 2278518 10718
2267994 2279277 11283
2274848 2283534 8686
2269701 2286372 16671
2266016 2286603 20587
2258475 2286735 28260
2274377 2286900 12523
2269211 2287296 18085
2267086 2287659 20573
2274388 2288979 14591
2259253 2289606 30353
2264676 2290398 25722
2273197 2291223 18026
2284640 2291619 6979
2278718 2291685 12967
2282865 2292213 9348
2272266 2292873 20607
2286515 2293170 6655
2286940 2293632 6692
2289943 2296569 6626
2275049 2298615 23566
2291091 2298615 7524
2281073 2299143 18070
2285548 2301288 15740
2293290 2301981 8691
2297271 2304423 7152
2287781 2305050 17269
2290940 2305578 14638
2298043 2308053 10010
2300246 2309439 9193
2303071 2310264 7193
2295642 2311023 15381
2294424 2313399 18975
2293873 2313729 19856
2296057 2314752 18695
2308370 2315115 6745
2301682 2316897 15215
2303921 2317425 13504
2297039 2318316 21277
2302918 2321517 18599
2305801 2321550 15749
2307099 2321748 14649
2303362 2323431 20069
2316777 2326170 9393
2314876 2328051 13175
2317764 2328612 10848
2312666 2329272 16606
2309880 2329734 19854
2320410 2329734 9324
2315026 2331285 16259
2325994 2332242 6248
2318067 2333397 15330
2316817 2333529 16712
2318293 2334123 15830
2310484 2334717 24233
2309546 2336499 26953
2312962 2337918 24956
2330889 2344782 13893
2337944 2344980 7036
2330139 2345310 15171
2332213 2345838 13625
2340547 2348016 7469
2339328 2348412 9084
2332065 2348577 16512
2334831 2351217 16386
2330500 2354352 23852
2337871 2356893 19022
2341974 2357421 15447
2348588 2358972 10384
2343916 2360094 16178
2340692 2360292 19600
2350856 2361579 10723
2346695 2362602 15907
2353269 2363031 9762
2351461 2366364 14903
2347941 2366925 18984
2362064 2368905 6841
2364384 2370621 6237
2352549 2371743 19194
2341480 2372172 30692
2361714 2372700 10986
2354982 2373393 18411
2358667 2373921 15254
2367654 2374746 7092
2368925 2375934 7009
2364120 2377650 13530
2365963 2378772 12809
2372366 2379828 7462
2372084 2382435 10351
2371616 2382864 11248
2374202 2385141 10939
2376992 2385636 8644
2375121 2387880 12759
2380377 2389860 9483
2380136 2389959 9823
2376285 2391081 14796
2370460 2393094 22634
2377101 2393226 16125
2371912 2393622 21710
2377273 2394480 17207
2388950 2395965 7015
2381198 2396328 15130
2392172 2398803 6631
2385390 2399298 13908
2393400 2400750 7350
2376577 2401905 25328
2380676 2402829 22153
2382357 2403324 20967
2380229 2405139 24910
2394748 2405139 10391
2379232 2405865 26633
2392378 2406261 13883
2389460 2406327 16867
2384180 2406822 22642
2398611 2408043 9432
2401314 2411013 9699
2395469 2411871 16402
2400009 2413620 13611
2394072 2414214 20142
2403806 2414775 10969
2404947 2414940 9993
2404068 2417844 13776
2409069 2421177 12108
2415578 2422266 6688
2400056 2422761 22705
2407470 2423487 16017
2417773 2424873 7100
2407243 2424939 17696
2413497 2426787 13290
2412376 2427612 15236
2418312 2429361 11049
2419081 2429493 10412
2418863 2432463 13600
2422591 2433024 10433
2422917 2433651 10734
2411210 2433816 22606
2420329 2434179 13850
2425095 2434212 9117
2421173 2434608 13435
2404262 2436852 32590
2423023 2437710 14687
2417691 2440053 22362
2422857 2440119 17262
2424396 2442759 18363
2424182 2446290 22108
2425889 2447049 21160
2427579 2447379 19800
2438688 2449557 10869
2420998 2450250 29252
2436911 2450382 13471
2437073 2451867 14794
2445888 2452494 6606
2430652 2453550 22898
2419045 2454111 35066
2426113 2454474 28361
2446990 2454903 7913
2419949 2455233 35284
2429003 2455266 26263
2449535 2456223 6688
2437104 2457180 20076
2448968 2457873 8905
2442748 2459985 17237
2438679 2460711 22032
2451496 2461965 10469
2453276 2463219 9943
2436422 2465793 29371
2452080 2468070 15990
2449207 2468862 19655
2441902 2469027 27125
2449301 2469489 20188
2451855 2470611 18756
2463928 2473317 9389
2457560 2475561 18001
2459340 2475858 16518
2445895 2476419 30524
2454505 2479059 24554
2446769 2479488 32719
2449416 2480907 31491
2458359 2482689 24330
2456152 2483250 27098
2458381 2483646 25265
2475390 2484207 8817
2470128 2485626 15498
2471203 2486220 15017
2473178 2486748 13570
2476976 2487276 10300
2473263 2487309 14046
2474499 2489157 14658
2479922 2491170 11248
2469377 2491698 22321
2467479 2491863 24384
2457804 2492160 34356
2476539 2492787 16248
2473896 2494833 20937
2478503 2494833 16330
2461860 2495493 33633
2467813 2495493 27680
2484563 2498100 13537
2471049 2498199 27150
2491120 2498529 7409
2486801 2498628 11827
2490643 2499288 8645
2485948 2499321 13373
2476635 2499519 22884
2486390 2502555 16165
2495379 2502786 7407
2498224 2504832 6608
2478018 2505987 27969
2481278 2506548 25270
2495426 2507538 12112
2483345 2509782 26437
2500436 2512158 11722
2499756 2513313 13557
2501145 2515260 14115
2488955 2517174 28219
2501317 2517867 16550
2504886 2518989 14103
2509004 2519880 10876
2514062 2520474 6412
2506066 2520573 14507
2494754 2522586 27832
2494788 2523213 28425
2497773 2523609 25836
2507208 2523675 16467
2501638 2524236 22598
2515167 2524401 9234
2507670 2527569 19899
2513192 2528295 15103
2521075 2530638 9563
2505568 2533542 27974
2518860 2534862 16002
2522036 2536050 14014
2527173 2536545 9372
2526654 2539614 12960
2516418 2539746 23328
2523744 2540538 16794
2525088 2541462 16374
2527239 2542947 15708
2541016 2547633 6617
2532543 2547864 15321
2535155 2549217 14062
2534903 2549778 14875
2546782 2553045 6263
2539793 2553870 14077
2536401 2554233 17832
2544311 2555883 11572
2542392 2556411 14019
2549800 2556411 6611
2532628 2556939 24311
2533771 2557467 23696
2536555 2558028 21473
2545135 2558886 13751
2551677 2558919 7242
2550692 2560734 10042
2555135 2561592 6457
2550596 2561955 11359
2533381 2561988 28607
2534727 2562681 27954
2555094 2564661 9567
2555946 2565222 9276
2557915 2565783 7868
2554353 2566542 12189
2558903 2567103 8200
2558649 2567532 8883
2551465 2568258 16793
2560567 2570502 9935
2553770 2570700 16930
2561215 2571063 9848
2554165 2574264 20099
2569194 2575815 6621
2566682 2577993 11311
2569881 2578917 9036
2559567 2581128 21561
2569193 2581656 12463
2568283 2581722 13439
2573945 2583075 9130
2577068 2584560 7492
2571803 2586276 14473
2580880 2587134 6254
2578222 2587926 9704
2581962 2588652 6690
2574637 2588718 14081
2573202 2590302 17100
2574357 2592051 17694
2586508 2593140 6632
2568636 2595318 26682
2582867 2596704 13837
2592855 2599179 6324
2576300 2599212 22912
2596514 2603205 6691
2585129 2603601 18472
2593927 2604030 10103
2580806 2606010 25204
2590296 2606274 15978
2582488 2610333 27845
2586805 2610861 24056
2591940 2611257 19317
2595570 2611653 16083
2601328 2613072 11744
2601511 2614557 13046
2597222 2616603 19381
2587030 2616999 29969
2600894 2617527 16633
2607389 2617626 10237
2599548 2617659 18111
2604058 2618187 14129
2612679 2620167 7488
2605032 2620728 15696
2593779 2620893 27114
2606585 2620959 14374
2615014 2623005 7991
2604761 2623665 18904
2613260 2628285 15025
2614291 2629308 15017
2615293 2629968 14675
2616207 2630397 14190
2621462 2631882 10420
2608163 2632740 24577
2617003 2633334 16331
2621464 2633895 12431
2622378 2634423 12045
2612005 2635083 23078
2620410 2635446 15036
2624869 2635512 10643
2604907 2635611 30704
2622300 2635974 13674
2617332 2636205 18873
2617458 2636766 19308
2631091 2637360 6269
2607744 2638746 31002
2623632 2639439 15807
2633877 2641485 7608
2618428 2641518 23090
2619960 2642970 23010
2622306 2643300 20994
2624775 2643795 19020
2618378 2646171 27793
2618865 2646534 27669
2609662 2646831 37169
2630881 2649405 18524
2631624 2649966 18342
2630382 2650032 19650
2641054 2653596 12542
2644179 2653827 9648
2646097 2654091 7994
2645154 2654355 9201
2647851 2654520 6669
2642122 2656731 14609
2646152 2657259 11107
2650167 2657259 7092
2636106 2657292 21186
2635422 2658150 22728
2640402 2659998 19596
2640182 2660460 20278
2640704 2660559 19855
2623733 2660856 37123
2643759 2660889 17130
2647392 2661648 14256
2637602 2661912 24310
2639203 2663661 24458
2653191 2666367 13176
2652098 2668512 16414
2656189 2669073 12884
2653408 2669436 16028
2629738 2672670 42932
2642218 2672802 30584
2666728 2672967 6239
2655998 2673297 17299
2651447 2673462 22015
2635360 2675838 40478
2651793 2675871 24078
2656753 2676399 19646
2666314 2676531 10217
2670255 2677125 6870
2652473 2679633 27160
2661486 2680986 19500
2671349 2682075 10726
2670338 2682273 11935
2677416 2684418 7002
2673290 2684979 11689
2679421 2686398 6977
2675409 2687025 11616
2678828 2687916 9088
2677273 2688147 10874
2680006 2688477 8471
2679813 2690292 10479
2674628 2691711 17083
2682323 2693592 11269
2683730 2694417 10687
2672519 2694912 22393
2682473 2696628 14155
2688907 2698014 9107
2681426 2700126 18700
2684754 2701215 16461
2686992 2701611 14619
2681116 2702238 21122
2692237 2703096 10859
2679845 2704548 24703
2696411 2704647 8236
2694652 2705208 10556
2681810 2707749 25939
2699202 2707881 8679
2698097 2708277 10180
2702493 2709960 7467
2700286 2710818 10532
2696437 2711742 15305
2696470 2712435 15965
2707621 2714250 6629
2698267 2715141 16874
2702823 2717319 14496
2701704 2717748 16044
2708192 2721477 13285
2715607 2721939 6332
2709944 2722005 12061
2713548 2724711 11163
2715742 2724876 9134
2715474 2725239 9765
2711755 2725437 13682
2719936 2726592 6656
2713789 2728044 14255
2718263 2728902 10639
2709443 2732103 22660
2725972 2732235 6263
2703010 2732532 29522
2716936 2732565 15629
2728194 2734776 6582
2730328 2737350 7022
2727130 2741079 13949
2727101 2741178 14077
2736908 2743158 6250
2725673 2744478 18805
2740129 2746755 6626
2728992 2747415 18423
2731721 2747580 15859
2742970 2749593 6623
2740844 2754411 13567
2745237 2754741 9504
2738131 2756094 17963
2742540 2756127 13587
2737672 2757348 19676
2741932 2757546 15614
2752675 2763288 10613
2746934 2764674 17740
2758407 2765268 6861
2751319 2766522 15203
2755086 2767380 12294
2750552 2768469 17917
2761546 2768535 6989
2755707 2770581 14874
2756704 2771802 15098
2768233 2774541 6308
2765992 2774607 8615
2761159 2777247 16088
2762674 2777775 15101
2762186 2779458 17272
2770258 2779953 9695
2772371 2780514 8143
2774513 2781141 6628
2775022 2782725 7703
2770798 2783121 12323
2773666 2784606 10940
2756431 2786586 30155
2780431 2789259 8828
2773937 2789787 15850
2775026 2790876 15850
2773140 2790975 17835
2782486 2792493 10007
2785033 2792988 7955
2782934 2794374 11440
2784156 2796057 11901
2778615 2797575 18960
2782133 2798037 15904
2782305 2798433 16128
2780271 2798961 18690
2769580 2799258 29678
2774050 2799687 25637
2786078 2799984 13906
2776603 2802558 25955
2783408 2803086 19678
2797362 2805792 8430
2791303 2806353 15050
2798517 2806815 8298
2796116 2806914 10798
2795983 2807310 11327
2788220 2808267 20047
2784974 2810016 25042
2778495 2810379 31884
2796363 2810544 14181
2794068 2810577 16509
2790319 2811138 20819
2788163 2813580 25417
2788812 2814867 26055
2803689 2815098 11409
2805093 2815626 10533
2799975 2817540 17565
2795508 2818068 22560
2803029 2818068 15039
2811484 2818596 7112
2798475 2819058 20583
2790936 2819619 28683
2802877 2820279 17402
2803063 2820873 17810
2791081 2822358 31277
2807445 2822787 15342
2800657 2823414 22757
2808170 2824206 16036
2790671 2824734 34063
2784989 2825691 40702
2798630 2825988 27358
2811659 2826153 14494
2805140 2826318 21178
2790061 2827209 37148
2804061 2828232 24171
2789196 2829024 39828
2789472 2829585 40113
2820117 2829849 9732
2800634 2830641 30007
2804859 2831202 26343
2802055 2831697 29642
2805405 2831730 26325
2819876 2831730 11854
2815709 2834799 19090
2811225 2834832 23607
2816097 2835129 19032
2816001 2835393 19392
2804653 2835558 30905
2798000 2836086 38086
2822738 2837835 15097
2820609 2837967 17358
2826337 2838363 12026
2818588 2838825 20237
2827845 2839452 11607
2827667 2843577 15910
2828221 2844171 15950
2819309 2844204 24895
2834700 2844699 9999
2821630 2844732 23102
2829929 2845326 15397
2827626 2845491 17865
2838545 2845821 7276
2831823 2848692 16869
2826191 2849022 22831
2835288 2850441 15153
2827083 2851893 24810
2828872 2851926 23054
2834444 2852388 17944
2847153 2854896 7743
2845663 2857239 11576
2847599 2857899 10300
2832831 2858889 26058
2838584 2859450 20866
2841521 2859879 18358
2839352 2860440 21088
2836178 2862585 26407
2857742 2864301 6559
2832038 2864961 32923
2852156 2866281 14125
2848673 2868591 19918
2854120 2869119 14999
2853199 2869350 16151
2860399 2870439 10040
2862790 2870934 8144
2840882 2871033 30151
2845745 2871132 25387
2863909 2871462 7553
2836737 2871594 34857
2836934 2872287 35353
2841041 2872848 31807
2862744 2874267 11523
2852433 2874366 21933
2855929 2874696 18767
2855943 2874894 18951
2858762 2875257 16495
2859674 2875686 16012
2857876 2876049 18173
2869056 2878359 9303
2847307 2878425 31118
2861526 2878755 17229
2865237 2880405 15168
2868137 2880405 12268
2868558 2880966 12408
2868216 2881032 12816
2853672 2881395 27723
2868847 2881527 12680
2854445 2882121 27676
2873453 2882154 8701
2877879 2884134 6255
2863419 2884497 21078
2856790 2885355 28565
2850637 2886708 36071
2873981 2886840 12859
2880192 2887038 6846
2869363 2887368 18005
2862006 2890107 28101
2866587 2890635 24048
2882191 2890701 8510
2882594 2894199 11605
2862665 2894991 32326
2883270 2895783 12513
2889905 2898588 8683
2887648 2899710 12062
2889639 2901162 11523
2891069 2901327 10258
2866352 2901657 35305
2894322 2901657 7335
2893278 2901987 8709
2884681 2904528 19847
2878395 2905155 26760
2892678 2905287 12609
2874657 2907564 32907
2888146 2908488 20342
2885544 2911689 26145
2905573 2912184 6611
2888620 2912217 23597
2890490 2914065 23575
2894305 2914593 20288
2905666 2915484 9818
2907804 2916078 8274
2904749 2916936 12187
2904928 2917860 12932
2911339 2919411 8072
2900999 2919774 18775
2910185 2921523 11338
2892994 2923602 30608
2907285 2924031 16746
2912970 2924064 11094
2902125 2924724 22599
2900867 2925318 24451
2911022 2925681 14659
2909507 2927133 17626
2896915 2927232 30317
2901230 2927298 26068
2911226 2927562 16336
2902341 2927892 25551
2912148 2928915 16767
2896265 2934294 38029
2918405 2934822 16417
2924484 2936241 11757
2924806 2936538 11732
2908282 2938056 29774
2922245 2938650 16405
2908830 2939310 30480
2917729 2939607 21878
2916738 2940828 24090
2935017 2941818 6801
2932215 2942280 10065
2929076 2943798 14722
2917788 2944755 26967
2937495 2944788 7293
2934621 2946933 12312
2937336 2947461 10125
2917436 2947527 30091
2935742 2947890 12148
2939760 2947923 8163
2918645 2947956 29311
2936741 2949078 12337
2916881 2951091 34210
2925972 2951619 25647
2942692 2951718 9026
2932615 2951982 19367
2943091 2952015 8924
2945055 2954754 9699
2933453 2954820 21367
2928118 2954952 26834
2916919 2955183 38264
2945634 2957889 12255
2948248 2961255 13007
2952061 2962344 10283
2939759 2964060 24301
2956958 2966040 9082
2948058 2967261 19203
2946088 2968020 21932
2945639 2969241 23602
2943080 2971221 28141
2946109 2971287 25178
2952022 2972178 20156
2950840 2972376 21536
2955890 2972442 16552
2954132 2974389 20257
2960895 2975082 14187
2957770 2978151 20381
2970985 2980890 9905
2969326 2981055 11729
2954969 2982012 27043
2950197 2982507 32310
2966699 2983860 17161
2964708 2985741 21033
2966074 2985807 19733
2962836 2987853 25017
2969985 2988414 18429
2975711 2988513 12802
2959361 2988942 29581
2978554 2989041 10487
2968355 2989173 20818
2979214 2989206 9992
2978589 2991648 13059
2974805 2992803 17998
2979780 2994519 14739
2981789 2994618 12829
2986544 2995212 8668
2985511 2995575 10064
2988027 2996169 8142
2979835 2997786 17951
2988658 2999238 10580
2975559 3000987 25428
2983794 3001086 17292
2984601 3001251 16650
2987264 3001779 14515
2964808 3002307 37499
2981818 3005508 23690
2972873 3006036 33163
2976627 3006135 29508
2978006 3007950 29944
2990792 3008181 17389
2992992 3008742 15750
2985732 3009237 23505
2994766 3009237 14471
3000479 3009468 8989
2984251 3010656 26405
3005874 3012141 6267
2978506 3013494 34988
3000803 3014748 13945
2985789 3015804 30015
3008736 3015804 7068
2990774 3016893 26119
2998967 3016959 17992
2995449 3017949 22500
2993392 3018477 25085
2992475 3018543 26068
3003427 3019797 16370
3009238 3021216 11978
3007306 3021249 13943
3011240 3021744 10504
3007489 3021810 14321
3014202 3021876 7674
3013097 3023163 10066
3014102 3023361 9259
2999661 3025011 25350
3013224 3025869 12645
3010525 3026925 16400
3013167 3027024 13857
3019836 3027519 7683
3014187 3027618 13431
3018882 3028608 9726
3022028 3029961 7933
2995644 3030753 35109
3022475 3031743 9268
2991876 3031842 39966
3009956 3033855 23899
3011995 3034845 22850
3003057 3035043 31986
3012373 3035307 22934
3012457 3035868 23411
3029911 3037518 7607
3010862 3038046 27184
3011348 3038607 27259
3027142 3040125 12983
3021280 3041247 19967
3014542 3043755 29213
3017267 3043854 26587
3035076 3043887 8811
3030881 3044910 14029
3025090 3046527 21437
3037515 3047154 9639
3020875 3047385 26510
3040680 3048903 8223
3024274 3049629 25355
3016961 3050124 33163
3038139 3050157 12018
3044402 3052401 7999
3044467 3053292 8825
3046498 3055008 8510
3041990 3055437 13447
3020692 3056295 35603
3033720 3056856 23136
3041639 3057285 15646
3039385 3057846 18461
3038064 3058968 20904
3043050 3060585 17535
3054224 3062730 8506
3056203 3063258 7055
3052313 3064710 12397
3046854 3065172 18318
3053489 3066921 13432
3059544 3068835 9291
3053127 3068868 15741
3052610 3069495 16885
3039506 3070122 30616
3042187 3072729 30542
3054859 3072762 17903
3059717 3073356 13639
3047326 3074379 27053
3049657 3074907 25250
3057843 3076557 18714
3066410 3077448 11038
3059027 3077613 18586
3051029 3078801 27772
3070570 3079494 8924
3051150 3080154 29004
3061944 3080517 18573
3056683 3082002 25319
3061924 3083256 21332
3074979 3085269 10290
3078840 3085533 6693
3052460 3085995 33535
3061543 3086226 24683
3060925 3087051 26126
3059536 3087645 28109
3063223 3088173 24950
3079406 3088239 8833
3082627 3089229 6602
3074835 3090879 16044
3080227 3091803 11576
3085440 3092529 7089
3083943 3093585 9642
3087265 3094245 6980
3088167 3096060 7893
3085948 3097215 11267
3087006 3098898 11892
3082688 3100845 18157
3087841 3101274 13433
3091465 3101868 10403
3095762 3102363 6601
3085224 3104706 19482
3086599 3105069 18470
3086812 3105531 18719
3101035 3107676 6641
3084492 3108006 23514
3091404 3108171 16767
3088221 3109029 20808
3098607 3109722 11115
3080080 3111240 31160
3090721 3112527 21806
3096307 3112725 16418
3098566 3113352 14786
3107915 3114540 6625
3099279 3115728 16449
3101206 3115761 14555
3100394 3120579 20185
3102137 3123087 20950
3107116 3125364 18248
3110531 3125892 15361
3119681 3128763 9082
3106264 3131964 25700
3111079 3132690 21611
3126465 3133350 6885
3117401 3133713 16312
3115861 3136419 20558
3112961 3136782 23821
3123840 3137541 13701
3124203 3140115 15912
3130034 3140412 10378
3114409 3140610 26201
3117227 3143316 26089
3126763 3144603 17840
3133119 3146385 13266
3139736 3146913 7177
3123682 3147375 23693
3134505 3154305 19800
3131849 3155757 23908
3138652 3155856 17204
3118930 3157506 38576
3142972 3158067 15095
3151653 3158331 6678
3149581 3159552 9971
3145513 3160146 14633
3131271 3160806 29535
3141352 3161301 19949
3140164 3161697 21533
3151077 3164073 12996
3154275 3164403 10128
3139547 3167274 27727
3151722 3167373 15651
3155781 3167538 11757
3150794 3171960 21166
3161365 3173148 11783
3160589 3174864 14275
3151569 3177141 25572
3155263 3177405 22142
3164560 3178296 13736
3158100 3178659 20559
3170918 3178692 7774
3172066 3178824 6758
3166127 3178890 12763
3162642 3181761 19119
3155383 3181893 26510
3163698 3182322 18624
3155252 3182421 27169
3152536 3182520 29984
3168556 3182553 13997
3163331 3182916 19585
3176093 3184929 8836
3173592 3185292 11700
3154348 3185622 31274
3160637 3186480 25843
3166478 3187041 20563
3173734 3188823 15089
3175988 3189153 13165
3179916 3189318 9402
3182473 3190176 7703
3172652 3191430 18778
3174266 3191958 17692
3182671 3193773 11102
3178250 3196644 18394
3178958 3197403 18445
3182113 3197832 15719
3186180 3198030 11850
3182250 3199779 17529
3169879 3199845 29966
3187194 3201264 14070
3192723 3201924 9201
3180807 3205125 24318
3196443 3205752 9309
3197365 3206280 8915
3188535 3206379 17844
3191193 3207468 16275
3190179 3207765 17586
3179560 3209448 29888
3172174 3209976 37802
3202375 3210009 7634
3187310 3210702 23392
3187187 3211032 23845
3188082 3211428 23346
3185105 3212748 27643
3187555 3214299 26744
3190200 3215025 24825
3195549 3215520 19971
3200712 3216906 16194
3194440 3216972 22532
3202896 3217533 14637
3199037 3217929 18892
3214479 3221097 6618
3198541 3221361 22820
3204771 3221526 16755
3207137 3222054 14917
3209900 3224529 14629
3190859 3225024 34165
3210461 3225915 15454
3208287 3226080 17793
3211804 3227598 15794
3214901 3227730 12829
3213503 3228159 14656
3219514 3228357 8843
3194343 3228621 34278
3222480 3228720 6240
3222015 3229413 7398
3204383 3229677 25294
3217364 3231360 13996
3211967 3232482 20515
3219824 3233373 13549
3224093 3233538 9445
3199892 3234561 34669
3227487 3236178 8691
3225053 3237267 12214
3227407 3239049 11642
3227917 3241953 14036
3229473 3244659 15186
3239098 3247101 8003
3231466 3250929 19463
3237055 3251028 13973
3243991 3251622 7631
3238151 3253635 15484
3231462 3253734 22272
3211987 3254691 42704
3236177 3254757 18580
3241005 3256737 15732
3213706 3258453 44747
3225484 3258552 33068
3224073 3259113 35040
3238330 3259773 21443
3245775 3259806 14031
3228395 3260169 31774
3243897 3262875 18978
3236194 3263007 26813
3225297 3263799 38502
3251436 3264525 13089
3252778 3267165 14387
3259961 3267330 7369
3249892 3267627 17735
3259224 3268749 9525
3250277 3269376 19099
3247243 3270234 22991
3257686 3270564 12878
3240069 3272478 32409
3255025 3273435 18410
3264223 3274128 9905
3264160 3275448 11288
3229182 3275712 46530
3264719 3276042 11323
3231372 3276240 44868
3247561 3276306 28745
3265586 3276570 10984
3270535 3276801 6266
3255850 3277329 21479
3248790 3277890 29100
3270836 3280101 9265
3266033 3281586 15553
3270945 3281718 10773
3246208 3283863 37655
3274939 3284853 9914
3270657 3285711 15054
3277977 3286338 8361
3267360 3287064 19704
3267317 3287097 19780
3267743 3288780 21037
3261735 3289539 27804
3264197 3289968 25771
3281766 3290397 8631
3270256 3291486 21230
3268800 3291915 23115
3250038 3292476 42438
3279327 3292674 13347
3285943 3293664 7721
3278137 3294159 16022
3266898 3295677 28779
3280665 3296733 16068
3262478 3296799 34321
3263743 3297327 33584
3262550 3297723 35173
3286111 3299340 13229
3276568 3300924 24356
3276540 3302409 25869
3273744 3303069 29325
3285172 3303630 18458
3290610 3303630 13020
3290205 3304158 13953
3288343 3305280 16937
3298042 3305742 7700
3300873 3307854 6981
3293224 3308547 15323
3291369 3309438 18069
3296620 3309636 13016
3302614 3310461 7847
3295127 3310593 15466
3297146 3313530 16384
3286014 3313827 27813
3299726 3314091 14365
3297665 3315939 18274
3302703 3316533 13830
3291862 3318447 26585
3291498 3318810 27312
3303225 3318942 15717
3296027 3319371 23344
3301576 3319899 18323
3304718 3320394 15676
3307998 3322605 14607
3302458 3322671 20213
3312088 3323166 11078
3308477 3323364 14887
3290379 3323628 33249
3296670 3323892 27222
3314367 3326235 11868
3309891 3326895 17004
3300959 3327093 26134
3304704 3327621 22917
3302813 3329865 27052
3319398 3330327 10929
3321707 3330855 9148
3291477 3332208 40731
3296999 3332571 35572
3326095 3332967 6872
3320350 3333198 12848
3314221 3333627 19406
3314085 3334650 20565
3309524 3334914 25390
3311185 3335970 24785
3311641 3336564 24923
3325261 3337059 11798
3318904 3337092 18188
3321860 3337092 15232
3321545 3340161 18616
3309044 3341547 32503
3319862 3343296 23434
3317729 3343791 26062
3338787 3345045 6258
3309023 3345111 36088
3324411 3345540 21129
3319928 3346992 27064
3324100 3347025 22925
3334615 3347586 12971
3332826 3348048 15222
3340507 3351678 11171
3334811 3355044 20233
3329684 3355440 25756
3336367 3355968 19601
3333444 3357486 24042
3343131 3359169 16038
3351769 3360060 8291
3348714 3361413 12699
3353612 3362766 9154
3345447 3364614 19167
3341470 3364779 23309
3349010 3365010 16000
3353555 3365406 11851
3354239 3368541 14302
3365700 3372303 6603
3358419 3373293 14874
3338244 3374778 36534
3366440 3375999 9559
3358674 3376791 18117
3368663 3377220 8557
3351472 3377979 26507
3372082 3379332 7250
3368133 3381213 13080
3371256 3382599 11343
3361716 3383094 21378
3359463 3383127 23664
3375477 3383886 8409
3365540 3384645 19105
3369303 3385734 16431
3377633 3387285 9652
3379289 3388308 9019
3363968 3389034 25066
3368744 3389397 20653
3367091 3390486 23395
3374448 3391542 17094
3376981 3392070 15089
3367505 3392103 24598
3360186 3392763 32577
3366388 3393126 26738
3370774 3393687 22913
3357186 3394776 37590
3378425 3396294 17869
3380959 3396591 15632
3384151 3396921 12770
3384421 3397680 13259
3389125 3398472 9347
3384481 3399990 15509
3379745 3400914 21169
3387964 3401343 13379
3395740 3402597 6857
3386683 3402630 15947
3359691 3404049 44358
3380659 3404841 24182
3381136 3405633 24497
3381271 3407118 25847
3381974 3407151 25177
3389158 3408042 18884
3380419 3408339 27920
3390567 3408570 18003
3371035 3408867 37832
3399446 3411309 11863
3399462 3411870 12408
3399729 3412464 12735
3389306 3413520 24214
3396659 3414840 18181
3399269 3416127 16858
3403775 3419295 15520
3398463 3419724 21261
3402356 3420483 18127
3406728 3420846 14118
3394746 3422562 27816
3407790 3423288 15498
3379280 3423585 44305
3395757 3424146 28389
3414427 3425796 11369
3416019 3426357 10338
3402255 3427215 24960
3409250 3427974 18724
3423134 3430713 7579
3411982 3431472 19490
3419634 3432132 12498
3425353 3433254 7901
3419816 3433320 13504
3400866 3433683 32817
3398393 3434343 35950
3412992 3434739 21747
3413387 3436455 23068
3412485 3437577 25092
3420284 3438105 17821
3419425 3440514 21089
3432851 3441405 8554
3431562 3441933 10371
3423870 3445002 21132
3426595 3445497 18902
3430691 3445629 14938
3434788 3446058 11270
3426482 3447048 20566
3421958 3447378 25420
3412335 3448071 35736
3419203 3448764 29561
3437135 3448863 11728
3423901 3449259 25358
3420765 3449325 28560
3429258 3450084 20826
3430455 3450678 20223
3443856 3451140 7284
3431359 3451800 20441
3434367 3451833 17466
3422602 3452031 29429
3438043 3452493 14450
3431678 3453054 21376
3443225 3454143 10918
3439706 3454935 15229
3443091 3455496 12405
3445180 3456321 11141
3437020 3457806 20786
3446624 3459390 12766
3431261 3459456 28195
3436238 3460017 23779
3430194 3460413 30219
3441639 3462987 21348
3453003 3463185 10182
3443547 3466452 22905
3448570 3467970 19400
3461074 3468300 7226
3446115 3471171 25056
3446989 3472458 25469
3454604 3473481 18877
3447221 3475560 28339
3454141 3475659 21518
3469938 3476550 6612
3453553 3481599 28046
3464134 3481929 17795
3476888 3483612 6724
3473183 3484470 11287
3462256 3485295 23039
3463566 3485328 21762
3478235 3487077 8842
3479333 3487671 8338
3460216 3488496 28280
3457069 3488529 31460
3476493 3490080 13587
3469934 3490773 20839
3476628 3495360 18732
3487377 3498165 10788
3468385 3499386 31001
3479750 3499485 19735
3483463 3499980 16517
3490668 3500904 10236
3491973 3501168 9195
3482918 3503214 20296
3473538 3504105 30567
3487021 3504534 17513
3485260 3506415 21155
3489219 3506943 17724
3498504 3507339 8835
3492899 3510144 17245
3494447 3510936 16489
3506162 3512784 6622
3495983 3513345 17362
3504122 3514566 10444
3509328 3515589 6261
3500955 3516711 15756
3510139 3517899 7760
3511327 3520407 9080
3514474 3523872 9398
3500914 3524334 23420
3517416 3524466 7050
3507064 3524862 17798
3511409 3526182 14773
3517737 3527535 9798
3512559 3527964 15405
3508739 3529383 20644
3511943 3529878 17935
3512827 3531198 18371
3526344 3535950 9606
3529472 3536082 6610
3521766 3537699 15933
3524310 3537765 13455
3523760 3538194 14434
3524822 3538689 13867
3518512 3540141 21629
3528933 3540834 11901
3530956 3541296 10340
3527087 3541791 14704
3534159 3541824 7665
3529370 3543375 14005
3524363 3544167 19804
3524734 3548985 24251
3527086 3550767 23681
3543619 3551196 7577
3539718 3551823 12105
3545404 3552021 6617
3547085 3553671 6586
3547808 3554067 6259
3539872 3554298 14426
3536478 3557004 20526
3550986 3557598 6612
3532728 3558192 25464
3543476 3559974 16498
3552064 3561426 9362
3555642 3564099 8457
3558274 3564957 6683
3558554 3565221 6667
3546099 3568125 22026
3548665 3571227 22562
3559095 3572547 13452
3559419 3573966 14547
3568235 3575253 7018
3553813 3575319 21506
3565915 3576936 11021
3565125 3578916 13791
3560176 3580830 20654
3572210 3580830 8620
3562111 3582150 20039
3576993 3583932 6939
3572214 3584295 12081
3570894 3587001 16107
3570309 3587496 17187
3573378 3588156 14778
3569451 3588189 18738
3581869 3588684 6815
3561304 3591423 30119
3578775 3591753 12978
3579701 3592314 12613
3574602 3593469 18867
3583119 3594360 11241
3562023 3595515 33492
3578995 3595911 16916
3583914 3596208 12294
3580277 3596472 16195
3590561 3596802 6241
3576310 3596967 20657
3569126 3598881 29755
3582656 3600762 18106
3583699 3602841 19142
3596821 3603072 6251
3582721 3603501 20780
3583940 3603501 19561
3577212 3606042 28830
3587833 3609177 21344
3592932 3611883 18951
3586986 3612114 25128
3597358 3612444 15086
3587865 3615150 27285
3597814 3615480 17666
