3958 10197 6239
509 11385 10876
6187 13200 7013
3986 17193 13207
7811 18249 10438
14824 25212 10388
16490 27390 10900
15935 28182 12247
17528 29997 12469
18648 34287 15639
30732 36993 6261
28622 39501 10879
34564 43626 9062
33164 44088 10924
39746 46068 6322
33901 48675 14774
40202 51084 10882
41584 51777 10193
41051 54978 13927
49389 55638 6249
44948 55770 10822
46891 61446 14555
55524 61776 6252
46085 62172 16087
48061 62337 14276
57567 63954 6387
58598 64911 6313
59013 67749 8736
58654 69168 10514
55575 70917 15342
63423 71412 7989
70944 77616 6672
63642 78045 14403
74683 83886 9203
71170 84480 13310
68937 87054 18117
72295 87549 15254
87064 93324 6260
87727 93885 6158
82517 95832 13315
84517 96525 12008
80176 96888 16712
84509 100749 16240
78585 101211 22626
95900 102168 6268
88666 103554 14888
96578 103587 7009
89118 104346 15228
102852 109098 6246
103674 109989 6315
105741 112365 6624
106952 113256 6304
103873 115104 11231
104632 115896 11264
104961 116721 11760
94328 117282 22954
112283 118767 6484
104355 119031 14676
114854 121506 6652
108078 121968 13890
118762 125070 6308
109186 128271 19085
115416 130152 14736
115655 135465 19810
123182 137676 14494
133064 139689 6625
122773 140382 17609
127991 141009 13018
134155 141240 7085
135028 144111 9083
135128 144639 9511
139438 146520 7082
127987 148203 20216
131424 148731 17307
133077 149721 16644
135258 150150 14892
134141 150843 16702
138022 151899 13877
126561 153351 26790
147634 153879 6245
155499 161832 6333
153159 164043 10884
147559 164241 16682
160034 166683 6649
158740 169290 10550
154213 170577 16364
145551 170907 25356
150478 170973 20495
155859 172260 16401
149209 172854 23645
168508 174768 6260
157494 176022 18528
161431 177408 15977
173246 179883 6637
161638 181665 20027
168207 182853 14646
172669 183876 11207
177588 184602 7014
178724 185790 7066
182926 189189 6263
171747 190014 18267
178965 190542 11577
177871 190674 12803
179616 190938 11322
180836 192291 11455
185101 195360 10259
183490 197076 13586
191539 197802 6263
179893 197835 17942
180129 198858 18729
192056 199221 7165
186757 199716 12959
194966 201597 6631
188949 203049 14100
197239 203478 6239
191664 203577 11913
185319 205491 20172
190266 205557 15291
184655 206415 21760
202064 210243 8179
192972 212322 19350
194321 212850 18529
198624 213312 14688
209175 215787 6612
201188 216744 15556
212206 218823 6617
204152 219186 15034
202100 219648 17548
214534 221661 7127
216401 222882 6481
212559 224862 12303
213517 225390 11873
219591 225918 6327
219240 225984 6744
202126 226083 23957
217124 229086 11962
202960 229185 26225
208616 229284 20668
206874 229746 22872
219965 233046 13081
222444 233409 10965
214822 235092 20270
231280 237963 6683
234925 241230 6305
222478 242550 20072
235108 243342 8234
226984 244398 17414
227532 244992 17460
217540 245751 28211
237283 246114 8831
240837 247500 6663
230817 248457 17640
243497 249744 6247
225981 250767 24786
227233 251460 24227
239330 251526 12196
240959 251790 10831
228734 251922 23188
243274 253374 10100
239980 255123 15143
238749 255651 16902
242086 256509 14423
238429 257202 18773
244016 257994 13978
252685 260304 7619
253724 263307 9583
244848 263967 19119
257796 264363 6567
250020 264429 14409
256080 266805 10725
258099 268752 10653
261468 268983 7515
254226 271722 17496
255960 272943 16983
266726 272976 6250
257963 273504 15541
253540 274824 21284
244827 274923 30096
255733 275979 20246
262465 276342 13877
265758 280698 14940
269533 280797 11264
275674 282909 7235
277369 283998 6629
277584 284163 6579
277362 286902 9540
269461 287925 18464
276799 290664 13865
287485 293733 6248
286811 295713 8902
289814 296142 6328
289760 301455 11695
298119 304359 6240
290542 305085 14543
298184 305778 7594
298264 306306 8042
296063 307329 11266
286765 309672 22907
303054 310068 7014
298931 312246 13315
298414 312411 13997
296639 314820 18181
301225 316008 14783
295272 318021 22749
298570 318582 20012
312086 319176 7090
309690 321684 11994
310001 324753 14752
315181 328449 13268
321693 330891 9198
301860 331155 29295
321132 331947 10815
318158 334092 15934
318601 335181 16580
316001 337293 21292
316001 337821 21820
334154 340395 6241
324343 341121 16778
330287 341154 10867
325689 341682 15993
336801 342969 6168
336111 343134 7023
336846 343266 6420
337667 345147 7480
322326 345180 22854
335950 347523 11573
341869 348117 6248
339932 350658 10726
341004 353364 12360
351862 358545 6683
352228 358545 6317
348686 360459 11773
352780 361251 8471
346763 361911 15148
350079 363330 13251
344798 364452 19654
350897 364947 14050
346555 365112 18557
363723 369963 6240
366210 373395 7185
364379 375837 11458
362438 379005 16567
366087 379632 13545
367099 379896 12797
369435 380127 10692
369269 380424 11155
376233 383295 7062
370363 383394 13031
374586 383658 9072
373632 384384 10752
377186 386661 9475
380557 386892 6335
366128 387981 21853
377084 389400 12316
373611 391182 17571
382988 392073 9085
374071 392172 18101
368954 392601 23647
371350 392997 21647
373610 393591 19981
388307 394548 6241
375033 397023 21990
381822 398574 16752
387806 399762 11956
390149 400851 10702
386516 403920 17404
395650 406857 11207
400125 409563 9438
396320 410091 13771
393327 412434 19107
395858 412797 16939
389649 413358 23709
409617 415866 6249
405235 416064 10829
402078 417087 15009
394227 419793 25566
411439 420519 9080
399571 420816 21245
405985 421905 15920
414817 422895 8078
403745 423423 19678
404721 423951 19230
404994 424413 19419
415424 424644 9220
398320 425073 26753
411025 425106 14081
420307 426690 6383
402647 427779 25132
419185 430320 11135
418653 430386 11733
406375 433125 26750
426817 433488 6671
423842 435336 11494
430252 436854 6602
432197 438570 6373
417134 439230 22096
426959 442200 15241
426907 443223 16316
433597 443685 10088
438556 445170 6614
423137 446424 23287
424477 446787 22310
425309 446985 21676
406363 447216 40853
413329 447876 34547
418280 448437 30157
437466 451143 13677
435695 451473 15778
436109 453519 17410
439564 456720 17156
442060 457215 15155
443187 457974 14787
443279 458205 14926
443605 460614 17009
455155 461406 6251
441940 462033 20093
435818 463815 27997
447888 465267 17379
441164 466191 25027
460890 469326 8436
454712 469392 14680
459098 469491 10393
465436 472131 6695
448748 472461 23713
469278 475530 6252
459398 476718 17320
459528 476784 17256
457389 479985 22596
465722 481536 15814
467940 482691 14751
478212 484836 6624
475017 486816 11799
471534 487113 15579
475179 488631 13452
463004 489522 26518
480362 489720 9358
470373 489918 19545
483914 491469 7555
481761 492492 10731
486246 492492 6246
471394 495561 24167
489855 496485 6630
483234 496980 13746
492919 499158 6239
485459 500082 14623
483136 500181 17045
490040 504603 14563
486450 505032 18582
495169 507573 12404
501512 508200 6688
503895 510213 6318
500617 510642 10025
495623 510906 15283
501054 512259 11205
494622 513348 18726
498444 513645 15201
507216 516219 9003
508042 516813 8771
511517 517968 6451
512432 518892 6460
503165 520344 17179
510551 521895 11344
501516 523908 22392
510903 524205 13302
515148 524964 9816
502905 527109 24204
502434 527538 25104
506110 528165 22055
513137 529287 16150
520503 529815 9312
511177 530904 19727
525314 533082 7768
524662 533478 8816
523170 534501 11331
520270 536283 16013
512484 536349 23865
521015 537702 16687
515071 539550 24479
533368 539616 6248
530325 542619 12294
532147 543180 11033
524474 543741 19267
532083 544632 12549
534538 546018 11480
536955 551067 14112
540757 551100 10343
529496 552288 22792
530347 552981 22634
537261 553674 16413
538351 554235 15884
534808 554367 19559
539249 557337 18088
544253 562254 18001
553048 564234 11186
548334 564861 16527
548963 566049 17086
560347 570537 10190
562033 571824 9791
555372 573243 17871
561135 574794 13659
568356 576972 8616
571522 577764 6242
557791 578655 20864
564692 578655 13963
567278 579942 12664
568940 581922 12982
576470 587730 11260
576277 588093 11816
578632 589776 11144
579006 590337 11331
567516 590799 23283
580126 590997 10871
584450 592779 8329
586493 593109 6616
588640 594891 6251
584537 597927 13390
589192 600171 10979
586670 600336 13666
594080 600765 6685
589938 600864 10926
590046 603900 13854
602127 608751 6624
602435 609048 6613
599346 610137 10791
605456 611721 6265
604562 615384 10822
609187 615450 6263
607962 616308 8346
603808 617562 13754
605197 618057 12860
607142 618090 10948
613375 620004 6629
616565 623172 6607
612854 623733 10879
612718 624492 11774
617629 628023 10394
623504 629970 6466
617365 631059 13694
625452 632478 7026
626394 633072 6678
621865 633666 11801
624191 634623 10432
629500 636174 6674
632813 639441 6628
632464 639804 7340
630686 641454 10768
634999 642411 7412
630144 643500 13356
634930 646404 11474
640236 647790 7554
631020 648549 17529
628073 649836 21763
642975 650694 7719
647120 653730 6610
636387 653895 17508
632998 654258 21260
635886 655644 19758
643536 656700 13164
638669 657492 18823
645480 662079 16599
652511 662475 9964
641452 663894 22442
647903 664125 16222
656651 664653 8002
658324 665445 7121
644615 666336 21721
660912 667161 6249
652523 667524 15001
659704 669042 9338
651002 672573 21571
653802 673101 19299
662814 675147 12333
661390 678315 16925
661790 679866 18076
662537 680394 17857
670444 681120 10676
662895 682803 19908
670129 684123 13994
669272 685047 15775
659912 685146 25234
676763 687951 11188
679336 688512 9176
672179 692109 19930
674098 692274 18176
684025 694881 10856
676831 696927 20096
679504 697488 17984
686504 698346 11842
689119 699633 10514
689741 700194 10453
692733 700854 8121
691067 701052 9985
691640 702009 10369
700242 706860 6618
701990 708609 6619
698470 709104 10634
702603 709203 6600
703804 710127 6323
690379 712206 21827
705229 712206 6977
703992 714450 10458
699591 714549 14958
708007 721776 13769
716067 722700 6633
717039 723360 6321
709154 725868 16714
725038 731280 6242
717661 732171 14510
719007 733062 14055
723052 734382 11330
724668 736461 11793
719839 738375 18536
722085 739200 17115
728145 739200 11055
729778 742236 12458
730395 742632 12237
724468 743358 18890
733211 747648 14437
734380 753456 19076
747119 753522 6403
744224 755106 10882
748059 755898 7839
744421 756261 11840
749307 758604 9297
751730 761574 9844
751796 762168 10372
756106 765303 9197
758677 765303 6626
755563 767943 12380
746759 768009 21250
753638 768570 14932
752761 774048 21287
757655 774543 16888
767959 774576 6617
761893 775104 13211
770791 777810 7019
766953 781572 14619
775670 781935 6265
775737 782364 6627
772710 783090 10380
782268 788898 6630
783967 790779 6812
784521 791505 6984
779377 794112 14735
781966 799689 17723
789667 800580 10913
784591 802890 18299
796392 803055 6663
794125 803319 9194
793519 803979 10460
798137 805035 6898
798143 805563 7420
789504 806025 16521
801006 809622 8616
793632 810216 16584
803997 810381 6384
801319 813945 12626
799942 817740 17798
802599 817839 15240
804934 817905 12971
805308 818829 13521
805612 819159 13547
808319 819720 11401
813127 821766 8639
807428 821832 14404
816974 823845 6871
809891 824736 14845
801184 826089 24905
823874 830676 6802
817253 831303 14050
821700 833283 11583
820254 834405 14151
817908 835230 17322
811587 836352 24765
818346 837111 18765
831691 837936 6245
821303 839058 17755
827280 841665 14385
837990 844404 6414
829006 844635 15629
839733 845988 6255
829865 847341 17476
833935 848364 14429
836552 851301 14749
849964 856581 6617
850223 860607 10384
855262 862686 7424
853368 864237 10869
856963 867834 10871
863594 870441 6847
858259 870507 12248
863861 870969 7108
860846 872982 12136
854542 873147 18605
865277 873576 8299
867908 875028 7120
863299 875391 12092
866842 876711 9869
866427 877635 11208
867533 878130 10597
868032 878724 10692
863322 880572 17250
874081 881166 7085
873773 883674 9901
870423 886116 15693
869783 886281 16498
879197 888888 9691
882627 889251 6624
879507 889878 10371
872394 891990 19596
870785 892518 21733
879595 893310 13715
890647 897270 6623
885561 900174 14613
893704 902022 8318
886437 903177 16740
894671 905553 10882
899761 906378 6617
891347 909117 17770
898898 909678 10780
899447 911658 12211
906370 913803 7433
908289 914364 6075
908399 914727 6328
905295 916443 11148
900760 917565 16805
903523 918093 14570
905930 918456 12526
907016 918588 11572
911949 918951 7002
912751 920997 8246
912986 921063 8077
914907 921591 6684
915611 921690 6079
908661 922020 13359
911678 924627 12949
909113 925155 16042
916905 926904 9999
920866 927564 6698
911456 927894 16438
922205 928455 6250
912400 930798 18398
918393 933603 15210
922776 933933 11157
927759 934494 6735
930097 936144 6047
921856 937596 15740
934375 940566 6191
925887 943866 17979
931504 944592 13088
934092 944922 10830
928103 947001 18898
927694 947331 19637
927832 947859 20027
927383 948321 20938
930942 948420 17478
926798 948948 22150
942869 949113 6244
938437 949707 11270
943706 949773 6067
925981 952215 26234
947743 953997 6254
930006 956835 26829
951885 958485 6600
947793 958518 10725
952783 959442 6659
955098 964788 9690
955684 965349 9665
956060 966042 9982
964110 971124 7014
955027 971718 16691
954538 972147 17609
967024 973665 6641
962369 975282 12913
972286 978912 6626
973200 979803 6603
973410 980331 6921
960670 980958 20288
975928 983103 7175
965320 988878 23558
971902 989901 17999
976498 991584 15086
981312 992079 10767
979674 992112 12438
979041 992904 13863
987560 994224 6664
985372 996765 11393
989235 997260 8025
983033 997986 14953
987039 997986 10947
982739 1000329 17590
981862 1000461 18599
994389 1000626 6237
985802 1001814 16012
980964 1004949 23985
995723 1007952 12229
988964 1009008 20044
990787 1010823 20036
1003939 1010922 6983
1000096 1012770 12674
1002047 1013760 11713
1008717 1014981 6264
996181 1015707 19526
1001298 1016235 14937
995994 1019469 23475
1000145 1021053 20908
1009713 1022076 12363
1006513 1022406 15893
1009958 1022934 12976
1008581 1023297 14716
1022061 1028676 6615
1009592 1028973 19381
1022000 1030524 8524
1010173 1030788 20615
1011170 1031019 19849
1025711 1032009 6298
1023863 1033956 10093
1026696 1035672 8976
1023404 1038906 15502
1021997 1039005 17008
1025338 1039335 13997
1021633 1040523 18890
1019909 1042107 22198
1025885 1042668 16783
1025902 1043262 17360
1029924 1046331 16407
1020904 1046463 25559
1025214 1046892 21678
1028797 1046925 18128
1031564 1047354 15790
1046047 1052304 6257
1048890 1055142 6252
1044442 1057914 13472
1042455 1059036 16581
1043585 1061379 17794
1055436 1062039 6603
1056341 1063425 7084
1050143 1065933 15790
1060857 1067484 6627
1056795 1067550 10755
1056922 1068243 11321
1065340 1071609 6269
1066431 1072698 6267
1069130 1075734 6604
1067406 1078242 10836
1065210 1078671 13461
1065964 1079826 13862
1071821 1081377 9556
1073215 1084347 11132
1072787 1087548 14761
1069141 1088703 19562
1080087 1090254 10167
1079848 1090980 11132
1072343 1091343 19000
1075335 1092069 16734
1075375 1093653 18278
1082888 1093950 11062
1073010 1094544 21534
1080485 1094940 14455
1074425 1095105 20680
1090876 1097877 7001
1081892 1098339 16447
1086491 1101012 14521
1088244 1101408 13164
1095252 1102002 6750
1090276 1105665 15389
1095584 1106028 10444
1099427 1110153 10726
1089484 1111506 22022
1105368 1111968 6600
1095977 1113420 17443
1104826 1114113 9287
1095518 1118898 23380
1116114 1122297 6183
1108777 1123650 14873
1107245 1125366 18121
1113739 1127346 13607
1109108 1128567 19459
1114060 1129128 15068
1121011 1129920 8909
1119897 1130778 10881
1118015 1135167 17152
1125582 1135959 10377
1114303 1136916 22613
1131283 1137972 6689
1132418 1138665 6247
1131720 1142988 11268
1120843 1143186 22343
1129217 1143648 14431
1132766 1145496 12730
1140235 1146486 6251
1137541 1147344 9803
1141504 1148169 6665
1130116 1151205 21089
1146919 1153581 6662
1142489 1154241 11752
1144760 1155165 10405
1136521 1157343 20822
1140664 1157937 17273
1153121 1159950 6829
1141876 1161072 19196
1150932 1161072 10140
1135417 1161138 25721
1155345 1162326 6981
1149409 1167408 17999
1161603 1168266 6663
1149701 1169091 19390
1160796 1170147 9351
1153375 1170180 16805
1159751 1171434 11683
1167231 1173480 6249
1162183 1175130 12947
1157219 1177044 19825
1167253 1178100 10847
1172192 1178694 6502
1173303 1179387 6084
1161808 1181433 19625
1167333 1183644 16311
1169738 1183644 13906
1179077 1186086 7009
1184660 1190904 6244
1176577 1191432 14855
1177189 1194963 17774
1188588 1195194 6606
1182776 1197471 14695
1185980 1201299 15319
1198872 1205589 6717
1190788 1208658 17870
1198934 1211166 12232
1198370 1211727 13357
1190654 1214235 23581
1207638 1214301 6663
1208977 1215324 6347
1192658 1216149 23491
1205641 1217964 12323
1209441 1218855 9414
1200424 1220802 20378
1204580 1220835 16255
1205792 1221363 15571
1207468 1223343 15875
1216737 1223442 6705
1217561 1224234 6673
1210462 1227435 16973
1217316 1228623 11307
1214746 1230702 15956
1218241 1230801 12560
1227539 1234167 6628
1219760 1234299 14539
1213777 1234662 20885
1228257 1234794 6537
1221628 1236543 14915
1227383 1237368 9985
1217878 1237896 20018
1219219 1238490 19271
1218916 1239249 20333
1233020 1239414 6394
1225729 1242054 16325
1232258 1242516 10258
1228229 1243110 14881
1232132 1243836 11704
1234000 1245123 11123
1232600 1245849 13249
1234324 1246476 12152
1236572 1249644 13072
1240157 1251261 11104
1228244 1252548 24304
1233851 1252779 18928
1247032 1253637 6605
1235607 1253901 18294
1242173 1256013 13840
1244322 1258719 14397
1254046 1260105 6059
1254899 1261524 6625
1254998 1261623 6625
1256688 1263273 6585
1257961 1268850 10889
1258268 1269147 10879
1258615 1269642 11027
1253474 1269741 16267
1263417 1272249 8832
1266603 1272843 6240
1269195 1275879 6684
1265088 1275945 10857
1269537 1278552 9015
1275926 1282182 6256
1275948 1282281 6333
1278268 1284921 6653
1271035 1287429 16394
1276009 1288320 12311
1274675 1288617 13942
1273412 1290366 16954
1279807 1291686 11879
1271880 1294128 22248
1278426 1294590 16164
1272190 1294821 22631
1282135 1297428 15293
1286517 1297956 11439
1290886 1300134 9248
1279937 1300431 20494
1295795 1302708 6913
1275384 1303236 27852
1299208 1305447 6239
1285977 1305942 19965
1287441 1306998 19557
1291020 1307559 16539
1293497 1307592 14095
1297299 1308681 11382
1290707 1310628 19921
1305234 1312872 7638
1306480 1313433 6953
1300925 1319406 18481
1304598 1320033 15435
1306784 1322145 15361
1311098 1322145 11047
1316093 1324785 8692
1319739 1326369 6630
1309308 1326732 17424
1321742 1328349 6607
1310829 1328943 18114
1318340 1329240 10900
1315466 1329471 14005
1313364 1333860 20496
1327276 1333893 6617
1316243 1334388 18145
1327287 1334421 7134
1326943 1334784 7841
1330500 1336764 6264
1325464 1337457 11993
1324243 1341318 17075
1331448 1342407 10959
1339451 1345707 6256
1328582 1346763 18181
1330331 1347819 17488
1333035 1347819 14784
1338528 1349535 11007
1340670 1350888 10218
1340524 1351350 10826
1344804 1352208 7404
1334091 1353594 19503
1345967 1354650 8683
1337408 1356102 18694
1351548 1357587 6039
1339521 1358907 19386
1344240 1359468 15228
1346492 1359600 13108
1342552 1363197 20645
1356927 1364979 8052
1348135 1366596 18461
1349233 1366695 17462
1350677 1368180 17503
1352486 1368609 16123
1362071 1368708 6637
1360498 1369335 8837
1355166 1370061 14895
1355326 1370193 14867
1359985 1370622 10637
1355970 1371216 15246
1364362 1373889 9527
1361133 1373955 12822
1364712 1378443 13731
1368032 1378971 10939
1357772 1380258 22486
1362680 1384053 21373
1375705 1384548 8843
1374075 1385439 11364
1363463 1386066 22603
1377644 1386726 9082
1363668 1387452 23784
1374937 1388574 13637
1369872 1388772 18900
1382905 1389564 6659
1375995 1390983 14988
1379218 1391775 12557
1392563 1399365 6802
1393980 1400289 6309
1387879 1401444 13565
1386859 1401477 14618
1390699 1401873 11174
1391895 1402434 10539
1388497 1403028 14531
1385139 1404645 19506
1386301 1404678 18377
1398573 1404810 6237
1389620 1405206 15586
1402674 1409298 6624
1398162 1412499 14337
1404837 1415205 10368
1398531 1415337 16806
1409264 1415865 6601
1401761 1417746 15985
1403248 1419231 15983
1411259 1420485 9226
1401259 1421475 20216
1413189 1421871 8682
1415529 1422399 6870
1401975 1422828 20853
1415851 1423983 8132
1411297 1429296 17999
1414966 1429791 14825
1413257 1431045 17788
1420828 1432497 11669
1409852 1432629 22777
1423087 1433883 10796
1405976 1435335 29359
1414734 1435962 21228
1430555 1437843 7288
1431185 1438338 7153
1415928 1439691 23763
1423406 1441572 18166
1428255 1443981 15726
1421732 1445664 23932
1433836 1447149 13313
1438990 1448733 9743
1442150 1449294 7144
1443146 1449459 6313
1437264 1452000 14736
1443780 1454607 10827
1443441 1459788 16347
1449212 1461372 12160
1451302 1462164 10862
1456146 1463154 7008
1455446 1463880 8434
1450012 1464309 14297
1457710 1465134 7424
1460526 1466982 6456
1460227 1470612 10385
1460436 1471173 10737
1458245 1474143 15898
1454053 1474209 20156
1463198 1474539 11341
1470410 1478004 7594
1458712 1478994 20282
1473862 1480611 6749
1470379 1480710 10331
1471235 1481238 10003
1465510 1483119 17609
1469977 1484439 14462
1470297 1485000 14703
1475665 1486848 11183
1483032 1491105 8073
1477293 1491303 14010
1486289 1492590 6301
1484120 1494570 10450
1486489 1495593 9104
1469742 1495791 26049
1481358 1496880 15522
1480194 1497705 17511
1483782 1497837 14055
1484047 1498992 14945
1489264 1501434 12170
1491378 1501830 10452
1497593 1503843 6250
1495899 1504932 9033
1490832 1506285 15453
1492256 1507143 14887
1502342 1508958 6616
1499870 1510179 10309
1501208 1511862 10654
1491661 1515690 24029
1504671 1515756 11085
1506150 1516416 10266
1506339 1517076 10737
1501463 1517109 15646
1515581 1521828 6247
1511948 1523214 11266
1511069 1524798 13729
1510765 1527900 17135
1519401 1528626 9225
1518708 1530408 11700
1519688 1530903 11215
1520493 1531761 11268
1513182 1532652 19470
1531777 1538031 6254
1531137 1538130 6993
1523081 1538163 15082
1532880 1540341 7461
1535170 1541826 6656
1536374 1542981 6607
1527412 1543542 16130
1529298 1544136 14838
1538709 1546413 7704
1540740 1551264 10524
1544708 1551330 6622
1539031 1553376 14345
1544435 1554333 9898
1547699 1555917 8218
1540838 1558194 17356
1545730 1559118 13388
1546847 1561131 14284
1551872 1561824 9952
1560414 1566675 6261
1551123 1567071 15948
1548271 1567533 19262
1548494 1568754 20260
1561446 1571130 9684
1552521 1571493 18972
1565768 1572384 6616
1559363 1573902 14539
1562126 1574100 11974
1558266 1574496 16230
1554259 1574892 20633
1564736 1577070 12334
1567451 1577598 10147
1561056 1580337 19281
1564841 1581393 16552
1572940 1582119 9179
1555627 1583208 27581
1561855 1584759 22904
1578763 1585023 6260
1578946 1585188 6242
1574653 1586343 11690
1572387 1587036 14649
1581948 1589049 7101
1573221 1591029 17808
1577067 1592019 14952
1586756 1594164 7408
1578288 1595748 17460
1582608 1597332 14724
1577443 1597365 19922
1588437 1598223 9786
1591608 1598751 7143
1591222 1600038 8816
1570914 1601028 30114
1582899 1601490 18591
1590551 1601820 11269
1584892 1602018 17126
1593742 1602414 8672
1589437 1604559 15122
1598966 1605582 6616
1584299 1607925 23626
1591319 1609608 18289
1595544 1611159 15615
1605638 1612281 6643
1606929 1615812 8883
1606840 1618452 11612
1611635 1621158 9523
1615689 1621950 6261
1609367 1623237 13870
1608720 1624128 15408
1612825 1624425 11600
1610639 1626834 16195
1618525 1626867 8342
1620962 1627230 6268
1621030 1628880 7850
1623215 1629804 6589
1611525 1633104 21579
1621653 1633632 11979
1621938 1638285 16347
1624316 1639440 15124
1628749 1639440 10691
1631094 1642971 11877
1637501 1644126 6625
1632365 1647063 14698
1633490 1647822 14332
1642583 1648911 6328
1641269 1650528 9259
1644294 1653399 9105
1634724 1654653 19929
1648003 1654818 6815
1638743 1655280 16537
1642722 1655940 13218
1647081 1657953 10872
1652722 1659471 6749
1648631 1661946 13315
1657036 1663497 6461
1652509 1663728 11219
1656286 1667160 10874
1659122 1670163 11041
1660344 1673100 12756
1666819 1673133 6314
1670333 1676598 6265
1658047 1678941 20894
1667018 1679898 12880
1673838 1680492 6654
1668168 1682802 14634
1676755 1683363 6608
1674044 1685046 11002
1682199 1688808 6609
1677190 1689039 11849
1676144 1690062 13918
1679760 1691481 11721
1686000 1693131 7131
1683030 1694319 11289
1685584 1696926 11342
1690538 1697157 6619
1691461 1699401 7940
1693182 1699929 6747
1690783 1700127 9344
1693593 1700358 6765
1689917 1702899 12982
1687245 1703064 15819
1689436 1703097 13661
1683008 1703163 20155
1693454 1704087 10633
1692798 1705671 12873
1677715 1706793 29078
1690255 1707057 16802
1686060 1707552 21492
1692468 1708674 16206
1702205 1709367 7162
1700072 1711017 10945
1705445 1711743 6298
1702386 1711974 9588
1702873 1712106 9233
1705938 1712238 6300
1704522 1714086 9564
1701614 1716000 14386
1700286 1718343 18057
1713492 1720092 6600
1711698 1721049 9351
1711037 1722600 11563
1713794 1728045 14251
1722471 1728738 6267
1719612 1730916 11304
1717409 1732434 15025
1726086 1732698 6612
1725150 1733556 8406
1731209 1737450 6241
1722601 1739034 16433
1735051 1745337 10286
1733704 1748142 14438
1737360 1748538 11178
1742339 1748934 6595
1739979 1754379 14400
1748203 1754874 6671
1748736 1755402 6666
1742212 1758603 16391
1752442 1758702 6260
1753373 1759626 6253
1753992 1760649 6657
1747226 1761804 14578
1750625 1764873 14248
1756543 1767480 10937
1762153 1770780 8627
1761245 1772199 10954
1758064 1772694 14630
1767646 1774641 6995
1765448 1776192 10744
1771150 1777116 5966
1765826 1777314 11488
1771874 1777842 5968
1760653 1778469 17816
1769354 1780482 11128
1770453 1781043 10590
1775518 1782594 7076
1771708 1785795 14087
1773576 1786224 12648
1778145 1789359 11214
1765386 1789425 24039
1784477 1790811 6334
1779932 1790877 10945
1780364 1791240 10876
1774668 1793055 18387
1790286 1796916 6630
1792016 1799919 7903
1794125 1800447 6322
1786894 1801635 14741
1791370 1802625 11255
1795419 1804242 8823
1794650 1807377 12727
1796871 1809621 12750
1799041 1810149 11108
1800806 1813218 12412
1803462 1814340 10878
1809209 1816023 6814
1794835 1816419 21584
1812339 1818597 6258
1812855 1819488 6633
1813064 1820148 7084
1807387 1822161 14774
1813933 1822755 8822
1812441 1824768 12327
1804288 1825725 21437
1819547 1828563 9016
1808535 1828926 20391
1811973 1829685 17712
1817599 1829850 12251
1819515 1831038 11523
1823798 1832094 8296
1827176 1834140 6964
1815446 1834239 18793
1828724 1835328 6604
1828944 1836021 7077
1830106 1836747 6641
1825865 1838265 12400
1815926 1839057 23131
1823609 1839651 16042
1820088 1840179 20091
1833763 1843677 9914
1833356 1843776 10420
1837964 1844403 6439
1834105 1844799 10694
1844005 1850310 6305
1839748 1850475 10727
1845793 1852356 6563
1836836 1852620 15784
1839774 1853478 13704
1847288 1853544 6256
1838723 1854534 15811
1844758 1855227 10469
1844006 1855953 11947
1838018 1856679 18661
1851964 1858593 6629
1851444 1858791 7347
1848910 1859022 10112
1852874 1861695 8821
1858206 1864467 6261
1854125 1864995 10870
1859822 1866084 6262
1863028 1869021 5993
1862278 1872090 9812
1861948 1872750 10802
1871609 1878228 6619
1868441 1879317 10876
1874135 1884498 10363
1879929 1886544 6615
1880300 1887303 7003
1877562 1887930 10368
1885970 1892814 6844
1888102 1895289 7187
1883122 1896873 13751
1887100 1897962 10862
1884666 1898523 13857
1892278 1900107 7829
1886718 1901097 14379
1889064 1901889 12825
1883463 1901988 18525
1885293 1903506 18213
1893754 1904793 11039
1892146 1905618 13472
1899589 1906212 6623
1901143 1908258 7115
1902598 1909248 6650
1903196 1910271 7075
1893576 1910337 16761
1905462 1912020 6558
1904893 1915419 10526
1901342 1917465 16123
1903616 1918719 15103
1911611 1920237 8626
1903964 1921821 17857
1909843 1922712 12869
1919929 1927101 7172
1917986 1927959 9973
1915273 1930038 14765
1919279 1930170 10891
1905170 1930335 25165
1913771 1930863 17092
1909751 1931292 21541
1921358 1932051 10693
1921842 1932447 10605
1917752 1934790 17038
1924458 1936605 12147
1928824 1939707 10883
1933297 1940631 7334
1924766 1943832 19066
1938377 1945779 7402
1933019 1947033 14014
1931002 1947429 16427
1929134 1948254 19120
1930572 1948683 18111
1934720 1948914 14194
1933803 1953138 19335
1948715 1955514 6799
1942895 1957890 14995
1942729 1958715 15986
1947641 1959276 11635
1951591 1960893 9302
1951663 1961421 9758
1947287 1962246 14959
1956342 1962609 6267
1956454 1963038 6584
1960314 1967196 6882
1961655 1967922 6267
1957283 1969572 12289
1958080 1970232 12152
1962488 1972179 9691
1964572 1975017 10445
1964721 1984983 20262
1972736 1985247 12511
1968551 1987029 18478
1973287 1987095 13808
1966481 1987590 21109
1978155 1989042 10887
1981613 1990230 8617
1983442 1990725 7283
1984308 1991253 6945
1981545 1994058 12513
1982866 1998018 15152
1982890 2000394 17504
1988198 2003265 15067
1998964 2005575 6611
1996261 2007126 10865
1994288 2009040 14752
1998132 2012703 14571
2005203 2015343 10140
2003443 2015376 11933
2002248 2017323 15075
2011527 2018148 6621
2007478 2018214 10736
2010296 2020425 10129
2020929 2027553 6624
2021613 2028246 6633
2020124 2034549 14425
2027944 2034615 6671
2024399 2035770 11371
2025735 2037222 11487
2024080 2037585 13505
2031458 2037717 6259
2036328 2042568 6240
2037158 2043558 6400
2038023 2045571 7548
2032319 2047353 15034
2027957 2048244 20287
2039336 2050158 10822
2032887 2051478 18591
2045430 2052039 6609
2048389 2054646 6257
2048675 2058045 9370
2047743 2058474 10731
2049197 2058639 9442
2048114 2059431 11317
2054548 2065899 11351
2055693 2069100 13407
2065116 2071740 6624
2067812 2074116 6304
2058835 2075832 16997
2066102 2076591 10489
2067110 2077317 10207
2072895 2079495 6600
2073469 2080056 6587
2074024 2080650 6626
2070767 2080947 10180
2069961 2083125 13164
2070792 2083653 12861
2079017 2085633 6616
2077223 2085930 8707
2079165 2086458 7293
2085219 2091474 6255
2079126 2093883 14757
2087703 2093949 6246
2090296 2100681 10385
2103552 2109855 6303
2104130 2110746 6616
2104219 2112363 8144
2097476 2112957 15481
2102465 2116719 14254
2111009 2117247 6238
2106918 2117742 10824
2108788 2117775 8987
2109240 2118336 9096
2112158 2118930 6772
2116107 2122923 6816
2114479 2126124 11645
2107344 2126190 18846
2105824 2128005 22181
2114495 2128896 14401
2110571 2132361 21790
2118806 2133252 14446
2121100 2133780 12680
2127819 2134374 6555
2119754 2134704 14950
2125012 2138070 13058
2125097 2140611 15514
2128834 2140875 12041
2128580 2141007 12427
2134577 2141271 6694
2133927 2143680 9753
2128242 2143845 15603
2140401 2146716 6315
2119885 2148003 28118
2133645 2149290 15645
2133971 2149785 15814
2144248 2151732 7484
2137310 2152557 15247
2146774 2153382 6608
2142475 2154108 11633
2136872 2155230 18358
2149031 2156022 6991
2152829 2159091 6262
2150711 2161335 10624
2150735 2165097 14362
2159614 2165922 6308
2155103 2168925 13822
2163536 2170146 6610
2155286 2171367 16081
2166018 2173017 6999
2166861 2173116 6255
2172988 2179617 6629
2173444 2180112 6668
2165870 2181861 15991
2170591 2184501 13910
2167856 2185458 17602
2169387 2186910 17523
2181092 2189319 8227
2179141 2189880 10739
2184134 2190441 6307
2184590 2194962 10372
2184050 2195391 11341
2184708 2196051 11343
2179134 2197074 17940
2180183 2199219 19036
2189999 2202288 12289
2192285 2202849 10564
2196893 2203476 6583
2187230 2206149 18919
2200605 2207205 6600
2196740 2207601 10861
2194211 2211198 16987
2204968 2216676 11708
2206518 2216742 10224
2208873 2217501 8628
2207455 2217831 10376
2212594 2218854 6260
2213832 2222550 8718
2212468 2224563 12095
2210215 2225025 14810
2215713 2225091 9378
2208867 2225883 17016
2209498 2226444 16946
2214193 2226873 12680
2200830 2226906 26076
2211160 2228094 16934
2200148 2228193 28045
2212745 2228853 16108
2220336 2229942 9606
2207058 2231592 24534
2208278 2232153 23875
2225436 2232846 7410
2222566 2235387 12821
2227787 2235981 8194
2225142 2236575 11433
2232829 2239083 6254
2230401 2239611 9210
2220141 2241426 21285
2228613 2242812 14199
2223113 2246013 22900
2232139 2247102 14963
2221225 2248191 26966
2234211 2249016 14805
2226447 2250039 23592
2238923 2252910 13987
2235820 2253867 18047
2243499 2254329 10830
2240585 2255451 14866
2239889 2257035 17146
2249470 2260731 11261
2251486 2261226 9740
2252235 2261589 9354
2251789 2263041 11252
2253796 2263140 9344
2248745 2264790 16045
2250370 2265615 15245
2250484 2265813 15329
2262768 2269839 7071
2261100 2271918 10818
2259784 2272314 12530
2253890 2272512 18622
2260636 2275119 14483
2264827 2275218 10391
2268862 2275746 6884
2269522 2276274 6752
2264166 2278320 14154
2265254 2279178 13924
2274059 2280663 6604
2262600 2282313 19713
2278113 2286735 8622
2275736 2286834 11098
2280244 2286933 6689
2274864 2293665 18801
2282171 2296239 14068
2292845 2299110 6265
2291797 2299770 7973
2277955 2300694 22739
2287552 2301057 13505
2285493 2301090 15597
2294301 2303763 9462
2288722 2304819 16097
2285595 2305809 20214
2299481 2306172 6691
2301160 2307789 6629
2280638 2307888 27250
2291162 2308284 17122
2303112 2309769 6657
2303912 2310165 6253
2304736 2310792 6056
2300386 2316204 15818
2308396 2316864 8468
2308216 2318580 10364
2299988 2319141 19153
2313640 2320230 6590
2314124 2320758 6634
2305346 2320857 15511
2315088 2323035 7947
2302797 2323992 21195
2317825 2324454 6629
2305872 2324553 18681
2314885 2325840 10955
2319588 2328414 8826
2309012 2331351 22339
2325052 2331681 6629
2326414 2332671 6257
2327047 2333232 6185
2314929 2334090 19161
2321580 2335971 14391
2326664 2342175 15511
2334349 2342505 8156
2328749 2342637 13888
2333006 2344881 11875
2333159 2345013 11854
2334637 2345904 11267
2340011 2346333 6322
2339782 2346531 6749
2338746 2349633 10887
2343744 2349996 6252
2337819 2354748 16929
2348634 2354880 6246
2349227 2355837 6610
2346057 2357157 11100
2345749 2361942 16193
2356274 2362899 6625
2352679 2363625 10946
2350384 2364219 13835
2351087 2365539 14452
2351368 2366826 15458
2362802 2369367 6565
2352815 2369598 16783
2362198 2372568 10370
2363444 2374284 10840
2364905 2375703 10798
2370055 2376297 6242
2371275 2377518 6243
2369401 2378706 9305
2369129 2380422 11293
2375333 2381940 6607
2369943 2383458 13515
2373392 2385042 11650
2368179 2385207 17028
2368793 2386527 17734
2384030 2390553 6523
2377997 2392302 14305
2389006 2395041 6035
2382702 2395107 12405
2385727 2396493 10766
2389812 2397285 7473
2387439 2398176 10737
2381696 2400882 19186
2392604 2403489 10885
2390190 2405304 15114
2388106 2406459 18353
2389009 2407020 18011
2396160 2407383 11223
2408743 2415369 6626
2410175 2416788 6613
2405915 2420418 14503
2417511 2424114 6603
2418892 2425137 6245
2420587 2426952 6365
2421223 2427546 6323
2418890 2429691 10801
2416913 2431473 14560
2413484 2432397 18913
2427234 2433486 6252
2428451 2435532 7081
2428041 2438403 10362
2420720 2438667 17947
2433230 2440581 7351
2435120 2441736 6616
2435794 2442396 6602
2428712 2445300 16588
2435533 2446554 11021
2437916 2447775 9859
2435593 2450976 15383
2436866 2452890 16024
2435824 2454177 18353
2435848 2454705 18857
2441900 2458104 16204
2453375 2459985 6610
2451826 2460645 8819
2447074 2461239 14165
2442663 2461305 18642
2447458 2462097 14639
2452198 2464935 12737
2448729 2465265 16536
2452529 2466354 13825
2456605 2467773 11168
2443460 2467971 24511
2448943 2467971 19028
2447093 2468598 21505
2455104 2469225 14121
2464564 2472426 7862
2449850 2473449 23599
2461506 2476485 14979
2456996 2476584 19588
2469955 2476650 6695
2463771 2477013 13242
2472056 2478630 6574
2461834 2478927 17093
2473974 2480610 6636
2475871 2482887 7016
2477316 2483646 6330
2470412 2483778 13366
2480838 2487078 6240
2473584 2487969 14385
2477106 2489190 12084
2473530 2491170 17640
2479510 2492622 13112
2483075 2494338 11263
2485452 2495691 10239
2483471 2496021 12550
2489011 2496219 7208
2478389 2499321 20932
2488714 2499783 11069
2488617 2501037 12420
2485030 2503842 18812
2495014 2506185 11171
2493565 2506548 12983
2499675 2506680 7005
2495945 2507076 11131
2497662 2507637 9975
2496825 2508330 11505
2493297 2508495 15198
2494753 2513445 18692
2494535 2514402 19867
2496552 2516646 20094
2507790 2518527 10737
2512493 2518758 6265
2506489 2519352 12863
2515227 2521464 6237
2514959 2521563 6604
2516681 2522982 6301
2515804 2528361 12557
2522258 2528889 6631
2522383 2528988 6605
2526954 2533773 6819
2527818 2534499 6681
2517001 2534829 17828
2513196 2535423 22227
2525285 2536743 11458
2517906 2539944 22038
2527981 2542650 14669
2528579 2545752 17173
2534892 2545752 10860
2540503 2547897 7394
2530970 2548458 17488
2542170 2548788 6618
2531141 2549481 18340
2532812 2550075 17263
2543577 2550240 6663
2546370 2553243 6873
2540757 2553309 12552
2543673 2555421 11748
2541497 2556477 14980
2551859 2558853 6994
2539832 2561823 21991
2548672 2562747 14075
2550736 2564100 13364
2549504 2567301 17797
2562363 2568984 6621
2559417 2569875 10458
2557337 2571921 14584
2565981 2572218 6237
2559908 2573340 13432
2566347 2574429 8082
2568565 2576805 8240
2567024 2577894 10870
2570091 2586243 16152
2570263 2586375 16112
2584167 2590500 6333
2586743 2593074 6331
2575758 2593536 17778
2574555 2594031 19476
2576073 2594064 17991
2581416 2594163 12747
2576468 2594889 18421
2592256 2598519 6263
2592334 2599014 6680
2589303 2600235 10932
2589075 2600697 11622
2586792 2601489 14697
2588424 2603304 14880
2596041 2603799 7758
2598888 2605218 6330
2599452 2605713 6261
2597710 2608452 10742
2584723 2609574 24851
2600454 2610993 10539
2600516 2613468 12952
2603006 2615712 12706
2604010 2615976 11966
2595045 2616702 21657
2610730 2617428 6698
2596236 2619210 22974
2599267 2619243 19976
2604376 2620629 16253
2616671 2622939 6268
2604060 2623830 19770
2607094 2627064 19970
2621620 2628483 6863
2622404 2629011 6607
2617255 2630595 13340
2611367 2630628 19261
2624399 2631585 7186
2627197 2633829 6632
2621142 2634819 13677
2626283 2637426 11143
2622760 2637954 15194
2627450 2640594 13144
2633197 2640759 7562
2634369 2640990 6621
2630670 2641419 10749
2631712 2641716 10004
2637632 2643894 6262
2633224 2644455 11231
2635453 2644554 9101
2637625 2645082 7457
2632143 2645973 13830
2639464 2646468 7004
2637268 2649537 12269
2644310 2651649 7339
2639882 2654454 14572
2648611 2656830 8219
2646277 2657688 11411
2653032 2659338 6306
2653886 2660526 6640
2649091 2660625 11534
2653250 2662341 9091
2651112 2663925 12813
2658705 2664948 6243
2652484 2665608 13124
2658748 2666103 7355
2660192 2666466 6274
2650797 2666565 15768
2662669 2669271 6602
2660554 2669634 9080
2663556 2670162 6606
2664447 2670690 6243
2666773 2673132 6359
2661602 2675376 13774
2663942 2678577 14635
2667908 2679105 11197
2665147 2679864 14717
2674596 2680854 6258
2687991 2694615 6624
2689712 2695968 6256
2691627 2698245 6618
2692614 2698971 6357
2696880 2706396 9516
2697057 2707914 10857
2694852 2709795 14943
2702641 2713788 11147
2699826 2713986 14160
2702645 2715405 12760
2709178 2715834 6656
2696477 2715933 19456
2704489 2716824 12335
2694768 2718639 23871
2722765 2729463 6698
2724206 2730816 6610
2719337 2733588 14251
2719060 2733951 14891
2727458 2735601 8143
2726384 2736756 10372
2722932 2738802 15870
2728463 2738868 10405
2727913 2739264 11351
2724158 2739330 15172
2728562 2741508 12946
2739597 2745864 6267
2731450 2746689 15239
2737410 2748570 11160
2732896 2748669 15773
2733894 2748702 14808
2734009 2749725 15716
2731056 2749890 18834
2743511 2750253 6742
2738151 2754246 16095
2747679 2755005 7326
2739690 2755071 15381
2741982 2757084 15102
2742561 2759493 16932
2751732 2762991 11259
2757928 2765037 7109
2764918 2771241 6323
2766965 2773221 6256
2765204 2775729 10525
2760536 2778369 17833
2772436 2778699 6263
2777081 2783319 6238
2778203 2784870 6667
2773591 2784969 11378
2780652 2786916 6264
2777695 2788434 10739
2783122 2790612 7490
2780905 2792031 11126
2785185 2792394 7209
2778729 2792625 13896
2786477 2793087 6610
2778649 2794737 16088
2788380 2795826 7446
2783569 2799060 15491
2783783 2800644 16861
2790622 2803845 13223
2788153 2804967 16814
2789040 2805759 16719
2785251 2806914 21663
2798910 2807607 8697
2788237 2808960 20723
2794441 2808993 14552
2795688 2810115 14427
2797772 2810643 12871
2801658 2812062 10404
2800412 2814900 14488
2799050 2815263 16213
2792924 2817606 24682
2796295 2820708 24413
2812172 2822985 10813
2816890 2823513 6623
2803201 2824569 21368
2812539 2828232 15693
2824427 2831037 6610
2817961 2833116 15155
2822737 2833182 10445
2820970 2836317 15347
2818654 2838198 19544
2819971 2839056 19085
2820703 2840772 20069
2832300 2840772 8472
2830601 2844138 13537
2834337 2845128 10791
2834926 2847438 12512
2842929 2849616 6687
2839504 2850243 10739
2836682 2851662 14980
2836354 2854533 18179
2841293 2856612 15319
2844228 2857536 13308
2830916 2859318 28402
2853840 2860143 6303
2856768 2863014 6246
2857081 2863344 6263
2853977 2864796 10819
2858590 2865654 7064
2860435 2866677 6242
2855278 2868855 13577
2864253 2870868 6615
2863191 2870934 7743
2861605 2871660 10055
2865575 2871891 6316
2862404 2872221 9817
2866025 2872287 6262
2858774 2874531 15757
2869471 2879382 9911
2873013 2880537 7524
2859725 2880735 21010
2861418 2881758 20340
2875159 2883144 7985
2875090 2884167 9077
2879846 2886477 6631
2871183 2887302 16119
2878194 2887533 9339
2871743 2887929 16186
2873302 2889249 15947
2881051 2890668 9617
2879919 2891955 12036
2871111 2892450 21339
2874303 2892516 18213
2882713 2895222 12509
2870372 2895519 25147
2893401 2899644 6243
2881026 2900799 19773
2891315 2901162 9847
2886414 2904165 17751
2891266 2906607 15341
2901694 2908224 6530
2885262 2909973 24711
2897598 2910798 13200
2899868 2911821 11953
2897287 2916738 19451
2899227 2918190 18963
2903166 2918454 15288
2905652 2918982 13330
2902103 2919444 17341
2916196 2922810 6614
2917551 2924163 6612
2909312 2925747 16435
2913866 2926275 12409
2906129 2928156 22027
2914105 2928915 14810
2919711 2930928 11217
2918085 2932413 14328
2926285 2933370 7085
2924388 2936109 11721
2918376 2939178 20802
2917296 2939607 22311
2919516 2940135 20619
2923739 2940696 16957
2929573 2941884 12311
2934621 2942577 7956
2935409 2947197 11788
2934478 2947824 13346
2936893 2947857 10964
2933687 2947890 14203
2937356 2948385 11029
2931271 2949540 18269
2937125 2949870 12745
2939710 2952708 12998
2946134 2955777 9643
2946948 2957328 10380
2950522 2960892 10370
2955876 2962113 6237
2955787 2962905 7118
2952469 2966898 14429
2958308 2968680 10372
2956505 2973597 17092
2963681 2974818 11137
2970858 2977095 6237
2971715 2977953 6238
2978475 2985147 6672
2981197 2987820 6623
2974499 2988381 13882
2987686 2993991 6305
2988244 2996697 8453
2986689 2997555 10866
2990832 3001779 10947
2994460 3002538 8078
2992965 3003759 10794
2987422 3008907 21485
2999034 3009303 10269
2995917 3012174 16257
2997793 3014847 17054
3012120 3018378 6258
3007406 3018411 11005
3009049 3020028 10979
3010167 3021018 10851
3007071 3027288 20217
3015504 3028047 12543
3022015 3028641 6626
3019148 3030423 11275
3017329 3035307 17978
3024032 3035538 11506
3025293 3036231 10938
3029845 3037188 7343
3028424 3039168 10744
3036892 3043524 6632
3033489 3043854 10365
3046078 3052302 6224
3046801 3053127 6326
3041433 3055503 14070
3045413 3056625 11212
3047263 3058308 11045
3052060 3059067 7007
3053699 3060717 7018
3055002 3061707 6705
3042942 3061740 18798
3047049 3064941 17892
3049986 3065700 15714
3059735 3065997 6262
3047218 3067647 20429
3055810 3068703 12893
3062189 3068769 6580
3052415 3070584 18169
3058946 3070749 11803
3057531 3071442 13911
3065946 3072201 6255
3067810 3074049 6239
3069041 3075303 6262
3062805 3076524 13719
3064152 3077052 12900
3064303 3077613 13310
3066360 3079197 12837
3069084 3082299 13215
3069122 3083784 14662
3060525 3084180 23655
3058130 3084213 26083
3069941 3085368 15427
3060030 3085929 25899
3079357 3086028 6671
3067556 3086358 18802
3074517 3089262 14745
3074075 3090252 16177
3077217 3090813 13596
3068706 3091308 22602
3083285 3091308 8023
3085555 3092430 6875
3083446 3094014 10568
3085290 3100449 15159
3091334 3106092 14758
3097000 3107742 10742
3100653 3108072 7419
3102409 3108699 6290
3107072 3113682 6610
3104089 3114870 10781
3104937 3117378 12441
3106267 3118434 12167
3108957 3119754 10797
3114640 3120909 6269
3120623 3126882 6259
3117555 3127938 10383
3125875 3132129 6254
3123620 3132459 8839
3119546 3133746 14200
3128542 3139290 10748
3133272 3140016 6744
3126848 3141072 14224
3133807 3141633 7826
3132453 3144042 11589
3135215 3144999 9784
3141503 3148134 6631
3140371 3148464 8093
3143305 3150279 6974
3134178 3151269 17091
3138130 3151896 13766
3138886 3152226 13340
3146901 3154470 7569
3139750 3154602 14852
3140428 3154767 14339
3138285 3155031 16746
3141670 3155592 13922
3141619 3159420 17801
3140984 3159618 18634
3154422 3161037 6615
3154029 3161763 7734
3149831 3162489 12658
3156682 3162951 6269
3148626 3164271 15645
3156854 3168132 11278
3161624 3168297 6673
3165622 3171861 6239
3157830 3174963 17133
3163357 3175392 12035
3170417 3177603 7186
3162869 3180012 17143
3175483 3181464 5981
3166708 3183081 16373
3173975 3183279 9304
3175163 3184467 9304
3170498 3184500 14002
3177257 3184962 7705
3170902 3185391 14489
3173637 3187932 14295
3170375 3188163 17788
3169270 3188724 19454
3181993 3190737 8744
3178587 3193971 15384
3187032 3194301 7269
3174962 3194994 20032
3182376 3196149 13773
3179756 3197370 17614
3183828 3197964 14136
3180371 3198195 17824
3185516 3198525 13009
3184109 3198921 14812
3183391 3201627 18236
3196001 3202683 6682
3186985 3205752 18767
3187446 3206775 19329
3195905 3209844 13939
3198045 3210372 12327
3205159 3211131 5972
3191846 3211659 19813
3182569 3212781 30212
3206158 3216906 10748
3210741 3217005 6264
3208205 3218094 9889
3207649 3219513 11864
3203643 3221295 17652
3212714 3223770 11056
3213052 3223935 10883
3218198 3224463 6265
3218781 3225684 6903
3219891 3226476 6585
3225930 3232548 6618
3228413 3235089 6676
3225524 3236409 10885
3224762 3238224 13462
3233212 3239478 6266
3233880 3240534 6654
3235241 3246870 11629
3233567 3247926 14359
3232777 3248322 15545
3235526 3249543 14017
3237274 3250104 12830
3241710 3250665 8955
3243608 3251160 7552
3242289 3251391 9102
3235577 3254229 18652
3242004 3254262 12258
3251391 3257628 6237
3237803 3259707 21904
3244765 3260334 15569
3253869 3260499 6630
3257764 3264030 6266
3250109 3264756 14647
3259459 3266967 7508
3261092 3267693 6601
3260661 3269607 8946
3260214 3271620 11406
3265416 3271653 6237
3270414 3277032 6618
3266907 3280299 13392
3274169 3280497 6328
3276480 3282741 6261
3276673 3283302 6629
3274388 3285678 11290
3270279 3286107 15828
3278420 3289572 11152
3284049 3290661 6612
3276008 3291981 15973
3283111 3292311 9200
3279452 3292905 13453
3286352 3297228 10876
3285137 3297360 12223
3286625 3298284 11659
3285889 3300429 14540
3294589 3300924 6335
3285209 3301881 16672
3295035 3303762 8727
3300870 3307854 6984
3301942 3309273 7331
3295119 3310296 15177
3300619 3312837 12218
3308650 3314916 6266
3298578 3315444 16866
3302796 3317721 14925
3310972 3318612 7640
3307418 3321021 13603
3308112 3322770 14658
3318256 3324915 6659
3312478 3326862 14384
3318547 3329337 10790
3324757 3331383 6626
3325613 3332241 6628
3329751 3337719 7968
3328558 3338940 10382
3331335 3340359 9024
3332251 3340986 8735
3331358 3342141 10783
3332831 3343692 10861
3339265 3346266 7001
3333209 3350193 16984
3339401 3350259 10858
3344237 3350853 6616
3346716 3352932 6216
3340307 3356430 16123
3345814 3357090 11276
3346158 3360522 14364
3351593 3362205 10612
3358489 3365274 6785
3360438 3366693 6255
3350605 3366759 16154
3357994 3368805 10811
3362862 3369465 6603
3363262 3373854 10592
3362990 3377781 14791
3368001 3378870 10869
3373431 3379695 6264
3373273 3379926 6653
3377063 3383952 6889
3379271 3385536 6265
3374100 3385998 11898
3380983 3387681 6698
3376970 3388044 11074
3372940 3389529 16589
3378190 3394116 15926
3374570 3394446 19876
3381116 3395040 13924
3380962 3395601 14639
3386789 3397152 10363
3392298 3398802 6504
3392057 3401244 9187
3391048 3402366 11318
3393167 3404049 10882
3387911 3404445 16534
3386613 3404643 18030
3394923 3408042 13119
3403654 3410286 6632
3401217 3412365 11148
3398085 3413256 15171
3407057 3413322 6265
3399424 3418635 19211
3406537 3418668 12131
3404517 3419229 14712
3406229 3419559 13330
3404096 3422430 18334
3411694 3425136 13442
3408450 3427116 18666
3404630 3428238 23608
3409051 3428700 19649
3417585 3429327 11742
3417527 3430581 13054
3417723 3430977 13254
3420857 3431670 10813
3418150 3434871 16721
3429858 3436455 6597
3423338 3437082 13744
3422404 3438072 15668
3432903 3440151 7248
3430866 3441240 10374
3439934 3446553 6619
3433623 3448137 14514
3442411 3449061 6650
3443473 3454407 10934
3448274 3454902 6628
3449972 3456948 6976
3439918 3457476 17558
3445539 3459522 13983
3447260 3460611 13351
3456653 3463284 6631
3447336 3463812 16476
3450464 3463845 13381
3452294 3464373 12079
3454509 3465858 11349
3455099 3467112 12013
3463904 3470214 6310
3457903 3472722 14819
3461578 3472986 11408
3453248 3474735 21487
3461219 3475164 13945
3456521 3475824 19303
3463548 3475824 12276
3464739 3478497 13758
3452769 3478530 25761
3464670 3479520 14850
3466965 3479586 12621
3471648 3481170 9522
3475625 3481830 6205
3467866 3484371 16505
3455577 3486285 30708
3472437 3487506 15069
3471938 3488067 16129
3480657 3488397 7740
3482182 3489222 7040
3482662 3489948 7286
3473122 3490344 17222
3483402 3490443 7041
3467941 3491334 23393
3477810 3491532 13722
3477983 3494568 16585
3487944 3494667 6723
3488565 3495228 6663
3489598 3500541 10943
3487030 3501333 14303
3481911 3501993 20082
3495989 3503214 7225
3497587 3503841 6254
3497109 3503973 6864
3491016 3506250 15234
3490333 3507075 16742
3492485 3507735 15250
3498621 3508692 10071
3496615 3510441 13826
3514200 3524565 10365
3519199 3526776 7577
3521589 3527832 6243
3521600 3527865 6265
3526138 3533211 7073
3523498 3535257 11759
3522063 3536445 14382
3531171 3538194 7023
3528351 3539151 10800
3531068 3540273 9205
3526032 3540867 14835
3534672 3540933 6261
3535857 3542517 6660
3536236 3543012 6776
3529827 3543969 14142
3528837 3544992 16155
3539120 3545388 6268
3531272 3550866 19594
3547964 3554595 6631
3536447 3555783 19336
3546079 3556674 10595
3542471 3557103 14632
3545123 3557136 12013
3541212 3560040 18828
3551232 3566805 15573
3557395 3567927 10532
3563497 3569742 6245
3553748 3570600 16852
3567079 3573339 6260
3569631 3575880 6249
3571772 3578025 6253
3575907 3586209 10302
3582867 3589113 6246
3580409 3591258 10849
3585695 3593370 7675
3579795 3593436 13641
3582570 3593568 10998
3574686 3593601 18915
3583322 3594558 11236
3592603 3599211 6608
3588504 3602874 14370
3594120 3605019 10899
3587725 3605910 18185
3599317 3605943 6626
3595215 3607593 12378
3597995 3609573 11578
3595523 3612807 17284
3599822 3614886 15064
