4536 10791 6255
4571 10824 6253
1523 11913 10390
9380 16005 6625
4931 16071 11140
6621 17688 11067
9371 20625 11254
9558 21120 11562
17508 24123 6615
17712 26928 9216
21046 27357 6311
17421 30195 12774
20845 31581 10736
25026 35904 10878
26215 36399 10184
23911 40920 17009
31818 43098 11280
33908 45144 11236
22097 46365 24268
30135 46662 16527
34950 47883 12933
37042 48213 11171
43196 53955 10759
45375 56793 11418
43846 57123 13277
42348 58872 16524
51202 61116 9914
44521 61644 17123
43150 62073 18923
56510 63756 7246
48718 64779 16061
58308 69036 10728
62255 71280 9025
58379 72204 13825
50666 74481 23815
52100 75174 23074
58793 75438 16645
53740 76395 22655
60600 78144 17544
61573 78276 16703
65227 78672 13445
75170 84975 9805
62068 85536 23468
71003 85569 14566
77215 87648 10433
67274 87945 20671
66382 87978 21596
82606 89298 6692
85745 92004 6259
87158 93489 6331
87941 95997 8056
79452 96657 17205
90016 96987 6971
88046 98802 10756
91995 99000 7005
95216 101838 6622
97175 108603 11428
102402 108735 6333
96014 108933 12919
98943 109329 10386
105023 114609 9586
103849 115401 11552
105894 115830 9936
102582 117414 14832
105100 118965 13865
96890 119031 22141
99719 120912 21193
108600 121539 12939
114595 121605 7010
114952 124641 9689
108818 127182 18364
113457 127479 14022
107760 127710 19950
120794 130218 9424
127174 133782 6608
115623 135333 19710
129026 135399 6373
129984 136587 6603
130170 136917 6747
129027 138468 9441
124020 141669 17649
133698 141867 8169
137742 143979 6237
131390 148500 17110
143032 149655 6623
143333 149952 6619
131780 150678 18898
128897 153879 24982
143877 155199 11322
141652 156585 14933
132202 158202 26000
150473 161205 10732
146934 161667 14733
155147 162261 7114
144020 163251 19231
151262 164769 13507
154590 165000 10410
160759 167376 6617
157585 171963 14378
161396 172128 10732
161257 175131 13874
167468 178233 10765
174310 185130 10820
172307 187308 15001
172389 189915 17526
182769 190344 7575
176231 192126 15895
185793 192819 7026
174628 193446 18818
189537 196152 6615
180550 198594 18044
178294 200145 21851
190708 200244 9536
190736 202455 11719
196729 203346 6617
188316 204303 15987
198250 204501 6251
191559 207471 15912
203874 210540 6666
203911 210903 6992
188329 211299 22970
195967 213279 17312
201586 214236 12650
206155 216975 10820
208737 219120 10383
207838 219945 12107
213076 220473 7397
205449 221562 16113
209658 222552 12894
202036 227238 25202
218454 227436 8982
212005 228855 16850
206764 230208 23444
225418 231660 6242
216976 231957 14981
220372 233046 12674
217514 236148 18634
230267 236511 6244
231373 237996 6623
233381 240009 6628
227238 242253 15015
236050 245256 9206
232130 252912 20782
234493 253176 18683
238379 253440 15061
231633 253671 22038
233500 253836 20336
238550 257037 18487
239064 257598 18534
236077 258423 22346
234768 261624 26856
235819 262185 26366
240995 262251 21256
245514 263802 18288
249801 264396 14595
248234 266211 17977
245894 267267 21373
245023 268356 23333
261775 268389 6614
252913 268521 15608
247519 269313 21794
253214 270501 17287
263444 272151 8707
245903 272316 26413
266386 273009 6623
256187 273174 16987
258720 273702 14982
267288 278487 11199
271535 280170 8635
270313 281193 10880
275742 281985 6243
272337 283074 10737
265771 284559 18788
278480 285483 7003
278076 287133 9057
274866 288222 13356
281417 288585 7168
277701 291654 13953
284004 292446 8442
281149 292611 11462
281904 293172 11268
284235 293667 9432
288771 295383 6612
288977 296703 7726
281714 298749 17035
281361 299310 17949
283219 300333 17114
293647 300399 6752
290241 305679 15438
298449 306042 7593
293004 306570 13566
297263 308121 10858
302222 308880 6658
297878 312939 15061
307939 314193 6254
309343 315942 6599
305458 318978 13520
316078 322707 6629
306733 323532 16799
318332 325017 6685
319087 325710 6623
322833 329175 6342
314852 331617 16765
321572 332277 10705
325676 332277 6601
322644 332871 10227
327719 338580 10861
327892 339042 11150
335448 342804 7356
325495 344784 19289
332685 345015 12330
336341 345543 9202
335381 345774 10393
338940 347622 8682
340415 347985 7570
341596 349932 8336
340333 351615 11282
339858 354288 14430
345087 356565 11478
346693 358050 11357
352060 359799 7739
343933 360888 16955
346086 361812 15726
356088 364023 7935
356727 368016 11289
362029 368676 6647
358662 372801 14139
356561 372933 16372
356160 375111 18951
359369 375342 15973
365339 376266 10927
371824 378081 6257
355949 379665 23716
375368 386232 10864
377756 388509 10753
370545 390885 20340
381682 392436 10754
386282 392931 6649
387269 393525 6256
391476 397716 6240
394655 405537 10882
402097 408342 6245
393835 408540 14705
402691 409299 6608
404036 411048 7012
406308 412665 6357
407116 414084 6968
407656 414744 7088
409986 417615 7629
411842 418473 6631
408567 420750 12183
414511 421179 6668
414875 421707 6832
405684 424380 18696
410469 424413 13944
418650 429924 11274
419039 429924 10885
416496 431211 14715
418270 431574 13304
428376 439560 11184
426210 440022 13812
425102 442266 17164
426857 442266 15409
424043 443223 19180
435498 445368 9870
442102 448734 6632
430136 449922 19786
440828 452727 11899
442803 453585 10782
435553 453981 18428
447997 454674 6677
433323 455796 22473
447566 457611 10045
449042 458865 9823
452314 458931 6617
443139 461571 18432
453646 463683 10037
456600 464178 7578
443502 464574 21072
450667 464805 14138
452277 466686 14409
457396 468039 10643
460186 468699 8513
449299 469095 19796
459485 469392 9907
456870 469722 12852
458956 470019 11063
462593 472329 9736
460977 472791 11814
455600 473352 17752
464984 473352 8368
460231 475827 15596
462151 475893 13742
462999 477279 14280
468250 478401 10151
463567 479820 16253
475675 481998 6323
465481 483087 17606
477072 483681 6609
477773 484902 7129
464739 487311 22572
478431 487410 8979
476344 491304 14960
485098 492822 7724
483989 494736 10747
485913 495198 9285
479121 497013 17892
486445 497508 11063
489699 500775 11076
485086 501798 16712
492851 503976 11125
495797 504141 8344
499415 505659 6244
490692 506187 15495
495206 511368 16162
503213 514107 10894
503441 514371 10930
507977 514800 6823
506383 517242 10859
510327 517341 7014
511979 518595 6616
502867 520212 17345
508287 521202 12915
512354 521334 8980
510737 522819 12082
517199 523809 6610
515482 531663 16181
525707 532389 6682
526725 532983 6258
526286 536349 10063
525967 537240 11273
525692 538428 12736
524010 539319 15309
532666 539913 7247
526342 543114 16772
535178 544533 9355
539544 546150 6606
534291 549681 15390
536903 555654 18751
542941 556281 13340
543828 556710 12882
550603 558822 8219
555533 561792 6259
556197 564894 8697
558583 565257 6674
553661 568029 14368
555308 568425 13117
564125 571131 7006
565016 571263 6247
566573 573837 7264
569423 576543 7120
567781 579150 11369
569765 580536 10771
568788 581493 12705
565572 583902 18330
574244 584925 10681
568893 586410 17517
565101 586938 21837
575479 587037 11558
575719 591294 15575
582508 592218 9710
579271 593142 13871
584519 594000 9481
587082 595782 8700
576254 597003 20749
585005 599544 14539
574652 599709 25057
586948 600336 13388
576979 601227 24248
589931 601623 11692
594381 603933 9552
579999 604659 24660
575412 604758 29346
587178 606936 19758
597178 607464 10286
590431 610533 20102
592435 611160 18725
604092 618387 14295
606995 620829 13834
601123 621555 20432
604121 622182 18061
615307 622842 7535
615449 623370 7921
610896 628914 18018
600889 629772 28883
613022 630564 17542
617753 632478 14725
629926 636174 6248
627187 638583 11396
632740 641355 8615
629069 644556 15487
623562 644952 21390
634229 645546 11317
633668 652278 18610
636324 652938 16614
638727 653400 14673
646911 659109 12198
648669 661749 13080
655747 662607 6860
652349 664257 11908
646627 666864 20237
661576 667821 6245
659696 669471 9775
665595 671847 6252
658475 673101 14626
667293 673893 6600
661160 674487 13327
670308 677952 7644
668547 681252 12705
670499 681252 10753
672993 681978 8985
675665 683331 7666
678880 685509 6629
676639 686334 9695
681681 688644 6963
684376 691020 6644
685824 692439 6615
683618 694716 11098
691092 697356 6264
692431 699039 6608
694125 700755 6630
699328 705573 6245
700237 706926 6689
698364 712668 14304
707176 715770 8594
705298 716232 10934
705388 716661 11273
711608 717849 6241
700886 721413 20527
717084 723327 6243
705696 724581 18885
713486 727023 13537
711400 728871 17471
715020 729894 14874
712552 731115 18563
724889 731511 6622
716649 731577 14928
725883 733623 7740
725466 734745 9279
715190 736263 21073
724918 736461 11543
718586 737880 19294
722730 740454 17724
730645 741906 11261
734965 742797 7832
737481 744645 7164
735033 744909 9876
720185 745866 25681
726050 746526 20476
731489 747747 16258
728141 748110 19969
735519 749562 14043
729885 749760 19875
738429 751410 12981
744398 751905 7507
734031 752730 18699
746889 755502 8613
744879 757845 12966
752064 758670 6606
730942 759330 28388
740920 760287 19367
748268 760782 12514
745051 761508 16457
747645 762300 14655
748921 763521 14600
750864 764049 13185
756274 765006 8732
746277 768174 21897
749158 770946 21788
748205 771375 23170
741302 771507 30205
752859 771573 18714
753924 771903 17979
750307 772002 21695
757718 775170 17452
767224 775863 8639
760745 777282 16537
765307 777810 12503
771580 777909 6329
768459 778932 10473
767622 780252 12630
767700 780747 13047
750869 782133 31264
756593 782661 26068
774389 785730 11341
754795 785895 31100
778690 786225 7535
763382 786423 23041
780338 788634 8296
771088 789162 18074
779324 790185 10861
785162 791406 6244
756950 791703 34753
789735 795993 6258
789190 796191 7001
785670 796950 11280
785732 796950 11218
788502 798732 10230
792986 801702 8716
796568 803187 6619
782448 804771 22323
789263 805002 15739
786949 808203 21254
791857 808731 16874
802940 809556 6616
799974 811107 11133
801887 814077 12190
791277 814836 23559
804440 815364 10924
804986 815760 10774
804867 817113 12246
814203 820446 6243
805508 822096 16588
811980 823152 11172
805507 823713 18206
817627 829983 12356
820116 830049 9933
818125 831435 13310
807870 831468 23598
815526 832689 17163
821240 836385 15145
831272 837936 6664
836631 842952 6321
825936 843282 17346
836855 843447 6592
817269 845460 28191
828130 845658 17528
832732 846384 13652
829172 846681 17509
834432 848529 14097
839870 848694 8824
835404 849123 13719
841310 849189 7879
834062 852918 18856
825373 853479 28106
846590 853941 7351
840511 853974 13463
832610 854139 21529
827190 855723 28533
828552 856383 27831
846594 857373 10779
842988 857439 14451
843638 859617 15979
850695 862323 11628
850953 863610 12657
831710 864237 32527
849039 865260 16221
845551 866811 21260
847038 867339 20301
856582 868461 11879
857138 869979 12841
864238 870936 6698
856752 874137 17385
851480 876843 25363
865510 879450 13940
866341 879450 13109
871205 882585 11380
868623 883377 14754
864671 885291 20620
872568 885489 12921
865304 886347 21043
873288 886842 13554
878328 886875 8547
874621 888096 13475
881668 888591 6923
880545 889086 8541
880296 891627 11331
887167 893838 6671
874374 895389 21015
873348 896577 23229
891088 897897 6809
871863 900867 29004
878044 901989 23945
878659 904695 26036
891197 906246 15049
888677 907434 18757
887741 908292 20551
902452 909051 6599
894019 910338 16319
904561 913077 8516
902711 914133 11422
898765 915090 16325
904251 916344 12093
907846 917136 9290
910220 919314 9094
902102 919743 17641
904869 921393 16524
914389 924132 9743
918260 924528 6268
911308 925914 14606
910734 927267 16533
918330 928983 10653
924948 931920 6972
911718 933141 21423
920115 933207 13092
916036 934560 18524
922385 936540 14155
919784 937398 17614
927727 939477 11750
932225 939708 7483
923051 941886 18835
936718 942975 6257
930824 943206 12382
921748 943800 22052
927712 944493 16781
926559 945813 19254
932867 946407 13540
929637 946770 17133
945572 952182 6610
941991 954954 12963
947511 958221 10710
945272 960333 15061
949620 961290 11670
944619 962181 17562
949234 963534 14300
946203 965382 19179
959035 967824 8789
951818 968286 16468
963242 969870 6628
953698 973533 19835
964661 973665 9004
956890 974391 17501
964496 976602 12106
967937 977097 9160
967196 977163 9967
971182 979704 8522
962169 979869 17700
974922 981750 6828
975547 982179 6632
963302 986469 23167
980544 988977 8433
979485 990363 10878
982636 996567 13931
991752 998514 6762
993848 1000461 6613
995951 1002210 6259
997027 1003629 6602
1000724 1007325 6601
997582 1008447 10865
1005178 1011780 6602
1002830 1015641 12811
1006371 1016829 10458
1014260 1020525 6265
1014519 1024881 10362
1018840 1025244 6404
1015780 1026663 10883
1020008 1026861 6853
1018952 1028247 9295
1023365 1029798 6433
1020907 1032933 12026
1023941 1034682 10741
1016897 1036827 19930
1023212 1037157 13945
1031552 1038576 7024
1029249 1040391 11142
1025156 1041711 16555
1033117 1043988 10871
1037811 1044450 6639
1035655 1046529 10874
1036186 1048212 12026
1041345 1049004 7659
1042074 1049499 7425
1041545 1052601 11056
1041071 1053096 12025
1044250 1054614 10364
1049499 1056297 6798
1049220 1060983 11763
1050420 1061148 10728
1051872 1062600 10728
1051911 1063062 11151
1054314 1065372 11058
1059804 1070553 10749
1068453 1074711 6258
1070598 1077186 6588
1071547 1077813 6266
1078630 1085601 6971
1078828 1085832 7004
1072605 1087515 14910
1076140 1088340 12200
1085866 1092498 6632
1087686 1094313 6627
1083881 1094676 10795
1084632 1095369 10737
1090807 1101606 10799
1092984 1104345 11361
1088867 1105632 16765
1089811 1107084 17273
1091466 1109790 18324
1104169 1110417 6248
1096353 1111968 15615
1100944 1112397 11453
1106890 1113519 6629
1107165 1114344 7179
1099703 1117578 17875
1109516 1120284 10768
1114536 1121142 6606
1110888 1121769 10881
1118410 1125069 6659
1120014 1126686 6672
1110938 1129425 18487
1124613 1130877 6264
1125845 1134540 8695
1130655 1136916 6261
1123577 1137642 14065
1123366 1139952 16586
1132082 1142823 10741
1127282 1144473 17191
1132326 1148235 15909
1142056 1148400 6344
1133315 1149819 16504
1143530 1150116 6586
1144558 1151568 7010
1134052 1153350 19298
1130855 1154241 23386
1143733 1155165 11432
1133839 1157244 23405
1141313 1157937 16624
1140646 1160445 19799
1144659 1161864 17205
1156948 1163580 6632
1136352 1163613 27261
1150712 1164735 14023
1160718 1166979 6261
1150901 1167573 16672
1164939 1171533 6594
1161916 1172787 10871
1163462 1174635 11173
1162930 1175064 12134
1163539 1175295 11756
1167906 1175625 7719
1168274 1178001 9727
1159582 1178529 18947
1165416 1178694 13278
1173339 1180245 6906
1169048 1181103 12055
1161920 1181301 19381
1168792 1182357 13565
1166956 1183446 16490
1174129 1184007 9878
1178255 1185822 7567
1171154 1186977 15823
1182352 1188957 6605
1173229 1191135 17906
1177641 1192323 14682
1176208 1193478 17270
1188864 1195491 6627
1188292 1199319 11027
1186169 1201794 15625
1187208 1202718 15510
1198104 1204368 6264
1200153 1206777 6624
1199111 1207899 8788
1197071 1207965 10894
1196565 1210011 13446
1208179 1215027 6848
1195834 1215291 19457
1191869 1215852 23983
1209903 1216149 6246
1200635 1217007 16372
1200977 1217634 16657
1206797 1218393 11596
1212046 1218624 6578
1213997 1220637 6640
1212313 1221660 9347
1219214 1225455 6241
1213498 1227369 13871
1213597 1231428 17831
1207918 1232913 24995
1207449 1233870 26421
1219136 1235157 16021
1221960 1235652 13692
1223294 1236312 13018
1221703 1238886 17183
1226713 1240965 14252
1215235 1241625 26390
1216384 1243044 26660
1235331 1243077 7746
1224022 1243770 19748
1232902 1244232 11330
1233607 1244793 11186
1238111 1244991 6880
1232997 1245123 12126
1238863 1245948 7085
1233031 1246113 13082
1240077 1247070 6993
1236700 1249512 12812
1246019 1252350 6331
1244959 1254066 9107
1244207 1254726 10519
1236916 1255188 18272
1248824 1257168 8344
1247767 1258026 10259
1235822 1260732 24910
1244228 1261194 16966
1239159 1261788 22629
1238685 1262547 23862
1241405 1263075 21670
1256992 1263240 6248
1253203 1264890 11687
1252542 1268619 16077
1260684 1269675 8991
1254076 1269906 15830
1255823 1270665 14842
1255783 1272876 17093
1258335 1274427 16092
1259580 1275582 16002
1253334 1277100 23766
1271384 1278057 6673
1266012 1282248 16236
1276186 1282776 6590
1269266 1283634 14368
1267440 1284789 17349
1282997 1289244 6247
1274401 1289310 14909
1275467 1292247 16780
1285748 1296141 10393
1291704 1298517 6813
1288853 1299243 10390
1282651 1301718 19067
1291389 1302147 10758
1286481 1302543 16062
1290103 1303863 13760
1298133 1304820 6687
1299651 1306272 6621
1297291 1306932 9641
1298124 1307922 9798
1299889 1308582 8693
1302050 1313334 11284
1299700 1316205 16505
1303456 1318053 14597
1304172 1318581 14409
1310458 1318911 8453
1308028 1319736 11708
1308183 1321287 13104
1311587 1321815 10228
1304058 1322112 18054
1313589 1322970 9381
1318249 1324488 6239
1302985 1324818 21833
1320746 1327359 6613
1310284 1330560 20276
1312066 1331583 19517
1321057 1332606 11549
1316880 1333695 16815
1330138 1336764 6626
1330707 1337325 6618
1326246 1339107 12861
1331502 1340493 8991
1334019 1341681 7662
1336080 1342737 6657
1323761 1343232 19471
1333418 1345377 11959
1323191 1348182 24991
1337144 1351449 14305
1337950 1352670 14720
1331000 1352967 21967
1339942 1353759 13817
1339746 1354155 14409
1345651 1355739 10088
1342799 1360392 17593
1349181 1360887 11706
1347774 1361943 14169
1349890 1362042 12152
1336431 1362240 25809
1343691 1363593 19902
1356346 1364088 7742
1358850 1365474 6624
1359588 1366167 6579
1359758 1367751 7993
1349420 1369863 20443
1356438 1370919 14481
1349642 1373064 23422
1363820 1374615 10795
1368271 1374648 6377
1368624 1374978 6354
1368155 1378905 10750
1369325 1380786 11461
1369426 1380786 11360
1370074 1381314 11240
1372345 1381908 9563
1368281 1383294 15013
1371261 1383657 12396
1368225 1383888 15663
1379561 1386231 6670
1377358 1386627 9269
1377799 1387155 9356
1376067 1388541 12474
1377392 1390224 12832
1378655 1391478 12823
1374000 1392171 18171
1385719 1394811 9092
1381276 1395306 14030
1384994 1397517 12523
1381867 1399827 17960
1394618 1401543 6925
1392076 1403721 11645
1385664 1406955 21291
1399102 1409826 10724
1403276 1410222 6946
1400754 1411641 10887
1404165 1411905 7740
1399372 1412961 13589
1400354 1414347 13993
1406970 1415964 8994
1403038 1416063 13025
1409598 1419132 9534
1401691 1421244 19553
1403599 1421805 18206
1405006 1421970 16964
1409224 1424544 15320
1402855 1425171 22316
1409923 1427646 17723
1408313 1427943 19630
1409900 1428471 18571
1422452 1429065 6613
1407535 1429230 21695
1424402 1431375 6973
1412395 1434873 22478
1402985 1436160 33175
1420835 1437480 16645
1425583 1438008 12425
1428382 1439130 10748
1421153 1440021 18868
1430578 1440714 10136
1434004 1441242 7238
1414936 1443849 28913
1432026 1444740 12714
1426982 1445730 18748
1432142 1448403 16261
1435624 1448931 13307
1439226 1450020 10794
1432192 1453749 21557
1430167 1454706 24539
1438370 1455597 17227
1449347 1456983 7636
1452007 1458633 6626
1443508 1459722 16214
1453992 1460316 6324
1453570 1462560 8990
1443875 1463517 19642
1459112 1465365 6253
1452361 1465860 13499
1455296 1466421 11125
1454020 1467609 13589
1463055 1469292 6237
1458093 1475991 17898
1460610 1477377 16767
1471559 1477806 6247
1470826 1480083 9257
1464507 1482261 17754
1475808 1482624 6816
1469311 1482690 13379
1473391 1484604 11213
1466782 1485264 18482
1467536 1489455 21919
1481102 1492425 11323
1478509 1499322 20813
1492826 1499454 6628
1493706 1500378 6672
1491482 1502226 10744
1486279 1502292 16013
1489920 1503447 13527
1486479 1506681 20202
1490232 1507242 17010
1491017 1507704 16687
1499108 1509486 10378
1501843 1511202 9359
1501003 1512291 11288
1504800 1515657 10857
1504228 1515723 11495
1514110 1523115 9005
1512379 1523247 10868
1516998 1527240 10242
1520695 1527306 6611
1519110 1529946 10836
1526466 1533279 6813
1520156 1535688 15532
1529990 1536975 6985
1526167 1537041 10874
1527717 1538097 10380
1531558 1538196 6638
1534420 1541826 7406
1532281 1545060 12779
1533754 1545588 11834
1533451 1546215 12764
1539385 1546611 7226
1536905 1548426 11521
1536847 1548789 11942
1536612 1549218 12606
1533999 1551528 17529
1538496 1552815 14319
1539993 1556016 16023
1551086 1557699 6613
1547462 1557831 10369
1551546 1558128 6582
1549586 1558524 8938
1550849 1559052 8203
1551283 1559547 8264
1549295 1561692 12397
1550370 1562220 11850
1541646 1562253 20607
1552974 1562319 9345
1542266 1563342 21076
1546761 1563408 16647
1552271 1568127 15856
1555213 1568655 13442
1542834 1569051 26217
1557064 1573044 15980
1563639 1574364 10725
1560461 1575189 14728
1563798 1576047 12249
1570126 1576872 6746
1571101 1581789 10688
1575965 1582218 6253
1572178 1589445 17267
1579535 1590468 10933
1586202 1592448 6246
1585520 1595946 10426
1587225 1597596 10371
1586410 1599411 13001
1592008 1600071 8063
1593088 1601985 8897
1584918 1603107 18189
1597092 1603701 6609
1597552 1604229 6677
1600204 1606473 6269
1594359 1608981 14622
1603296 1609971 6675
1596935 1611258 14323
1599382 1613073 13691
1607493 1614096 6603
1595303 1614888 19585
1605695 1616076 10381
1611776 1618023 6247
1601462 1619772 18310
1615112 1621719 6607
1615177 1621785 6608
1610069 1623996 13927
1619740 1626075 6335
1622784 1629111 6327
1624461 1631124 6663
1616379 1632774 16395
1628380 1637295 8915
1623037 1637691 14654
1630312 1637790 7478
1623635 1638318 14683
1627946 1638879 10933
1623529 1641981 18452
1634852 1643466 8614
1631969 1647294 15325
1633161 1647492 14331
1641302 1647954 6652
1641610 1648449 6839
1636314 1649439 13125
1642682 1651320 8638
1637577 1653267 15690
1637479 1653333 15854
1647071 1653696 6625
1648007 1655940 7933
1651391 1659438 8047
1651407 1662276 10869
1647974 1666137 18163
1651677 1666632 14955
1661062 1667820 6758
1651303 1668909 17606
1662628 1673661 11033
1652924 1674255 21331
1668869 1675608 6739
1668724 1675971 7247
1660594 1678347 17753
1665651 1679568 13917
1660062 1681284 21222
1669499 1682967 13468
1668334 1684617 16283
1664947 1685178 20231
1662985 1685805 22820
1668593 1688412 19819
1672347 1690392 18045
1670804 1690986 20182
1684368 1691448 7080
1678920 1693098 14178
1681145 1694649 13504
1684091 1695705 11614
1676651 1698675 22024
1684498 1699203 14705
1675057 1699995 24938
1688516 1700523 12007
1691116 1701942 10826
1683930 1703427 19497
1682052 1703625 21573
1694252 1706034 11782
1691601 1706199 14598
1698624 1706892 8268
1702722 1709334 6612
1690535 1709697 19162
1695326 1710060 14734
1694750 1711413 16663
1704985 1711677 6692
1706534 1713195 6661
1690560 1713261 22701
1706143 1715076 8933
1710815 1717056 6241
1711359 1717617 6258
1706861 1719399 12538
1715483 1721742 6259
1695391 1722600 27209
1688385 1725867 37482
1707683 1727814 20131
1714002 1728738 14736
1712006 1730289 18283
1713447 1730949 17502
1719360 1733655 14295
1703800 1734051 30251
1727142 1736757 9615
1710412 1738143 27731
1724072 1738902 14830
1730541 1740849 10308
1734586 1744545 9959
1724389 1744941 20552
1724002 1744974 20972
1739188 1745799 6611
1738051 1747614 9563
1731121 1748505 17384
1742634 1750881 8247
1733142 1751343 18201
1745502 1751739 6237
1727049 1754379 27330
1747450 1754643 7193
1734410 1758570 24160
1756382 1762629 6247
1740985 1763388 22403
1760159 1766424 6265
1751878 1766754 14876
1753796 1769163 15367
1747593 1770087 22494
1763179 1771506 8327
1765989 1772661 6672
1752527 1775829 23302
1765695 1778931 13236
1765836 1778964 13128
1768731 1782033 13302
1767741 1783221 15480
1776817 1784211 7394
1768419 1787412 18993
1774402 1787412 13010
1769984 1788996 19012
1778766 1790382 11616
1775421 1790481 15060
1782517 1790943 8426
1780809 1793187 12378
1773630 1794177 20547
1776935 1795266 18331
1784561 1796157 11596
1782541 1797741 15200
1783935 1798467 14532
1781171 1799226 18055
1782935 1799787 16852
1783540 1801173 17633
1791142 1801602 10460
1791678 1804671 12993
1791957 1806519 14562
1789153 1807608 18455
1790155 1807608 17453
1774573 1807872 33299
1800699 1810677 9978
1788458 1810842 22384
1775876 1811073 35197
1785534 1811106 25572
1791353 1811370 20017
1787722 1811535 23813
1804886 1814340 9454
1805329 1814505 9176
1797687 1814934 17247
1787534 1817409 29875
1798203 1818300 20097
1811930 1822656 10726
1818055 1827672 9617
1817826 1827903 10077
1813001 1828728 15727
1813945 1830774 16829
1815495 1830807 15312
1825908 1836978 11070
1826975 1837704 10729
1823212 1837968 14756
1831471 1841070 9599
1835301 1841565 6264
1836951 1843578 6627
1837668 1843908 6240
1839953 1851234 11281
1837782 1851663 13881
1845390 1856118 10728
1847525 1858989 11464
1851722 1863015 11293
1855691 1865490 9799
1861811 1868427 6616
1852664 1868955 16291
1851717 1869219 17502
1855352 1869483 14131
1856728 1869747 13019
1866340 1872948 6608
1858564 1873608 15044
1855982 1875621 19639
1869599 1876215 6616
1870977 1877997 7020
1867803 1878228 10425
1867674 1880505 12831
1857493 1880934 23441
1875683 1881924 6241
1875299 1882254 6955
1873013 1884234 11221
1879810 1886346 6536
1877542 1888095 10553
1873928 1888920 14992
1876643 1890207 13564
1880431 1891164 10733
1886850 1894035 7185
1879595 1894365 14770
1873389 1894893 21504
1876597 1895487 18890
1870196 1897269 27073
1881323 1898160 16837
1889368 1900536 11168
1895634 1902252 6618
1892046 1903044 10998
1876394 1903968 27574
1897038 1906212 9174
1891639 1907070 15431
1896167 1908093 11926
1881507 1909281 27774
1894212 1910040 15828
1874738 1910271 35533
1905519 1916541 11022
1902772 1916937 14165
1901762 1922019 20257
1915860 1922481 6621
1900827 1923735 22908
1911223 1925220 13997
1901523 1926045 24522
1901747 1926606 24859
1912134 1927398 15264
1911520 1928652 17132
1920909 1930500 9591
1924971 1931655 6684
1915902 1933701 17799
1924983 1934394 9411
1921269 1934724 13455
1924697 1935813 11116
1931664 1938321 6657
1922513 1939014 16501
1933238 1939476 6238
1928220 1939938 11718
1926113 1940565 14452
1929022 1941621 12599
1935576 1942215 6639
1934420 1943238 8818
1926289 1944723 18434
1927078 1945251 18173
1940115 1946736 6621
1948645 1955316 6671
1946173 1957032 10859
1942493 1957065 14572
1949761 1959738 9977
1950354 1961487 11133
1948976 1962840 13864
1948220 1963731 15511
1959983 1966305 6322
1957004 1967889 10885
1955925 1969803 13878
1957632 1970991 13359
1949409 1971222 21813
1952603 1971750 19147
1960001 1972509 12508
1965721 1973235 7514
1964295 1974456 10161
1953982 1976271 22289
1960287 1976436 16149
1970291 1976601 6310
1962385 1977228 14843
1973741 1982970 9229
1967329 1983630 16301
1971174 1984191 13017
1971205 1986831 15626
1963707 1986897 23190
1974830 1987359 12529
1975298 1988019 12721
1979732 1988613 8881
1967311 1990527 23216
1969518 1993233 23715
1976070 1993827 17757
1978350 1994157 15807
1969009 1996368 27359
1986166 2001054 14888
1983188 2002407 19219
1990001 2003100 13099
1992461 2003760 11299
1993698 2004288 10590
1995094 2004849 9755
1997531 2005509 7978
1997959 2006037 8078
1995926 2007918 11992
2001735 2008479 6744
1999150 2008512 9362
1993121 2011713 18592
1996030 2012703 16673
2006667 2013363 6696
1990154 2014914 24760
2006183 2015409 9226
2001929 2016597 14668
2005969 2019666 13697
2005308 2020359 15051
2001863 2020887 19024
2009733 2021250 11517
2005350 2023758 18408
2007613 2024286 16673
2014430 2026398 11968
2018540 2027949 9409
2011917 2028114 16197
2023230 2029797 6567
2017021 2031546 14525
2018122 2031546 13424
2026643 2033196 6553
2024813 2036892 12079
2022713 2037387 14674
2028338 2039598 11260
2022277 2039994 17717
2028852 2040159 11307
2031052 2041743 10691
2032524 2043525 11001
2028762 2045142 16380
2030671 2045175 14504
2029637 2046297 16660
2029171 2046396 17225
2039641 2048277 8636
2034564 2049003 14439
2038078 2050653 12575
2033801 2052567 18766
2035695 2053128 17433
2051143 2057748 6605
2049708 2060091 10383
2038625 2060124 21499
2050947 2061807 10860
2054636 2062467 7831
2061867 2068110 6243
2053572 2068440 14868
2060920 2071740 10820
2057426 2074875 17449
2061205 2078010 16805
2067592 2079000 11408
2067651 2081013 13362
2071244 2081706 10462
2073555 2082696 9141
2075884 2083191 7307
2076970 2083587 6617
2071437 2087184 15747
2080641 2087910 7269
2068375 2089065 20690
2072675 2089494 16819
2075916 2090319 14403
2082815 2091804 8989
2076981 2092695 15714
2085372 2095566 10194
2082607 2095929 13322
2088483 2096457 7974
2088708 2099559 10851
2089752 2101011 11259
2078841 2102760 23919
2078977 2102925 23948
2088430 2103321 14891
2091846 2105169 13323
2091864 2106126 14262
2088375 2106720 18345
2100852 2107512 6660
2098276 2109525 11249
2098123 2111241 13118
2089933 2112396 22463
2106499 2112825 6326
2104923 2115795 10872
2106141 2115927 9786
2106804 2116488 9684
2110784 2117445 6661
2112913 2119227 6314
2109949 2122263 12314
2112558 2123715 11157
2103786 2126454 22668
2117193 2126949 9756
2112604 2127477 14873
2113324 2129853 16529
2126315 2132559 6244
2116351 2133549 17198
2119717 2135529 15812
2126008 2136948 10940
2117542 2138103 20561
2119433 2138499 19066
2126690 2139258 12568
2131273 2140215 8942
2133342 2140578 7236
2116365 2143383 27018
2121378 2143845 22467
2127625 2145363 17738
2139237 2148432 9195
2141284 2148465 7181
2135913 2148861 12948
2137880 2149917 12037
2138985 2150742 11757
2141151 2151600 10449
2136387 2153976 17589
2144089 2157045 12956
2146213 2157441 11228
2141729 2158167 16438
2150310 2158266 7956
2151589 2159322 7733
2151216 2160411 9195
2148579 2160543 11964
2148544 2164008 15464
2147220 2164437 17217
2156772 2165625 8853
2147451 2167638 20187
2154090 2168166 14076
2158331 2168595 10264
2156546 2169783 13237
2163149 2170542 7393
2153088 2170905 17817
2158844 2171433 12589
2159442 2174502 15060
2151937 2175492 23555
2160749 2175558 14809
2151300 2177571 26271
2155884 2178825 22941
2149094 2181531 32437
2159449 2181795 22346
2162296 2182554 20258
2166399 2183940 17541
2166193 2185293 19100
2167741 2188263 20522
2183361 2189979 6618
2181996 2190837 8841
2176738 2191332 14594
2173985 2194533 20548
2176277 2194566 18289
2179680 2194566 14886
2186043 2197173 11130
2189407 2198724 9317
2187721 2198757 11036
2175560 2199681 24121
2176129 2200209 24080
2190791 2202915 12124
2177961 2204070 26109
2171322 2205126 33804
2181263 2205192 23929
2179457 2205522 26065
2188489 2205918 17429
2198873 2208063 9190
2201272 2208294 7022
2184370 2211132 26762
2185418 2211264 25846
2197572 2214102 16530
2201401 2216511 15110
2200442 2217072 16630
2202562 2217996 15434
2207891 2219679 11788
2201570 2219712 18142
2201588 2221263 19675
2199004 2221923 22919
2207347 2222418 15071
2210327 2222649 12322
2208369 2225388 17019
2204572 2226411 21839
2203518 2227269 23751
2219550 2228391 8841
2222556 2228886 6330
2220024 2228919 8895
2222169 2229447 7278
2222634 2229810 7176
2223980 2230899 6919
2204233 2231163 26930
2202657 2232912 30255
2218049 2233242 15193
2220053 2233869 13816
2215134 2234133 18999
2225680 2236542 10862
2214090 2236575 22485
2223514 2239248 15734
2216991 2240172 23181
2218924 2240205 21281
2227936 2242218 14282
2233471 2242812 9341
2217417 2245518 28101
2239670 2245914 6244
2233835 2247531 13696
2233164 2248125 14961
2238365 2248653 10288
2229370 2251227 21857
2229874 2251755 21881
2241230 2253207 11977
2246837 2253438 6601
2246801 2253768 6967
2225366 2254428 29062
2241877 2255979 14102
2249059 2256639 7580
2246332 2257464 11132
2250915 2259246 8331
2248239 2259444 11205
2248290 2263074 14784
2252717 2263866 11149
2259657 2266275 6618
2253390 2268387 14997
2262102 2268717 6615
2248234 2272644 24410
2267838 2274921 7083
2268490 2275515 7025
2260712 2276769 16057
2263664 2277264 13600
2259719 2278056 18337
2269154 2280366 11212
2273764 2280399 6635
2267698 2282214 14516
2276170 2283171 7001
2261411 2284458 23047
2270757 2285382 14625
2274649 2287065 12416
2276887 2287857 10970
2278722 2291157 12435
2278676 2295876 17200
2286230 2297163 10933
2281684 2299869 18185
2288826 2300001 11175
2292664 2302839 10175
2284773 2303070 18297
2296650 2303268 6618
2298491 2304753 6262
2286403 2305545 19142
2288491 2306568 18077
2302648 2309274 6626
2290514 2310264 19750
2302483 2312277 9794
2294933 2313333 18400
2307694 2314884 7190
2307859 2317623 9764
2306930 2320230 13300
2313719 2327292 13573
2322312 2328579 6267
2322618 2329239 6621
2322986 2329635 6649
2312709 2329800 17091
2324049 2331054 7005
2325826 2333001 7175
2324055 2337159 13104
2331718 2338347 6629
2333277 2339535 6258
2336935 2343627 6692
2326715 2346300 19585
2333862 2348973 15111
2345252 2352273 7021
2340948 2353989 13041
2338996 2354418 15422
2342242 2355309 13067
2339019 2355375 16356
2344785 2356596 11811
2346268 2357124 10856
2349160 2367321 18161
2346492 2367816 21324
2361830 2370456 8626
2348483 2370522 22039
2345593 2370720 25127
2341372 2371050 29678
2365093 2373624 8531
2347863 2373954 26091
2355417 2375010 19593
2347552 2376693 29141
2354480 2378112 23632
2362564 2378343 15779
2363360 2379795 16435
2369468 2380818 11350
2363430 2381412 17982
2372455 2383227 10772
2374298 2383755 9457
2376791 2386461 9670
2379067 2388342 9275
2364997 2389563 24566
2385242 2391873 6631
2380585 2392599 12014
2379845 2393985 14140
2376352 2395470 19118
2389235 2395569 6334
2389795 2396097 6302
2377179 2396592 19413
2381283 2399298 18015
2378622 2399694 21072
2385673 2399826 14153
2377127 2399991 22864
2379643 2400222 20579
2387767 2400948 13181
2387787 2401509 13722
2393704 2402235 8531
2390417 2402631 12214
2397276 2404479 7203
2395881 2407449 11568
2380878 2407812 26934
2395270 2411541 16271
2382898 2413092 30194
2401971 2413224 11253
2387038 2415336 28298
2386820 2415369 28549
2409426 2415732 6306
2397367 2417712 20345
2409182 2418009 8827
2400337 2418174 17837
2410035 2418339 8304
2405675 2421342 15667
2400605 2421375 20770
2412594 2423454 10860
2412620 2426556 13936
2415331 2427216 11885
2414097 2427348 13251
2416518 2427579 11061
2422494 2429592 7098
2415449 2430153 14704
2424299 2430912 6613
2422903 2432331 9428
2425951 2435037 9086
2429721 2435961 6240
2420598 2436522 15924
2425265 2437809 12544
2431594 2437842 6248
2432140 2440383 8243
2436277 2442924 6647
2426913 2443419 16506
2419995 2443716 23721
2431250 2444772 13522
2437402 2445300 7898
2425585 2446422 20837
2433503 2447511 14008
2433771 2448501 14730
2435204 2449590 14386
2444228 2450844 6616
2428463 2451702 23239
2434295 2453649 19354
2446305 2454474 8169
2441197 2457576 16379
2452752 2459160 6408
2443521 2460744 17223
2460999 2467245 6246
2461681 2467938 6257
2462737 2468994 6257
2460045 2469027 8982
2462614 2469192 6578
2455616 2470545 14929
2465994 2476452 10458
2462099 2479290 17191
2471352 2481864 10512
2473364 2482095 8731
2475607 2483448 7841
2471894 2485263 13369
2477919 2485263 7344
2466675 2485725 19050
2475097 2487243 12146
2476437 2489223 12786
2479478 2489553 10075
2475059 2492391 17332
2476738 2492622 15884
2475774 2493051 17277
2479057 2493546 14489
2487684 2493942 6258
2482832 2496549 13717
2475642 2496978 21336
2485811 2498298 12487
2484790 2503149 18359
2489017 2503380 14363
2489701 2504304 14603
2492952 2506086 13134
2490538 2506845 16307
2487710 2509122 21412
2491064 2509584 18520
2503407 2509650 6243
2493708 2509914 16206
2493957 2511729 17772
2506385 2513016 6631
2503996 2514963 10967
2508388 2515491 7103
2506683 2517636 10953
2513280 2520276 6996
2513729 2520342 6613
2499468 2520804 21336
2501028 2522454 21426
2513090 2523510 10420
2517281 2523939 6658
2508458 2524203 15745
2516938 2526909 9971
2521715 2528823 7108
2515869 2529648 13779
2511310 2531331 20021
2522440 2531529 9089
2519870 2532321 12451
2526523 2534598 8075
2513920 2537733 23813
2520990 2538030 17040
2526340 2540934 14594
2524025 2541066 17041
2535040 2541660 6620
2520109 2542155 22046
2525342 2544135 18793
2538701 2546049 7348
2531514 2547336 15822
2543807 2550438 6631
2541390 2552484 11094
2546471 2552715 6244
2537398 2553144 15746
2537027 2554662 17635
2544700 2556213 11513
2548242 2563110 14868
2557953 2564199 6246
2554997 2566146 11149
2558905 2567532 8627
2561357 2567730 6373
2557245 2568918 11673
2560436 2570832 10396
2560434 2571162 10728
2561060 2571426 10366
2561347 2571591 10244
2564861 2573868 9007
2566888 2573868 6980
2559523 2574561 15038
2567953 2575452 7499
2566228 2580435 14207
2561451 2581788 20337
2575642 2582316 6674
2575821 2585055 9234
2581476 2588091 6615
2584742 2590995 6253
2582941 2591391 8450
2581960 2592348 10388
2585427 2597529 12102
2583859 2602083 18224
2587928 2604030 16102
2597622 2604624 7002
2594698 2606670 11972
2594768 2610630 15862
2600935 2612412 11477
2600292 2613600 13308
2601874 2613996 12122
2599548 2616834 17286
2607041 2619540 12499
2608528 2620101 11573
2598573 2623071 24498
2607751 2623170 15419
2608611 2623632 15021
2614138 2624886 10748
2607969 2626536 18567
2599048 2626866 27818
2607911 2626998 19087
2610173 2627691 17518
2615534 2630397 14863
2617846 2630925 13079
2617611 2633136 15525
2623280 2633697 10417
2613210 2634720 21510
2632042 2638713 6671
2633042 2639307 6265
2630191 2640561 10370
2613380 2641485 28105
2622175 2641815 19640
2622899 2643828 20929
2632486 2645511 13025
2638063 2646138 8075
2637327 2646600 9273
2642346 2648613 6267
2640325 2648712 8387
2626326 2651880 25554
2650556 2657523 6967
2653448 2660559 7111
2648551 2661912 13361
2655760 2662176 6416
2648282 2663496 15214
2647437 2664387 16950
2648066 2664519 16453
2658201 2664816 6615
2656496 2664915 8419
2652818 2665509 12691
2644409 2666202 21793
2658232 2668776 10544
2660613 2669238 8625
2660893 2669766 8873
2665359 2672043 6684
2652410 2674848 22438
2652713 2675046 22333
2659490 2677719 18229
2658035 2678049 20014
2671121 2678082 6961
2668398 2680788 12390
2658602 2681184 22582
2668863 2683131 14268
2661633 2684385 22752
2663231 2684913 21682
2662452 2685573 23121
2669478 2685903 16425
2673964 2690523 16559
2674930 2691645 16715
2672745 2693724 20979
2668711 2694417 25706
2688442 2695044 6602
2685355 2695176 9821
2687856 2695704 7848
2685303 2696364 11061
2688885 2699334 10449
2693289 2699961 6672
2693788 2700390 6602
2691193 2702799 11606
2679443 2706330 26887
2689288 2706594 17306
2695126 2708376 13250
2694068 2708607 14539
2674386 2711346 36960
2700648 2715141 14493
2707147 2717847 10700
2696766 2718144 21378
2705603 2720850 15247
2701121 2721180 20059
2704100 2721510 17410
2716499 2723160 6661
2711320 2724183 12863
2704153 2724249 20096
2709134 2725305 16171
2703683 2725371 21688
2709182 2725470 16288
2723983 2730585 6602
2724441 2730684 6243
2725593 2731839 6246
2727781 2734809 7028
2725850 2736690 10840
2724644 2737152 12508
2726970 2740485 13515
2731572 2742366 10794
2736327 2745006 8679
2734340 2745138 10798
2740793 2747811 7018
2737884 2747976 10092
2739000 2747976 8976
2739809 2748636 8827
2734786 2750847 16061
2738053 2752695 14642
2742803 2754015 11212
2736052 2754081 18029
2749905 2756523 6618
2752342 2758965 6623
2741448 2760153 18705
2749285 2760153 10868
2753675 2760813 7138
2741499 2761209 19710
2742211 2763354 21143
2755873 2765697 9824
2754922 2766984 12062
2761232 2768370 7138
2763364 2769690 6326
2758011 2771340 13329
2764716 2771340 6624
2755928 2772528 16600
2766994 2773650 6656
2765677 2773815 8138
2767585 2774211 6626
2766447 2774310 7863
2773410 2780976 7566
2772004 2783022 11018
2770653 2784111 13458
2776952 2785794 8842
2769820 2787312 17492
2772487 2788896 16409
2770721 2789292 18571
2783391 2789985 6594
2777340 2790975 13635
2768801 2793681 24880
2788783 2795529 6746
2779613 2795958 16345
2775097 2796585 21488
2779026 2798697 19671
2773959 2799027 25068
2790106 2799324 9218
2790287 2805594 15307
2801674 2808630 6956
2799528 2812755 13227
2801769 2813250 11481
2808200 2814801 6601
2797365 2816022 18657
2811586 2818431 6845
2802800 2821467 18667
2815341 2821962 6621
2808848 2824206 15358
2813862 2824668 10806
2812401 2828034 15633
2814799 2829486 14687
2819075 2830278 11203
2819573 2831037 11464
2820430 2832192 11762
2828325 2834634 6309
2828278 2835294 7016
2818375 2837406 19031
2828759 2837472 8713
2825351 2837934 12583
2833559 2840178 6619
2830774 2845260 14486
2827264 2847174 19910
2840182 2847306 7124
2840415 2847834 7419
2843245 2849913 6668
2837146 2850408 13262
2834179 2852652 18473
2839403 2852850 13447
2844164 2853180 9016
2848112 2855754 7642
2842013 2856876 14863
2841032 2857998 16966
2850126 2863311 13185
2843394 2863542 20148
2845330 2864895 19565
2853483 2866149 12666
2855270 2867601 12331
2863034 2869746 6712
2864072 2870340 6268
2854582 2870703 16121
2862787 2873409 10622
2866184 2877567 11383
2864140 2878590 14450
2874034 2880273 6239
2861161 2880768 19607
2863411 2883969 20558
2863848 2884266 20418
2879366 2886246 6880
2879429 2886444 7015
2873102 2887368 14266
2867359 2888655 21296
2873800 2890569 16769
2866541 2891361 24820
2881163 2893275 12112
2886187 2893308 7121
2874750 2896410 21660
2889569 2899116 9547
2895367 2901624 6257
2889593 2903109 13516
2891910 2904165 12255
2903574 2910270 6696
2908733 2915352 6619
2904310 2915418 11108
2899801 2915484 15683
2909308 2915880 6572
2897624 2916441 18817
2905039 2918124 13085
2913170 2921688 8518
2910671 2924031 13360
2909232 2924757 15525
2908783 2925615 16832
2916410 2929806 13396
2914507 2930301 15794
2918720 2930928 12208
2922010 2931819 9809
2926757 2933007 6250
2912580 2935020 22440
2930112 2936736 6624
2921924 2937000 15076
2927608 2939178 11570
2931442 2942709 11267
2930467 2943303 12836
2937637 2944755 7118
2941236 2947494 6258
2936128 2947593 11465
2941986 2951619 9633
2941746 2953104 11358
2938582 2953698 15116
2947669 2953995 6326
2952622 2958879 6257
2943681 2960991 17310
2955601 2962212 6611
2956940 2963598 6658
2959124 2965710 6586
2957144 2966964 9820
2958270 2967393 9123
2959259 2967492 8233
2950132 2970495 20363
2957069 2973036 15967
2958117 2973201 15084
2965884 2975181 9297
2965241 2976138 10897
2956659 2977458 20799
2959700 2978217 18517
2965393 2979339 13946
2966818 2984223 17405
2958920 2984652 25732
2968794 2985147 16353
2962085 2985411 23326
2970219 2987391 17172
2957828 2987853 30025
2966401 2988117 21716
2964070 2991318 27248
2978760 2994024 15264
2969115 2994519 25404
2976679 2994915 18236
2977447 2995509 18062
2983836 2996994 13158
2992460 2999040 6580
2974912 3000195 25283
2995661 3003363 7702
2997663 3005970 8307
2990341 3007521 17180
3000169 3008841 8672
2988536 3009171 20635
2996055 3009666 13611
2991322 3009996 18674
2988727 3010227 21500
3003097 3011811 8714
2992335 3012042 19707
2992591 3013164 20573
2995688 3015804 20116
2999636 3016728 17092
3010297 3017289 6992
3007644 3019038 11394
2999843 3019533 19690
3000092 3020160 20068
2998231 3021744 23513
3010916 3022008 11092
3012003 3022305 10302
3013509 3022866 9357
3016893 3023229 6336
3017221 3024450 7229
3011886 3026397 14511
3014447 3027519 13072
3014224 3027882 13658
3017200 3028674 11474
3013146 3030489 17343
3022413 3031248 8835
3005833 3033558 27725
3006875 3033591 26716
3009455 3034944 25489
3013938 3035340 21402
3010580 3035373 24793
3023589 3035868 12279
3029782 3036099 6317
3024266 3036594 12328
3014955 3039069 24114
3025732 3039168 13436
3028377 3040059 11682
3024544 3041445 16901
3032027 3044778 12751
3032589 3045306 12717
3036209 3046956 10747
3036348 3048078 11730
3028440 3048474 20034
3037519 3050553 13034
3038093 3051873 13780
3041464 3052335 10871
3047228 3053853 6625
3050952 3057615 6663
3051972 3058935 6963
3052746 3059331 6585
3049368 3061146 11778
3046375 3062961 16586
3052222 3062961 10739
3058129 3069066 10937
3062108 3072498 10390
3058197 3072564 14367
3068252 3074874 6622
3065423 3076161 10738
3071637 3078240 6603
3066819 3082233 15414
3072204 3083025 10821
3071118 3083223 12105
3075094 3084939 9845
3069517 3086325 16808
3076538 3087909 11371
3082420 3089592 7172
3073608 3091110 17502
3082689 3092331 9642
3083522 3092595 9073
3080287 3095664 15377
3083589 3097314 13725
3091561 3098238 6677
3082448 3099393 16945
3093857 3100119 6262
3092102 3101307 9205
3084745 3101439 16694
3089427 3102066 12639
3095516 3102528 7012
3096346 3102924 6578
3099895 3106521 6626
3091539 3108831 17292
3104044 3110844 6800
3102307 3116553 14246
3102371 3119226 16855
3117689 3123945 6256
3117331 3124044 6713
3121349 3127971 6622
3117802 3128664 10862
3123321 3130083 6762
3113862 3130908 17046
3116919 3130941 14022
3122422 3131601 9179
3120802 3133647 12845
3125354 3134736 9382
3118015 3134802 16787
3121934 3138003 16069
3122190 3138366 16176
3123730 3141666 17936
3120754 3142062 21308
3125447 3144537 19090
3123263 3145098 21835
3132315 3147309 14994
3132616 3151104 18488
3149652 3155889 6237
3149829 3156087 6258
3147567 3156219 8652
3146100 3157044 10944
3146730 3159684 12954
3159812 3166482 6670
3156904 3167274 10370
3153278 3168198 14920
3162828 3169848 7020
3162468 3172125 9657
3153722 3172752 19030
3155596 3173214 17618
3168026 3175359 7333
3164272 3175458 11186
3166040 3180474 14434
3177516 3183774 6258
3179262 3185886 6624
3174949 3187602 12653
3180224 3188526 8302
3183024 3189681 6657
3175168 3190044 14876
3186223 3193179 6956
3180630 3193344 12714
3188357 3194961 6604
3178703 3196380 17677
3186026 3196809 10783
3191927 3202287 10360
3183878 3202452 18574
3189922 3204795 14873
3193410 3205257 11847
3192849 3206214 13365
3196486 3207369 10883
3196348 3207963 11615
3197105 3212649 15544
3207662 3213903 6241
3197821 3217302 19481
3203538 3221097 17559
3214530 3221130 6600
3211943 3222318 10375
3215464 3223077 7613
3210989 3223605 12616
3216346 3224760 8414
3209594 3227961 18367
3210640 3231558 20918
3215667 3231558 15891
3225137 3234594 9457
3223146 3234627 11481
3214458 3235155 20697
3217532 3237003 19471
3232885 3239544 6659
3222747 3241854 19107
3227637 3242349 14712
3225184 3243042 17858
3231934 3245220 13286
3232216 3245781 13565
3227049 3245880 18831
3241673 3248751 7078
3236879 3249774 12895
3232449 3251457 19008
3250399 3256638 6239
3244732 3259113 14381
3250788 3261588 10800
3257361 3264030 6669
3259646 3266274 6628
3250047 3267132 17085
3257112 3267924 10812
3260428 3269343 8915
3264671 3270927 6256
3259670 3272016 12346
3264437 3272280 7843
3266461 3273039 6578
3258092 3274227 16135
3262968 3276075 13107
3273636 3280992 7356
3261003 3283269 22266
3265083 3283896 18813
3264679 3283995 19316
3264071 3284424 20353
3270010 3284457 14447
3282655 3288978 6323
3283356 3291486 8130
3274752 3294555 19803
3289174 3295413 6239
3290905 3297921 7016
3281061 3297954 16893
3282671 3298614 15943
3289493 3300363 10870
3275491 3300759 25268
3284796 3301353 16557
3282637 3302046 19409
3296195 3302838 6643
3301512 3308118 6606
3297420 3308283 10863
3295691 3309273 13582
3305354 3315345 9991
3304405 3315411 11006
3309217 3318051 8834
3306566 3318381 11815
3298424 3318414 19990
3313178 3319503 6325
3305046 3319965 14919
3309151 3322704 13553
3310583 3326103 15520
3307762 3327159 19397
3318412 3328809 10397
3317856 3328908 11052
3320268 3329766 9498
3324788 3331416 6628
3310937 3335475 24538
3323180 3336003 12823
3309633 3336333 26700
3330959 3337653 6694
3331516 3337851 6335
3331426 3337950 6524
3330747 3338214 7467
3332248 3340491 8243
3322372 3341283 18911
3336335 3342669 6334
3335841 3342834 6993
3336505 3343230 6725
3335834 3344451 8617
3331941 3345012 13071
3336451 3345639 9188
3341463 3347784 6321
3337115 3348015 10900
3342160 3350292 8132
3339097 3351414 12317
3340917 3352668 11751
3331230 3352833 21603
3347498 3358278 10780
3349290 3360027 10737
3352561 3363426 10865
3346075 3366099 20024
3354229 3367023 12794
3352954 3368211 15257
3348014 3368277 20263
3359648 3371181 11533
3359923 3371808 11885
3361489 3373623 12134
3360300 3374184 13884
3369554 3376164 6610
3373438 3379695 6257
3374677 3380916 6239
3370795 3381972 11177
3375878 3384975 9097
3374430 3385305 10875
3381807 3388638 6831
3373839 3388737 14898
3377968 3389661 11693
3378211 3390981 12770
3381719 3392169 10450
3389544 3396162 6618
3380072 3396888 16816
3385163 3398340 13177
3395809 3402432 6623
3390631 3404247 13616
3389114 3404511 15397
3394908 3405963 11055
3387452 3407316 19864
3403430 3410088 6658
3403397 3410319 6922
3403797 3410847 7050
3404271 3411375 7104
3400737 3411606 10869
3395249 3411672 16423
3399339 3414312 14973
3403189 3414708 11519
3403488 3414741 11253
3411133 3417381 6248
3405245 3420120 14875
3408718 3420879 12161
3411754 3422133 10379
3409536 3422397 12861
3416815 3423948 7133
3412720 3426654 13934
3421004 3427248 6244
3421130 3433155 12025
3427979 3434607 6628
3428589 3435168 6579
3428766 3435663 6897
3429464 3436158 6694
3410089 3437643 27554
3431258 3437874 6616
3417801 3439392 21591
3435909 3442527 6618
3433416 3442593 9177
3434918 3443616 8698
3426897 3444540 17643
3431293 3446817 15524
3433678 3447609 13931
3432666 3448005 15339
3431465 3450909 19444
3441426 3451800 10374
3432819 3453813 20994
3443915 3454737 10822
3439110 3454836 15726
3446033 3456783 10750
3439712 3457872 18160
3450407 3460512 10105
3438118 3461436 23318
3453522 3464670 11148
3451287 3465759 14472
3458983 3466815 7832
3460287 3471864 11577
3463580 3472194 8614
3459300 3473547 14247
3470505 3477111 6606
3460906 3477903 16997
3475714 3482325 6611
3464966 3483777 18811
3471740 3485064 13324
3471406 3491037 19631
3482756 3492423 9667
3486369 3493248 6879
3484355 3497571 13216
3487115 3497670 10555
3485218 3498099 12881
3489861 3498231 8370
3487208 3498627 11419
3482417 3500409 17992
3494321 3501003 6682
3489933 3501201 11268
3495680 3501993 6313
3485826 3503643 17817
3497987 3504600 6613
3501044 3507735 6691
3497093 3507834 10741
3501809 3508428 6619
3504236 3512916 8680
3501657 3518856 17199
3503230 3520110 16880
3510422 3522156 11734
3505017 3525819 20802
3517450 3527832 10382
3518440 3528822 10382
3524189 3530835 6646
3522033 3533046 11013
3527626 3535323 7697
3518494 3536445 17951
3524467 3538524 14057
3532136 3538788 6652
3527301 3539052 11751
3533443 3539877 6434
3535839 3542451 6612
3532026 3543276 11250
3534228 3547104 12876
3533440 3547731 14291
3538712 3549414 10702
3540009 3549810 9801
3540083 3549975 9892
3537389 3550338 12949
3541435 3550437 9002
3537468 3550899 13431
3545607 3552681 7074
3536821 3553440 16619
3541509 3553473 11964
3546017 3555717 9700
3534736 3556509 21773
3543823 3556740 12917
3550343 3557268 6925
3539994 3564330 24336
3544704 3564693 19989
3560588 3567201 6613
3558091 3567399 9308
3553142 3568356 15214
3564266 3570897 6631
3559862 3571392 11530
3558983 3571524 12541
3560763 3572382 11619
3562399 3573735 11336
3556176 3574593 18417
3569384 3575649 6265
3562815 3578421 15606
3567160 3578652 11492
3568752 3579246 10494
3565531 3579279 13748
3572674 3581622 8948
3573045 3581886 8841
3566446 3584823 18377
3572056 3585516 13460
3575635 3588387 12752
3581585 3588585 7000
3577055 3589575 12520
3584409 3590664 6255
3576451 3592050 15599
3575717 3592644 16927
3577319 3594162 16843
3569497 3595086 25589
3589483 3596109 6626
3590393 3597000 6607
3593594 3600201 6607
3594844 3601092 6248
3589845 3601191 11346
3596472 3603270 6798
3599603 3605844 6241
3592921 3609969 17048
