3874 10494 6620
4587 11187 6600
8037 18843 10806
6526 19503 12977
9993 23925 13932
19849 26466 6617
15865 27027 11162
26506 39039 12533
25332 39699 14367
29310 40095 10785
42933 57420 14487
54777 65637 10860
53193 67947 14754
71514 85866 14352
82190 92565 10375
91312 97944 6632
88705 99099 10394
85827 100056 14229
94535 105798 11263
92303 106557 14254
101443 107712 6269
107718 118668 10950
112331 121671 9340
114513 125268 10755
124809 139194 14385
139157 149886 10729
150545 157146 6601
161606 167871 6265
164721 171336 6615
176803 183051 6248
184069 190311 6242
190975 197241 6266
190856 197472 6616
195776 206514 10738
197051 208890 11839
202434 209055 6621
196690 210936 14246
210471 216711 6240
206217 216942 10725
216661 227436 10775
222171 236412 14241
230535 237138 6603
226423 237303 10880
236970 247731 10761
243212 251922 8710
242471 253407 10936
251932 258192 6260
256763 263010 6247
258754 269643 10889
268194 274461 6267
261141 276573 15432
266653 282282 15629
272651 289014 16363
288952 295218 6266
297092 303336 6244
294900 306174 11274
304890 311520 6630
305203 311817 6614
301493 312246 10753
309627 315876 6249
307497 318384 10887
305585 320463 14878
312743 325116 12373
317822 328548 10726
313490 330627 17137
317150 331089 13939
319265 332013 12748
327244 333498 6254
324169 338415 14246
333470 344355 10885
338607 345213 6606
338121 348513 10392
347977 354585 6608
341687 355014 13327
345218 355674 10456
357488 371844 14356
358757 373329 14572
393951 404316 10365
399375 410454 11079
421019 427119 6100
420240 430980 10740
443717 454080 10363
459421 466059 6638
453123 470580 17457
462749 473286 10537
463542 473913 10371
460648 476289 15641
461816 476685 14869
468637 483318 14681
491653 498333 6680
494004 504768 10764
488289 505527 17238
514701 520938 6237
525459 536316 10857
526778 537075 10297
545220 551463 6243
543091 556974 13883
555031 569415 14384
570478 577104 6626
576197 582450 6253
589024 595650 6626
588247 599016 10769
592136 599247 7111
593488 601392 7904
589635 604593 14958
595024 611919 16895
606388 612645 6257
605767 616143 10376
614178 620796 6618
607167 622809 15642
614526 624888 10362
612209 625548 13339
628905 635151 6246
633972 640233 6261
640584 649572 8988
639129 649869 10740
645803 652410 6607
647275 653895 6620
650588 664818 14230
661632 672012 10380
674906 681153 6247
676295 687027 10732
687452 693693 6241
698241 705045 6804
699070 705309 6239
692132 707388 15256
697927 708312 10385
702977 709335 6358
701003 711744 10741
707514 714120 6606
711979 722370 10391
717872 728244 10372
718834 731412 12578
735793 746658 10865
744442 750684 6242
748197 758934 10737
754218 760848 6630
754404 765138 10734
759312 772101 12789
766530 772794 6264
764431 774807 10376
771505 782232 10727
779975 790845 10870
777885 792297 14412
783242 794706 11464
791915 802659 10744
803221 817608 14387
814930 821535 6605
814987 825858 10871
835016 846450 11434
834226 847110 12884
833192 847440 14248
841510 847770 6260
837083 848694 11611
848280 863148 14868
871790 882156 10366
880363 886611 6248
884658 891264 6606
881208 892089 10881
888960 895224 6264
886469 901164 14695
900076 908985 8909
899564 910371 10807
904102 918522 14420
915924 922185 6261
920380 934824 14444
926823 937596 10773
921157 937860 16703
932433 943767 11334
936448 946836 10388
961900 968517 6617
961376 972246 10870
960365 975216 14851
977508 983763 6255
985807 992574 6767
985692 996435 10743
987479 998514 11035
985460 999339 13879
1003406 1009668 6262
1000334 1011120 10786
1013634 1020261 6627
1010119 1020492 10373
1019846 1026102 6256
1019673 1026300 6627
1023036 1029666 6630
1039894 1046133 6239
1043498 1054383 10885
1066259 1076625 10366
1080300 1091178 10878
1082917 1093983 11066
1098818 1106226 7408
1097529 1111902 14373
1102572 1114641 12069
1116879 1127313 10434
1121613 1134078 12465
1129203 1135959 6756
1128864 1139226 10362
1133550 1145991 12441
1134055 1146024 11969
1153256 1164042 10786
1155749 1165296 9547
1155500 1166319 10819
1162735 1173612 10877
1171541 1178133 6592
1169449 1179816 10367
1181550 1187802 6252
1187778 1194039 6261
1208543 1214796 6253
1214082 1224960 10878
1233366 1243737 10371
1238867 1245486 6619
1236833 1247202 10369
1248868 1255122 6254
1264512 1279014 14502
1272847 1283601 10754
1269323 1283733 14410
1282995 1293864 10869
1302817 1309440 6623
1302512 1317030 14518
1320658 1327326 6668
1324188 1330428 6240
1316665 1334025 17360
1328917 1335180 6263
1330676 1336929 6253
1347750 1353990 6240
1343382 1354122 10740
1347535 1361415 13880
1350743 1361613 10870
1356496 1362735 6239
1369384 1376001 6617
1378289 1384911 6622
1379179 1385802 6623
1382543 1393425 10882
1391015 1401378 10363
1391886 1405668 13782
1393595 1406724 13129
1400271 1409793 9522
1395778 1410354 14576
1401430 1412862 11432
1410679 1417284 6605
1420721 1427349 6628
1429754 1435995 6241
1434471 1440714 6243
1427173 1442265 15092
1433997 1444377 10380
1433072 1447578 14506
1442294 1456059 13765
1446056 1457247 11191
1453584 1460184 6600
1447690 1461933 14243
1459386 1470117 10731
1466256 1472493 6237
1463143 1473879 10736
1474248 1480875 6627
1470702 1485066 14364
1480832 1487079 6247
1482470 1489059 6589
1487430 1497804 10374
1494579 1500840 6261
1491781 1502457 10676
1497203 1504602 7399
1490147 1504998 14851
1496883 1508166 11283
1506714 1523775 17061
1510267 1524732 14465
1510920 1530309 19389
1533031 1539648 6617
1529608 1544004 14396
1541261 1551990 10729
1546660 1552914 6254
1551745 1557996 6251
1557834 1564101 6267
1560392 1571262 10870
1576012 1582614 6602
1586079 1592679 6600
1577948 1592910 14962
1584152 1598454 14302
1588268 1605219 16951
1614089 1620696 6607
1618162 1624788 6626
1624626 1630893 6267
1635442 1641684 6242
1637967 1644588 6621
1639468 1645710 6242
1634642 1651188 16546
1641410 1652145 10735
1644502 1657392 12890
1645036 1662705 17669
1653729 1664586 10857
1654320 1664685 10365
1663193 1673562 10369
1669835 1680228 10393
1677035 1683297 6262
1680893 1691646 10753
1686302 1698015 11713
1697150 1703394 6244
1699511 1706133 6622
1699215 1709961 10746
1720442 1727055 6613
1783259 1789887 6628
1797702 1803945 6243
1796352 1807113 10761
1802061 1808301 6240
1809899 1816518 6619
1812257 1822623 10366
1821565 1827804 6239
1813125 1828992 15867
1839530 1845789 6259
1835726 1846119 10393
1836247 1846614 10367
1840827 1847076 6249
1837264 1847901 10637
1840880 1848231 7351
1842761 1854666 11905
1841774 1855887 14113
1849870 1856118 6248
1855789 1866579 10790
1866002 1872618 6616
1873474 1880076 6602
1885005 1891263 6258
1886127 1892385 6258
1890475 1904991 14516
1931528 1945911 14383
1935823 1946703 10880
1946283 1956669 10386
1955388 1962015 6627
1956204 1966569 10365
1962829 1973697 10868
1959171 1974027 14856
1964313 1976502 12189
1961271 1977063 15792
1965201 1983795 18594
1989715 2000592 10877
2000850 2009271 8421
2000048 2010855 10807
2004512 2013528 9016
2010716 2017323 6607
2015650 2026035 10385
2037706 2043954 6248
2042247 2049267 7020
2039773 2054151 14378
2048166 2059035 10869
2054743 2061048 6305
2055484 2067780 12296
2057374 2068308 10934
2067787 2074413 6626
2070166 2084610 14444
2080293 2086920 6627
2071090 2087811 16721
2075013 2091309 16296
2101854 2108469 6615
2103358 2113749 10391
2108152 2114772 6620
2109784 2121075 11291
2123379 2134242 10863
2126578 2135562 8984
2125040 2135925 10885
2130116 2137509 7393
2129429 2139819 10390
2129506 2140050 10544
2133980 2143086 9106
2146112 2156979 10867
2156364 2166747 10383
2163239 2169486 6247
2165365 2180871 15506
2168030 2182389 14359
2171929 2186910 14981
2186994 2193246 6252
2205231 2211495 6264
2209550 2220438 10888
2215524 2221791 6267
2211734 2222517 10783
2226480 2232747 6267
2234105 2244891 10786
2250236 2256474 6238
2260156 2270598 10442
2264647 2270895 6248
2260022 2273733 13711
2267780 2278155 10375
2283471 2289738 6267
2290000 2296602 6602
2293292 2299902 6610
2297412 2304027 6615
2308095 2314719 6624
2313973 2320593 6620
2311416 2322672 11256
2323373 2334255 10882
2335294 2342307 7013
2332808 2347191 14383
2343026 2349666 6640
2348709 2355309 6600
2344523 2355969 11446
2353086 2359335 6249
2370187 2380917 10730
2380144 2386758 6614
2382477 2389101 6624
2384296 2394678 10382
2389855 2396295 6440
2389498 2399397 9899
2393793 2400057 6264
2402010 2412399 10389
2407514 2414115 6601
2412624 2422992 10368
2415497 2426358 10861
2427612 2440779 13167
2431308 2442099 10791
2449164 2455794 6630
2451976 2458599 6623
2457874 2464506 6632
2466125 2476518 10393
2467226 2478102 10876
2478823 2485065 6242
2478909 2485527 6618
2483725 2490345 6620
2492352 2498958 6606
2493189 2507076 13887
2502401 2513181 10780
2500836 2515062 14226
2509016 2524269 15253
2515065 2525721 10656
2522097 2528724 6627
2516845 2531232 14387
2526821 2537634 10813
2530862 2544828 13966
2536722 2551989 15267
2534679 2552484 17805
2538793 2553507 14714
2557985 2564595 6610
2560996 2568456 7460
2567979 2574594 6615
2559523 2575485 15962
2566314 2577201 10887
2573273 2583999 10726
2581652 2588256 6604
2590854 2597463 6609
2596566 2607297 10731
2614089 2624457 10368
2624214 2630463 6249
2625154 2638977 13823
2636099 2642706 6607
2629053 2643795 14742
2630604 2644983 14379
2661381 2672109 10728
2664947 2675805 10858
2670578 2681712 11134
2683107 2693856 10749
2689139 2695770 6631
2693565 2700192 6627
2700439 2714811 14372
2713012 2727384 14372
2721157 2727780 6623
2722060 2728671 6611
2729095 2735337 6242
2728523 2739264 10741
2734888 2741904 7016
2737445 2744412 6967
2741254 2747514 6260
2745054 2751309 6255
2745180 2756061 10881
2754001 2764740 10739
2770397 2776653 6256
2773551 2783913 10362
2788405 2795034 6629
2789994 2801337 11343
2808092 2814339 6247
2808703 2819586 10883
2825245 2835624 10379
2851228 2857470 6242
2846286 2860671 14385
2861891 2868492 6601
2873144 2887632 14488
2880042 2890767 10725
2887298 2893902 6604
2895943 2906673 10730
2907164 2913405 6241
2914468 2921094 6626
2915497 2922150 6653
2913497 2927727 14230
2922359 2933106 10747
2929068 2935680 6612
2932391 2939046 6655
2926602 2941092 14490
2938605 2945217 6612
2939790 2946438 6648
2936958 2948220 11262
2938448 2953137 14689
2948118 2955216 7098
2951255 2957856 6601
2955100 2961354 6254
2954018 2968317 14299
2960893 2971650 10757
2964431 2978151 13720
2961750 2979207 17457
2969159 2979867 10708
2972487 2980032 7545
2973077 2982177 9100
2975053 2982672 7619
2970963 2986005 15042
2980775 2987391 6616
2982026 2992605 10579
2993767 3000030 6263
2995201 3005970 10769
2999761 3010623 10862
3006192 3012801 6609
3002127 3012999 10872
3020166 3026793 6627
3022645 3033030 10385
3029074 3035340 6266
3034370 3045108 10738
3040289 3054645 14356
3050758 3061641 10883
3051064 3061806 10742
3070958 3077217 6259
3075371 3081639 6268
3071599 3084741 13142
3075275 3085731 10456
3087503 3094113 6610
3096027 3106752 10725
3111093 3117708 6615
3111531 3121899 10368
3111559 3122427 10868
3113979 3124836 10857
3121935 3128202 6267
3126598 3133218 6620
3126730 3137607 10877
3139269 3145890 6621
3141740 3148002 6262
3143764 3150774 7010
3150979 3157605 6626
3158852 3165096 6244
3169979 3180705 10726
3186409 3192651 6242
3190441 3196710 6269
3191908 3198162 6254
3201964 3208227 6263
3204273 3210900 6627
3205037 3211296 6259
3207231 3213837 6606
3211411 3222582 11171
3212687 3223077 10390
3219273 3225882 6609
3219622 3230007 10385
3230240 3236508 6268
3234950 3248883 13933
3245220 3255648 10428
3250524 3261258 10734
3242682 3262182 19500
3276801 3287559 10758
3279611 3290496 10885
3299181 3309570 10389
3295205 3310065 14860
3300070 3310461 10391
3308986 3315246 6260
3309297 3315906 6609
3311428 3322308 10880
3307854 3322605 14751
3322848 3329469 6621
3315940 3330360 14420
3354087 3360687 6600
3372285 3378540 6255
3368286 3379167 10881
3373276 3383886 10610
3377282 3388011 10729
3384523 3395304 10781
3389331 3395568 6237
3400420 3414675 14255
3408447 3419328 10881
3416567 3427446 10879
3427453 3434079 6626
3435420 3445794 10374
3436386 3450249 13863
3447800 3454044 6244
3445524 3456684 11160
3452533 3467343 14810
3458986 3469356 10370
3464820 3471072 6252
3470190 3476814 6624
3471553 3477870 6317
3473978 3484767 10789
3482914 3489519 6605
3484335 3495195 10860
3506465 3512718 6253
3507275 3514995 7720
3514039 3520737 6698
3511739 3522123 10384
3514379 3523608 9229
3514044 3524994 10950
3514552 3525291 10739
3529971 3536214 6243
3531280 3542154 10874
3548398 3559149 10751
3552075 3562350 10275
3558036 3565056 7020
3551458 3565815 14357
3556964 3567729 10765
3561221 3567828 6607
3563793 3570435 6642
3570351 3581226 10875
3592358 3602742 10384
3594281 3605217 10936
