4047 14850 10803
13022 26994 13972
33249 39897 6648
31225 45210 13985
44099 50391 6292
47310 53592 6282
43651 54582 10931
56395 63030 6635
56876 63162 6286
66701 72996 6295
68905 75207 6302
76861 83523 6662
78214 84876 6662
86632 97449 10817
94540 101178 6638
98170 108966 10796
104195 115104 10909
112373 118668 6295
113494 119790 6296
113497 120153 6656
124353 130647 6294
131346 138006 6660
137373 143649 6276
141544 152361 10817
168403 174702 6299
164726 175164 10438
172776 179421 6645
179004 185658 6654
179128 192588 13460
187544 198363 10819
194338 200640 6302
195695 202356 6661
194315 205260 10945
209036 215688 6652
209710 215985 6275
213436 219714 6278
222157 228822 6665
224970 235422 10452
230414 237072 6658
231154 245619 14465
235637 246576 10939
250452 261393 10941
259894 266178 6284
256473 267267 10794
282085 288750 6665
277350 291324 13974
279301 292578 13277
279114 293568 14454
283604 294558 10954
283897 294657 10760
281545 298683 17138
298834 305118 6284
299362 305646 6284
299664 305976 6312
299666 306306 6640
298343 309276 10933
305670 311949 6279
309026 315678 6652
315201 329670 14469
320464 331287 10823
317927 332409 14482
323087 332442 9355
327731 338547 10816
331983 346467 14484
349458 360261 10803
356104 362769 6665
360663 371613 10950
366094 372372 6278
368267 374550 6283
367132 378081 10949
387239 393954 6715
388147 394449 6302
389758 396396 6638
391005 397287 6282
386480 397419 10939
389236 399696 10460
398525 405174 6649
399692 410619 10927
436099 447051 10952
441428 449559 8131
450666 457677 7011
451238 457875 6637
450443 460878 10435
452932 463386 10454
461791 472725 10934
463496 474441 10945
467757 478566 10809
473888 488367 14479
490615 501435 10820
492568 507177 14609
498385 512853 14468
510220 516516 6296
510579 519684 9105
509857 520311 10454
526991 533280 6289
533221 539880 6659
537953 548757 10804
559972 566247 6275
566160 572451 6291
568460 575124 6664
570103 578325 8222
568933 583902 14969
582642 588918 6276
585784 592449 6665
583362 593802 10440
601085 607365 6280
601376 612315 10939
606175 614988 8813
613559 620202 6643
609803 620730 10927
621748 632181 10433
622845 633798 10953
631003 641817 10814
651714 662145 10431
648772 663234 14462
665093 671385 6292
664104 675048 10944
670895 677193 6298
682548 689205 6657
685123 691779 6656
689245 695541 6296
694554 700854 6300
697808 704088 6280
691593 706200 14607
695526 706332 10806
702729 713526 10797
710924 717585 6661
713618 719895 6277
720690 735075 14385
731288 737946 6658
730003 744381 14378
734606 745536 10930
743432 749727 6295
749550 756195 6645
756919 763554 6635
754405 764841 10436
769411 775698 6287
764920 775863 10943
773328 787809 14481
794669 801306 6637
790545 804903 14358
792031 806619 14588
798765 807576 8811
800134 810579 10445
802522 813450 10928
811882 826353 14471
815955 830412 14457
831767 838431 6664
830510 841302 10792
832064 845889 13825
841715 856086 14371
852819 859089 6270
862944 869220 6276
869675 875952 6277
896641 907071 10430
903052 909348 6296
907012 913308 6296
907109 913902 6793
906891 917334 10443
911398 918060 6662
917898 931887 13989
924200 938685 14485
941639 952446 10807
955504 965943 10439
960274 966570 6296
961261 967923 6662
961710 972510 10800
973910 980562 6652
972278 983070 10792
979808 986106 6298
978058 989010 10952
979285 990099 10814
976995 991452 14457
985974 992244 6270
985016 995940 10924
988556 999504 10948
1004920 1011219 6299
1010989 1017654 6665
1003911 1018380 14469
1017557 1025871 8314
1016440 1027389 10949
1023837 1030128 6291
1042575 1049235 6660
1044211 1058673 14462
1049477 1061049 11572
1057741 1064019 6278
1063315 1069959 6644
1067701 1078506 10805
1065320 1079694 14374
1078762 1085403 6641
1080626 1087284 6658
1081380 1087680 6300
1073739 1090386 16647
1081495 1097778 16283
1095346 1106292 10946
1107037 1113321 6284
1125186 1131834 6648
1158868 1169883 11015
1160864 1171797 10933
1158045 1172655 14610
1161874 1175856 13982
1171616 1182423 10807
1181332 1187967 6635
1176853 1189353 12500
1177194 1189980 12786
1186009 1192290 6281
1191660 1198296 6636
1184157 1198626 14469
1192212 1198857 6645
1190817 1205424 14607
1200329 1206975 6646
1204397 1210671 6274
1205998 1212651 6653
1201929 1212882 10953
1211200 1217865 6665
1234819 1241460 6641
1239265 1245552 6287
1235923 1246740 10817
1245168 1256112 10944
1262525 1268817 6292
1259053 1269510 10457
1267005 1273305 6300
1264681 1275615 10934
1268086 1278882 10796
1265237 1282776 17539
1271968 1282908 10940
1272018 1286901 14883
1284838 1295778 10940
1299345 1305645 6300
1292027 1306503 14476
1309403 1315677 6274
1317056 1331517 14461
1325540 1335972 10432
1330778 1337061 6283
1330056 1344519 14463
1339617 1354221 14604
1354108 1364550 10442
1351877 1366695 14818
1376988 1383261 6273
1386607 1392897 6290
1389323 1395966 6643
1397875 1408671 10796
1415180 1425996 10816
1420824 1431276 10452
1423393 1437876 14483
1450436 1457082 6646
1446160 1460547 14387
1459454 1465728 6274
1456303 1470909 14606
1461359 1473417 12058
1465418 1476222 10804
1471294 1477575 6281
1470281 1480710 10429
1470423 1480875 10452
1480760 1487046 6286
1495751 1506681 10930
1493295 1509519 16224
1503198 1509849 6651
1506427 1513083 6656
1507865 1518660 10795
1508597 1523082 14485
1513494 1525557 12063
1520067 1532388 12321
1536458 1542750 6292
1531699 1546182 14483
1547823 1554465 6642
1555174 1561824 6650
1563743 1570041 6298
1572394 1578687 6293
1572601 1579248 6647
1574002 1580304 6302
1569174 1587135 17961
1577206 1588290 11084
1575760 1589742 13982
1586057 1592712 6655
1582846 1593669 10823
1588786 1599741 10955
1588113 1604031 15918
1595377 1606176 10799
1602449 1609113 6664
1603541 1609839 6298
1601808 1612743 10935
1612681 1623633 10952
1615954 1626768 10814
1622204 1632642 10438
1631519 1645974 14455
1679869 1686531 6662
1672340 1686795 14455
1685965 1696398 10433
1706633 1713294 6661
1710805 1717452 6647
1718574 1729497 10923
1726464 1740948 14484
1732537 1747152 14615
1736199 1747152 10953
1751591 1758240 6649
1757215 1763487 6272
1754389 1765203 10814
1778225 1784508 6283
1781280 1787577 6297
1788137 1798566 10429
1792044 1798698 6654
1792374 1799292 6918
1798294 1804572 6278
1798164 1809093 10929
1803446 1818399 14953
1811838 1818498 6660
1809293 1819752 10459
1816991 1827936 10945
1823606 1829883 6277
1826816 1833117 6301
1824644 1835460 10816
1825615 1836549 10934
1830806 1841730 10924
1840134 1846779 6645
1840690 1851135 10445
1842708 1853148 10440
1846838 1857768 10930
1852490 1863444 10954
1867876 1882353 14477
1872370 1882815 10445
1868772 1883244 14472
1875352 1886280 10928
1883406 1894200 10794
1899215 1905486 6271
1908038 1918983 10945
1921604 1928256 6652
1926201 1932843 6642
1919166 1935549 16383
1937888 1944525 6637
1940061 1946703 6642
1946802 1957230 10428
1948655 1959771 11116
1945427 1959903 14476
1955060 1961355 6295
1966766 1973400 6634
1968085 1974357 6272
1969392 1976040 6648
1977691 1988151 10460
1995825 2006763 10938
2000248 2010690 10442
2008702 2019501 10799
2019682 2026332 6650
2033911 2040555 6644
2032933 2043888 10955
2045819 2056758 10939
2051063 2065437 14374
2068251 2079066 10815
2078994 2085270 6276
2083442 2093883 10441
2087603 2094246 6643
2090817 2101770 10953
2101477 2107776 6299
2098054 2112528 14474
2111145 2125629 14484
2125619 2136552 10933
2130692 2136981 6289
2126756 2137212 10456
2127200 2141535 14335
2143659 2154108 10449
2149098 2155395 6297
2149331 2155989 6658
2149732 2156385 6653
2168304 2174601 6297
2169013 2179947 10934
2169564 2180508 10944
2187879 2194170 6291
2184853 2195787 10934
2208430 2215092 6662
2209609 2216247 6638
2212442 2218788 6346
2209591 2220405 10814
2211687 2226147 14460
2222908 2229183 6275
2220736 2231691 10955
2228611 2236740 8129
2227459 2237895 10436
2240733 2251656 10923
2248567 2254989 6422
2248095 2258553 10458
2257735 2264031 6296
2258464 2268915 10451
2261709 2272512 10803
2270048 2276703 6655
2266773 2277726 10953
2275611 2281884 6273
2275615 2282280 6665
2295632 2310099 14467
2292150 2311980 19830
2302024 2312970 10946
2311110 2321550 10440
2317189 2323827 6638
2320059 2330493 10434
2324829 2331120 6291
2329238 2335872 6634
2322456 2336928 14472
2338605 2349534 10929
2344861 2351547 6686
2364147 2370423 6276
2364308 2370588 6280
2360880 2371677 10797
2370567 2376858 6291
2383183 2389464 6281
2384746 2391048 6302
2382571 2393028 10457
2386960 2393259 6299
2386330 2396163 9833
2388520 2398968 10448
2400551 2410980 10429
2412477 2418834 6357
2415420 2422068 6648
2411517 2422332 10815
2412153 2423223 11070
2411896 2425302 13406
2427863 2438667 10804
2451979 2466453 14474
2460788 2467443 6655
2464204 2470479 6275
2467509 2477937 10428
2470204 2481138 10934
2473587 2484405 10818
2475737 2487672 11935
2487045 2497836 10791
2491717 2498001 6284
2506259 2512917 6658
2506765 2513412 6647
2517033 2527965 10932
2528188 2538624 10436
2533262 2539548 6286
2554763 2565222 10459
2555554 2566146 10592
2563246 2569545 6299
2606034 2612676 6642
2611935 2618220 6285
2611473 2625843 14370
2619276 2625909 6633
2626881 2633532 6651
2623213 2633664 10451
2632108 2638383 6275
2629496 2643960 14464
2632542 2647128 14586
2641067 2647359 6292
2653233 2659503 6270
2662830 2673264 10434
2666643 2673297 6654
2671154 2677818 6664
2674477 2680755 6278
2676863 2687322 10459
2684529 2690820 6291
2676836 2691216 14380
2681486 2692305 10819
2685496 2699862 14366
2693196 2707551 14355
2711242 2725701 14459
2724994 2731641 6647
2724020 2734479 10459
2731109 2745567 14458
2742246 2748900 6654
2738692 2749494 10802
2750394 2757051 6657
2748927 2759361 10434
2761812 2768469 6657
2760668 2771472 10804
2778980 2793450 14470
2788602 2794902 6300
2789952 2796585 6633
2791148 2797806 6658
2786143 2799720 13577
2795169 2801832 6663
2788180 2804967 16787
2795551 2805990 10439
2793252 2807739 14487
2806092 2820708 14616
2820617 2827275 6658
2822757 2829057 6300
2819570 2830014 10444
2818466 2832819 14353
2822912 2837373 14461
2839810 2846448 6638
2840941 2851893 10952
2845429 2855028 9599
2848562 2855589 7027
2842335 2858295 15960
2851721 2858361 6640
2850675 2861496 10821
2855877 2862156 6279
2856909 2863179 6270
2862689 2873640 10951
2873187 2879844 6657
2897191 2907993 10802
2902471 2909115 6644
2903786 2910072 6286
2899623 2914593 14970
2909865 2926935 17070
2918738 2929542 10804
2916977 2931324 14347
2932142 2938782 6640
2938152 2944425 6273
2940204 2951025 10821
2949187 2955843 6656
2944590 2958549 13959
2951588 2962542 10954
2957372 2963664 6292
2960761 2967063 6302
2962073 2968713 6640
2978568 2989008 10440
3001067 3011877 10810
3008939 3019368 10429
3008937 3019731 10794
3022555 3028839 6284
3025469 3036264 10795
3033090 3039729 6639
3038689 3052665 13976
3040866 3055338 14472
3056602 3062895 6293
3066301 3072597 6296
3065503 3074148 8645
3064624 3075435 10811
3065482 3076425 10943
3079693 3094311 14618
3093103 3099756 6653
3093624 3100284 6660
3109813 3120744 10931
3122688 3133614 10926
3123973 3134406 10433
3128715 3143184 14469
3133824 3148167 14343
3152445 3158727 6282
3155363 3169848 14485
3168609 3174897 6288
3175480 3182124 6644
3195500 3205950 10450
3202069 3212880 10811
3218933 3233406 14473
3229400 3236046 6646
3240372 3251193 10821
3241859 3252678 10819
3261859 3272676 10817
3267747 3274392 6645
3270187 3276471 6284
3271103 3282048 10945
3272440 3283236 10796
3277954 3284589 6635
3278518 3289341 10823
3285124 3291420 6296
3273864 3292575 18711
3283981 3295710 11729
3285606 3296535 10929
3293985 3300627 6642
3295271 3301914 6643
3298004 3304290 6286
3300312 3306600 6288
3296144 3306963 10819
3315275 3321912 6637
3314635 3328611 13976
3329532 3336168 6636
3330893 3337554 6661
3344237 3350523 6286
3338300 3353262 14962
3342786 3353592 10806
3345429 3355869 10440
3350988 3357651 6663
3344495 3358476 13981
3362591 3368871 6280
3364645 3371280 6635
3368698 3379497 10799
3378149 3389100 10951
3384434 3394875 10441
3384875 3397317 12442
3393981 3408933 14952
3395365 3409824 14459
3407571 3418371 10800
3407999 3418569 10570
3422605 3433551 10946
3433904 3448863 14959
3451516 3458169 6653
3475212 3481500 6288
3476223 3482886 6663
3480263 3486912 6649
3490288 3496581 6293
3491940 3498594 6654
3500897 3511332 10435
3507061 3517503 10442
3514262 3525192 10930
3514424 3525357 10933
3527304 3538095 10791
3535983 3546774 10791
3539675 3550602 10927
3545675 3551955 6280
3541813 3552747 10934
3547374 3553671 6297
3547730 3554364 6634
3553590 3560238 6648
3548539 3562548 14009
3578149 3584790 6641
3583545 3589839 6294
3588429 3595185 6756
3587645 3598584 10939
3593819 3600102 6283
3596910 3603204 6294
