3698 14289 10591
9928 16203 6275
2084 16335 14251
875 17292 16417
3015 17490 14475
10478 18810 8332
4394 18876 14482
2124 19074 16950
17289 23562 6273
8751 23892 15141
18528 24816 6288
20882 27522 6640
24612 31251 6639
27797 34452 6655
20661 35277 14616
25853 36663 10810
30442 37092 6650
32098 38379 6281
32759 39039 6280
32981 39270 6289
31509 41943 10434
29641 43362 13721
38941 45243 6302
40133 46431 6298
40547 47190 6643
32966 48279 15313
42321 48708 6387
39481 50424 10943
41698 52140 10442
45627 52272 6645
47344 53988 6644
47954 54615 6661
41836 57255 15419
41621 58146 16525
49905 60027 10122
46437 60423 13986
48374 63327 14953
57108 63393 6285
57018 67452 10434
63388 69663 6275
59000 69927 10927
60266 70719 10453
66231 72501 6270
66251 72534 6283
58597 73557 14960
67985 74646 6661
69053 75702 6649
69869 76527 6658
70518 77253 6735
67396 78210 10814
74211 80916 6705
71092 81543 10451
76927 83226 6299
73338 84150 10812
73925 84381 10456
75001 85437 10436
74859 85668 10809
75638 89133 13495
76951 91410 14459
81624 92070 10446
77448 92400 14952
79438 94116 14678
86270 97086 10816
83290 98241 14951
88953 100023 11070
87086 100221 13135
88877 103257 14380
97473 103752 6279
93760 104214 10454
90894 106557 15663
87759 107217 19458
101068 107712 6644
101739 108009 6270
102981 109626 6645
92378 109824 17446
99867 110319 10452
100780 111573 10793
107031 113322 6291
98301 113388 15087
103346 114147 10801
101383 116655 15272
96296 116952 20656
114225 120516 6291
112115 121308 9193
112241 121836 9595
111503 121935 10432
118620 124905 6285
118842 125136 6294
116035 127017 10982
115113 129096 13983
115653 131010 15357
117340 131934 14594
121916 132726 10810
120700 133188 12488
123690 134508 10818
121903 135795 13892
124016 136323 12307
129827 136488 6661
130300 136950 6650
123865 139425 15560
119521 139689 20168
129244 140184 10940
134412 141075 6663
132686 142593 9907
133504 142923 9419
140874 147147 6273
135258 148203 12945
142408 148698 6290
137555 148830 11275
139792 150249 10457
139504 151107 11603
148809 155463 6654
143119 155529 12410
144744 155727 10983
131933 156717 24784
144875 157146 12271
142870 157311 14441
144217 157542 13325
146776 157905 11129
149137 158532 9395
142755 161139 18384
148311 161139 12828
154503 161139 6636
150571 162261 11690
157969 164604 6635
148467 165363 16896
154711 167475 12764
150473 168663 18190
162583 168894 6311
162924 169455 6531
161862 170775 8913
156903 171501 14598
150354 172623 22269
157760 172920 15160
162501 173745 11244
163113 174405 11292
160494 174801 14307
161915 175890 13975
159072 177738 18666
158369 178728 20359
169460 179916 10456
161504 180477 18973
165877 182061 16184
161708 182457 20749
169916 182457 12541
170324 183117 12793
177233 183513 6280
167560 183645 16085
174738 184173 9435
171045 184602 13557
173014 185196 12182
166467 185856 19389
177180 186153 8973
173809 187308 13499
181029 187836 6807
166642 188463 21821
175267 189090 13823
177204 189321 12117
172079 189387 17308
176101 189849 13748
177509 190311 12802
183385 191598 8213
181112 191928 10816
183333 193083 9750
183951 193413 9462
185381 193677 8296
187664 194304 6640
187651 194304 6653
181279 196746 15467
181856 196911 15055
174123 197010 22887
185092 197670 12578
193964 200244 6280
193821 200475 6654
194577 201333 6756
195555 202191 6636
195618 202257 6639
192423 202851 10428
197075 203709 6634
192067 206019 13952
190769 207339 16570
201751 208461 6710
196164 209649 13485
201545 212487 10942
193958 212784 18826
201068 214170 13102
201655 214236 12581
193894 214533 20639
199834 214632 14798
202401 214863 12462
210049 216348 6299
200507 216645 16138
208497 217206 8709
201663 217404 15741
207388 218196 10808
214502 220803 6301
201680 221628 19948
216064 222717 6653
216489 223311 6822
209695 223905 14210
214018 224466 10448
217868 226578 8710
218187 228624 10437
222359 228657 6298
220063 230868 10805
218914 231198 12284
221114 232056 10942
221346 234399 13053
230815 237105 6290
231274 237699 6425
228155 238953 10798
232904 239184 6280
229564 240009 10445
227840 242319 14479
226925 244728 17803
238783 245058 6275
233839 245289 11450
231727 245421 13694
233595 246048 12453
234822 246576 11754
236823 247632 10809
224477 249315 24838
242029 250173 8144
246006 252285 6279
246663 253605 6942
243112 254430 11318
245351 256377 11026
250422 256707 6285
246358 257169 10811
246736 258720 11984
249537 260469 10932
243379 261228 17849
248112 262350 14238
252419 263439 11020
257316 263604 6288
257616 264264 6648
257201 264429 7228
259921 266211 6290
252776 266442 13666
260257 266541 6284
260347 266805 6458
252975 267069 14094
255784 267696 11912
261749 268026 6277
261481 268125 6644
262394 268686 6292
263011 269313 6302
259934 270798 10864
264843 271788 6945
261980 273372 11392
263878 274824 10946
264418 275319 10901
262224 276210 13986
264548 278322 13774
261349 279015 17666
265905 279015 13110
272893 279180 6287
266360 279345 12985
262791 280401 17610
269512 282018 12506
273076 283173 10097
275433 286176 10743
273998 287892 13894
281199 288387 7188
285050 291324 6274
281133 292083 10950
281918 293040 11122
282315 293271 10956
287775 294426 6651
281623 296604 14981
289945 296604 6659
284624 296868 12244
281938 297165 15227
289927 297165 7238
287389 299838 12449
289545 300069 10524
288855 301356 12501
289751 304821 15070
295407 306504 11097
300559 306834 6275
302500 309144 6644
302873 309144 6271
295110 312213 17103
307847 314490 6643
305103 315546 10443
306850 317790 10940
311706 317988 6282
307890 320133 12243
310455 321255 10800
304765 325347 20582
315368 326238 10870
316269 327195 10926
310271 328152 17881
318509 328152 9643
315114 328515 13401
311379 328845 17466
322688 329010 6322
317274 331650 14376
321732 332178 10446
326314 332607 6293
327216 333564 6348
328737 335016 6279
323988 335346 11358
329989 336633 6644
315806 336666 20860
320470 337458 16988
323278 337986 14708
328161 338976 10815
333337 339999 6662
334208 340494 6286
334528 340824 6296
334833 341121 6288
328240 342210 13970
336232 342507 6275
338537 348975 10438
329316 349470 20154
339575 350031 10456
339203 352572 13369
340493 353166 12673
340509 353727 13218
343012 353826 10814
347987 354288 6301
348300 354882 6582
348642 354915 6273
347561 356862 9301
351756 358050 6294
343993 358842 14849
352871 359172 6301
353001 359634 6633
355238 362406 7168
356505 362802 6297
352955 364881 11926
355870 364947 9077
354634 365442 10808
355151 366102 10951
359883 366168 6285
353474 369105 15631
354681 369798 15117
355032 369996 14964
370410 377058 6648
365032 379995 14963
363607 382569 18962
373617 382701 9084
376819 383295 6476
373831 384285 10454
377778 384384 6606
372115 386529 14414
372923 387519 14596
378916 389334 10418
377494 389994 12500
380613 394350 13737
384296 394746 10450
390353 396627 6274
392609 398904 6295
392624 399498 6874
389955 400389 10434
394948 401610 6662
389247 403722 14475
390234 404844 14610
398945 405240 6295
391846 406461 14615
397211 408144 10933
402484 409134 6650
404394 410685 6291
406387 413028 6641
400698 413523 12825
402822 413622 10800
405352 414645 9293
404774 415206 10432
406012 416262 10250
410014 416295 6281
398742 416361 17619
402117 417219 15102
399067 418869 19802
408626 423588 14962
413506 423951 10445
418615 424974 6359
418015 425766 7751
419443 426096 6653
417830 427020 9190
419165 427614 8449
417986 428439 10453
416870 428505 11635
415560 430188 14628
424698 430980 6282
422383 432861 10478
416573 433488 16915
421934 434049 12115
429237 435897 6660
424222 438570 14348
428696 439131 10435
424758 439824 15066
424730 443883 19153
429451 444015 14564
419767 444411 24644
431113 444543 13430
431480 444807 13327
439004 447150 8146
441327 447612 6285
435519 450285 14766
433106 450384 17278
431445 453519 22074
446937 453684 6747
448003 454278 6275
448945 455268 6323
448998 455268 6270
446363 457182 10819
450992 457281 6289
453808 460086 6278
450536 461340 10804
456612 463254 6642
452549 463518 10969
457978 464640 6662
453882 464805 10923
459183 465465 6282
454793 467676 12883
457976 468798 10822
457834 470580 12746
460636 471075 10439
458957 471801 12844
463547 473319 9772
462737 473682 10945
459512 474474 14962
469984 476256 6272
465549 476355 10806
470296 476850 6554
461916 476949 15033
467196 478137 10941
464637 479094 14457
468483 479490 11007
469321 480249 10928
476411 483054 6643
472450 483252 10802
474157 485463 11306
470874 486420 15546
478148 489093 10945
480779 491601 10822
478960 492261 13301
487729 494010 6281
484986 495429 10443
491117 497772 6655
485327 499785 14458
498123 504405 6282
498315 504999 6684
499650 506286 6636
499783 506880 7097
492516 507474 14958
499367 510312 10945
500946 511863 10917
507597 514503 6906
505393 515823 10430
506127 518397 12270
505804 520278 14474
510756 521565 10809
515762 522423 6661
513707 525030 11323
508927 525558 16631
519939 526218 6279
516084 526878 10794
520774 527439 6665
519432 527670 8238
517484 528693 11209
516354 529617 13263
517591 531927 14336
522821 532752 9931
522112 534105 11993
528544 534831 6287
529067 535722 6655
529444 536085 6641
525344 536151 10807
522167 537768 15601
533406 539682 6276
528802 540870 12068
525548 541431 15883
530703 541431 10728
537184 543477 6293
526644 544533 17889
534095 544896 10801
532139 547404 15265
530470 547866 17396
534635 548856 14221
537958 549813 11855
544158 550440 6282
531567 551892 20325
542506 551892 9386
545050 551892 6842
540271 554631 14360
550333 556974 6641
553721 560373 6652
553061 563508 10447
553849 564795 10946
554099 565026 10927
557186 566115 8929
559986 566280 6294
555873 566742 10869
561454 567732 6278
562798 569085 6287
560294 570735 10441
566673 572946 6273
566427 573474 7047
566857 574002 7145
569706 575982 6276
563965 577269 13304
563925 577401 13476
567088 578061 10973
563327 581130 17803
567335 581922 14587
571649 583407 11758
577013 583671 6658
572547 584001 11454
575529 586872 11343
570372 587037 16665
573959 587565 13606
571596 588093 16497
582143 592944 10801
585047 595485 10438
590817 597465 6648
592338 598983 6645
593834 603603 9769
595758 604164 8406
597546 604197 6651
599813 606111 6298
596337 607266 10929
593647 607497 13850
602740 609147 6407
603294 610269 6975
604615 610896 6281
600870 611292 10422
604689 611358 6669
604823 611457 6634
601531 612348 10817
606105 612381 6276
599950 614625 14675
611246 617529 6283
602579 617562 14983
614183 620829 6646
610387 621192 10805
617127 623403 6276
615107 626076 10969
618052 628485 10433
620343 629673 9330
623049 629706 6657
623496 633930 10434
623033 633963 10930
627865 634524 6659
627788 636603 8815
619677 636966 17289
631793 638088 6295
633268 639903 6635
630052 640860 10808
630926 641817 10891
637879 644160 6281
639393 646041 6648
638522 647361 8839
633572 648120 14548
636782 648648 11866
635347 648879 13532
633314 649275 15961
636317 650397 14080
637973 651321 13348
641990 652542 10552
647872 654522 6650
640197 655842 15645
642714 657723 15009
649254 660066 10812
650052 660495 10443
653788 661089 7301
651036 661848 10812
655185 661848 6663
655396 662442 7046
654192 663531 9339
651137 665775 14638
651504 665973 14469
659599 670527 10928
665938 672573 6635
657465 673266 15801
660897 673629 12732
660371 673761 13390
667540 673827 6287
665043 675840 10797
667288 676797 9509
667053 677490 10437
671324 677622 6298
663324 678942 15618
666825 680724 13899
675620 681912 6292
671960 682770 10810
672592 684222 11630
680489 686763 6274
677617 688545 10928
682192 688842 6650
673942 690921 16979
681313 691779 10466
678410 692373 13963
683884 694815 10931
683024 695541 12517
688951 696102 7151
693715 699996 6281
694398 701052 6654
689669 701184 11515
690296 701811 11515
696261 702636 6375
692851 703791 10940
694002 704946 10944
695740 710127 14387
700575 711513 10938
699501 711546 12045
699902 714516 14614
700748 715341 14593
706503 716958 10455
711539 717816 6277
709232 720027 10795
709667 720060 10393
709005 720786 11781
711504 722238 10734
711993 722799 10806
707874 725406 17532
716865 727320 10455
707147 728640 21493
717931 728739 10808
718140 730290 12150
721440 735801 14361
726067 737022 10955
727205 738012 10807
732715 740289 7574
735571 741873 6302
732603 743424 10821
733037 744084 11047
733725 744183 10458
737636 744282 6646
739054 745899 6845
735843 750321 14478
742382 752829 10447
746357 756789 10432
752072 758373 6301
752004 758868 6864
746851 759264 12413
749549 760617 11068
755483 761772 6289
755344 762003 6659
749243 762036 12793
756307 762960 6653
752871 764115 11244
747416 764709 17293
750769 765303 14534
760263 766557 6294
759155 770088 10933
764792 771078 6286
765531 772167 6636
762317 772761 10444
764202 774642 10440
754132 775368 21236
760650 775764 15114
767143 777579 10436
775066 781341 6275
773545 783981 10436
775647 786192 10545
773532 787050 13518
776522 787545 11023
778664 789096 10432
782859 789492 6633
783172 789822 6650
783347 789987 6640
777354 791835 14481
777547 792000 14453
783871 794673 10802
786857 796653 9796
786867 797676 10809
784363 798831 14468
793460 799755 6295
789338 801339 12001
791887 802824 10937
797109 803385 6276
790487 804507 14020
796186 806619 10433
795389 807246 11857
795100 807609 12509
800240 808137 7897
801858 808500 6642
803254 809556 6302
797230 811206 13976
800466 811272 10806
805227 812922 7695
799944 814407 14463
795032 814572 19540
799834 814572 14738
802589 816618 14029
801670 817740 16070
803883 817905 14022
807466 818400 10934
807782 818796 11014
806647 819687 13040
808429 820347 11918
809180 820545 11365
808820 821073 12253
811681 821073 9392
802934 821436 18502
807547 822063 14516
809476 825891 16415
814807 826518 11711
817501 827937 10436
812378 829290 16912
823046 829686 6640
824243 830907 6664
821326 832260 10934
822250 833118 10868
826282 834966 8684
829835 836517 6682
826050 836979 10929
831138 837408 6270
831965 838332 6367
829999 839091 9092
825710 839256 13546
828263 840081 11818
826840 842886 16046
825888 843447 17559
828069 843942 15873
830704 844041 13337
828382 844305 15923
823248 844470 21222
829189 844602 15413
838397 844701 6304
833493 844734 11241
836396 847143 10747
826826 847770 20944
842448 849090 6642
829862 851499 21637
845718 853578 7860
837568 854766 17198
842509 854997 12488
843323 855459 12136
844588 855525 10937
844193 857670 13477
849133 858396 9263
840020 859353 19333
848551 861531 12980
855781 862059 6278
841762 862356 20594
855969 862653 6684
844559 862983 18424
861203 867504 6301
853867 867834 13967
855164 869979 14815
857138 869979 12841
864825 871101 6276
864672 871332 6660
865062 871695 6633
862586 873378 10792
862276 873972 11696
863308 876711 13403
863129 877107 13978
863346 877140 13794
864818 877734 12916
872652 878922 6270
872255 880209 7954
879809 886083 6274
871778 886248 14470
872097 886842 14745
879598 890538 10940
884241 890901 6660
880805 891264 10459
880303 891363 11060
885705 891990 6285
885150 895587 10437
882525 897006 14481
889856 898326 8470
891752 898887 7135
890809 899646 8837
894310 902286 7976
896148 902781 6633
896549 903210 6661
896807 903804 6997
893124 905520 12396
894468 905652 11184
891801 908490 16689
891332 908655 17323
898606 909051 10445
902882 909546 6664
900736 911196 10460
899856 912417 12561
907355 913638 6283
905357 914001 8644
903329 914133 10804
897681 917862 20181
905965 918720 12755
907976 918786 10810
906823 920667 13844
908880 920997 12117
909480 924264 14784
906796 925122 18326
905552 925188 19636
911148 925353 14205
920446 926739 6293
918162 926871 8709
913726 929577 15851
920187 931128 10941
917795 932877 15082
922667 933108 10441
926034 933306 7272
919392 933405 14013
924128 935616 11488
922396 936507 14111
924432 937068 12636
925516 938091 12575
929439 940302 10863
926483 940401 13918
924953 940962 16009
929601 941853 12252
932094 942546 10452
935773 946704 10931
941627 947925 6298
930187 949443 19256
942628 949443 6815
939925 950730 10805
944674 950961 6287
946485 952875 6390
948743 955020 6277
947058 955185 8127
942213 956670 14457
951617 957891 6274
938509 958287 19778
951693 958353 6660
945879 960828 14949
956341 963006 6665
953625 964557 10932
958280 964557 6277
952295 965547 13252
949094 967725 18631
956272 968352 12080
962766 969111 6345
964327 970629 6302
958451 970860 12409
960535 970992 10457
961960 973137 11177
961193 973203 12010
962082 976536 14454
971420 977691 6271
964488 978582 14094
968516 978945 10429
968793 979242 10449
965813 980793 14980
969416 983895 14479
974645 985578 10933
979418 986073 6655
975916 986865 10949
976282 988647 12365
982314 988977 6663
980126 990924 10798
980647 991452 10805
985071 999537 14466
986566 999702 13136
993598 999900 6302
991304 1002705 11401
985063 1002969 17906
991015 1005477 14462
994710 1005642 10932
991953 1007556 15603
998759 1008645 9886
998626 1009701 11075
1000053 1012836 12783
1001429 1013364 11935
1006939 1013595 6656
1003683 1014453 10770
1008661 1014948 6287
1004610 1016070 11460
1010766 1017060 6294
1003283 1018314 15031
1009788 1020723 10935
1015107 1023231 8124
1017311 1023957 6646
1014649 1025574 10925
1010542 1025739 15197
1014322 1026795 12473
1016706 1027191 10485
1019810 1030062 10252
1026830 1033131 6301
1027221 1033725 6504
1019427 1034121 14694
1017440 1034352 16912
1025425 1036365 10940
1019162 1036662 17500
1022358 1036728 14370
1031977 1038378 6401
1020738 1038906 18168
1022712 1039170 16458
1032224 1039533 7309
1026171 1040787 14616
1029120 1041216 12096
1034584 1041249 6665
1032656 1043592 10936
1039077 1045374 6297
1032047 1045968 13921
1039396 1046034 6638
1039586 1046166 6580
1037873 1046331 8458
1036490 1047420 10930
1039284 1050225 10941
1032113 1050423 18310
1044687 1051347 6660
1046683 1052964 6281
1043848 1052997 9149
1047520 1053855 6335
1048197 1054482 6285
1049692 1056330 6638
1052969 1059267 6298
1054537 1061181 6644
1055095 1061742 6647
1053893 1064712 10819
1060074 1066362 6288
1061644 1068309 6665
1064082 1071180 7098
1062456 1073259 10803
1068294 1074579 6285
1063982 1076559 12577
1066283 1077087 10804
1071959 1078242 6283
1066415 1080354 13939
1070761 1081575 10814
1066856 1082202 15346
1068598 1083159 14561
1077894 1084545 6651
1073767 1087317 13550
1081173 1087449 6276
1074369 1087713 13344
1072435 1090749 18314
1072881 1091013 18132
1084065 1093521 9456
1085788 1093686 7898
1082515 1093851 11336
1077206 1094346 17140
1084429 1094874 10445
1079769 1096425 16656
1090365 1097019 6654
1090900 1097184 6284
1079093 1099395 20302
1091608 1102563 10955
1098426 1104708 6282
1093452 1104840 11388
1098990 1105368 6378
1099330 1105632 6302
1095447 1106259 10812
1095251 1107447 12196
1097717 1110615 12898
1106026 1112298 6272
1103069 1114014 10945
1100636 1116060 15424
1110789 1117446 6657
1113905 1120185 6280
1109400 1120218 10818
1106798 1120647 13849
1100173 1121274 21101
1102526 1121769 19243
1117710 1123980 6270
1116968 1124706 7738
1115323 1126257 10934
1115403 1127973 12570
1114124 1128930 14806
1120597 1131537 10940
1120652 1131603 10951
1119396 1134771 15375
1124497 1135299 10802
1126292 1137510 11218
1124748 1139358 14610
1125478 1139490 14012
1133360 1140018 6658
1134404 1140678 6274
1133895 1141866 7971
1130277 1143252 12975
1131364 1147146 15782
1140663 1151601 10938
1147083 1153383 6300
1142276 1156749 14473
1150410 1157046 6636
1144527 1158993 14466
1152747 1159026 6279
1147969 1162194 14225
1155548 1162194 6646
1152104 1162920 10816
1150076 1164735 14659
1148932 1166385 17453
1151689 1168365 16676
1149457 1168563 19106
1153532 1168794 15262
1154854 1169817 14963
1156720 1171203 14483
1160427 1171500 11073
1168983 1175262 6279
1168980 1175625 6645
1162583 1176054 13471
1161639 1176219 14580
1169980 1176648 6668
1158445 1176879 18434
1170551 1177209 6658
1162205 1179222 17017
1173166 1179453 6287
1166542 1179486 12944
1169463 1180047 10584
1166268 1180740 14472
1166342 1180938 14596
1175109 1181400 6291
1175625 1181895 6270
1173313 1182126 8813
1177863 1184139 6276
1177770 1186152 8382
1170917 1187208 16291
1173323 1187241 13918
1176635 1188561 11926
1176161 1189485 13324
1164434 1190178 25744
1181905 1191333 9428
1181815 1192620 10805
1173430 1192917 19487
1175622 1193478 17856
1187460 1193742 6282
1182150 1194006 11856
1180234 1194699 14465
1169656 1195953 26297
1181282 1196217 14935
1190802 1197438 6636
1190519 1197999 7480
1192313 1199385 7072
1194203 1200837 6634
1195416 1202058 6642
1188751 1203114 14363
1196694 1207503 10809
1197476 1211958 14482
1201846 1214301 12455
1209242 1215522 6280
1204661 1215588 10927
1209517 1216116 6599
1205771 1216710 10939
1210310 1216809 6499
1211893 1218195 6302
1212762 1219416 6654
1213804 1220439 6635
1213947 1221033 7086
1214926 1221198 6272
1214784 1221429 6645
1209936 1224399 14463
1220392 1226676 6284
1220083 1226742 6659
1220148 1226808 6660
1222016 1228293 6277
1214375 1231230 16855
1224660 1231296 6636
1227488 1233771 6283
1223801 1234233 10432
1224697 1235520 10823
1221995 1236609 14614
1231621 1237896 6275
1228438 1239282 10844
1230807 1239447 8640
1225644 1240008 14364
1234688 1240965 6277
1228008 1240998 12990
1223822 1242516 18694
1236233 1242516 6283
1233866 1243044 9178
1237356 1244001 6645
1240322 1246674 6352
1241849 1248126 6277
1239542 1253901 14359
1245184 1256145 10961
1249544 1256178 6634
1250628 1256904 6276
1242867 1258917 16050
1254744 1261029 6285
1247456 1261920 14464
1252747 1261953 9206
1252342 1263273 10931
1254102 1266243 12141
1262696 1268982 6286
1264311 1270962 6651
1270186 1276473 6287
1271467 1278123 6656
1270432 1281357 10925
1266770 1281720 14950
1271868 1283799 11931
1273741 1284195 10454
1278725 1285383 6658
1280724 1287363 6639
1278293 1289541 11248
1274581 1289937 15356
1283302 1289937 6635
1283891 1290531 6640
1278584 1293171 14587
1283046 1293501 10455
1288886 1295811 6925
1284200 1296273 12073
1288091 1298913 10822
1287671 1299540 11869
1295339 1301619 6280
1290200 1302081 11881
1286075 1303467 17392
1288012 1305777 17765
1288294 1306866 18572
1302604 1309242 6638
1303012 1313961 10949
1310311 1316601 6290
1310702 1317360 6658
1307168 1318119 10951
1311953 1318251 6298
1312141 1319241 7100
1312414 1320825 8411
1308515 1321386 12871
1311276 1321815 10539
1308948 1323432 14484
1312946 1323762 10816
1307999 1324818 16819
1317602 1325841 8239
1319699 1327029 7330
1320659 1327293 6634
1321170 1327821 6651
1313385 1329636 16251
1314564 1330164 15600
1326155 1332804 6649
1327078 1333365 6287
1329152 1335807 6655
1329920 1336203 6283
1321511 1338645 17134
1321683 1338645 16962
1322830 1339173 16343
1333339 1339635 6296
1334996 1341285 6289
1331742 1342539 10797
1332187 1343001 10814
1338260 1344552 6292
1341328 1347621 6293
1336014 1347885 11871
1335565 1349370 13805
1334024 1350690 16666
1337765 1351416 13651
1339389 1351944 12555
1341391 1352208 10817
1338034 1352538 14504
1334416 1355508 21092
1338331 1356696 18365
1351688 1358775 7087
1347903 1358841 10938
1349976 1360821 10845
1350513 1361316 10803
1347960 1363065 15105
1341501 1363461 21960
1353423 1365177 11754
1361591 1367883 6292
1363157 1369434 6277
1364144 1370457 6313
1364958 1371282 6324
1366544 1372833 6289
1369380 1375671 6291
1367745 1378542 10797
1368524 1379037 10513
1364442 1381809 17367
1375901 1382172 6271
1365974 1382337 16363
1376715 1383063 6348
1378390 1384680 6290
1373303 1385835 12532
1385097 1391379 6282
1376245 1391775 15530
1381006 1391940 10934
1386076 1392402 6326
1381937 1392864 10927
1387868 1394151 6283
1384350 1395273 10923
1389365 1395636 6271
1385455 1395900 10445
1389329 1395966 6637
1390549 1396824 6275
1393381 1400025 6644
1393502 1400157 6655
1394921 1401213 6292
1396069 1402368 6299
1391506 1402434 10928
1396078 1402731 6653
1394332 1405305 10973
1399551 1405833 6282
1395837 1406790 10953
1402080 1408737 6657
1403284 1409562 6278
1394568 1409595 15027
1403440 1410090 6650
1395847 1415007 19160
1403215 1416261 13046
1410624 1417284 6660
1401186 1418109 16923
1412410 1418703 6293
1402295 1419693 17398
1409273 1420353 11080
1410919 1422003 11084
1412887 1423125 10238
1415540 1425996 10456
1421284 1427943 6659
1417594 1428537 10943
1421528 1428537 7009
1418744 1431738 12994
1420283 1432596 12313
1422132 1433289 11157
1427485 1434741 7256
1424455 1434906 10451
1429880 1436193 6313
1430449 1436820 6371
1421031 1437579 16548
1428901 1439724 10823
1422214 1440054 17840
1429907 1440648 10741
1434349 1440648 6299
1437677 1444311 6634
1437923 1444740 6817
1439370 1446390 7020
1435907 1446852 10945
1435911 1446918 11007
1441447 1449228 7781
1442915 1449228 6313
1439885 1450317 10432
1443913 1450548 6635
1445230 1452033 6803
1439147 1452495 13348
1446643 1453716 7073
1442663 1454310 11647
1441900 1456356 14456
1451916 1458567 6651
1448006 1458798 10792
1452771 1459062 6291
1450249 1460118 9869
1447180 1460910 13730
1448714 1461537 12823
1451024 1461966 10942
1452537 1463781 11244
1446465 1464540 18075
1453200 1465992 12792
1453884 1467972 14088
1461765 1468401 6636
1462346 1468632 6286
1462641 1468929 6288
1455414 1469094 13680
1453349 1471899 18550
1463305 1473087 9782
1455202 1473549 18347
1458873 1474011 15138
1463619 1474572 10953
1468867 1475166 6299
1450312 1476123 25811
1467211 1476354 9143
1455869 1476651 20782
1466422 1477377 10955
1471242 1477905 6663
1463223 1480710 17487
1467538 1481535 13997
1471665 1482921 11256
1474894 1485825 10931
1478146 1488597 10451
1483105 1489752 6647
1480053 1491039 10986
1477120 1493514 16394
1489942 1496220 6278
1490560 1497210 6650
1478573 1499520 20947
1486995 1500048 13053
1487788 1500312 12524
1490614 1501929 11315
1496497 1502787 6290
1496655 1503810 7155
1494657 1505097 10440
1499484 1506120 6636
1496600 1507407 10807
1495026 1507605 12579
1492663 1508760 16097
1495639 1509618 13979
1501491 1511928 10437
1501391 1512324 10933
1502246 1513710 11464
1500362 1514205 13843
1500374 1514766 14392
1504324 1515228 10904
1504948 1515954 11006
1505835 1516647 10812
1506273 1517076 10803
1501842 1517505 15663
1503259 1518264 15005
1503462 1519749 16287
1513813 1520112 6299
1510007 1521399 11392
1509284 1522554 13270
1516356 1523016 6660
1516832 1523115 6283
1510195 1523742 13547
1510894 1528659 17765
1510573 1529286 18713
1511983 1529352 17369
1514977 1529682 14705
1519218 1530507 11289
1524217 1530507 6290
1516043 1532520 16477
1521927 1532784 10857
1512202 1534236 22034
1527561 1534302 6741
1525335 1536282 10947
1523163 1537041 13878
1524050 1537206 13156
1526396 1537965 11569
1530134 1539318 9184
1531569 1539846 8277
1522536 1541562 19026
1528399 1542387 13988
1530369 1544961 14592
1539660 1547172 7512
1532720 1547205 14485
1538175 1548888 10713
1538339 1549944 11605
1537461 1549977 12516
1544652 1550934 6282
1540250 1551198 10948
1543485 1551396 7911
1545813 1552089 6276
1548007 1555719 7712
1545943 1557600 11657
1541389 1558887 17498
1545685 1560339 14654
1547176 1563705 16529
1557548 1563837 6289
1556983 1564002 7019
1557717 1564002 6285
1558003 1564662 6659
1559792 1566444 6652
1547506 1566642 19136
1553652 1567038 13386
1563643 1569942 6299
1557447 1570041 12594
1551378 1570536 19158
1555131 1570800 15669
1553899 1571427 17528
1562182 1572978 10796
1566076 1573704 7628
1568944 1575585 6641
1569543 1576179 6636
1566486 1577301 10815
1572000 1578654 6654
1574453 1580733 6280
1557020 1581327 24307
1576605 1582878 6273
1575873 1583934 8061
1579609 1586244 6635
1580498 1586772 6274
1572840 1587168 14328
1581863 1588521 6658
1574059 1589214 15155
1582550 1589214 6664
1578443 1591656 13213
1581899 1594263 12364
1587962 1594263 6301
1587654 1594296 6642
1581405 1596144 14739
1581284 1596804 15520
1591867 1598157 6290
1595706 1602348 6642
1596321 1603074 6753
1594069 1604757 10688
1599222 1605516 6294
1599973 1606275 6302
1590336 1607001 16665
1590521 1607628 17107
1599402 1611390 11988
1601735 1612677 10942
1602269 1615944 13675
1611348 1617627 6279
1603414 1617891 14477
1595998 1618749 22751
1608926 1620729 11803
1616036 1622313 6277
1611421 1622346 10925
1615909 1622544 6635
1608668 1624128 15460
1618434 1624722 6288
1605229 1625514 20285
1616320 1627263 10943
1616356 1627857 11501
1620210 1628385 8175
1618932 1630266 11334
1615377 1630893 15516
1619918 1631289 11371
1623878 1633896 10018
1624022 1634457 10435
1628277 1634919 6642
1624831 1636140 11309
1622392 1637328 14936
1626221 1640859 14638
1628324 1641552 13228
1635927 1642212 6285
1631246 1642641 11395
1632850 1644225 11375
1634984 1644720 9736
1630397 1644753 14356
1639961 1646601 6640
1628143 1647492 19349
1643288 1649571 6283
1641696 1650396 8700
1646209 1652508 6299
1641881 1652673 10792
1646544 1653201 6657
1638467 1654026 15559
1643693 1654851 11158
1644174 1655742 11568
1643128 1657095 13967
1646975 1657920 10945
1652719 1660065 7346
1651752 1662573 10821
1646255 1662639 16384
1648969 1662837 13868
1648792 1663266 14474
1650565 1663464 12899
1653620 1664421 10801
1655966 1666401 10435
1657039 1667490 10451
1651380 1668381 17001
1659176 1669635 10459
1660428 1670856 10428
1666879 1673529 6650
1662381 1674321 11940
1668543 1675179 6636
1661302 1675311 14009
1659160 1678479 19319
1662872 1678611 15739
1660081 1678941 18860
1670057 1680558 10501
1668846 1680756 11910
1670482 1681218 10736
1675510 1681812 6302
1663266 1683693 20427
1679404 1685706 6302
1673830 1686102 12272
1676091 1686927 10836
1676546 1687950 11404
1675305 1689006 13701
1674297 1689303 15006
1682184 1692405 10221
1686457 1693494 7037
1676962 1693659 16697
1690650 1696926 6276
1683785 1697058 13273
1681052 1699896 18844
1683547 1700919 17372
1696879 1703163 6284
1683156 1704384 21228
1698545 1705209 6664
1693101 1708278 15177
1691137 1710324 19187
1704532 1710819 6287
1705618 1711908 6290
1695198 1711941 16743
1702020 1712964 10944
1701534 1714680 13146
1704285 1715241 10956
1701073 1715802 14729
1710681 1717320 6639
1706742 1719234 12492
1706241 1720290 14049
1714001 1720290 6289
1707254 1721808 14554
1713125 1723029 9904
1698638 1723392 24754
1720856 1727154 6298
1715208 1729332 14124
1717225 1729959 12734
1718431 1730454 12023
1725155 1731939 6784
1707886 1732632 24746
1718706 1733094 14388
1720420 1735041 14621
1719035 1735866 16831
1727953 1738407 10454
1732848 1739496 6648
1726503 1740519 14016
1729554 1740552 10998
1730631 1741575 10944
1734227 1743621 9394
1731642 1744710 13068
1739445 1746591 7146
1740764 1747053 6289
1741712 1748010 6298
1742441 1748736 6295
1735912 1750914 15002
1744817 1751112 6295
1741134 1752267 11133
1742094 1752531 10437
1736931 1753950 17019
1745844 1756656 10812
1742445 1756986 14541
1749852 1760649 10797
1752218 1762662 10444
1756592 1762893 6301
1749289 1763058 13769
1750048 1765599 15551
1751335 1768305 16970
1762780 1769064 6284
1759240 1769691 10451
1755108 1769922 14814
1754831 1770219 15388
1763036 1772430 9394
1764782 1772562 7780
1754871 1773189 18318
1763515 1773981 10466
1761729 1775631 13902
1763594 1776984 13390
1775384 1781670 6286
1776176 1782825 6649
1771144 1784541 13397
1767988 1786554 18566
1771292 1786917 15625
1781747 1788039 6292
1782486 1788831 6345
1774727 1789194 14467
1780011 1790448 10437
1784402 1791042 6640
1779051 1792527 13476
1779565 1793550 13985
1789443 1796091 6648
1782710 1797180 14470
1791277 1797576 6299
1783583 1799424 15841
1787272 1800150 12878
1793289 1802493 9204
1788879 1803252 14373
1797489 1804143 6654
1790325 1804704 14379
1795432 1807113 11681
1795223 1807245 12022
1798146 1808664 10518
1801010 1810215 9205
1790737 1811964 21227
1788295 1813449 25154
1792907 1813548 20641
1807661 1814802 7141
1799827 1816782 16955
1803329 1817310 13981
1805375 1818630 13255
1803669 1819158 15489
1804876 1821468 16592
1807991 1822095 14104
1796983 1822194 25211
1806872 1823811 16939
1805428 1825395 19967
1817466 1828398 10932
1819102 1828398 9296
1803808 1828596 24788
1819263 1828926 9663
1810223 1830345 20122
1823876 1830642 6766
1822114 1831005 8891
1812644 1831434 18790
1819365 1833249 13884
1818849 1833645 14796
1826719 1835988 9269
1825855 1836780 10925
1830211 1836846 6635
1830254 1836912 6658
1827130 1840542 13412
1826653 1842951 16298
1828733 1843050 14317
1836972 1843248 6276
1838473 1844766 6293
1824272 1845855 21583
1826814 1846713 19899
1829811 1846977 17166
1841280 1847571 6291
1841377 1848033 6656
1841694 1848627 6933
1843808 1850079 6271
1831164 1850244 19080
1834254 1851003 16749
1831182 1851036 19854
1845893 1852191 6298
1847377 1853676 6299
1836127 1854171 18044
1843791 1854171 10380
1837371 1854567 17196
1837137 1854600 17463
1839762 1856844 17082
1840457 1857438 16981
1848590 1859517 10927
1851566 1862388 10822
1856687 1862982 6295
1852658 1863114 10456
1855509 1863906 8397
1856362 1864401 8039
1853832 1864632 10800
1856766 1864929 8163
1857278 1865457 8179
1860533 1866810 6277
1854373 1867800 13427
1856970 1868262 11292
1862265 1870011 7746
1859324 1870143 10819
1858202 1870440 12238
1864378 1870671 6293
1864761 1874301 9540
1859580 1874499 14919
1866113 1874862 8749
1862036 1876017 13981
1870187 1876479 6292
1863445 1877931 14486
1860736 1879614 18878
1868626 1879812 11186
1862976 1881231 18255
1868116 1881429 13313
1871741 1882683 10942
1878838 1887765 8927
1881818 1888095 6277
1877972 1888425 10453
1884696 1891329 6633
1876705 1892121 15416
1881229 1892154 10925
1879149 1894101 14952
1887832 1894134 6302
1889367 1896015 6648
1890322 1896972 6650
1881331 1897335 16004
1892634 1898919 6285
1889640 1900866 11226
1895253 1901526 6273
1898197 1904859 6662
1895349 1906641 11292
1901356 1907994 6638
1901253 1908951 7698
1903905 1911063 7158
1909533 1915815 6282
1909580 1916409 6829
1905509 1916442 10933
1908472 1919280 10808
1903813 1921788 17975
1907537 1922019 14482
1906654 1922580 15926
1909071 1924197 15126
1917248 1927695 10447
1922044 1929873 7829
1919630 1930566 10936
1921459 1930665 9206
1921728 1932744 11016
1923460 1934724 11264
1922030 1935846 13816
1918641 1936374 17733
1926801 1939179 12378
1928946 1939542 10596
1931866 1942677 10811
1929121 1942710 13589
1937140 1943799 6659
1937271 1944393 7122
1935153 1945515 10362
1937329 1949112 11783
1937634 1950861 13227
1945023 1951884 6861
1946270 1952907 6637
1938479 1953996 15517
1943752 1955679 11927
1946964 1957890 10926
1948307 1959045 10738
1945492 1959804 14312
1947021 1960332 13311
1949305 1960695 11390
1944579 1960992 16413
1947114 1962642 15528
1944839 1964292 19453
1951324 1965315 13991
1959345 1965645 6300
1948395 1968186 19791
1959064 1968417 9353
1958240 1968681 10441
1955379 1970265 14886
1960541 1973103 12562
1965146 1975578 10432
1969279 1975578 6299
1964847 1975644 10797
1966138 1977987 11849
1966429 1978779 12350
1972567 1980396 7829
1965326 1981353 16027
1977358 1983630 6272
1970008 1983828 13820
1975805 1983861 8056
1974275 1986204 11929
1973873 1986270 12397
1972903 1987260 14357
1974568 1989042 14474
1975923 1993497 17574
1980585 1993629 13044
1983697 1994652 10955
1988790 1995312 6522
1990292 1996566 6274
1984895 1996863 11968
1983425 1998018 14593
1992850 1999503 6653
1989959 2000394 10435
1995260 2001549 6289
1995892 2002176 6284
1994274 2005410 11136
1999606 2006268 6662
2001678 2007951 6273
1993121 2008974 15853
2000367 2009007 8640
1993635 2009502 15867
2002320 2012241 9921
1999507 2014254 14747
2004171 2015112 10941
2005421 2016234 10813
2010528 2016828 6300
2006143 2017323 11180
2011547 2017851 6304
2008110 2019105 10995
2004380 2019303 14923
2013537 2019831 6294
2010722 2021514 10792
2016386 2022669 6283
2014924 2029401 14477
2020916 2031843 10927
2018352 2033328 14976
2027999 2034648 6649
2028677 2035341 6664
2025038 2036067 11029
2022983 2036463 13480
2025299 2037057 11758
2022118 2038707 16589
2032241 2038905 6664
2024563 2039235 14672
2035714 2042007 6293
2032219 2045208 12989
2035193 2045637 10444
2040200 2046495 6295
2041388 2048079 6691
2043222 2050191 6969
2043291 2050290 6999
2044856 2051247 6391
2037124 2051610 14486
2045605 2052270 6665
2041791 2054052 12261
2041369 2054118 12749
2049186 2055471 6285
2048150 2056890 8740
2040380 2057682 17302
2043420 2059035 15615
2050201 2061147 10946
2056293 2062566 6273
2059863 2066526 6663
2053055 2068176 15121
2048963 2071443 22480
2061076 2071872 10796
2058208 2073918 15710
2053624 2074083 20459
2067979 2074281 6302
2070439 2076723 6284
2067221 2077680 10459
2070118 2080914 10796
2075069 2081706 6637
2070853 2083752 12899
2078062 2084346 6284
2073494 2086095 12601
2079458 2086128 6670
2074058 2087316 13258
2077136 2088075 10939
2073679 2088174 14495
2078687 2090154 11467
2079235 2090187 10952
2075734 2090253 14519
2086684 2093322 6638
2088906 2095566 6660
2089082 2096160 7078
2076752 2097447 20695
2082527 2097480 14953
2096046 2102331 6285
2091407 2102430 11023
2096738 2103024 6286
2096541 2105268 8727
2099123 2105763 6640
2088101 2106060 17959
2095825 2108304 12479
2098332 2109921 11589
2103539 2111439 7900
2100518 2112231 11713
2108336 2114607 6271
2097910 2114805 16895
2102308 2116917 14609
2106477 2117412 10935
2115144 2121438 6294
2111051 2121999 10948
2111605 2122065 10460
2117243 2124045 6802
2110091 2124078 13987
2117398 2128434 11036
2114143 2129457 15314
2125103 2131404 6301
2121173 2131602 10429
2126646 2137080 10434
2130825 2137476 6651
2123335 2140347 17012
2129944 2140380 10436
2135212 2142129 6917
2137522 2144175 6653
2138587 2144868 6281
2136136 2147079 10943
2133772 2148762 14990
2138010 2149224 11214
2140405 2151204 10799
2137317 2151303 13986
2145647 2152293 6646
2145582 2153712 8130
2146196 2156748 10552
2150229 2156880 6651
2146793 2157903 11110
2147782 2159091 11309
2147123 2159454 12331
2153436 2159718 6282
2149681 2161368 11687
2149952 2162622 12670
2148090 2162754 14664
2156861 2163513 6652
2158642 2165295 6653
2155398 2165856 10458
2156720 2167176 10456
2159079 2168595 9516
2156700 2169585 12885
2159495 2170509 11014
2162642 2173578 10936
2169409 2175690 6281
2170243 2176515 6272
2166514 2179386 12872
2166738 2180211 13473
2174249 2180541 6292
2174765 2181399 6634
2176190 2182851 6661
2173455 2183907 10452
2167668 2184303 16635
2177466 2187900 10434
2181591 2188230 6639
2178325 2190375 12050
2184686 2190969 6283
2177488 2191464 13976
2185631 2192289 6658
2186181 2192817 6636
2187552 2193840 6288
2184019 2199219 15200
2195210 2201496 6286
2190181 2201760 11579
2197632 2203905 6273
2197771 2204961 7190
2199013 2205654 6641
2191544 2206050 14506
2199440 2206248 6808
2191342 2208591 17249
2194331 2208789 14458
2192724 2209119 16395
2195684 2210142 14458
2201275 2212221 10946
2203902 2212782 8880
2199280 2212815 13535
2199549 2213244 13695
2200735 2213343 12608
2202476 2213409 10933
2202734 2214762 12028
2209083 2215356 6273
2195901 2216148 20247
2206417 2216445 10028
2208150 2217600 9450
2208454 2217963 9509
2207110 2218062 10952
2211794 2218458 6664
2212806 2219448 6642
2213801 2220075 6274
2207647 2221263 13616
2213503 2223936 10433
2213525 2223969 10444
2218329 2224629 6300
2218122 2224761 6639
2218362 2225355 6993
2220917 2227203 6286
2215904 2227830 11926
2221576 2227863 6287
2224435 2230734 6299
2219255 2230899 11644
2216829 2231295 14466
2225667 2233407 7740
2226986 2233638 6652
2218210 2233935 15725
2217442 2234463 17021
2224666 2235486 10820
2232617 2238918 6301
2230345 2239545 9200
2229851 2241789 11938
2228951 2242416 13465
2230227 2243373 13146
2233791 2245518 11727
2243744 2250402 6658
2244149 2250435 6286
2244190 2250831 6641
2244335 2251425 7090
2240488 2253273 12785
2230021 2253801 23780
2236996 2254395 17399
2239508 2254461 14953
2244597 2255517 10920
2249404 2256243 6839
2250088 2256738 6650
2252146 2258619 6473
2253150 2259444 6294
2251652 2262645 10993
2251724 2262678 10954
2257063 2265285 8222
2256098 2267859 11761
2260248 2271192 10944
2265724 2272017 6293
2262376 2272809 10433
2268114 2274393 6279
2263725 2275020 11295
2263068 2277858 14790
2273082 2279541 6459
2270260 2281059 10799
2276676 2282973 6297
2274584 2285514 10930
2279580 2285877 6297
2275467 2285910 10443
2281249 2287527 6278
2279806 2290629 10823
2287415 2294061 6646
2281081 2295546 14465
2286347 2296800 10453
2290281 2296932 6651
2292899 2303697 10798
2298153 2304786 6633
2294405 2305215 10810
2300804 2307096 6292
2301486 2307921 6435
2294600 2309076 14476
2294041 2310924 16883
2301050 2311848 10798
2306442 2313102 6660
2302432 2317029 14597
2311144 2317425 6281
2298203 2317689 19486
2310276 2321484 11208
2307317 2321781 14464
2308086 2324883 16797
2316491 2327292 10801
2320057 2330856 10799
2320827 2334057 13230
2332033 2338347 6314
2324285 2341449 17164
2328204 2341482 13278
2325508 2341614 16106
2335014 2341647 6633
2335549 2341845 6296
2327846 2343990 16144
2338284 2344584 6300
2340037 2346696 6659
2337911 2346993 9082
2340675 2347554 6879
2342299 2348940 6641
2343380 2350029 6649
2333980 2350194 16214
2344945 2352207 7262
2346232 2352867 6635
2348386 2355111 6725
2348494 2355144 6650
2350958 2357619 6661
2347558 2362173 14615
2357014 2363658 6644
2351782 2365374 13592
2352585 2365935 13350
2351579 2366265 14686
2353812 2366430 12618
2361448 2367750 6302
2360788 2367882 7094
2356336 2369334 12998
2353348 2369697 16349
2353578 2370225 16647
2351578 2370852 19274
2359014 2372040 13026
2365783 2372436 6653
2367134 2373426 6292
2356772 2373954 17182
2367520 2374020 6500
2357220 2375076 17856
2363828 2378277 14449
2372022 2378673 6651
2374567 2381214 6647
2377781 2384052 6271
2377885 2384184 6299
2379741 2386032 6291
2381141 2387781 6640
2377926 2390553 12627
2379267 2390553 11286
2387352 2393622 6270
2382615 2393688 11073
2381454 2395932 14478
2390580 2396856 6276
2390906 2397549 6643
2392468 2398770 6302
2388441 2399364 10923
2389603 2400552 10949
2384510 2401146 16636
2385808 2401311 15503
2383602 2402466 18864
2396707 2402994 6287
2388880 2403456 14576
2398678 2405436 6758
2398881 2405535 6654
2398028 2405667 7639
2402001 2408274 6273
2393371 2408769 15398
2393786 2409330 15544
2404260 2410914 6654
2405061 2411706 6645
2391123 2412663 21540
2397364 2412993 15629
2406380 2413026 6646
2398979 2413587 14608
2402595 2416227 13632
2402617 2417184 14567
2407722 2418174 10452
2408853 2419296 10443
2412756 2423586 10830
2409564 2423784 14220
2410075 2425929 15854
2410824 2426457 15633
2411565 2429658 18093
2419170 2430120 10950
2424883 2431176 6293
2415872 2431968 16096
2419961 2433156 13195
2423501 2435862 12361
2419064 2435994 16930
2423977 2436225 12248
2427569 2438139 10570
2422575 2438799 16224
2434748 2441406 6658
2435202 2441835 6633
2434751 2445564 10813
2441689 2448336 6647
2442485 2448765 6280
2443568 2449854 6286
2435046 2450250 15204
2439880 2450745 10865
2435076 2450943 15867
2444653 2450943 6290
2436331 2451537 15206
2434932 2452362 17430
2439250 2453088 13838
2442604 2453550 10946
2440368 2453715 13347
2444915 2454012 9097
2436049 2454474 18425
2443679 2454507 10828
2426552 2456817 30265
2452221 2458863 6642
2455602 2461899 6297
2450908 2463219 12311
2447704 2464275 16571
2458265 2469192 10927
2462738 2469390 6652
2462354 2469918 7564
2460942 2471733 10791
2459478 2472360 12882
2457593 2475594 18001
2469363 2475660 6297
2457862 2477046 19184
2471221 2477871 6650
2464958 2478894 13936
2468180 2480148 11968
2474254 2480940 6686
2474442 2481105 6663
2467016 2481534 14518
2465826 2483811 17985
2476313 2487243 10930
2472079 2487705 15626
2482191 2491632 9441
2485013 2491665 6652
2481799 2492622 10823
2486742 2493051 6309
2478478 2494140 15662
2487840 2494140 6300
2484620 2496615 11995
2490080 2496714 6634
2492547 2498826 6279
2492207 2498859 6652
2494351 2500641 6290
2490178 2500971 10793
2491279 2501730 10451
2491291 2502093 10802
2484460 2503083 18623
2492958 2503413 10455
2496424 2503710 7286
2490850 2505030 14180
2496399 2505822 9423
2501096 2507736 6640
2490138 2508627 18489
2502594 2509254 6660
2495091 2509881 14790
2498057 2512488 14431
2498786 2513280 14494
2500670 2514138 13468
2506052 2515656 9604
2504560 2517042 12482
2501864 2517603 15739
2504790 2519220 14430
2510459 2520177 9718
2504034 2522058 18024
2509242 2522586 13344
2503127 2522619 19492
2509937 2523972 14035
2511335 2525688 14353
2519891 2526183 6292
2520390 2527041 6651
2523237 2529516 6279
2516996 2529978 12982
2524675 2530968 6293
2516900 2531364 14464
2518107 2532585 14478
2517022 2534367 17345
2524774 2535258 10484
2530037 2536677 6640
2521233 2538723 17490
2521935 2539911 17976
2530030 2540472 10442
2535469 2541759 6290
2535499 2541792 6293
2532939 2543079 10140
2532073 2544993 12920
2538670 2546049 7379
2537226 2548194 10968
2532001 2549514 17513
2530255 2549877 19622
2536204 2550669 14465
2536662 2550900 14238
2545630 2552451 6821
2546579 2553012 6433
2537177 2553672 16495
2541137 2554530 13393
2539362 2556906 17544
2548771 2557302 8531
2552729 2559018 6289
2555235 2561889 6654
2548036 2562021 13985
2555732 2562384 6652
2555781 2562417 6636
2556622 2563275 6653
2557384 2563671 6287
2554160 2564628 10468
2552209 2566674 14465
2560657 2567301 6644
2560856 2567499 6643
2561677 2567961 6284
2561718 2568357 6639
2561436 2572317 10881
2566334 2572977 6643
2566318 2572977 6659
2569424 2575716 6292
2565461 2575914 10453
2572820 2579115 6295
2567410 2579313 11903
2570520 2581326 10806
2573104 2582382 9278
2572115 2582910 10795
2572573 2583108 10535
2577082 2583735 6653
2580244 2586903 6659
2577367 2589444 12077
2584095 2590368 6273
2585699 2591985 6286
2587380 2594031 6651
2581658 2596638 14980
2583685 2596638 12953
2583436 2597892 14456
2586048 2601126 15078
2590967 2601423 10456
2584168 2601654 17486
2588604 2603073 14469
2592742 2604195 11453
2587911 2604987 17076
2589717 2606274 16557
2593079 2606802 13723
2592709 2607165 14456
2603265 2609541 6276
2595198 2610102 14904
2592741 2610300 17559
2598257 2612247 13990
2598532 2613006 14474
2597977 2613402 15425
2591451 2614062 22611
2593957 2615019 21062
2604168 2615118 10950
2601327 2616504 15177
2604697 2617791 13094
2602206 2620266 18060
2603047 2620794 17747
2608515 2620794 12279
2612336 2621454 9118
2616983 2623269 6286
2617364 2623863 6499
2604271 2624985 20714
2618866 2625150 6284
2614353 2625315 10962
2617218 2628021 10803
2608737 2628351 19614
2613062 2628351 15289
2614206 2629341 15135
2623322 2629605 6283
2624233 2630892 6659
2618429 2631453 13024
2627851 2634489 6638
2613085 2634621 21536
2624242 2635743 11501
2630118 2636403 6285
2630348 2636634 6286
2618965 2636700 17735
2629745 2638746 9001
2623681 2639505 15824
2633462 2640099 6637
2627562 2640132 12570
2624935 2642013 17078
2630217 2642376 12159
2636572 2642871 6299
2638563 2649009 10446
2636525 2649240 12715
2638407 2649768 11361
2639659 2650593 10934
2646602 2652903 6301
2642002 2653431 11429
2644639 2655147 10508
2637178 2655906 18728
2650257 2656533 6276
2643566 2656566 13000
2644087 2656830 12743
2650952 2657226 6274
2642067 2658282 16215
2644648 2658480 13832
2642587 2658942 16355
2653659 2660295 6636
2645236 2660790 15554
2643160 2661582 18422
2658336 2664981 6645
2658425 2665080 6655
2660971 2667258 6287
2661960 2668611 6651
2664556 2670855 6299
2658686 2673165 14479
2660029 2674881 14852
2668642 2674914 6272
2667007 2676201 9194
2670111 2676399 6288
2670808 2677455 6647
2671530 2677818 6288
2668457 2678049 9592
2665931 2680293 14362
2668064 2682108 14044
2669572 2682999 13427
2677750 2684022 6272
2674355 2685309 10954
2675559 2686002 10443
2676360 2687157 10797
2681077 2687355 6278
2671466 2690226 18760
2680201 2691051 10850
2685662 2692305 6643
2681230 2692470 11240
2688109 2694384 6275
2683291 2694846 11555
2681732 2696628 14896
2683833 2699730 15897
2694048 2700324 6276
2676366 2703393 27027
2689923 2704548 14625
2697191 2707188 9997
2698641 2707452 8811
2690611 2707617 17006
2699582 2708409 8827
2692388 2710719 18331
2694923 2711148 16225
2697874 2711940 14066
2706604 2712897 6293
2692422 2713524 21102
2707643 2714283 6640
2695779 2714382 18603
2696279 2715306 19027
2710209 2716494 6285
2708075 2717088 9013
2704721 2717121 12400
2711196 2717484 6288
2703008 2718045 15037
2696607 2721609 25002
2711892 2722368 10476
2712420 2724183 11763
2713759 2724216 10457
2712733 2725206 12473
2708351 2725470 17119
2710866 2725470 14604
2711490 2726262 14772
2716727 2728638 11911
2719258 2729067 9809
2713147 2730024 16877
2719816 2733588 13772
2728494 2735139 6645
2728303 2735172 6869
2730879 2737152 6273
2723335 2737812 14477
2731944 2738604 6660
2732800 2739759 6959
2731458 2740551 9093
2728088 2741376 13288
2735458 2742102 6644
2732515 2744610 12095
2724230 2746062 21832
2728223 2746227 18004
2728441 2746590 18149
2733168 2746788 13620
2734756 2747316 12560
2732510 2749362 16852
2738107 2750055 11948
2735089 2750220 15131
2737608 2750418 12810
2740737 2750979 10242
2745471 2751771 6300
2741416 2752266 10850
2743445 2753883 10438
2745232 2755665 10433
2738519 2757579 19060
2747562 2758503 10941
2748828 2758536 9708
2740915 2759889 18974
2745385 2759955 14570
2747385 2760483 13098
2754424 2761341 6917
2756500 2763156 6656
2746924 2763750 16826
2757105 2763816 6711
2748073 2764278 16205
2749868 2764905 15037
2753183 2767512 14329
2760906 2767545 6639
2753655 2767776 14121
2752034 2768865 16831
2755003 2769261 14258
2756751 2770614 13863
2758933 2771208 12275
2764716 2771373 6657
2761137 2772627 11490
2762513 2773188 10675
2766671 2773320 6649
2765798 2773716 7918
2758337 2773749 15412
2759791 2776191 16400
2762528 2776851 14323
2772011 2778303 6292
2774528 2781174 6646
2769526 2783055 13529
2767028 2783550 16522
2779507 2785893 6386
2781099 2787741 6642
2780608 2787774 7166
2777931 2788368 10437
2783896 2790183 6287
2775460 2790909 15449
2779844 2791437 11593
2785672 2791965 6293
2778859 2794176 15317
2784863 2795661 10798
2790230 2796519 6289
2781579 2799291 17712
2794477 2800776 6299
2797371 2803647 6276
2790941 2803878 12937
2781599 2804010 22411
2797769 2804043 6274
2798238 2804901 6663
2791172 2805033 13861
2794136 2806353 12217
2800874 2807145 6271
2801093 2807376 6283
2790220 2807409 17189
2801421 2807805 6384
2802244 2808531 6287
2797287 2811105 13818
2797571 2811699 14128
2798866 2812425 13559
2801811 2812722 10911
2805892 2814240 8348
2801565 2816418 14853
2811598 2817870 6272
2813280 2819553 6273
2810744 2821566 10822
2804542 2822193 17651
2811690 2823447 11757
2813902 2824338 10436
2814643 2824965 10322
2814470 2825262 10792
2812704 2825757 13053
2819965 2828661 8696
2822064 2830707 8643
2824157 2830872 6715
2821136 2831565 10429
2823998 2834931 10933
2829269 2835558 6289
2822645 2837208 14563
2827133 2838066 10933
2824335 2838099 13764
2821743 2838198 16455
2832065 2838363 6298
2824165 2840574 16409
2832470 2844006 11536
2826276 2844237 17961
2834231 2844666 10435
2827015 2844765 17750
2828261 2845326 17065
2828958 2845920 16962
2833201 2846151 12950
2829678 2847867 18189
2833200 2848692 15492
2839712 2848923 9211
2843240 2849880 6640
2842362 2850639 8277
2835034 2851101 16067
2844979 2851266 6287
2829900 2853741 23841
2847512 2853807 6295
2842177 2854269 12092
2835925 2856909 20984
2846425 2857371 10946
2852111 2858625 6514
2848235 2858691 10456
2836122 2863080 26958
2851264 2864235 12971
2851741 2866116 14375
2851949 2866182 14233
2857522 2866743 9221
2851557 2869911 18354
2863879 2870175 6296
2867057 2874201 7144
2867545 2874828 7283
2867962 2875026 7064
2856397 2876874 20477
2858058 2877006 18948
2862833 2877501 14668
2871340 2877996 6656
2872039 2878326 6287
2872311 2879646 7335
2867998 2881230 13232
2866961 2881428 14467
2867773 2882253 14480
2866144 2884167 18023
2880453 2887137 6684
2875924 2890470 14546
2877415 2891889 14474
2880950 2892516 11566
2879240 2893572 14332
2880557 2894133 13576
2882199 2894595 12396
2888515 2894793 6278
2884372 2895618 11246
2885887 2897961 12074
2892090 2898390 6300
2891761 2900964 9203
2894889 2901162 6273
2890167 2901228 11061
2892493 2901657 9164
2895052 2901690 6638
2894936 2901756 6820
2887349 2903769 16420
2889360 2904330 14970
2888158 2905023 16865
2890699 2905518 14819
2889613 2908521 18908
2898578 2909379 10801
2899008 2909940 10932
2901243 2911656 10413
2895452 2914494 19042
2905097 2916045 10948
2914934 2921226 6292
2906047 2922480 16433
2905640 2922876 17236
2911256 2925714 14458
2915277 2928024 12747
2923266 2929542 6276
2915614 2929575 13961
2918363 2931225 12862
2921477 2932413 10936
2923883 2934690 10807
2920008 2935548 15540
2922223 2935614 13391
2930490 2937660 7170
2932852 2939244 6392
2925680 2940465 14785
2930033 2940663 10630
2935950 2942247 6297
2929756 2942280 12524
2932355 2942808 10453
2929566 2944524 14958
2939126 2945778 6652
2940432 2946702 6270
2937598 2948715 11117
2940719 2951652 10933
2945731 2952015 6284
2941373 2955249 13876
2950144 2956800 6656
2955846 2962146 6300
2951406 2962344 10938
2957086 2963367 6281
2948375 2965611 17236
2955653 2966469 10816
2960401 2971353 10952
2963521 2972640 9119
2957116 2972937 15821
2965858 2973828 7970
2964414 2974851 10437
2960357 2977161 16804
2965649 2978019 12370
2967674 2978481 10807
2958383 2979900 21517
2964997 2980956 15959
2975928 2982573 6645
2969017 2984421 15404
2978704 2984982 6278
2974112 2988777 14665
2983006 2989305 6299
2985386 2995839 10453
2985773 2996202 10429
2982562 2997159 14597
2987767 2998215 10448
2988676 2999601 10925
2990238 3004716 14478
2998885 3005178 6293
2990981 3005442 14461
2994943 3005871 10928
2996373 3007323 10950
3003327 3009600 6273
2996049 3014088 18039
3001528 3014319 12791
3004669 3015474 10805
3009341 3015639 6298
3008919 3016002 7083
3005716 3016167 10451
3010529 3016827 6298
3000053 3017124 17071
3005761 3018345 12584
3012361 3019071 6710
3008158 3019170 11012
3013093 3019368 6275
3014014 3020655 6641
3012243 3021447 9204
3008389 3022305 13916
3011409 3022305 10896
3011459 3022404 10945
3009084 3024747 15663
3018436 3025077 6641
3016368 3026826 10458
3026950 3033228 6278
3023012 3033822 10810
3015860 3035703 19843
3026066 3036495 10429
3030272 3036561 6289
3022518 3037122 14604
3029616 3040059 10443
3035618 3042270 6652
3036771 3043425 6654
3031454 3044184 12730
3040591 3046956 6365
3041737 3048012 6275
3037402 3048342 10940
3034468 3048936 14468
3038780 3049728 10948
3031890 3050223 18333
3044830 3051114 6284
3035743 3051213 15470
3038536 3052203 13667
3044731 3052698 7967
3048871 3055536 6665
3047237 3057681 10444
3047974 3058902 10928
3047470 3060849 13379
3049075 3063819 14744
3050373 3064380 14007
3053830 3064776 10946
3060524 3066822 6298
3054221 3067911 13690
3053795 3068769 14974
3059017 3071409 12392
3061146 3072102 10956
3061687 3072135 10448
3062454 3073323 10869
3065617 3074874 9257
3069891 3076161 6270
3063053 3077844 14791
3072774 3079428 6654
3072908 3079560 6652
3077759 3084048 6289
3072560 3084345 11785
3079588 3085863 6275
3078172 3087348 9176
3083342 3089625 6283
3083554 3089856 6302
3085821 3096753 10932
3091758 3098040 6282
3086979 3098898 11919
3088115 3100878 12763
3081998 3102066 20068
3091869 3102297 10428
3091320 3104475 13155
3086955 3105333 18378
3100956 3107247 6291
3099112 3108303 9191
3096738 3110019 13281
3100590 3111141 10551
3096745 3111834 15089
3098249 3112230 13981
3100671 3113154 12483
3108018 3114309 6291
3104299 3114738 10439
3108806 3115464 6658
3103100 3117477 14377
3111337 3117609 6272
3100134 3118170 18036
3102834 3119952 17118
3114347 3120711 6364
3105184 3120909 15725
3105915 3122691 16776
3117784 3124077 6293
3116540 3124242 7702
3111565 3124341 12776
3106194 3125430 19236
3112024 3126057 14033
3112640 3127938 15298
3121685 3132492 10807
3115903 3133647 17744
3120020 3134373 14353
3128338 3134637 6299
3126209 3134769 8560
3123349 3136881 13532
3124110 3137442 13332
3123206 3137640 14434
3124483 3137937 13454
3119975 3138828 18853
3129427 3140247 10820
3126087 3142029 15942
3127254 3142095 14841
3127855 3143382 15527
3129275 3145230 15955
3137870 3148761 10891
3135342 3149916 14574
3143403 3151104 7701
3136984 3151467 14483
3137801 3151599 13798
3141854 3152292 10438
3141714 3152787 11073
3134830 3155559 20729
3141543 3158067 16524
3145573 3158199 12626
3154369 3161070 6701
3150694 3161136 10442
3155148 3161796 6648
3148013 3162588 14575
3153641 3164568 10927
3157366 3167802 10436
3158298 3171135 12837
3160464 3171267 10803
3165621 3171894 6273
3165730 3173808 8078
3162971 3174204 11233
3162790 3174369 11579
3169535 3175821 6286
3169964 3176613 6649
3170915 3177207 6292
3171011 3177306 6295
3171461 3178098 6637
3167086 3179880 12794
3164095 3180276 16181
3163599 3180639 17040
3165282 3180804 15522
3171714 3183015 11301
3165698 3183147 17449
3176549 3183213 6664
3170274 3184137 13863
3176620 3187272 10652
3181905 3189813 7908
3183593 3189879 6286
3183712 3190473 6761
3172755 3190506 17751
3178497 3191034 12537
3179130 3193047 13917
3180570 3193773 13203
3184132 3194565 10433
3185213 3195654 10441
3189681 3195951 6270
3190949 3197238 6289
3185190 3197799 12609
3191216 3198921 7705
3193525 3199812 6287
3194056 3200703 6647
3195720 3202353 6633
3189700 3202947 13247
3187581 3203937 16356
3197699 3204333 6634
3193860 3204894 11034
3199090 3205389 6299
3196013 3207105 11092
3200963 3207237 6274
3202123 3208821 6698
3191370 3209679 18309
3199043 3210471 11428
3191389 3211263 19874
3197878 3212253 14375
3207877 3214299 6422
3192754 3214992 22238
3209345 3215619 6274
3204138 3217137 12999
3210728 3217434 6706
3204165 3217764 13599
3203544 3218259 14715
3206054 3218919 12865
3206110 3219612 13502
3209669 3220107 10438
3210123 3220569 10446
3211900 3222747 10847
3216787 3223440 6653
3209680 3226575 16895
3215160 3228390 13230
3219426 3229380 9954
3214625 3229710 15085
3218167 3229842 11675
3232159 3238455 6296
3232407 3239049 6642
3228028 3241623 13595
3231984 3242415 10431
3237540 3244197 6657
3239616 3245913 6297
3242714 3249378 6664
3244742 3251028 6286
3246479 3252777 6298
3242365 3252810 10445
3243989 3254427 10438
3240393 3254856 14463
3243000 3255285 12285
3251113 3257397 6284
3252215 3258486 6271
3251759 3260961 9202
3248803 3261027 12224
3250488 3261423 10935
3258201 3264492 6291
3251100 3264558 13458
3246177 3264723 18546
3260193 3266472 6279
3260317 3266604 6287
3250892 3267957 17065
3256016 3273600 17584
3266809 3274656 7847
3262095 3276669 14574
3263724 3278187 14463
3274070 3280365 6295
3266851 3281619 14768
3260480 3282873 22393
3270783 3282873 12090
3264320 3283335 19015
3277023 3285447 8424
3274763 3285513 10750
3272802 3287427 14625
3277647 3290661 13014
3277750 3292707 14957
3276761 3293103 16342
3285150 3293268 8118
3287342 3294027 6685
3278522 3297294 18772
3282352 3297294 14942
3291730 3298020 6290
3280134 3298284 18150
3290466 3300231 9765
3290049 3300759 10710
3293222 3300759 7537
3288116 3302574 14458
3289990 3303960 13970
3296752 3307194 10442
3305949 3312243 6294
3306155 3312804 6649
3303810 3314520 10710
3301901 3315873 13972
3301534 3316005 14471
3310111 3318678 8567
3309781 3320229 10448
3315776 3322077 6301
3311300 3322110 10810
3311243 3322473 11230
3309733 3324090 14357
3318660 3324948 6288
3320229 3326499 6270
3315908 3326631 10723
3315946 3326796 10850
3313640 3327192 13552
3322351 3329007 6656
3310521 3329667 19146
3319497 3330327 10830
3328168 3334452 6284
3323738 3334683 10945
3327174 3338115 10941
3333403 3340128 6725
3330332 3341151 10819
3338865 3345144 6279
3339618 3346266 6648
3333923 3348510 14587
3333957 3349137 15180
3342941 3349236 6295
3336191 3350787 14596
3342680 3353889 11209
3347709 3353988 6279
3348558 3355209 6651
3348607 3355242 6635
3347513 3355737 8224
3349781 3356067 6286
3340079 3358476 18397
3345931 3359004 13073
3350472 3361578 11106
3350747 3365175 14428
3359234 3365868 6634
3355260 3366198 10938
3365133 3371775 6642
3358976 3372204 13228
3367338 3374943 7605
3362254 3377220 14966
3368629 3378012 9383
3366619 3378606 11987
3371608 3379068 7460
3373945 3380223 6278
3370057 3380487 10430
3374405 3380817 6412
3366875 3381345 14470
3366898 3383952 17054
3371421 3385734 14313
3380303 3386592 6289
3376673 3387219 10546
3377004 3387813 10809
3377445 3388242 10797
3370806 3389793 18987
3383280 3392532 9252
3384829 3395766 10937
3389162 3395799 6637
3384299 3398307 14008
3392346 3399000 6654
3395459 3401739 6280
3382688 3402696 20008
3396966 3405501 8535
3388783 3405732 16949
3399213 3405864 6651
3397398 3406062 8664
3391786 3406359 14573
3389688 3407019 17331
3390568 3409197 18629
3393874 3409296 15422
3393340 3410880 17540
3400918 3411738 10820
3399480 3412794 13314
3404134 3414939 10805
3410690 3417051 6361
3406118 3417084 10966
3398381 3418107 19726
3410100 3420912 10812
3410961 3423816 12855
3408177 3424311 16134
3417011 3427512 10501
3422983 3429261 6278
3418875 3429690 10815
3423170 3429822 6652
3424832 3431703 6871
3418752 3435729 16977
3424945 3435894 10949
3425651 3436224 10573
3421981 3438633 16652
3428838 3439293 10455
3434884 3441537 6653
3435143 3441537 6394
3435862 3442296 6434
3432210 3443385 11175
3432283 3446751 14468
3442776 3449061 6285
3436410 3449886 13476
3444836 3451107 6271
3439389 3451734 12345
3432669 3453318 20649
3445364 3456156 10792
3450771 3457047 6276
3447210 3457641 10431
3453167 3459918 6751
3452160 3460050 7890
3455308 3461601 6293
3455067 3461700 6633
3456019 3462690 6671
3446766 3462723 15957
3449952 3463911 13959
3449741 3464967 15226
3452386 3468267 15881
3453758 3468333 14575
3457151 3469488 12337
3451962 3469851 17889
3458959 3469884 10925
3454344 3470247 15903
3458041 3471600 13559
3460814 3471633 10819
3459535 3472227 12692
3462893 3473349 10456
3455707 3475230 19523
3461881 3476616 14735
3457237 3477507 20270
3468012 3479883 11871
3455266 3479916 24650
3474044 3480345 6301
3469584 3483084 13500
3472473 3483348 10875
3476325 3488892 12567
3483263 3489684 6421
3475401 3489882 14481
3483849 3491037 7188
3484926 3491202 6276
3475358 3492786 17428
3481299 3493314 12015
3473352 3493875 20523
3482789 3497175 14386
3484296 3500739 16443
3491926 3502851 10925
3492294 3503115 10821
3493205 3503907 10702
3493216 3504039 10823
3498738 3505392 6654
3493307 3507141 13834
3492849 3507339 14490
3502716 3509385 6669
3502917 3513708 10791
3504848 3515292 10444
3504799 3515622 10823
3509400 3515688 6288
3512392 3518691 6299
3510982 3521925 10943
3507905 3525060 17155
3515919 3526842 10923
3520675 3527337 6662
3517621 3529911 12290
3519449 3530373 10924
3526566 3532848 6282
3523761 3533508 9747
3528080 3534366 6286
3529089 3535422 6333
3529380 3535653 6273
3530609 3539811 9202
3533248 3539910 6662
3534439 3541098 6659
3527470 3542913 15443
3530935 3543837 12902
3529888 3544860 14972
3536026 3545751 9725
3539222 3545883 6661
3535330 3546114 10784
3536230 3546675 10445
3534658 3548160 13502
3544325 3551031 6706
3539572 3551262 11690
3541676 3551460 9784
3543522 3552516 8994
3541144 3554529 13385
3549742 3556179 6437
3547764 3558555 10791
3544138 3558588 14450
3551351 3561393 10042
3546039 3561426 15387
3555164 3561459 6295
3552461 3561657 9196
3555094 3561756 6662
3540224 3562086 21862
3549291 3563769 14478
3542989 3563967 20978
3548613 3564165 15552
3547552 3564924 17372
3554723 3565518 10795
3560154 3566442 6288
3557688 3568620 10932
3559667 3568686 9019
3563862 3570501 6639
3564979 3571623 6644
3565495 3571788 6293
3565896 3572382 6486
3563690 3574131 10441
3558321 3576210 17889
3571590 3577860 6270
3572881 3579543 6662
3568989 3579807 10818
3573466 3582843 9377
3572939 3583932 10993
3578632 3584922 6290
3576878 3587694 10816
3585217 3595647 10430
3586313 3596769 10456
3589724 3598551 8827
3592351 3598650 6299
3592089 3598749 6660
3592575 3598848 6273
3592749 3599409 6660
3592111 3600135 8024
3594024 3600300 6276
3589792 3603237 13445
3590813 3606900 16087
3597045 3607989 10944
