2064 17028 14964
3192 17655 14463
7572 18018 10446
6543 20196 13653
5930 20889 14959
7147 21615 14468
8593 22803 14210
11850 22803 10953
12433 23364 10931
12934 23529 10595
10466 25443 14977
14022 26301 12279
15810 26730 10920
22868 29502 6634
16020 30756 14736
18459 31680 13221
11519 32010 20491
26077 32373 6296
21997 32934 10937
15569 33627 18058
20802 34782 13980
30226 36498 6272
26138 37224 11086
30958 37257 6299
28424 38874 10450
19982 39831 19849
18938 40194 21256
35243 41514 6271
25358 41712 16354
33114 42966 9852
38428 45078 6650
28092 46035 17943
39668 46332 6664
40093 46728 6635
36629 47454 10825
34017 49071 15054
35690 49599 13909
38186 50061 11875
42723 50094 7371
33170 50391 17221
39891 51183 11292
45486 51777 6291
43637 52635 8998
47006 53295 6289
36839 53658 16819
41820 53724 11904
39387 53922 14535
42078 55902 13824
44980 57453 12473
45010 57453 12443
42251 59103 16852
41538 59565 18027
47308 60258 12950
48967 62337 13370
44224 63492 19268
53685 64614 10929
52564 65406 12842
58812 69267 10455
54816 69432 14616
50948 70191 19243
60421 71577 11156
62202 73128 10926
67294 78243 10949
67947 81444 13497
67854 82434 14580
72552 83490 10938
73244 84315 11071
68711 87153 18442
76760 87582 10822
81751 88044 6293
82870 89166 6296
78108 90024 11916
74245 90156 15911
79969 93093 13124
89021 95304 6283
84747 95700 10953
84489 97614 13125
85151 98142 12991
91876 101310 9434
95138 101805 6667
90967 101904 10937
95838 102432 6594
96171 103059 6888
96947 103224 6277
97077 103983 6906
90365 104214 13849
91788 106392 14604
97627 108801 11174
94933 109890 14957
105565 112200 6635
103677 112497 8820
104354 114807 10453
101051 116028 14977
112863 119163 6300
105699 120054 14355
114989 121440 6451
110657 121605 10948
109027 123057 14030
110965 124608 13643
108131 124707 16576
114552 125004 10452
108813 125334 16521
113267 125598 12331
112111 127215 15104
117420 128139 10719
117084 128601 11517
113247 128733 15486
115517 128997 13480
113122 131472 18350
110469 132924 22455
123054 133848 10794
131710 138369 6659
128372 139326 10954
125821 140283 14462
131327 142263 10936
135382 150249 14867
145386 152031 6645
145022 155826 10804
141506 158664 17158
146293 159060 12767
149487 160413 10926
147898 161502 13604
151042 162129 11087
151221 162591 11370
156432 163086 6654
155201 168234 13033
154905 169422 14517
162878 169521 6643
154731 169587 14856
157165 172260 15095
158153 172689 14536
160705 172788 12083
163958 174768 10810
156421 177078 20657
169533 177606 8073
164649 178134 13485
160342 179355 19013
174745 181203 6458
166918 181566 14648
172268 182358 10090
170447 182655 12208
171780 182886 11106
169304 184305 15001
169305 184800 15495
172244 185328 13084
180342 187077 6735
170160 187539 17379
177387 188331 10944
179016 190806 11790
181072 191895 10823
181543 192687 11144
183068 194007 10939
185899 196845 10946
188612 199551 10939
193311 206712 13401
193778 208395 14617
193317 208989 15672
203274 210507 7233
198488 211299 12811
201678 212487 10809
205821 213312 7491
203481 214995 11514
204425 215226 10801
206425 216876 10451
205706 217503 11797
210328 221892 11564
209107 222585 13478
209927 222717 12790
210627 224169 13542
208133 224796 16663
210285 225258 14973
214548 229020 14472
223488 229779 6291
225804 232452 6648
222763 233211 10448
222708 237468 14760
227353 238293 10940
233024 239679 6655
229652 240108 10456
230259 240636 10377
234306 241098 6792
229186 243441 14255
233650 244662 11012
234409 246015 11606
233934 248127 14193
233126 249579 16453
240630 251559 10929
240540 253671 13131
239117 253803 14686
242360 254331 11971
243724 254925 11201
250772 257070 6298
247378 259677 12299
247570 260502 12932
251999 265980 13981
251123 266838 15715
254591 268719 14128
259004 269874 10870
261726 272679 10953
256508 273240 16732
262341 273438 11097
259772 273867 14095
261458 274692 13234
260991 275484 14493
265347 277761 12414
266325 278091 11766
267305 278553 11248
266707 281226 14519
267474 282084 14610
272007 282447 10440
273755 282447 8692
271032 282711 11679
274538 283008 8470
272814 285516 12702
266755 285582 18827
262186 286143 23957
268397 286209 17812
270135 287166 17031
279075 289014 9939
279883 289344 9461
272970 289443 16473
275808 290004 14196
277970 292446 14476
287515 294162 6647
281162 295251 14089
281470 295317 13847
281077 295845 14768
289779 297330 7551
284464 298551 14087
285818 299178 13360
282385 299871 17486
271360 300366 29006
286497 300399 13902
289858 300795 10937
285079 300927 15848
290598 302346 11748
288171 303369 15198
283372 303534 20162
279799 304029 24230
286653 307362 20709
291799 308055 16256
295002 308286 13284
300989 310398 9409
296657 310662 14005
301372 311817 10445
295377 313005 17628
296244 313995 17751
303454 314391 10937
297194 315216 18022
302517 315282 12765
298026 316602 18576
303637 317130 13493
305314 319209 13895
305437 319638 14201
295381 320265 24884
296816 320793 23977
309166 322641 13475
312905 322740 9835
311152 323928 12776
312551 326733 14182
309146 327228 18082
320088 330528 10440
320703 331881 11178
326864 333135 6271
319514 333993 14479
325324 334422 9098
320906 334752 13846
322658 334950 12292
323041 337656 14615
327397 339042 11645
320403 340956 20553
328343 343761 15418
328857 344124 15267
330178 344157 13979
331269 344619 13350
331691 344883 13192
330605 344982 14377
332695 345510 12815
330195 346335 16140
336716 346863 10147
339437 347391 7954
329398 348051 18653
340107 350559 10452
342696 354618 11922
353573 360228 6655
351757 362703 10946
357115 363396 6281
357644 368643 10999
359247 370194 10947
364346 370623 6277
360591 372042 11451
359350 373956 14606
364832 376200 11368
365584 376827 11243
368076 378510 10434
358709 380160 21451
372421 381579 9158
370937 382734 11797
365361 383361 18000
372872 383823 10951
376653 386529 9876
380116 386760 6644
373352 387123 13771
383664 389961 6297
376166 390027 13861
380920 391941 11021
382113 392601 10488
381216 394713 13497
371492 395241 23749
379530 396561 17031
385670 396594 10924
390385 396660 6275
377966 397518 19552
386680 397650 10970
384497 398541 14044
384812 398541 13729
384487 399399 14912
393609 400620 7011
386263 400917 14654
388693 402798 14105
394252 405702 11450
390981 405933 14952
396424 407220 10796
396322 408111 11789
397504 408441 10937
397651 409233 11582
398911 409860 10949
395283 410124 14841
403982 410256 6274
403752 410388 6636
399518 411213 11695
401894 412335 10441
399949 412368 12419
406767 413292 6525
404777 413985 9208
407776 414051 6275
405172 414546 9374
402291 415437 13146
400815 415668 14853
402838 417120 14282
408137 418935 10798
404401 420255 15854
414974 421245 6271
412341 423291 10950
413359 424314 10955
404088 428274 24186
418611 429561 10950
424394 430683 6289
412777 431310 18533
416460 431574 15114
420437 432201 11764
419766 433059 13293
425924 435831 9907
426089 436524 10435
431734 438009 6275
417364 438933 21569
419316 439494 20178
423079 439659 16580
425911 440517 14606
426625 441342 14717
430920 441375 10455
427360 444543 17183
428602 444576 15974
431443 445005 13562
431319 445104 13785
433641 445434 11793
434782 446160 11378
433815 448404 14589
433974 448602 14628
438267 448701 10434
443776 450054 6278
430326 451671 21345
433526 452298 18772
431056 452430 21374
443985 454938 10953
439863 454971 15108
447304 458238 10934
446320 461175 14855
447071 461538 14467
454991 461835 6844
454186 465135 10949
460035 466422 6387
447620 467049 19429
451484 467577 16093
457230 471702 14472
460813 471768 10955
454487 472791 18304
466373 473022 6649
465001 474507 9506
461176 474969 13793
457716 475299 17583
468896 475530 6634
461679 477972 16293
454108 478071 23963
459522 478500 18978
464983 478533 13550
461956 478599 16643
470050 481701 11651
466455 482856 16401
464745 482988 18243
472930 483384 10454
472341 483516 11175
472375 483912 11537
474443 485397 10954
479381 485661 6280
479248 488070 8822
480385 491205 10820
483785 494241 10456
492497 498795 6298
491111 501567 10456
485576 501963 16387
488351 502062 13711
489698 502623 12925
492027 502953 10926
497980 508728 10748
498314 509223 10909
491621 510741 19120
504351 511203 6852
497419 511368 13949
494183 511896 17713
501396 512325 10929
500625 512424 11799
501981 515460 13479
494456 515592 21136
501075 516219 15144
498938 516879 17941
503348 517473 14125
504747 517737 12990
491057 520113 29056
509557 520839 11282
508538 521070 12532
511020 521466 10446
511571 523050 11479
502369 524370 22001
507350 524667 17317
508933 527637 18704
522751 529386 6635
518955 531927 12972
525717 531993 6276
522204 533148 10944
513365 535491 22126
516492 535491 18999
525559 536514 10955
533005 539286 6281
530251 540705 10454
531327 542124 10797
531496 543543 12047
533445 544368 10923
530178 544764 14586
539197 545490 6293
535223 546612 11389
539558 546612 7054
531658 549912 18254
540085 550539 10454
544508 550803 6295
539376 550935 11559
541076 551529 10453
541990 552915 10925
548693 554994 6301
541434 556017 14583
545755 556710 10955
543420 556776 13356
545986 557172 11186
542219 559251 17032
553110 560010 6900
547235 560241 13006
550397 562056 11659
544558 562782 18224
551989 562980 10991
545925 563838 17913
553533 567039 13506
556762 567699 10937
559693 569877 10184
557419 570900 13481
565149 573210 8061
568681 574959 6278
568159 575025 6866
568421 575058 6637
565170 577929 12759
568903 578787 9884
565936 579183 13247
564027 579381 15354
568591 582483 13892
568189 582516 14327
570218 583341 13123
571382 583572 12190
574295 586443 12148
577000 587433 10433
572836 589545 16709
576125 590205 14080
572258 592317 20059
573525 592845 19320
582707 593142 10435
585502 596310 10808
585755 596574 10819
590681 596970 6289
586388 597300 10912
577403 597465 20062
582428 597795 15367
578992 598125 19133
584299 598356 14057
582673 602580 19907
598230 604890 6660
592254 605616 13362
594651 608883 14232
598241 609048 10807
598463 609741 11278
604388 611028 6640
605342 611622 6280
604582 618453 13871
610344 621291 10947
614210 625350 11140
614276 628188 13912
615548 628452 12904
618120 629178 11058
619642 630597 10955
625116 631389 6273
620541 631488 10947
617347 632808 15461
624111 634920 10809
616438 635481 19043
628874 635514 6640
625847 637560 11713
627654 638583 10929
631225 640332 9107
634279 640893 6614
630980 641784 10804
635640 641916 6276
628280 642411 14131
629324 642807 13483
633901 644853 10952
634016 645051 11035
622721 645150 22429
632898 645447 12549
627093 648252 21159
634867 648615 13748
631627 649176 17549
639860 650298 10438
641359 651783 10424
641611 652410 10799
643173 652872 9699
640389 653796 13407
647163 654291 7128
642233 656634 14401
643917 658383 14466
648843 659571 10728
649240 660990 11750
655329 661617 6288
652866 663663 10797
659433 666072 6639
655078 666534 11456
649658 666864 17206
656989 668382 11393
662239 668877 6638
657497 669207 11710
664325 670626 6301
661012 671946 10934
659319 673299 13980
666516 676962 10446
672881 682506 9625
672604 683529 10925
670370 684453 14083
671264 685113 13849
671137 686103 14966
678160 687852 9692
672003 688776 16773
677758 688842 11084
682622 689370 6748
678662 689766 11104
684056 691515 7459
679345 691977 12632
681882 692934 11052
687185 694782 7597
680462 695376 14914
683139 695904 12765
681539 697224 15685
686337 697818 11481
679726 697950 18224
691667 697950 6283
684987 698676 13689
679839 698775 18936
679821 701085 21264
678959 701613 22654
683750 701910 18160
688435 702240 13805
692622 704748 12126
694340 705210 10870
694719 705606 10887
682914 706596 23682
690520 707883 17363
690848 708675 17827
690869 709269 18400
700707 709434 8727
692612 710160 17548
696252 712635 16383
706336 716793 10457
707878 718410 10532
712474 719136 6662
708959 719895 10936
706296 721479 15183
702132 722469 20337
718552 724845 6293
714072 725010 10938
712826 726429 13603
716786 727716 10930
716779 727716 10937
717122 730818 13696
720751 731214 10463
720891 732138 11247
716564 733029 16465
722524 734151 11627
727512 734151 6639
722899 734382 11483
724759 736164 11405
730687 741939 11252
731699 742500 10801
735886 742533 6647
733124 743919 10795
732107 746724 14617
734735 749034 14299
738605 749529 10924
736114 750024 13910
738863 752268 13405
739305 752829 13524
742239 753192 10953
736922 756360 19438
746237 757185 10948
743827 759231 15404
743053 759495 16442
747067 760419 13352
749755 761475 11720
746162 762729 16567
750162 763323 13161
750734 764643 13909
759449 765732 6283
756046 766986 10940
758988 769923 10935
764235 770517 6282
755586 770748 15162
764426 771078 6652
760389 771441 11052
758694 771540 12846
757602 772068 14466
766765 773058 6293
761903 773685 11782
757275 774312 17037
767708 774345 6637
770781 777051 6270
766773 777216 10443
763632 780285 16653
769678 780615 10937
764156 780978 16822
770143 781077 10934
769735 781275 11540
770348 782001 11653
775856 783354 7498
773190 784113 10923
777066 788172 11106
778110 791340 13230
775856 792891 17035
785116 795564 10448
783205 795630 12425
783712 796125 12413
789836 796125 6289
791909 798567 6658
787954 798600 10646
785960 799392 13432
786132 800349 14217
783102 801273 18171
786291 802329 16038
791150 802560 11410
794364 804804 10440
795867 806685 10818
797829 808764 10935
793206 810282 17076
794740 810810 16070
806840 813120 6280
803279 814209 10930
800318 815232 14914
804585 815760 11175
803810 817377 13567
806829 817773 10944
805308 817872 12564
812498 820215 7717
813360 820743 7383
814784 825726 10942
814176 828135 13959
815228 828300 13072
821884 828531 6647
817354 828927 11573
811068 828960 17892
816207 830808 14601
825815 832095 6280
818036 832227 14191
828368 835032 6664
826601 837045 10444
828387 839949 11562
826142 841104 14962
826797 841302 14505
827123 842292 15169
830641 844404 13763
830968 846879 15911
828681 847902 19221
833637 850146 16509
840531 851466 10935
834728 852093 17365
834163 852456 18293
836734 854271 17537
839806 854634 14828
844771 855228 10457
837948 858264 20316
847070 859188 12118
844845 860673 15828
853622 864072 10450
855511 866316 10805
856925 867867 10942
863051 869352 6301
855480 869715 14235
865752 872025 6273
866041 872685 6644
851669 873213 21544
862950 873873 10923
858518 875589 17071
856311 875787 19476
866396 878625 12229
868287 879285 10998
874223 880506 6283
870757 881199 10442
867360 882717 15357
859940 882948 23008
872312 883245 10933
869858 886479 16621
878639 886611 7972
872942 886776 13834
870911 887370 16459
864825 887601 22776
872595 889878 17283
880469 890439 9970
877449 890505 13056
878976 890505 11529
879914 891099 11185
878149 892617 14468
876626 893376 16750
867905 893739 25834
882295 894201 11906
879472 894432 14960
885751 896544 10793
883479 897600 14121
882589 898491 15902
894595 900867 6272
879400 901197 21797
887602 902055 14453
885813 902088 16275
894688 904266 9578
896136 904893 8757
894370 905322 10952
894785 906081 11296
889996 908193 18197
893482 908754 15272
896511 909117 12606
898411 909348 10937
901035 911988 10953
903329 917697 14368
907436 918390 10954
908634 919446 10812
906922 921525 14603
907569 921657 14088
916344 927267 10923
917257 928257 11000
917275 930270 12995
914674 933372 18698
920564 934296 13732
928045 934329 6284
920075 934560 14485
911986 935022 23036
929017 935352 6335
924982 935781 10799
926472 937266 10794
924460 938322 13862
925585 938487 12902
927705 939048 11343
930856 941292 10436
927961 943470 15509
934280 945219 10939
939618 950565 10947
939917 951852 11935
941091 952512 11421
941600 955647 14047
944128 957957 13829
948506 959442 10936
953503 960168 6665
948342 960531 12189
954388 961026 6638
945100 961785 16685
958921 965217 6296
954468 965448 10980
956427 967626 11199
965561 971850 6289
959660 974127 14467
960178 974688 14510
965476 975909 10433
960425 977064 16639
966139 977064 10925
965667 977361 11694
967121 978549 11428
966992 978780 11788
968323 979275 10952
969027 979539 10512
969862 980463 10601
965952 981618 15666
968487 984753 16266
969511 985413 15902
971523 986073 14550
980513 987162 6649
974140 989307 15167
974740 989340 14600
971042 989373 18331
974279 993729 19450
978024 995280 17256
983954 996138 12184
980449 997887 17438
990742 998217 7475
992039 998316 6277
983706 999240 15534
978133 1001979 23846
991722 1002969 11247
992072 1003299 11227
990096 1005048 14952
990410 1005147 14737
996624 1007556 10932
991828 1008216 16388
993950 1009635 15685
999779 1010988 11209
996882 1011681 14799
997801 1012044 14243
997498 1012308 14810
998529 1012836 14307
995852 1014156 18304
1002460 1016928 14468
1006714 1017654 10940
1009102 1020030 10928
1008611 1021053 12442
1006655 1021119 14464
1007531 1021581 14050
1012169 1021581 9412
1010111 1022175 12064
1011717 1023231 11514
1009347 1024386 15039
1022934 1033857 10923
1024289 1034748 10459
1025323 1035804 10481
1023088 1038642 15554
1027779 1041843 14064
1039547 1045836 6289
1036478 1047288 10810
1038310 1049466 11156
1041040 1051974 10934
1039022 1052634 13612
1041453 1052865 11412
1043995 1058475 14480
1053339 1060257 6918
1049674 1060620 10946
1050893 1061841 10948
1058377 1065042 6665
1057180 1067616 10436
1053228 1067814 14586
1061630 1067913 6283
1059964 1070916 10952
1058736 1073193 14457
1064592 1075536 10944
1070107 1076757 6650
1060786 1077747 16961
1064468 1078308 13840
1067542 1078803 11261
1071111 1081542 10431
1067245 1081740 14495
1077088 1083753 6665
1075680 1086492 10812
1072885 1086558 13673
1071969 1087119 15150
1069743 1090683 20940
1081540 1092333 10793
1085437 1096392 10955
1081462 1096953 15491
1085300 1097547 12247
1086926 1097877 10951
1086542 1098075 11533
1081524 1099824 18300
1086474 1100979 14505
1087273 1101540 14267
1091789 1102728 10939
1085545 1102926 17381
1092347 1103289 10942
1092697 1104807 12110
1096709 1105434 8725
1094840 1105632 10792
1090592 1108932 18340
1098926 1113486 14560
1099584 1113519 13935
1089116 1113915 24799
1100214 1116159 15945
1107362 1118304 10942
1107839 1118766 10927
1114762 1121043 6281
1115812 1122099 6287
1112015 1122957 10942
1114237 1125168 10931
1115125 1125927 10802
1119311 1125960 6649
1115729 1127511 11782
1119898 1130349 10451
1119526 1133286 13760
1123378 1134309 10931
1118531 1136553 18022
1124194 1136883 12689
1132663 1139325 6662
1130518 1141338 10820
1132770 1146321 13551
1134925 1148631 13706
1137766 1148697 10931
1137116 1149390 12274
1138426 1150875 12449
1133233 1151601 18368
1136145 1151634 15489
1137704 1152525 14821
1145250 1156320 11070
1142083 1156683 14600
1144251 1158300 14049
1154938 1161666 6728
1153039 1163481 10442
1147038 1163844 16806
1147394 1164471 17077
1156165 1167705 11540
1157981 1168926 10945
1151236 1169091 17855
1155597 1169355 13758
1163467 1169751 6284
1164250 1170972 6722
1156519 1172655 16136
1156224 1172952 16728
1153823 1173183 19360
1164790 1175823 11033
1163954 1177143 13189
1167450 1178001 10551
1172040 1178430 6390
1160579 1180608 20029
1167150 1182126 14976
1170487 1182489 12002
1171649 1185162 13513
1176958 1188000 11042
1179522 1190475 10953
1176193 1191168 14975
1179739 1193709 13970
1184729 1194270 9541
1182093 1196943 14850
1185458 1198032 12574
1188186 1199286 11100
1184156 1201167 17011
1183537 1201464 17927
1187876 1202949 15073
1191701 1203411 11710
1186692 1205094 18402
1189543 1205457 15914
1185703 1205985 20282
1190543 1207899 17356
1189304 1209252 19948
1193451 1210473 17022
1197557 1212651 15094
1203762 1214697 10935
1203857 1214829 10972
1205623 1217304 11681
1200301 1218690 18389
1207604 1219218 11614
1208024 1221363 13339
1196769 1221396 24627
1208318 1222353 14035
1211725 1223277 11552
1207584 1223739 16155
1209535 1224498 14963
1216157 1226610 10453
1209855 1226874 17019
1220477 1227138 6661
1217675 1228788 11113
1214227 1229910 15683
1212903 1230108 17205
1219838 1230768 10930
1222675 1233012 10337
1209959 1233705 23746
1221506 1236180 14674
1219946 1237005 17059
1229305 1238985 9680
1231777 1239480 7703
1229093 1240008 10915
1221107 1240074 18967
1224510 1240338 15828
1223341 1242153 18812
1232736 1243176 10440
1226839 1243770 16931
1228769 1244364 15595
1218947 1245486 26539
1233958 1248027 14069
1241238 1251690 10452
1236653 1252284 15631
1241475 1252416 10941
1243088 1254528 11440
1243156 1254627 11471
1246223 1255122 8899
1244184 1256442 12258
1249784 1258191 8407
1240042 1258884 18842
1242273 1259676 17403
1254150 1260435 6285
1245306 1262811 17505
1244492 1263702 19210
1258332 1265616 7284
1255417 1266210 10793
1257175 1267629 10454
1261851 1268487 6636
1254652 1270269 15617
1250967 1270566 19599
1256299 1270731 14432
1256008 1270929 14921
1251876 1271094 19218
1255186 1273503 18317
1258580 1276671 18091
1268102 1278552 10450
1274705 1280994 6289
1266845 1281126 14281
1269994 1281654 11660
1262229 1283172 20943
1264995 1283568 18573
1280126 1286769 6643
1270107 1289046 18939
1278906 1289706 10800
1278516 1290069 11553
1277120 1291719 14599
1286361 1296801 10440
1282479 1297956 15477
1288311 1299408 11097
1293539 1299837 6298
1288198 1300629 12431
1294074 1300728 6654
1289813 1302972 13159
1297050 1305975 8925
1293913 1306602 12689
1293992 1307922 13930
1298166 1311948 13782
1302043 1312839 10796
1302470 1314456 11986
1311067 1317360 6293
1310938 1317591 6653
1305812 1320792 14980
1305995 1321518 15523
1315159 1321815 6656
1307983 1326963 18980
1316043 1327359 11316
1321224 1327887 6663
1317742 1328679 10937
1317257 1329537 12280
1322092 1330791 8699
1323022 1330857 7835
1324985 1331484 6499
1315115 1333365 18250
1320582 1334289 13707
1320695 1334850 14155
1330130 1336764 6634
1317437 1338084 20647
1323475 1338513 15038
1326248 1339965 13717
1328111 1340559 12448
1322948 1341747 18799
1329883 1342374 12491
1328680 1343793 15113
1339128 1345542 6414
1336372 1346961 10589
1337706 1348644 10938
1343164 1349799 6635
1334502 1351581 17079
1338598 1352802 14204
1339385 1353330 13945
1336842 1354221 17379
1342140 1355937 13797
1346004 1356432 10428
1351756 1362702 10946
1345481 1363857 18376
1345143 1364781 19638
1347819 1366563 18744
1354795 1367091 12296
1361163 1367454 6291
1354769 1367718 12949
1357851 1368774 10923
1353631 1370325 16694
1360392 1370952 10560
1354570 1370985 16415
1358888 1371513 12625
1365021 1371678 6657
1361318 1372437 11119
1352937 1374483 21546
1360094 1375704 15610
1365715 1376727 11012
1354035 1378806 24771
1369467 1380390 10923
1364731 1380522 15791
1370651 1381083 10432
1365238 1383822 18584
1369921 1384350 14429
1370703 1384911 14208
1374612 1385538 10926
1373370 1386462 13092
1376029 1386462 10433
1377347 1388145 10798
1385577 1391874 6297
1376391 1392369 15978
1377154 1393029 15875
1382970 1393920 10950
1388015 1394316 6301
1383822 1394745 10923
1384498 1395438 10940
1387213 1398144 10931
1388111 1399035 10924
1393743 1400883 7140
1394783 1405239 10456
1400344 1407252 6908
1400588 1407252 6664
1397704 1408638 10934
1398490 1409496 11006
1399131 1410057 10926
1404341 1411674 7333
1407039 1413390 6351
1407823 1414116 6293
1403267 1414215 10948
1402017 1416096 14079
1405629 1416558 10929
1402725 1416756 14031
1400772 1417317 16545
1411313 1417614 6301
1406171 1419198 13027
1402126 1421673 19547
1410381 1424280 13899
1414522 1424313 9791
1411413 1425402 13989
1414772 1425699 10927
1418082 1429032 10950
1418937 1429758 10821
1420511 1430946 10435
1419968 1434081 14113
1415943 1434939 18996
1428693 1434972 6279
1419480 1437645 18165
1421377 1438239 16862
1426642 1438734 12092
1424622 1438899 14277
1425548 1439592 14044
1429549 1441308 11759
1436210 1442496 6286
1427384 1444476 17092
1433874 1444806 10932
1433752 1445400 11648
1433541 1446786 13245
1441924 1448568 6644
1429587 1448733 19146
1430394 1449327 18933
1435858 1450581 14723
1436172 1451604 15432
1440560 1452165 11605
1440500 1455399 14899
1442623 1456554 13931
1444090 1457181 13091
1440217 1458402 18185
1442416 1459161 16745
1449246 1460184 10938
1447486 1460382 12896
1450298 1461801 11503
1453014 1463517 10503
1444761 1463682 18921
1460877 1467510 6633
1455827 1470942 15115
1458360 1471239 12879
1461740 1472196 10456
1466500 1472790 6290
1463024 1473846 10822
1460383 1475430 15047
1470172 1476816 6644
1470912 1477212 6300
1463505 1478103 14598
1464066 1478235 14169
1473275 1479588 6313
1469136 1482591 13455
1472306 1482756 10450
1477372 1483878 6506
1473726 1484175 10449
1479309 1485594 6285
1467920 1485825 17905
1481868 1488168 6300
1474949 1489125 14176
1476988 1489191 12203
1478581 1490214 11633
1475817 1490412 14595
1478434 1492359 13925
1476786 1494207 17421
1482076 1494768 12692
1481960 1497309 15349
1475883 1497639 21756
1481830 1498002 16172
1482317 1498002 15685
1480066 1498596 18530
1483959 1501236 17277
1496655 1502952 6297
1478461 1503480 25019
1494882 1505328 10446
1487430 1505856 18426
1491348 1507077 15729
1501682 1507968 6286
1493103 1508628 15525
1499567 1510509 10942
1487444 1511862 24418
1490558 1512258 21700
1490412 1512885 22473
1502041 1512984 10943
1498495 1514568 16073
1498746 1515228 16482
1504597 1515789 11192
1506889 1519584 12695
1504663 1520805 16142
1511107 1522125 11018
1506885 1522587 15702
1516887 1523181 6294
1509296 1525293 15997
1509949 1525326 15377
1517185 1526877 9692
1520217 1527273 7056
1517350 1528296 10946
1515683 1530639 14956
1518179 1531563 13384
1514985 1533939 18954
1523315 1534269 10954
1515168 1534533 19365
1521970 1536447 14477
1526291 1537272 10981
1525179 1537437 12258
1526232 1540836 14604
1535109 1541760 6651
1531261 1542189 10928
1527995 1544037 16042
1536155 1547106 10951
1537987 1549185 11198
1545769 1552056 6287
1538548 1552419 13871
1547468 1554201 6733
1537492 1555224 17732
1544591 1555521 10930
1543982 1557270 13288
1546204 1557831 11627
1544674 1557963 13289
1547686 1558128 10442
1547951 1558326 10375
1548443 1558953 10510
1552664 1558953 6289
1542236 1560570 18334
1551917 1560735 8818
1548130 1562187 14057
1558494 1564992 6498
1561013 1567302 6289
1556852 1568226 11374
1558128 1569051 10923
1559433 1569876 10443
1553933 1570503 16570
1560543 1570998 10455
1562352 1571262 8910
1563507 1574298 10791
1564931 1575882 10951
1564907 1575981 11074
1566094 1577037 10943
1570946 1578720 7774
1566273 1580271 13998
1565684 1580502 14818
1571407 1580931 9524
1570852 1583010 12158
1577112 1583769 6657
1571167 1584132 12965
1570910 1584528 13618
1576934 1586013 9079
1575136 1586706 11570
1578071 1587168 9097
1582070 1588356 6286
1579176 1589610 10434
1583829 1590468 6639
1581657 1592580 10923
1582875 1593801 10926
1584312 1595880 11568
1587306 1597761 10455
1583254 1600500 17246
1585993 1600995 15002
1586991 1601589 14598
1586732 1605186 18454
1594895 1605846 10951
1596096 1607397 11301
1585769 1608948 23179
1597358 1609608 12250
1604523 1610796 6273
1598495 1612083 13588
1602719 1612710 9991
1603266 1614195 10929
1604104 1615053 10949
1600706 1615317 14611
1598967 1617429 18462
1601548 1617594 16046
1602999 1618089 15090
1607531 1620234 12703
1610682 1622148 11466
1611009 1625481 14472
1612161 1625547 13386
1613046 1626174 13128
1620831 1627164 6333
1615393 1627263 11870
1618163 1629210 11047
1621199 1631652 10453
1618126 1633599 15473
1619659 1634259 14600
1624488 1635414 10926
1617218 1638384 21166
1622167 1638714 16547
1624168 1639374 15206
1633795 1640430 6635
1632788 1640628 7840
1626967 1641684 14717
1628036 1642410 14374
1636218 1645050 8832
1638737 1649175 10438
1634545 1649208 14663
1639023 1650330 11307
1642399 1653333 10934
1639534 1653630 14096
1642254 1655676 13422
1638864 1656633 17769
1645834 1658514 12680
1648886 1659339 10453
1650070 1660527 10457
1653125 1663266 10141
1660754 1667391 6637
1657344 1667787 10443
1653684 1670394 16710
1651340 1670658 19318
1656611 1670889 14278
1656961 1670922 13961
1658547 1671021 12474
1658891 1671648 12757
1667938 1674222 6284
1670497 1676796 6299
1668077 1679007 10930
1673944 1680228 6284
1665671 1680888 15217
1671732 1683561 11829
1664888 1685607 20719
1675025 1685970 10945
1671915 1686465 14550
1677117 1688742 11625
1678013 1692009 13996
1675930 1692867 16937
1684156 1694616 10460
1688214 1695144 6930
1683988 1697454 13466
1676327 1698246 21919
1685485 1698378 12893
1686141 1698576 12435
1683325 1699335 16010
1689371 1701711 12340
1688924 1702602 13678
1690081 1703295 13214
1687735 1705341 17606
1685096 1706331 21235
1695937 1706529 10592
1692292 1706793 14501
1696021 1707552 11531
1697300 1708839 11539
1691911 1711908 19997
1702272 1712139 9867
1698296 1712469 14173
1695026 1712832 17806
1700241 1712997 12756
1702811 1713954 11143
1705012 1715967 10955
1709995 1716297 6302
1695491 1716495 21004
1702653 1717188 14535
1706754 1718178 11424
1707211 1718871 11660
1705354 1721709 16355
1700810 1723293 22483
1713193 1726560 13367
1720029 1726692 6663
1716523 1727451 10928
1724561 1731543 6982
1721544 1732467 10923
1721722 1732665 10943
1722102 1734018 11916
1721554 1735305 13751
1725295 1736130 10835
1732566 1739199 6633
1722627 1739364 16737
1729430 1740816 11386
1731095 1741542 10447
1725767 1742367 16600
1733431 1744380 10949
1726993 1746624 19631
1736001 1746954 10953
1732964 1749924 16960
1735570 1750221 14651
1743821 1750914 7093
1732909 1751838 18929
1736695 1752366 15671
1737637 1753026 15389
1736880 1753125 16245
1742017 1755534 13517
1741763 1756293 14530
1742257 1759593 17336
1742937 1760451 17514
1745116 1762497 17381
1743769 1762695 18926
1743892 1762794 18902
1756594 1762893 6299
1749455 1762959 13504
1750393 1763388 12995
1750999 1763817 12818
1752943 1765137 12194
1752427 1766061 13634
1750394 1767909 17515
1746811 1769955 23144
1751744 1770945 19201
1751202 1771209 20007
1748123 1771770 23647
1757594 1772331 14737
1761842 1772793 10951
1766325 1774146 7821
1768183 1774839 6656
1752799 1774905 22106
1769822 1776093 6271
1759215 1776918 17703
1764972 1777710 12738
1768673 1779624 10951
1766483 1780053 13570
1768423 1780581 12158
1767836 1781901 14065
1768356 1781934 13578
1769133 1784310 15177
1778383 1784673 6290
1772053 1784970 12917
1773100 1785531 12431
1769241 1786488 17247
1767914 1788303 20389
1782655 1788930 6275
1780811 1791240 10429
1778981 1791900 12919
1782128 1793418 11290
1787046 1793682 6636
1781120 1795728 14608
1784752 1795893 11141
1776598 1796652 20054
1776950 1797147 20197
1790112 1806024 15912
1800188 1806849 6661
1798081 1808895 10814
1801049 1811997 10948
1802530 1813482 10952
1803489 1814439 10950
1806344 1817277 10933
1811608 1817904 6296
1808010 1818828 10818
1809452 1819884 10432
1812021 1822953 10932
1813353 1825692 12339
1816343 1827276 10933
1814850 1828464 13614
1816236 1829223 12987
1815406 1829850 14444
1816665 1830642 13977
1820638 1831071 10433
1819821 1831203 11382
1820438 1834272 13834
1819267 1834437 15170
1826340 1837275 10935
1826724 1837803 11079
1827813 1838760 10947
1827768 1840872 13104
1830594 1841037 10443
1828157 1841631 13474
1831631 1842588 10957
1831834 1845129 13295
1832826 1845228 12402
1831976 1848429 16453
1843000 1850409 7409
1840823 1853247 12424
1841744 1853379 11635
1837513 1855887 18374
1843560 1856151 12591
1839018 1856481 17463
1838453 1856646 18193
1846200 1857141 10941
1851981 1858692 6711
1838995 1859880 20885
1853542 1860177 6635
1854032 1860309 6277
1851524 1863906 12382
1849906 1864368 14462
1859554 1865919 6365
1859864 1866447 6583
1852579 1867140 14561
1857399 1867833 10434
1861808 1868559 6751
1858005 1868955 10950
1858174 1869615 11441
1860506 1870935 10429
1861018 1871463 10445
1857448 1872882 15434
1860765 1874532 13767
1862873 1875060 12187
1870195 1876479 6284
1871137 1878261 7124
1863104 1878294 15190
1869089 1880043 10954
1874632 1881000 6368
1870730 1881660 10930
1872132 1883079 10947
1873755 1885686 11931
1865426 1886181 20755
1871357 1886742 15385
1876161 1887270 11109
1874992 1890075 15083
1871022 1890504 19482
1881215 1892022 10807
1875222 1893672 18450
1882990 1893936 10946
1868814 1894662 25848
1887650 1895223 7573
1876449 1896906 20457
1891448 1897731 6283
1888198 1897764 9566
1881586 1898391 16805
1891654 1898391 6737
1888659 1900008 11349
1896477 1902780 6303
1885784 1902912 17128
1892558 1905750 13192
1891500 1906212 14712
1895427 1906509 11082
1888312 1907103 18791
1896124 1908324 12200
1892212 1908654 16442
1895942 1909347 13405
1896665 1910073 13408
1894269 1911129 16860
1891937 1911888 19951
1893342 1911888 18546
1893729 1912548 18819
1894690 1914000 19310
1887500 1914066 26566
1897688 1915122 17434
1901673 1915452 13779
1902217 1915551 13334
1894044 1916739 22695
1906848 1917399 10551
1907417 1918224 10807
1904785 1918620 13835
1904047 1918653 14606
1911078 1919016 7938
1902477 1925154 22677
1910069 1927200 17131
1912139 1928388 16249
1914660 1930665 16005
1917431 1931127 13696
1918215 1931622 13407
1925421 1931721 6300
1911149 1932018 20869
1917203 1932414 15211
1920214 1932711 12497
1921314 1933239 11925
1921668 1933437 11769
1917971 1933635 15664
1921520 1934625 13105
1917416 1936341 18925
1917993 1936803 18810
1923423 1936836 13413
1928839 1937463 8624
1924825 1938948 14123
1926927 1940598 13671
1931976 1942050 10074
1936123 1942413 6290
1933808 1943700 9892
1937925 1944558 6633
1924801 1945317 20516
1941289 1947561 6272
1932806 1947825 15019
1933895 1948980 15085
1928240 1950828 22588
1935313 1951125 15812
1928858 1951653 22795
1940862 1951785 10923
1937745 1951983 14238
1935566 1952247 16681
1940160 1952775 12615
1942690 1955085 12395
1943755 1958880 15125
1946430 1960530 14100
1943539 1960662 17123
1946152 1961487 15335
1944739 1963104 18365
1949511 1963137 13626
1949468 1963896 14428
1953119 1964127 11008
1955052 1964292 9240
1955435 1966371 10936
1948995 1968351 19356
1958168 1969473 11305
1963654 1972278 8624
1966426 1972707 6281
1966748 1973433 6685
1959873 1974390 14517
1966327 1974456 8129
1950335 1974852 24517
1966642 1974984 8342
1965080 1976007 10927
1964564 1977723 13159
1964267 1980330 16063
1967270 1980759 13489
1970552 1981353 10801
1975475 1982112 6637
1965030 1984653 19623
1978556 1984851 6295
1970675 1985379 14704
1967644 1985412 17768
1976355 1987590 11235
1973201 1988646 15445
1979046 1992243 13197
1988741 1995378 6637
1984767 1996401 11634
1986618 1997556 10938
1986569 1997655 11086
1987196 1998381 11185
1989449 2000394 10945
1989536 2000460 10924
1991549 2002473 10924
2000145 2007390 7245
1998220 2009040 10820
1996636 2009601 12965
1998178 2009700 11522
2003684 2009964 6280
1999141 2010129 10988
2000141 2010954 10813
2004793 2016729 11936
2000695 2018379 17684
2003491 2018841 15350
2009601 2020524 10923
2012798 2020524 7726
2010291 2021217 10926
2011040 2021976 10936
2008454 2023065 14611
2011770 2025243 13473
2010109 2026662 16553
2020009 2027421 7412
2014734 2027652 12918
2012743 2029302 16559
2019254 2029863 10609
2015258 2029896 14638
2017127 2030325 13198
2024094 2030391 6297
2025198 2031843 6645
2018767 2033625 14858
2018653 2034318 15665
2022194 2036661 14467
2026321 2037255 10934
2027885 2038839 10954
2026526 2039961 13435
2035119 2041677 6558
2033806 2044746 10940
2033904 2044845 10941
2038989 2049927 10938
2039021 2049993 10972
2043940 2050224 6284
2036699 2052006 15307
2037320 2052270 14950
2047520 2053821 6301
2045057 2055867 10810
2051107 2057748 6641
2045585 2060058 14473
2048297 2062896 14599
2052032 2063028 10996
2056825 2063490 6665
2054061 2065008 10947
2052594 2066163 13569
2053893 2066625 12732
2057548 2067978 10430
2061518 2068176 6658
2058469 2071344 12875
2066094 2072928 6834
2055256 2073951 18695
2064685 2075634 10949
2060516 2076459 15943
2066123 2077053 10930
2063112 2077878 14766
2062050 2078736 16686
2060444 2080320 19876
2066195 2081706 15511
2067279 2082036 14757
2066409 2082234 15825
2069052 2082498 13446
2067840 2084412 16572
2064335 2084841 20506
2073227 2084907 11680
2073193 2085237 12044
2081374 2088009 6635
2064435 2089197 24762
2077258 2091771 14513
2081008 2091936 10928
2073058 2092233 19175
2076655 2092827 16172
2083243 2093685 10442
2087516 2095170 7654
2085132 2096061 10929
2083567 2099229 15662
2088791 2099229 10438
2086325 2099889 13564
2090892 2101836 10944
2087417 2104179 16762
2098682 2105334 6652
2098592 2106621 8029
2092617 2107875 15258
2092934 2108403 15469
2095789 2109261 13472
2095663 2109855 14192
2100997 2111439 10442
2105200 2111901 6701
2106498 2113155 6657
2095863 2113848 17985
2098739 2115828 17089
2111677 2118006 6329
2112182 2118831 6649
2098427 2120283 21856
2114213 2120877 6664
2106266 2121207 14941
2115757 2123649 7892
2101583 2124210 22627
2114163 2127180 13017
2117896 2127279 9383
2109538 2127675 18137
2123650 2130315 6665
2114486 2132856 18370
2122231 2133186 10955
2122220 2133318 11098
2110665 2133450 22785
2122519 2133747 11228
2120273 2135232 14959
2124955 2135595 10640
2131450 2137740 6290
2126204 2139687 13483
2133838 2140479 6641
2125890 2142327 16437
2125144 2143647 18503
2129485 2144604 15119
2134567 2145495 10928
2133848 2146287 12439
2135987 2146914 10927
2140691 2149884 9193
2135609 2150148 14539
2142086 2153019 10933
2139186 2153712 14526
2141862 2154801 12939
2149287 2155560 6273
2143892 2157507 13615
2145922 2158200 12278
2147587 2158530 10943
2147703 2159850 12147
2154945 2161599 6654
2151853 2162787 10934
2159679 2166318 6639
2156147 2167077 10930
2161724 2169354 7630
2161755 2172555 10800
2165917 2172555 6638
2165987 2173149 7162
2163650 2174601 10951
2163917 2174865 10948
2160727 2179617 18890
2170845 2181663 10818
2171214 2181861 10647
2171935 2185095 13160
2169607 2185359 15752
2174843 2185788 10945
2176077 2188494 12417
2183718 2190045 6327
2179675 2190606 10931
2177415 2191299 13884
2173695 2192322 18627
2179755 2193147 13392
2182801 2193774 10973
2177932 2195820 17888
2179335 2198064 18729
2184429 2199615 15186
2193378 2200011 6633
2193812 2204268 10456
2202190 2208855 6665
2195688 2209350 13662
2190542 2209449 18907
2199214 2210505 11291
2195236 2211858 16622
2195660 2212584 16924
2197934 2213112 15178
2197812 2213475 15663
2193904 2214036 20132
2204026 2214960 10934
2208949 2215653 6704
2203269 2216247 12978
2199163 2217534 18371
2204020 2217897 13877
2195865 2218194 22329
2193489 2218722 25233
2204794 2218821 14027
2202472 2219316 16844
2206467 2219349 12882
2209376 2220075 10699
2206658 2221065 14407
2202000 2222187 20187
2208703 2222616 13913
2202641 2222814 20173
2205711 2223045 17334
2201944 2224992 23048
2218766 2225421 6655
2211127 2227533 16406
2213240 2228589 15349
2218019 2228952 10933
2222980 2229282 6302
2217178 2232978 15800
2215311 2233704 18393
2219263 2233770 14507
2223747 2234694 10947
2220678 2235156 14478
2232918 2239347 6429
2233431 2240073 6642
2226886 2242449 15563
2226874 2242614 15740
2226462 2243010 16548
2232256 2243307 11051
2232977 2244495 11518
2231502 2245683 14181
2235705 2246145 10440
2232316 2246310 13994
2241455 2248191 6736
2240106 2248983 8877
2238630 2249577 10947
2240397 2251326 10929
2249384 2255682 6298
2251139 2257431 6292
2242349 2257662 15313
2247703 2258883 11180
2242137 2260401 18264
2247907 2260995 13088
2250386 2261325 10939
2253499 2263932 10433
2243969 2266308 22339
2252846 2266638 13792
2245469 2266671 21202
2253364 2267298 13934
2257965 2269311 11346
2256052 2269344 13292
2252748 2269476 16728
2256431 2270037 13606
2261995 2272809 10814
2262665 2273106 10441
2263760 2274624 10864
2262035 2276307 14272
2262370 2277198 14828
2269130 2279574 10444
2267298 2279739 12441
2270096 2280531 10435
2267317 2282214 14897
2272483 2284161 11678
2273317 2284260 10943
2272642 2284755 12113
2271658 2286273 14615
2282089 2288385 6296
2282493 2288781 6288
2282492 2291586 9094
2281735 2292675 10940
2286969 2293632 6663
2287658 2298186 10528
2284187 2299011 14824
2289300 2300232 10932
2292101 2301288 9187
2290634 2304522 13888
2295489 2305941 10452
2295598 2306535 10937
2296492 2307426 10934
2303440 2309736 6296
2299061 2309868 10807
2301642 2312079 10437
2301704 2313465 11761
2300134 2314620 14486
2304320 2315181 10861
2309677 2316402 6725
2304592 2318448 13856
2306907 2319504 12597
2308963 2319900 10937
2306485 2321913 15428
2313047 2322243 9196
2310340 2322474 12134
2311571 2322639 11068
2314391 2322870 8479
2311629 2325906 14277
2316141 2327094 10953
2321284 2327556 6272
2317730 2328546 10816
2308324 2330328 22004
2320953 2331747 10794
2321169 2338974 17805
2322405 2339865 17460
2330238 2340690 10452
2329252 2342505 13253
2327727 2343033 15306
2324190 2343594 19404
2332162 2344122 11960
2333573 2344518 10945
2328620 2345343 16723
2334024 2346168 12144
2337498 2347257 9759
2336671 2347488 10817
2330533 2350590 20057
2338625 2351481 12856
2341742 2351943 10201
2334004 2354715 20711
2340532 2355474 14942
2341569 2356134 14565
2346231 2357157 10926
2345436 2357190 11754
2353119 2359401 6282
2343538 2360424 16886
2352949 2361678 8729
2351266 2362206 10940
2342164 2363724 21560
2357838 2364549 6711
2352349 2366265 13916
2352901 2366793 13892
2356085 2367024 10939
2357062 2368014 10952
2361961 2368344 6383
2345636 2368641 23005
2363199 2369499 6300
2359206 2370060 10854
2364991 2372337 7346
2365488 2374416 8928
2369611 2375901 6290
2369717 2376000 6283
2360763 2376594 15831
2357872 2377683 19811
2359279 2378343 19064
2364515 2379135 14620
2361354 2379267 17913
2365176 2379729 14553
2365469 2382006 16537
2364253 2382501 18248
2368902 2382534 13632
2365595 2382567 16972
2365959 2383062 17103
2364874 2383590 18716
2361345 2383623 22278
2363721 2385834 22113
2371278 2386395 15117
2374761 2386428 11667
2368976 2386725 17749
2371373 2387418 16045
2377421 2388375 10954
2359646 2388507 28861
2379141 2389200 10059
2367777 2389992 22215
2384633 2390916 6283
2380870 2391477 10607
2381005 2391939 10934
2378482 2393094 14612
2375200 2395107 19907
2378888 2395998 17110
2384464 2396196 11732
2378940 2396493 17553
2390378 2396790 6412
2388418 2397120 8702
2391233 2398242 7009
2384121 2399166 15045
2383178 2399232 16054
2382360 2399331 16971
2390171 2401014 10843
2390242 2401311 11069
2386200 2402136 15936
2388422 2403159 14737
2390626 2405238 14612
2390389 2405535 15146
2397012 2407944 10932
2403251 2409561 6310
2399328 2409759 10431
2404986 2411442 6456
2397257 2413059 15802
2402413 2413620 11207
2403038 2416887 13849
2407282 2416986 9704
2406469 2417283 10814
2411054 2417349 6295
2407076 2418009 10933
2411629 2422563 10934
2409854 2422926 13072
2411982 2423982 12000
2411958 2426655 14697
2422149 2428800 6651
2414045 2431968 17923
2420206 2432298 12092
2411042 2433222 22180
2415552 2433486 17934
2417495 2433915 16420
2420269 2433981 13712
2422501 2434476 11975
2419092 2436522 17430
2430711 2436984 6273
2423267 2437809 14542
2427615 2438568 10953
2428860 2440053 11193
2428848 2441307 12459
2431284 2441736 10452
2432357 2443155 10798
2438941 2445234 6293
2429727 2445564 15837
2429208 2446356 17148
2432865 2447049 14184
2441028 2447313 6285
2432475 2452824 20349
2441965 2456355 14390
2442385 2456916 14531
2446345 2457279 10934
2440984 2457510 16526
2444884 2459358 14474
2439144 2461602 22458
2450827 2461767 10940
2452785 2463780 10995
2447473 2464968 17495
2455228 2467905 12677
2454081 2471040 16959
2465432 2471733 6301
2459145 2474241 15096
2459041 2475000 15959
2456910 2475231 18321
2465991 2475363 9372
2469846 2477244 7398
2462690 2477277 14587
2456173 2478498 22325
2462830 2479059 16229
2465711 2479059 13348
2467141 2480511 13370
2464619 2482788 18169
2469275 2484669 15394
2479242 2485890 6648
2481467 2488167 6700
2484908 2491203 6295
2481279 2491731 10452
2483255 2494404 11149
2485369 2495823 10454
2485089 2495922 10833
2485615 2496417 10802
2491233 2497506 6273
2491655 2498298 6643
2482694 2498628 15934
2484943 2499552 14609
2486360 2501565 15205
2487397 2501598 14201
2489675 2501730 12055
2492281 2502291 10010
2491668 2503776 12108
2498065 2504337 6272
2489823 2504865 15042
2494644 2505591 10947
2497585 2507670 10085
2496284 2508891 12607
2495781 2509749 13968
2495550 2511234 15684
2505655 2511927 6272
2497670 2511960 14290
2496057 2513808 17751
2498526 2514864 16338
2502123 2516217 14094
2508500 2520309 11809
2509853 2521002 11149
2513025 2523972 10947
2514919 2525853 10934
2521416 2527701 6285
2520987 2531925 10938
2521441 2534730 13289
2525452 2535060 9608
2529586 2536446 6860
2520099 2536578 16479
2522174 2538393 16219
2521895 2538954 17059
2526089 2541165 15076
2533724 2541198 7474
2524828 2541627 16799
2525957 2541660 15703
2528767 2542023 13256
2526059 2542188 16129
2528444 2543376 14932
2534762 2544432 9670
2539173 2545455 6282
2527434 2546247 18813
2530336 2546313 15977
2536230 2547171 10941
2546603 2553243 6640
2543499 2555157 11658
2531438 2556510 25072
2540448 2558259 17811
2548089 2559018 10929
2540158 2560008 19850
2552934 2560503 7569
2540306 2560602 20296
2544606 2561295 16689
2547298 2562219 14921
2538786 2562252 23466
2547842 2563638 15796
2557919 2564562 6643
2555260 2565321 10061
2550129 2566872 16743
2555673 2569182 13509
2557694 2573274 15580
2559985 2573802 13817
2555972 2574132 18160
2560483 2574825 14342
2568910 2575617 6707
2569320 2575617 6297
2570078 2576475 6397
2564938 2576904 11966
2561858 2577432 15574
2568304 2577993 9689
2567118 2579544 12426
2560554 2580303 19749
2568305 2581194 12889
2557747 2582778 25031
2567444 2583141 15697
2563925 2583207 19282
2577455 2583735 6280
2568942 2583768 14826
2578896 2585187 6291
2579008 2585649 6641
2579827 2590764 10937
2580029 2591424 11395
2575321 2592513 17192
2580245 2594856 14611
2587013 2597958 10945
2583120 2598189 15069
2588245 2598684 10439
2592652 2598948 6296
2588218 2601885 13667
2591708 2602644 10936
2598245 2604822 6577
2588089 2605449 17360
2590585 2606175 15590
2601091 2607363 6272
2590409 2609508 19099
2591944 2609541 17597
2602889 2612313 9424
2602155 2613105 10950
2603761 2614227 10466
2595848 2615481 19633
2594050 2615712 21662
2611185 2617461 6276
2611332 2617857 6525
2605494 2619012 13518
2605204 2619507 14303
2609583 2620035 10452
2615976 2622246 6270
2606089 2622741 16652
2607478 2622807 15329
2610978 2625447 14469
2612843 2625975 13132
2616983 2626536 9553
2617477 2626668 9191
2616844 2627790 10946
2616674 2628252 11578
2608627 2629242 20615
2621141 2630595 9454
2624765 2631321 6556
2614249 2632344 18095
2619295 2634852 15557
2621621 2635644 14023
2624708 2638746 14038
2632694 2639340 6646
2623067 2639802 16735
2620880 2640165 19285
2632538 2643333 10795
2626483 2646501 20018
2636608 2647062 10454
2636675 2650758 14083
2634069 2651220 17151
2639391 2651385 11994
2639331 2653959 14628
2641934 2654586 12652
2639193 2654685 15492
2643785 2654718 10933
2641769 2654850 13081
2645617 2656071 10454
2650881 2657160 6279
2638114 2658117 20003
2643562 2659272 15710
2641358 2661384 20026
2652545 2663034 10489
2646970 2663595 16625
2649354 2663661 14307
2657914 2664189 6275
2652379 2666268 13889
2660402 2666697 6295
2654735 2666796 12061
2655302 2668644 13342
2663307 2669964 6657
2653876 2670162 16286
2660086 2670525 10439
2662155 2673165 11010
2664101 2674551 10450
2669599 2676036 6437
2665258 2676069 10811
2665621 2676300 10679
2662377 2676993 14616
2664177 2679171 14994
2660166 2679336 19170
2664144 2679468 15324
2663672 2679864 16192
2668706 2680095 11389
2664759 2680359 15600
2669268 2680458 11190
2672810 2683758 10948
2679480 2685771 6291
2679403 2686068 6665
2671288 2686233 14945
2674912 2687256 12344
2668881 2690160 21279
2677964 2691051 13087
2682337 2692437 10100
2675161 2693922 18761
2678682 2695737 17055
2681280 2696133 14853
2680543 2698542 17999
2681412 2699169 17757
2688594 2699532 10938
2682376 2699796 17420
2689537 2701083 11546
2690696 2701578 10882
2684916 2702667 17751
2687231 2703129 15898
2690992 2704086 13094
2690928 2706033 15105
2691142 2706033 14891
2692023 2707221 15198
2696065 2707320 11255
2699159 2709960 10801
2699630 2710554 10924
2700627 2711577 10950
2700987 2712237 11250
2706751 2713029 6278
2699386 2713986 14600
2702570 2716494 13924
2704119 2717088 12969
2706834 2717319 10485
2705833 2718408 12575
2705223 2718705 13482
2704595 2718903 14308
2705724 2719431 13707
2713132 2719431 6299
2704380 2720421 16041
2699615 2721444 21829
2702249 2722203 19954
2709055 2722698 13643
2701909 2724414 22505
2706339 2725404 19065
2705016 2725503 20487
2705968 2725800 19832
2714985 2726328 11343
2708322 2726460 18138
2705180 2728671 23491
2718630 2729562 10932
2713588 2732466 18878
2720614 2734215 13601
2714659 2736030 21371
2729374 2736030 6656
2726384 2738670 12286
2728668 2739462 10794
2726948 2741211 14263
2729518 2743356 13838
2724944 2743587 18643
2731836 2743950 12114
2723644 2746656 23012
2735909 2746755 10846
2740808 2747580 6772
2732035 2750814 18779
2740370 2750814 10444
2736259 2750946 14687
2732398 2751375 18977
2737270 2751936 14666
2740091 2752563 12472
2734483 2754114 19631
2741263 2754378 13115
2741993 2755797 13804
2738123 2758338 20215
2744863 2758404 13541
2746291 2758899 12608
2746836 2759064 12228
2749468 2761176 11708
2746790 2763057 16267
2753406 2765994 12588
2761126 2767413 6287
2756563 2767776 11213
2757078 2768007 10929
2758884 2769822 10938
2756420 2771043 14623
2760371 2771274 10903
2758112 2772561 14449
2761364 2772792 11428
2768429 2775069 6640
2763265 2775333 12068
2769294 2775993 6699
2766010 2776950 10940
2770313 2779755 9442
2769755 2780712 10957
2768107 2782758 14651
2768466 2782824 14358
2772066 2782989 10923
2773471 2784672 11201
2773826 2784738 10912
2775787 2786718 10931
2773030 2787675 14645
2782235 2788896 6661
2772638 2789952 17314
2776484 2790018 13534
2770566 2794242 23676
2782537 2794572 12035
2778525 2795100 16575
2783391 2795100 11709
2788953 2795232 6279
2784969 2795760 10791
2790036 2796783 6747
2786229 2797311 11082
2786045 2798466 12421
2790661 2801106 10445
2785219 2802492 17273
2800600 2806881 6281
2799229 2809686 10457
2806508 2813151 6643
2799862 2813250 13388
2803377 2817342 13965
2807398 2818200 10802
2808741 2819190 10449
2805844 2820642 14798
2806598 2821170 14572
2815887 2822160 6273
2808885 2824503 15618
2817886 2824536 6650
2813651 2824602 10951
2814308 2825460 11152
2812880 2826483 13603
2813310 2826879 13569
2809801 2828463 18662
2818193 2828562 10369
2824029 2830311 6282
2812838 2831796 18958
2825956 2832258 6302
2818716 2833413 14697
2812331 2834898 22567
2816864 2835558 18694
2825433 2835888 10455
2825781 2836548 10767
2829965 2836614 6649
2819481 2838693 19212
2819752 2839056 19304
2825658 2839683 14025
2830846 2839980 9134
2826850 2840805 13955
2831690 2842620 10930
2829272 2844105 14833
2833772 2844963 11191
2831424 2845095 13671
2830665 2845986 15321
2839235 2847570 8335
2835226 2849253 14027
2845585 2852223 6638
2837829 2852553 14724
2838177 2853114 14937
2847985 2854269 6284
2843927 2854368 10441
2844754 2855688 10934
2850414 2857074 6660
2850146 2858295 8149
2843749 2860869 17120
2847921 2861199 13278
2848068 2862288 14220
2856429 2864202 7773
2847945 2864367 16422
2850741 2864829 14088
2850692 2864895 14203
2850358 2864928 14570
2860771 2867436 6665
2849616 2868129 18513
2854323 2868426 14103
2853699 2868756 15057
2856716 2868756 12040
2857024 2869383 12359
2856146 2870703 14557
2861141 2871594 10453
2852329 2871957 19628
2858564 2874894 16330
2871517 2877798 6281
2862973 2878029 15056
2864872 2879547 14675
2868794 2879613 10819
2859547 2879877 20330
2859984 2880537 20553
2856753 2882880 26127
2863721 2885586 21865
2875535 2886477 10942
2877840 2888787 10947
2874247 2889777 15530
2869848 2890305 20457
2879156 2891295 12139
2887145 2893440 6295
2880726 2894430 13704
2880572 2895123 14551
2882528 2895387 12859
2884684 2897070 12386
2880577 2898423 17846
2883827 2899479 15652
2889471 2900403 10932
2891129 2901558 10429
2881425 2901723 20298
2886160 2901723 15563
2895586 2901888 6302
2885506 2902812 17306
2888083 2904000 15917
2893640 2904693 11053
2892923 2907201 14278
2883567 2908620 25053
2898707 2909511 10804
2904142 2910435 6293
2895611 2911062 15451
2894341 2911392 17051
2895980 2912019 16039
2898443 2912778 14335
2903690 2914956 11266
2910599 2916870 6271
2906534 2917464 10930
2907932 2919048 11116
2904127 2920269 16142
2911340 2922348 11008
2912416 2923371 10955
2909038 2923668 14630
2914585 2925516 10931
2914703 2925648 10945
2911733 2926869 15136
2912548 2928915 16367
2911579 2930169 18590
2919621 2930433 10812
2920473 2931555 11082
2918955 2931819 12864
2925300 2934261 8961
2919060 2934921 15861
2910716 2937726 27010
2927009 2937957 10948
2931754 2942709 10955
2936634 2943270 6636
2933288 2944590 11302
2931668 2945481 13813
2937694 2945580 7886
2927603 2947758 20155
2939937 2948187 8250
2937431 2948682 11251
2932164 2948814 16650
2937416 2949342 11926
2937752 2951982 14230
2939332 2952873 13541
2946399 2953038 6639
2937288 2955216 17928
2943187 2955480 12293
2951806 2958450 6644
2950162 2961090 10928
2950252 2961915 11663
2954960 2965908 10948
2960147 2966436 6289
2955527 2969736 14209
2962620 2973432 10812
2962805 2973729 10924
2955288 2974521 19233
2964111 2975049 10938
2969676 2976237 6561
2957146 2976369 19223
2962103 2977722 15619
2963555 2978745 15190
2961397 2979240 17843
2971212 2981649 10437
2963250 2981979 18729
2971721 2982540 10819
2969373 2982639 13266
2970987 2985939 14952
2975204 2986236 11032
2974055 2987193 13138
2975943 2987391 11448
2972065 2989140 17075
2975444 2991087 15643
2974166 2992242 18076
2978636 2992803 14167
2981347 2996070 14723
2979538 2996103 16565
2987370 2998314 10944
2977742 2999931 22189
2989411 3000360 10949
2984415 3003132 18717
2985545 3003660 18115
2993065 3005409 12344
2984201 3006894 22693
2995873 3006927 11054
2993606 3007158 13552
2995343 3007422 12079
2994151 3007851 13700
2998968 3009897 10929
2997451 3010722 13271
2995407 3011118 15711
2998001 3011811 13810
2997011 3012174 15163
3006580 3012867 6287
2999366 3013098 13732
3007385 3013824 6439
3005733 3014814 9081
2994551 3015111 20560
3004196 3016035 11839
3001076 3017157 16081
3003079 3017652 14573
3004116 3018213 14097
3007444 3019401 11957
3003641 3019929 16288
3014282 3020556 6274
3005300 3021315 16015
3008704 3022173 13469
3008469 3023394 14925
3011611 3023889 12278
3001911 3024054 22143
3015585 3024054 8469
3012268 3024516 12248
3005281 3026694 21413
3016691 3031446 14755
3027136 3038079 10943
3027558 3038508 10950
3027761 3038838 11077
3035757 3042402 6645
3032814 3044910 12096
3033747 3045108 11361
3036121 3046923 10802
3038966 3049893 10927
3040525 3051477 10952
3037077 3052005 14928
3039310 3055041 15731
3038583 3055107 16524
3045038 3055965 10927
3044926 3056229 11303
3034324 3057780 23456
3051760 3058044 6284
3046429 3062004 15575
3051551 3062367 10816
3047832 3062532 14700
3049184 3063060 13876
3047866 3063852 15986
3045308 3065106 19798
3053365 3067845 14480
3056854 3068175 11321
3064693 3071508 6815
3065500 3072267 6767
3057765 3072993 15228
3062529 3074610 12081
3062182 3074676 12494
3065492 3075930 10438
3065924 3076359 10435
3071782 3078075 6293
3064265 3078933 14668
3068621 3079956 11335
3073874 3080154 6280
3062863 3081573 18710
3068694 3082200 13506
3067529 3082728 15199
3076698 3082992 6294
3076078 3086523 10445
3077148 3087579 10431
3074558 3089031 14473
3064024 3089097 25073
3073511 3090582 17071
3077316 3091374 14058
3077546 3092034 14488
3077006 3092265 15259
3080566 3092661 12095
3082907 3094674 11767
3081597 3095466 13869
3064529 3095994 31465
3084451 3097743 13292
3085542 3099228 13686
3077748 3099756 22008
3092842 3099756 6914
3093532 3101934 8402
3081306 3102924 21618
3081907 3102957 21050
3088778 3103584 14806
3094953 3105399 10446
3089329 3107049 17720
3095619 3107577 11958
3093125 3109392 16267
3096295 3110316 14021
3088948 3111636 22688
3100940 3111867 10927
3102991 3113946 10955
3105471 3115959 10488
3103507 3117972 14465
3103983 3118599 14616
3099505 3119160 19655
3106633 3120447 13814
3105622 3120975 15353
3108022 3122757 14735
3110106 3123252 13146
3113032 3123846 10814
3109383 3124110 14727
3113754 3124209 10455
3117199 3124638 7439
3119659 3126321 6662
3106056 3128268 22212
3114255 3128730 14475
3122395 3133614 11219
3121820 3135561 13741
3125364 3136287 10923
3130537 3137178 6641
3126417 3140445 14028
3122840 3140907 18067
3128898 3143745 14847
3133098 3143910 10812
3123372 3144141 20769
3134788 3145725 10937
3132328 3147012 14684
3134126 3148299 14173
3137877 3148332 10455
3142045 3148332 6287
3139303 3148893 9590
3143402 3149685 6283
3143967 3150246 6279
3141725 3153084 11359
3141187 3153975 12788
3142243 3154074 11831
3144654 3156780 12126
3146347 3157242 10895
3147379 3159915 12536
3145475 3159948 14473
3147668 3161367 13699
3151587 3162027 10440
3150704 3162159 11455
3159403 3166647 7244
3155470 3168099 12629
3157738 3168693 10955
3157641 3168858 11217
3157016 3170871 13855
3158440 3171465 13025
3155501 3171795 16294
3160867 3171795 10928
3161881 3174402 12521
3164167 3175095 10928
3156467 3175953 19486
3168281 3177108 8827
3171358 3177636 6278
3171643 3177933 6290
3169806 3180738 10932
3169342 3181068 11726
3169594 3181695 12101
3171194 3182289 11095
3167797 3182982 15185
3171850 3182982 11132
3176792 3183081 6289
3168488 3184038 15550
3175277 3184896 9619
3169956 3186117 16161
3169645 3186282 16637
3168880 3186843 17963
3173671 3192189 18518
3182173 3193113 10940
3183514 3194466 10952
3188076 3194730 6654
3178524 3195060 16536
3190158 3196446 6288
3188880 3199317 10437
3175110 3199548 24438
3190493 3201462 10969
3195415 3202056 6641
3189017 3203343 14326
3193254 3204828 11574
3200047 3206709 6662
3188187 3206808 18621
3201461 3208788 7327
3193998 3209778 15780
3195911 3210438 14527
3199730 3210702 10972
3197136 3212286 15150
3198122 3212715 14593
3188057 3213177 25120
3201517 3215520 14003
3205385 3215817 10432
3212439 3218721 6282
3212479 3219117 6638
3213566 3219843 6277
3208949 3219876 10927
3214343 3225288 10945
3214674 3225387 10713
3217579 3228390 10811
3219312 3230700 11388
3225372 3231657 6285
3215426 3232284 16858
3227178 3233835 6657
3224612 3235683 11071
3222625 3236904 14279
3223618 3238422 14804
3224850 3243702 18852
3232969 3247002 14033
3233856 3248454 14598
3244267 3250566 6299
3240366 3250797 10431
3238281 3251688 13407
3241262 3252315 11053
3236611 3253569 16958
3246306 3255978 9672
3248220 3256506 8286
3246778 3257595 10817
3242654 3257892 15238
3246175 3258519 12344
3249383 3260730 11347
3246281 3261423 15142
3247876 3261951 14075
3246735 3262050 15315
3251397 3262347 10950
3252314 3263238 10924
3248555 3263469 14914
3263414 3269706 6292
3248374 3270234 21860
3256914 3271389 14475
3262065 3272511 10446
3263275 3274227 10952
3265136 3276075 10939
3270211 3276504 6293
3271292 3277593 6301
3270027 3280464 10437
3269653 3280596 10943
3270627 3285084 14457
3274885 3288351 13466
3279804 3290232 10428
3285638 3291981 6343
3282291 3293697 11406
3283096 3294027 10931
3275962 3295611 19649
3284140 3295842 11702
3275129 3297261 22132
3283040 3297525 14485
3286791 3297558 10767
3289740 3300396 10656
3294645 3301287 6642
3292292 3303960 11668
3299916 3306567 6651
3294667 3308712 14045
3303644 3309933 6289
3300371 3311319 10948
3302457 3313398 10941
3307794 3314091 6297
3306599 3317523 10924
3307832 3318645 10813
3305877 3320262 14385
3313882 3320724 6842
3307331 3321054 13723
3312060 3323001 10941
3306310 3323529 17219
3305485 3323760 18275
3311742 3325245 13503
3322359 3330063 7704
3312836 3330624 17788
3317394 3330657 13263
3311851 3330855 19004
3320861 3331482 10621
3321077 3332010 10933
3317168 3332505 15337
3327504 3333792 6288
3325935 3336366 10431
3326309 3339303 12994
3326159 3340260 14101
3330258 3341184 10926
3330721 3342834 12113
3337602 3344253 6651
3336796 3347751 10955
3338234 3349368 11134
3336362 3349995 13633
3339112 3350523 11411
3336308 3350787 14479
3345542 3352206 6664
3338374 3354219 15845
3339900 3355440 15540
3345855 3356793 10938
3342624 3357090 14466
3352207 3358773 6566
3339849 3359037 19188
3349091 3360720 11629
3354692 3360984 6292
3350723 3361644 10921
3356362 3362700 6338
3347542 3364218 16676
3358205 3364482 6277
3350445 3364746 14301
3350842 3365274 14432
3355547 3365307 9760
3355846 3366792 10946
3349767 3367320 17553
3355249 3367848 12599
3351845 3368574 16729
3352801 3369102 16301
3353525 3371313 17788
3357553 3371610 14057
3357642 3372270 14628
3364884 3375339 10455
3357643 3375669 18026
3361920 3376593 14673
3371393 3377682 6289
3367469 3378276 10807
3362029 3379827 17798
3365609 3380718 15109
3368409 3382929 14520
3372107 3386196 14089
3372865 3386394 13529
3376406 3387351 10945
3379592 3390519 10927
3379866 3393852 13986
3381698 3394479 12781
3384590 3395040 10450
3381356 3395139 13783
3382347 3398373 16026
3382792 3398934 16142
3384233 3399528 15295
3387534 3400881 13347
3392020 3402465 10445
3385143 3402663 17520
3389090 3403389 14299
3385381 3404247 18866
3393366 3404709 11343
3394011 3407481 13470
3395835 3407613 11778
3392253 3407811 15558
3393559 3407976 14417
3396581 3408240 11659
3400634 3411573 10939
3397856 3411804 13948
3401112 3413652 12540
3403736 3414675 10939
3403814 3414741 10927
3404380 3415236 10856
3403958 3415401 11443
3402029 3415434 13405
3409682 3417843 8161
3411270 3418371 7101
3399642 3418536 18894
3401550 3418866 17316
3410269 3421638 11369
3405970 3424443 18473
3409671 3424971 15300
3420117 3426390 6273
3415689 3426489 10800
3416989 3432066 15077
3421626 3432528 10902
3418228 3432594 14366
3418202 3432792 14590
3421475 3433122 11647
3423405 3434343 10938
3426145 3438204 12059
3426185 3439986 13801
3418749 3440184 21435
3428059 3440580 12521
3421622 3440778 19156
3428255 3441240 12985
3428927 3441273 12346
3433405 3443847 10442
3433335 3444144 10809
3431336 3444243 12907
3442088 3448368 6280
3442218 3448500 6282
3438326 3448764 10438
3438301 3449226 10925
3443191 3449490 6299
3445996 3456486 10490
3443350 3457872 14522
3443921 3458598 14677
3448475 3459423 10948
3447343 3459588 12245
3450890 3461832 10942
3456104 3462393 6289
3453872 3464802 10930
3455787 3466221 10434
3454641 3467904 13263
3460742 3471666 10924
3461731 3474537 12806
3465559 3474735 9176
3469311 3476286 6975
3464325 3477738 13413
3466126 3478266 12140
3467441 3480642 13201
3471401 3482325 10924
3466777 3484899 18122
3471325 3485691 14366
3464014 3485955 21941
3474617 3486285 11668
3467272 3487836 20564
3477396 3488331 10935
3474542 3488595 14053
3483931 3490212 6281
3468767 3491433 22666
3472971 3494436 21465
3474904 3494436 19532
3489768 3496086 6318
3482537 3497736 15199
3476061 3497835 21774
3487761 3498693 10932
3481951 3504666 22715
3486109 3505062 18953
3496265 3507075 10810
3490673 3508263 17590
3498132 3511431 13299
3502262 3513081 10819
3502584 3513510 10926
3503352 3513939 10587
3500013 3514236 14223
3500315 3515259 14944
3504634 3515457 10823
3502102 3515787 13685
3502847 3517635 14788
3508578 3519384 10806
3508872 3519681 10809
3509396 3520506 11110
3510094 3520539 10445
3508739 3523245 14506
3508905 3524400 15495
3513566 3525060 11494
3515025 3525456 10431
3513951 3527865 13914
3512769 3528162 15393
3510307 3528690 18383
3514863 3531396 16533
3526338 3532617 6279
3524928 3535719 10791
3522161 3538326 16165
3527774 3538722 10948
3529695 3540141 10446
3527295 3542253 14958
3531845 3542286 10441
3530439 3543969 13530
3529700 3545322 15622
3541046 3547335 6289
3541870 3548160 6290
3531590 3548556 16966
3543262 3549546 6284
3544543 3555354 10811
3545287 3555717 10430
3549884 3556542 6658
3550367 3556641 6274
3546434 3557235 10801
3548466 3558918 10452
3546405 3560502 14097
3549667 3560601 10934
3551721 3562152 10431
3557111 3563406 6295
3557435 3563736 6301
3560342 3566640 6298
3562160 3572613 10453
3566987 3573273 6286
3558006 3575847 17841
3565568 3576375 10807
3565312 3576441 11129
3562511 3576507 13996
3570482 3576771 6289
3565750 3579609 13859
3565540 3580005 14465
3565713 3580566 14853
3576103 3587034 10931
3582358 3589014 6656
3582786 3589080 6294
3576314 3590796 14482
3581800 3592611 10811
3578862 3593337 14475
3582405 3593865 11460
3583936 3594888 10952
3584111 3595647 11536
3593222 3599508 6286
3591809 3602610 10801
3591854 3602808 10954
3594241 3604689 10448
3594228 3605151 10923
3595514 3606438 10924
3596815 3607758 10943
3598101 3609045 10944
3595774 3609078 13304
3595981 3610035 14054
3599697 3610167 10470
3598403 3612312 13909
3598867 3616338 17471
