426 10857 10431
12838 19140 6302
5498 19965 14467
7881 22308 14427
9187 23232 14045
9859 24453 14594
9637 26400 16763
15551 26565 11014
15876 26829 10953
20185 29370 9185
13789 29502 15713
23853 30162 6309
25391 32208 6817
17979 32439 14460
24534 35343 10809
25328 38346 13018
28249 39204 10955
27364 41580 14216
31955 42768 10813
32922 43791 10869
29366 45738 16372
40796 52107 11311
41965 52899 10934
44002 54945 10943
48354 55011 6657
47682 58113 10431
51774 62205 10431
53320 64251 10931
59105 65769 6664
59664 66297 6633
53802 68475 14673
56254 69399 13145
61348 77154 15806
67578 78507 10929
64374 78837 14463
72564 83358 10794
73523 84447 10924
76358 86790 10432
73151 87615 14464
83926 90222 6296
81396 91839 10443
81904 92829 10925
82381 93291 10910
90017 97086 7069
90130 100947 10817
87426 101904 14478
92186 103125 10939
93662 104610 10948
89828 104643 14815
94748 105699 10951
104358 110649 6291
96163 112200 16037
102788 113718 10930
112817 119163 6346
116097 122760 6663
112090 122892 10802
114040 125037 10997
120547 126819 6272
121341 127974 6633
128842 139656 10814
135749 146190 10441
136330 146784 10454
137815 148632 10817
138082 149028 10946
139044 149985 10941
145423 151701 6278
138317 156321 18004
147582 158532 10950
151871 158532 6661
147716 159192 11476
153009 165165 12156
154392 165330 10938
155844 166782 10938
156455 172095 15640
165749 176550 10801
169843 180642 10799
176874 183513 6639
180061 186714 6653
181450 188100 6650
173555 188628 15073
179568 190377 10809
183548 194502 10954
189405 196053 6648
191104 202059 10955
198785 205062 6277
199604 210540 10936
202345 213279 10934
209994 220935 10941
219613 225885 6272
224122 230406 6284
219596 234201 14605
240894 247533 6639
237912 248820 10908
239924 250866 10942
243622 254430 10808
246773 257697 10924
247762 260667 12905
250012 260964 10952
246445 261822 15377
251054 263439 12385
251811 266409 14598
256730 266541 9811
260303 266574 6271
262156 268455 6299
264964 271623 6659
255082 272580 17498
269603 276243 6640
271729 278025 6296
272315 281490 9175
271816 282612 10796
281176 287463 6287
282169 292974 10805
287563 294987 7424
287931 295053 7122
277256 295350 18094
285114 296043 10929
282238 296406 14168
286563 297000 10437
290767 301587 10820
292651 303105 10454
294859 305811 10952
302056 308715 6659
299639 310431 10792
303856 314292 10436
312099 318747 6648
308745 319176 10431
309966 323730 13764
309630 324621 14991
313259 326370 13111
316859 331188 14329
322900 333333 10433
328335 338778 10443
332737 343662 10925
339182 349998 10816
345704 356631 10927
344042 357093 13051
352685 363627 10942
353155 364089 10934
358057 368874 10817
360734 371679 10945
369423 375705 6282
370878 377157 6279
366349 377289 10940
367797 378741 10944
376288 387222 10934
376304 390489 14185
386081 392370 6289
384590 397584 12994
391559 398211 6652
385825 400422 14597
395601 402237 6636
396159 402930 6771
396051 406989 10938
398335 412797 14462
399727 414678 14951
411988 422928 10940
412849 426129 13280
418311 429132 10821
414516 430386 15870
426399 440781 14382
444559 450846 6287
444314 455796 11482
445670 456489 10819
446755 457710 10955
452555 462990 10435
460005 470943 10938
467018 477840 10822
467960 478896 10936
468245 480381 12136
474160 485100 10940
480994 487641 6647
482932 493878 10946
484752 495561 10809
492313 503250 10937
507802 518727 10925
520491 531432 10941
520832 531762 10930
525208 536151 10943
528716 539154 10438
525333 539418 14085
529302 540243 10941
537728 544368 6640
539371 550308 10937
555113 561396 6283
549520 561627 12107
559104 565389 6285
552376 566841 14465
565180 571461 6281
558669 573144 14475
572013 582945 10932
573221 584166 10945
568603 585915 17312
579007 585948 6941
575568 588984 13416
572088 589149 17061
578300 593340 15040
588332 594627 6295
584281 597135 12854
587225 598158 10933
592020 598290 6270
593790 600072 6282
577501 600303 22802
592544 603537 10993
594849 605781 10932
594196 605880 11684
594661 606375 11714
600490 611424 10934
602190 613668 11478
603650 614097 10447
608113 619047 10934
608721 619476 10755
610621 621555 10934
611656 626835 15179
616870 627891 11021
620065 630993 10928
633905 640563 6658
626159 641124 14965
631499 643698 12199
638024 644325 6301
641214 647856 6642
641450 656370 14920
651141 663729 12588
650450 665412 14962
652192 665775 13583
655814 666765 10951
658078 668514 10436
659296 668580 9284
660927 671880 10953
660129 672639 12510
658882 672903 14021
659333 673794 14461
654788 674652 19864
664212 675147 10935
665018 680361 15343
670301 680823 10522
669070 680988 11918
668532 681879 13347
671853 683265 11412
677416 684057 6641
678656 684948 6292
675974 686433 10459
677019 688479 11460
677631 688578 10947
683133 689403 6270
676892 691845 14953
689812 696102 6290
686674 697620 10946
688976 699930 10954
697522 704187 6665
693437 707322 13885
695747 707916 12169
699817 710754 10937
710934 717585 6651
719404 730356 10952
717229 731709 14480
722100 733029 10929
720425 733359 12934
719562 733623 14061
721737 738177 16440
725439 739035 13596
728479 739431 10952
726286 741807 15521
731386 742731 11345
733748 744678 10930
734529 745470 10941
733455 749199 15744
741194 752004 10810
757278 763917 6639
754397 765336 10939
762680 769329 6649
767224 773883 6659
764354 775566 11212
767620 778569 10949
768628 779592 10964
775462 786390 10928
783725 794673 10948
784428 795366 10938
788858 802791 13933
794682 805497 10815
809397 815694 6297
806035 816981 10946
806598 817542 10944
806291 817773 11482
804604 819060 14456
815434 826386 10952
818308 829125 10817
821426 836385 14959
828632 839586 10954
833824 844635 10811
833975 844899 10924
832812 847407 14595
835181 849651 14470
840946 853050 12104
841095 854766 13671
845177 855624 10447
844079 858561 14482
847672 861927 14255
848656 862587 13931
851125 865854 14729
862005 872949 10944
869223 875523 6300
870589 877239 6650
867100 877899 10799
875745 882387 6642
879400 889845 10445
886977 893277 6300
885797 896247 10450
884310 896313 12003
883527 897072 13545
883019 897996 14977
887367 902814 15447
896362 907236 10874
898476 909414 10938
901715 916179 14464
906491 917433 10942
912937 919578 6641
909530 924495 14965
920797 927069 6272
909640 927135 17495
913942 927696 13754
919959 930765 10806
925144 937068 11924
927983 939840 11857
930595 941391 10796
943544 953997 10453
945199 955647 10448
945964 956901 10937
950496 961917 11421
951207 962016 10809
958325 968781 10456
967122 973764 6642
961931 976074 14143
966319 977130 10811
966006 980100 14094
966415 980232 13817
966562 980430 13868
969324 981024 11700
969517 983367 13850
973866 988449 14583
981957 993894 11937
984419 995346 10927
992138 1002936 10798
990876 1005378 14502
992890 1006269 13379
997837 1008645 10808
1003046 1013859 10813
1011769 1018413 6644
1010719 1021647 10928
1013203 1024023 10820
1017665 1028610 10945
1019266 1029699 10433
1023248 1033692 10444
1030295 1036959 6664
1024803 1039401 14598
1028122 1042602 14480
1040702 1051644 10942
1048960 1055604 6644
1042406 1056891 14485
1044311 1058277 13966
1048019 1058970 10951
1046737 1060191 13454
1051392 1062336 10944
1057689 1068144 10455
1063539 1072896 9357
1063039 1073985 10946
1058844 1076064 17220
1068277 1079232 10955
1072739 1083687 10948
1077841 1090320 12479
1080205 1093521 13316
1086745 1097679 10934
1093943 1100220 6277
1088653 1100583 11930
1091486 1102299 10813
1096968 1103256 6288
1096202 1107150 10948
1100925 1107216 6291
1099923 1110846 10923
1100734 1111671 10937
1105640 1116588 10948
1111659 1122462 10803
1119640 1126290 6650
1120150 1126785 6635
1120848 1131801 10953
1121858 1132329 10471
1122731 1133682 10951
1128617 1139556 10939
1133955 1147938 13983
1134915 1148895 13980
1142839 1153647 10808
1140077 1155726 15649
1147129 1158069 10940
1147120 1161732 14612
1156794 1167738 10944
1161459 1170741 9282
1163350 1173810 10460
1157198 1174008 16810
1162245 1174536 12291
1166232 1177176 10944
1171736 1178034 6298
1173628 1184568 10940
1178758 1185030 6272
1178217 1191960 13743
1186258 1192917 6659
1181588 1194600 13012
1190074 1196349 6275
1185427 1200870 15443
1187845 1202454 14609
1194562 1205490 10928
1198768 1205556 6788
1195630 1206579 10949
1200922 1207668 6746
1195181 1209846 14665
1207434 1213707 6273
1208802 1215456 6654
1205070 1218723 13653
1208266 1219218 10952
1208307 1219878 11571
1205581 1221825 16244
1210466 1225092 14626
1208876 1227468 18592
1213837 1227996 14159
1212469 1228392 15923
1226239 1232880 6641
1221892 1235388 13496
1226444 1237368 10924
1229539 1240470 10931
1234331 1243143 8812
1235989 1246938 10949
1240849 1251789 10940
1241491 1252284 10793
1245709 1259082 13373
1246107 1259445 13338
1258905 1265187 6282
1255560 1266375 10815
1256223 1267167 10944
1257928 1272414 14486
1268978 1279410 10432
1271946 1282743 10797
1269171 1283634 14463
1276588 1287396 10808
1280839 1287495 6656
1281206 1287495 6289
1274500 1288980 14480
1283567 1293996 10429
1277378 1294656 17278
1285199 1296141 10942
1295530 1306470 10940
1295945 1310859 14914
1300316 1311255 10939
1303314 1314258 10944
1300857 1316172 15315
1310298 1316568 6270
1306160 1319076 12916
1318403 1324686 6283
1319526 1330461 10935
1331986 1342935 10949
1335378 1345806 10428
1332909 1345938 13029
1345726 1352010 6284
1347558 1361514 13956
1349214 1362075 12861
1348818 1362372 13554
1349319 1362471 13152
1348317 1363296 14979
1353931 1367883 13952
1357342 1368147 10805
1357658 1368807 11149
1355413 1372041 16628
1363181 1374120 10939
1363554 1374780 11226
1370823 1378608 7785
1367591 1382205 14614
1368570 1383228 14658
1375201 1385637 10436
1375958 1386363 10405
1377478 1387914 10436
1367520 1389036 21516
1385542 1392204 6662
1388467 1400025 11558
1387397 1401378 13981
1391452 1402401 10949
1392272 1403226 10954
1394759 1405701 10942
1404124 1410783 6659
1407103 1417911 10808
1404185 1418241 14056
1407716 1420716 13000
1415017 1425831 10814
1412427 1426326 13899
1415856 1426953 11097
1416337 1427151 10814
1415085 1430418 15333
1422242 1433190 10948
1419084 1434378 15294
1428735 1439658 10923
1437473 1443750 6277
1434367 1445301 10934
1434863 1445961 11098
1440430 1450878 10448
1442343 1453287 10944
1443775 1455828 12053
1448569 1459524 10955
1448185 1462791 14606
1449257 1463121 13864
1459070 1465728 6658
1460904 1467543 6639
1462995 1473450 10455
1466414 1477344 10930
1469812 1480743 10931
1475472 1482129 6657
1477967 1489488 11521
1484484 1490775 6291
1475271 1490940 15669
1476298 1490940 14642
1489298 1495989 6691
1490958 1497243 6285
1491964 1498299 6335
1488668 1501038 12370
1496664 1504305 7641
1488943 1506450 17507
1487318 1508166 20848
1494406 1508364 13958
1498169 1509123 10954
1502441 1513380 10939
1502037 1516614 14577
1505843 1516779 10936
1507326 1518858 11532
1510041 1520838 10797
1512505 1522950 10445
1514578 1528197 13619
1521169 1529253 8084
1520078 1530870 10792
1521174 1531629 10455
1521437 1534830 13393
1533135 1544070 10935
1534576 1546512 11936
1536577 1547502 10925
1539937 1550868 10931
1539978 1554102 14124
1548506 1559316 10810
1554948 1565883 10935
1561362 1567632 6270
1558647 1569084 10437
1565296 1576245 10949
1566036 1576971 10935
1567731 1578654 10923
1574917 1585848 10931
1579315 1590270 10955
1579857 1590303 10446
1592238 1598520 6282
1588753 1602711 13958
1592656 1603602 10946
1593451 1604394 10943
1605410 1611687 6277
1601496 1612446 10950
1602317 1615647 13330
1606101 1616901 10800
1610441 1621257 10816
1611790 1622610 10820
1618454 1625118 6664
1620307 1626966 6659
1621203 1632147 10944
1629425 1640232 10807
1635271 1641552 6281
1632429 1646898 14469
1636469 1647393 10924
1640988 1654851 13863
1642134 1655610 13476
1644714 1657293 12579
1647431 1657887 10456
1647729 1658547 10818
1643174 1661022 17848
1658803 1665081 6278
1658781 1665081 6300
1657108 1668051 10943
1658941 1669371 10430
1663826 1670097 6271
1663198 1673628 10430
1668982 1679931 10949
1674141 1680426 6285
1666707 1681614 14907
1677184 1688016 10832
1676107 1690722 14615
1690789 1697454 6665
1689797 1700721 10924
1698169 1707156 8987
1697473 1708278 10805
1698222 1709169 10947
1701426 1711875 10449
1707902 1714185 6283
1705775 1716726 10951
1706384 1716825 10441
1706879 1717815 10936
1709839 1720785 10946
1710945 1721742 10797
1708792 1722006 13214
1712124 1723062 10938
1720343 1731147 10804
1731526 1737813 6287
1729000 1739925 10925
1741346 1751904 10558
1742974 1753917 10943
1746235 1757184 10949
1750695 1765170 14475
1757866 1768668 10802
1759539 1769988 10449
1766169 1776621 10452
1766768 1777710 10942
1768350 1778799 10449
1773302 1779954 6652
1773830 1784640 10810
1778098 1789029 10931
1780560 1791504 10944
1779617 1791537 11920
1781787 1792230 10443
1791687 1798335 6648
1796735 1807674 10939
1797568 1808367 10799
1803407 1809687 6280
1804072 1810710 6638
1803627 1818597 14970
1813402 1819686 6284
1813019 1823943 10924
1815742 1826682 10940
1818533 1829355 10822
1818738 1830741 12003
1814745 1832490 17745
1821911 1832853 10942
1826717 1837671 10954
1823735 1839849 16114
1833165 1844106 10941
1835352 1845789 10437
1845486 1851762 6276
1845686 1852323 6637
1837953 1852554 14601
1850921 1857207 6286
1851704 1862520 10816
1861491 1872420 10929
1866006 1876875 10869
1868027 1881825 13798
1865248 1881858 16610
1871867 1886247 14380
1882425 1893375 10950
1890180 1896477 6297
1892629 1898985 6356
1887215 1900569 13354
1891743 1902714 10971
1890342 1903836 13494
1899728 1910172 10444
1898673 1913142 14469
1906691 1913340 6649
1899060 1913670 14610
1903561 1914363 10802
1910570 1921524 10954
1923253 1934196 10943
1927240 1938189 10949
1928508 1939443 10935
1938099 1944756 6657
1936822 1947264 10442
1943863 1950498 6635
1940839 1955184 14345
1949257 1960200 10943
1949477 1963467 13990
1952690 1963632 10942
1960585 1966866 6281
1965991 1976931 10940
1972891 1979175 6284
1975651 1981947 6296
1980670 1986963 6293
1977239 1988184 10945
1984183 1995708 11525
1989619 1996269 6650
1986020 1996467 10447
1986119 1997655 11536
1990822 1999041 8219
1984804 1999767 14963
1988003 2001945 13942
1988273 2002506 14233
1998132 2008941 10809
1991142 2009403 18261
2007274 2018214 10940
2012750 2023692 10942
2021871 2032668 10797
2021050 2035638 14588
2030252 2036529 6277
2031053 2037354 6301
2031408 2039301 7893
2028610 2039565 10955
2028773 2042436 13663
2029034 2043096 14062
2042641 2053590 10949
2042883 2053821 10938
2045714 2056527 10813
2049261 2060190 10929
2050508 2062797 12289
2056824 2067747 10923
2062134 2068770 6636
2059736 2070552 10816
2065132 2075931 10799
2071448 2082267 10819
2074468 2084907 10439
2075461 2088042 12581
2077804 2088735 10931
2079781 2090715 10934
2079196 2091309 12113
2088434 2094708 6274
2083585 2094972 11387
2086069 2096886 10817
2090101 2101044 10943
2096164 2102463 6299
2092840 2103783 10943
2093123 2103915 10792
2104491 2111142 6651
2108721 2115003 6282
2104161 2115102 10941
2112299 2118600 6301
2116308 2122956 6648
2119334 2125695 6361
2109184 2125827 16643
2118482 2129292 10810
2121442 2132394 10952
2121679 2132493 10814
2128968 2139918 10950
2130933 2141865 10932
2135394 2145825 10431
2138845 2149653 10808
2144717 2151006 6289
2140361 2151303 10942
2145576 2152227 6651
2140358 2155923 15565
2151824 2158464 6640
2154702 2161335 6633
2151451 2162391 10940
2152566 2165757 13191
2152961 2167440 14479
2161558 2172489 10931
2168496 2179419 10923
2174485 2180772 6287
2172694 2183643 10949
2174634 2185557 10923
2174988 2185722 10734
2175901 2186349 10448
2177924 2187768 9844
2173558 2188131 14573
2175931 2190144 14213
2184791 2191068 6277
2183468 2194269 10801
2177023 2195127 18104
2181000 2196117 15117
2188423 2202882 14459
2193919 2204367 10448
2201243 2207535 6292
2199719 2210703 10984
2200163 2210736 10573
2203968 2214894 10926
2205725 2216544 10819
2210521 2216808 6287
2210982 2217270 6288
2213601 2224398 10797
2213851 2224794 10943
2209377 2226576 17199
2227126 2238060 10934
2232705 2240040 7335
2226928 2241888 14960
2232141 2242581 10440
2232413 2243241 10828
2230260 2244858 14598
2241602 2247894 6292
2243269 2249544 6275
2240902 2251359 10457
2241900 2252844 10944
2245519 2258454 12935
2253039 2263965 10926
2253663 2264592 10929
2250250 2265219 14969
2258630 2267265 8635
2261677 2268321 6644
2253094 2270730 17636
2267398 2273700 6302
2267891 2278815 10924
2267591 2282049 14458
2280536 2291487 10951
2285705 2296140 10435
2291214 2298186 6972
2293132 2299407 6275
2293799 2304753 10954
2300052 2310990 10938
2307314 2313960 6646
2303218 2314158 10940
2305364 2316303 10939
2310996 2317656 6660
2312830 2319108 6278
2308423 2319372 10949
2311477 2322408 10931
2310542 2326929 16387
2315436 2330031 14595
2320047 2330988 10941
2322103 2333034 10931
2320326 2334321 13995
2327806 2334948 7142
2331391 2337687 6296
2320302 2337885 17583
2327850 2344980 17130
2335712 2346168 10456
2336777 2347224 10447
2345296 2360259 14963
2347614 2362074 14460
2350161 2363526 13365
2352406 2364780 12374
2359873 2370819 10946
2361078 2375538 14460
2369865 2376528 6663
2367123 2380983 13860
2366415 2381346 14931
2380607 2386890 6283
2376808 2387748 10940
2380053 2390982 10929
2381568 2392005 10437
2384732 2398275 13543
2387309 2398308 10999
2391177 2402103 10926
2391696 2402796 11100
2402104 2413059 10955
2408969 2419923 10954
2416022 2426457 10435
2428250 2434905 6655
2425136 2435565 10429
2434949 2445894 10945
2436105 2446917 10812
2435092 2447280 12188
2438307 2449260 10953
2438342 2452956 14614
2453579 2464011 10432
2456941 2467377 10436
2453780 2467740 13960
2462476 2473416 10940
2475523 2486319 10796
2476932 2488728 11796
2482832 2495955 13123
2486622 2497572 10950
2486783 2497737 10954
2491011 2501961 10950
2493280 2504205 10925
2497491 2508429 10938
2498947 2510310 11363
2505776 2512059 6283
2501596 2512521 10925
2500287 2514402 14115
2504363 2515293 10930
2512057 2522487 10430
2513155 2524104 10949
2512082 2525589 13507
2515324 2526282 10958
2515605 2526546 10941
2522393 2528691 6298
2524456 2530737 6281
2520053 2533971 13918
2524607 2536248 11641
2525834 2536644 10810
2533354 2544300 10946
2531080 2545686 14606
2539548 2551230 11682
2542217 2553012 10795
2543204 2554134 10930
2547022 2559843 12821
2553921 2560635 6714
2546857 2561328 14471
2553748 2564694 10946
2561137 2572086 10949
2561559 2572746 11187
2564223 2574660 10437
2565527 2576343 10816
2569322 2576970 7648
2577121 2583405 6284
2573610 2584065 10455
2573785 2586507 12722
2575887 2586705 10818
2570939 2589048 18109
2574182 2589378 15196
2587384 2594031 6647
2586081 2596539 10458
2592234 2598882 6648
2594652 2605581 10929
2597122 2607561 10439
2598727 2609706 10979
2604887 2611521 6634
2596029 2612808 16779
2601026 2615613 14587
2601717 2616306 14589
2607074 2618022 10948
2608166 2618616 10450
2603433 2619771 16338
2611065 2621520 10455
2610418 2624886 14468
2605544 2624919 19375
2614318 2628219 13901
2618233 2631255 13022
2629700 2635974 6274
2627310 2638119 10809
2621465 2639340 17875
2633099 2640198 7099
2626143 2641122 14979
2629844 2643135 13291
2630789 2645445 14656
2634680 2648613 13933
2636245 2650230 13985
2656423 2666862 10439
2659054 2669997 10943
2671031 2681976 10945
2669386 2683428 14042
2669332 2683791 14459
2679833 2694318 14485
2689776 2696067 6291
2689987 2696265 6278
2685733 2696661 10928
2687375 2698311 10936
2694070 2700720 6650
2688518 2701776 13258
2691778 2702733 10955
2688300 2702766 14466
2696997 2703657 6660
2699862 2706132 6270
2698521 2709465 10944
2697144 2711544 14400
2697148 2713788 16640
2704014 2718969 14955
2708471 2720388 11917
2705348 2723523 18175
2712790 2723589 10799
2720733 2731674 10941
2722054 2732994 10940
2726822 2737614 10792
2733588 2744379 10791
2729934 2747613 17679
2743205 2749494 6289
2737857 2750781 12924
2744353 2755170 10817
2744463 2755269 10806
2745808 2756259 10451
2751929 2758569 6640
2739485 2759130 19645
2744442 2762034 17592
2742751 2762925 20174
2754562 2765367 10805
2755209 2768601 13392
2759023 2774211 15188
2763348 2774937 11589
2766700 2777643 10943
2763357 2779722 16365
2770147 2785233 15086
2774438 2785365 10927
2778455 2789391 10936
2785465 2795925 10460
2786937 2797872 10935
2788761 2799687 10926
2792921 2803845 10924
2798972 2813448 14476
2815669 2822325 6656
2816648 2822919 6271
2811723 2825658 13935
2816625 2829453 12828
2819027 2829684 10657
2812170 2831070 18900
2821795 2835690 13895
2825646 2836713 11067
2827896 2838330 10434
2824128 2838594 14466
2832820 2839584 6764
2836593 2842884 6291
2831536 2843148 11612
2829106 2843709 14603
2834410 2845359 10949
2836985 2847933 10948
2841309 2847966 6657
2849323 2860143 10820
2851936 2862882 10946
2845809 2863311 17502
2846219 2867007 20788
2855053 2867469 12416
2856996 2867931 10935
2858004 2868954 10950
2858657 2871660 13003
2868139 2874432 6293
2855505 2874861 19356
2863460 2875389 11929
2867435 2877864 10429
2866711 2881329 14618
2877132 2883771 6639
2875420 2886345 10925
2883040 2889678 6638
2883560 2889843 6283
2884042 2890338 6296
2879770 2894232 14462
2889433 2900370 10937
2894241 2900898 6657
2891662 2902119 10457
2893934 2908059 14125
2898024 2912976 14952
2901163 2915484 14321
2904606 2918586 13980
2915561 2926506 10945
2926243 2932545 6302
2938828 2949771 10943
2939877 2950695 10818
2945474 2956272 10798
2949865 2960793 10928
2951213 2962014 10801
2957248 2968185 10937
2955264 2969472 14208
2955976 2973795 17819
2963120 2974455 11335
2968532 2976006 7474
2972954 2979603 6649
2977129 2983794 6665
2981043 2987325 6282
2975355 2989965 14610
2979185 2990130 10945
2995149 3001812 6663
2991475 3002406 10931
2995907 3006861 10954
2998685 3009633 10948
3000368 3010821 10453
3002197 3013527 11330
3002894 3013824 10930
3010830 3021282 10452
3023191 3034119 10928
3028273 3034911 6638
3032457 3043260 10803
3034017 3044943 10926
3039254 3051906 12652
3044058 3058539 14481
3054717 3065667 10950
3059056 3069495 10439
3060131 3071079 10948
3068092 3074742 6650
3065446 3075897 10451
3067081 3078009 10928
3067612 3080715 13103
3070858 3081804 10946
3073410 3084213 10803
3081935 3092859 10924
3083145 3093948 10803
3077669 3095202 17533
3096801 3103089 6288
3093395 3104343 10948
3093457 3105663 12206
3100118 3106389 6271
3098662 3107115 8453
3099549 3107610 8061
3098244 3109062 10818
3100580 3111504 10924
3098643 3113649 15006
3100654 3115068 14414
3104354 3115299 10945
3111442 3117774 6332
3110172 3120876 10704
3114613 3125067 10454
3121209 3132162 10953
3122046 3132987 10941
3122538 3133647 11109
3132720 3138993 6273
3151155 3157803 6648
3152929 3163875 10946
3154809 3165756 10947
3158387 3168825 10438
3156908 3169254 12346
3159816 3170739 10923
3166121 3172422 6301
3160274 3174039 13765
3161966 3174963 12997
3165140 3175953 10813
3166034 3180573 14539
3176550 3187503 10953
3173289 3189945 16656
3188276 3199218 10942
3182884 3199647 16763
3189783 3200736 10953
3189889 3200835 10946
3187628 3202914 15286
3194287 3205026 10739
3203968 3210603 6635
3208829 3219777 10948
3212648 3223572 10924
3224363 3235287 10924
3226545 3237003 10458
3226663 3242184 15521
3245650 3252315 6665
3248255 3254889 6634
3254140 3268749 14609
3257842 3268782 10940
3265139 3271422 6283
3262956 3273897 10941
3262346 3276009 13663
3273970 3284919 10949
3281229 3287526 6297
3284842 3295776 10934
3290879 3297162 6283
3287753 3298185 10432
3285472 3300429 14957
3293499 3304422 10923
3299031 3313629 14598
3308783 3319239 10456
3319579 3330030 10451
3323166 3334089 10923
3324687 3335145 10458
3330308 3336597 6289
3325970 3336762 10792
3334682 3341316 6634
3336260 3342537 6277
3330494 3345672 15178
3335572 3346398 10826
3333362 3347949 14587
3345589 3351876 6287
3348003 3354648 6645
3348953 3355638 6685
3344927 3355737 10810
3339492 3356265 16773
3339036 3358641 19605
3349460 3361314 11854
3350192 3363558 13366
3359919 3370851 10932
3361134 3371577 10443
3365857 3376296 10439
3365280 3378903 13623
3366686 3379431 12745
3377718 3384018 6300
3382353 3388638 6285
3384511 3390783 6272
3388753 3395040 6287
3382096 3396690 14594
3387447 3398241 10794
3387586 3398538 10952
3393447 3399990 6543
3386718 3404775 18057
3388736 3405336 16600
3392097 3405633 13536
3396316 3407250 10934
3395570 3407514 11944
3400745 3411672 10927
3400136 3414411 14275
3398972 3418074 19102
3406689 3421308 14619
3415266 3425037 9771
3415168 3425598 10430
3415537 3425631 10094
3417916 3428370 10454
3418269 3430383 12114
3415913 3433155 17242
3424283 3435234 10951
3431890 3438534 6644
3436147 3442428 6281
3429824 3443682 13858
3429601 3444078 14477
3448017 3458466 10449
3448032 3462492 14460
3452140 3463086 10946
3452652 3463449 10797
3455135 3465957 10822
3463430 3474372 10942
3463910 3478860 14950
3472109 3482919 10810
3474736 3485559 10823
3481861 3488496 6635
3484677 3495624 10947
3493133 3504072 10939
3497695 3511431 13736
3504340 3514797 10457
3511955 3518229 6274
3507590 3518526 10936
3510561 3521364 10803
3512170 3522618 10448
3507645 3523212 15567
3515696 3526149 10453
3517674 3528624 10950
3521577 3532518 10941
3527036 3533310 6274
3523185 3534135 10950
3517986 3535389 17403
3530791 3537072 6281
3538805 3545091 6286
3539319 3545619 6300
3533819 3548787 14968
3543376 3554331 10955
3548341 3559281 10940
3560343 3572877 12534
3568006 3574296 6290
3559308 3575517 16209
3569025 3579840 10815
3566261 3581820 15559
3571787 3582711 10924
3569570 3585054 15484
3574472 3589212 14740
3575002 3589212 14210
3576148 3595746 19598
3592295 3598584 6289
3589812 3598749 8937
3589470 3600267 10797
3592691 3603633 10942
3598527 3609474 10947
