5587 12243 6656
861 15840 14979
7435 18612 11177
4613 19206 14593
9801 20592 10791
14335 25674 11339
16270 27093 10823
20548 27192 6644
20917 27192 6275
16738 30393 13655
18749 31614 12865
15877 31746 15869
19109 32439 13330
22259 32967 10708
20228 34782 14554
22343 35178 12835
24354 35277 10923
24926 35607 10681
27700 37950 10250
31703 38346 6643
30535 39105 8570
28056 41151 13095
29143 41745 12602
20689 42372 21683
24443 44814 20371
32080 45144 13064
26637 46596 19959
42504 48774 6270
36714 49203 12489
34058 49797 15739
36235 51678 15443
38304 52404 14100
41864 52404 10540
35357 52470 17113
43389 54285 10896
46168 55209 9041
43877 58080 14203
43964 59862 15898
49001 60060 11059
56780 63063 6283
51191 63162 11971
51957 66330 14373
53213 67122 13909
44577 67749 23172
57848 68640 10792
48625 71049 22424
43596 71379 27783
66059 72336 6277
54587 74217 19630
68141 74415 6274
61330 76032 14702
63730 76692 12962
62487 77385 14898
56442 77913 21471
55577 78573 22996
73111 79398 6287
69082 80586 11504
74940 81576 6636
76371 82665 6294
76059 82698 6639
77687 83985 6298
70838 84315 13477
70679 87252 16573
78047 87351 9304
81307 87945 6638
82746 89397 6651
82275 93093 10818
82387 93819 11432
84635 95205 10570
83809 96723 12914
88127 96954 8827
82216 98472 16256
87262 99132 11870
89464 99924 10460
83554 101475 17921
93986 102861 8875
86240 103257 17017
88347 103620 15273
93283 104610 11327
89537 105072 15535
98331 106425 8094
89335 108867 19532
88908 111111 22203
95160 112035 16875
94179 112695 18516
103112 113949 10837
100085 114048 13963
107528 114609 7081
96782 114873 18091
91082 116523 25441
92330 117810 25480
95853 117876 22023
97031 118008 20977
100422 119097 18675
112561 119625 7064
115430 121704 6274
106452 122265 15813
116859 123156 6297
110040 124509 14469
117736 125928 8192
117964 127545 9581
117575 128040 10465
121449 129228 7779
115226 129591 14365
116802 130779 13977
123296 132264 8968
121695 132495 10800
125023 132792 7769
115330 132891 17561
128418 135135 6717
125521 136455 10934
126643 137379 10736
125633 137445 11812
127824 138270 10446
127825 138336 10511
134592 141240 6648
127076 141570 14494
135947 146388 10441
134615 149160 14545
143139 149424 6285
140166 149457 9291
140808 151239 10431
138757 152526 13769
141110 153054 11944
145106 153252 8146
143148 154011 10863
147783 154077 6294
139989 157311 17322
148612 159555 10943
150664 161667 11003
146053 164109 18056
157334 164175 6841
154019 164769 10750
158957 165924 6967
156069 166518 10449
156946 168234 11288
163617 169917 6300
156283 170874 14591
161889 172326 10437
164465 172854 8389
163469 174273 10804
168712 174999 6287
162181 175362 13181
171263 177903 6640
168696 179619 10923
173911 180213 6302
164163 181434 17271
170866 182490 11624
171390 182490 11100
169232 184668 15436
167654 185757 18103
168820 185790 16970
174644 186087 11443
180487 186780 6293
177349 187407 10058
173224 187770 14546
179665 188925 9260
171292 189321 18029
183664 189948 6284
184697 191004 6307
181015 192423 11408
186119 192423 6304
187330 193974 6644
187705 194106 6401
178160 196152 17992
178377 196911 18534
186725 197835 11110
186403 198792 12389
188044 200442 12398
190279 201234 10955
189237 201300 12063
189527 202092 12565
191307 204336 13029
194394 204336 9942
192157 204732 12575
196063 205524 9461
190542 207438 16896
200781 207438 6657
190943 208329 17386
202545 209187 6642
194976 209682 14706
192726 211959 19233
197140 212157 15017
197961 212487 14526
201926 215127 13201
204401 215259 10858
197773 216711 18938
211039 219351 8312
205274 219615 14341
211406 219648 8242
206014 222651 16637
210286 222717 12431
209009 223014 14005
218807 225093 6286
204985 227271 22286
210078 227964 17886
217406 229020 11614
222614 229251 6637
208493 229878 21385
212084 230340 18256
214525 230967 16442
215828 233112 17284
230912 237501 6589
225639 239316 13677
223577 240207 16630
230586 241098 10512
230485 241296 10811
217077 242121 25044
229052 242913 13861
235751 244926 9175
238472 245124 6652
235939 246048 10109
230303 246675 16372
234664 247368 12704
238130 251493 13363
231210 252219 21009
241078 252252 11174
233336 255453 22117
244659 255453 10794
238582 258159 19577
247693 258258 10565
238640 258654 20014
247977 258819 10842
239798 259248 19450
249930 259347 9417
245812 259545 13733
245577 259611 14034
253016 259974 6958
246800 260634 13834
249983 261426 11443
243574 261789 18215
247178 262746 15568
241203 263868 22665
248569 264726 16157
246243 265089 18846
259178 265815 6637
259501 266574 7073
253739 267729 13990
260428 268488 8060
264169 270468 6299
264581 270864 6283
264811 271095 6284
265674 271953 6279
256168 272448 16280
244330 272844 28514
262415 273009 10594
264580 273108 8528
262921 276144 13223
269998 276639 6641
263019 277167 14148
266853 279246 12393
269355 280170 10815
271410 282348 10938
276972 283635 6663
277371 284031 6660
273044 284130 11086
277474 284625 7151
278531 285384 6853
279413 286110 6697
280355 287001 6646
283803 290103 6300
278738 290301 11563
281400 292215 10815
283058 292611 9553
282086 292908 10822
280426 294789 14363
282696 295614 12918
290684 296967 6283
293072 299343 6271
293509 299937 6428
294045 300333 6288
294186 300828 6642
290400 301323 10923
291727 302544 10817
288911 303501 14590
294265 305316 11051
289761 306735 16974
286654 306900 20246
294776 308253 13477
286704 309177 22473
294610 309606 14996
298970 309936 10966
294540 310035 15495
305157 311454 6297
305899 312246 6347
309378 316536 7158
310428 316701 6273
310933 317262 6329
310793 317295 6502
308720 319671 10951
295511 320595 25084
314551 321189 6638
310677 322740 12063
309297 324357 15060
318364 325017 6653
310680 325281 14601
319843 326502 6659
311710 328218 16508
312111 329604 17493
314625 329835 15210
319527 330396 10869
326127 332772 6645
315782 333630 17848
327403 334125 6722
319291 334158 14867
327947 334587 6640
322338 334686 12348
326483 337425 10942
321665 337986 16321
329801 339108 9307
321354 341946 20592
332536 342243 9707
326110 342672 16562
336003 344652 8649
331142 344751 13609
336356 345180 8824
328033 345609 17576
332002 347259 15257
336286 348810 12524
337076 349899 12823
343863 350163 6300
337164 350658 13494
337237 351912 14675
341174 351978 10804
333019 352803 19784
340868 353298 12430
337048 353826 16778
341640 353826 12186
345533 355575 10042
349872 356532 6660
346680 356928 10248
345140 359799 14659
351176 361614 10438
339670 363330 23660
353175 364122 10947
343487 364716 21229
359184 365838 6654
350920 367422 16502
353283 368049 14766
363389 369666 6277
346740 370887 24147
361829 372768 10939
362665 373197 10532
367043 373329 6286
366273 376299 10026
359547 376563 17016
366566 377388 10822
373618 380259 6641
376504 383163 6659
378398 384681 6283
373769 385638 11869
375092 387090 11998
372403 388146 15743
375398 388839 13441
382890 389169 6279
383596 391842 8246
378183 393063 14880
386738 393393 6655
387107 393393 6286
384618 395769 11151
383081 398211 15130
378050 398607 20557
379236 399267 20031
387750 399498 11748
382568 399828 17260
387125 400455 13330
395071 401346 6275
386896 401478 14582
392131 402435 10304
397086 403359 6273
385186 403623 18437
391907 404382 12475
390750 406560 15810
385597 407352 21755
389192 407715 18523
396060 409827 13767
400428 410916 10488
400461 411576 11115
393735 413457 19722
407827 414117 6290
408074 414447 6373
408150 414711 6561
408198 415074 6876
408946 415602 6656
404842 417318 12476
407432 417879 10447
398345 418671 20326
413540 419826 6286
412364 419991 7627
414274 420618 6344
410470 420915 10445
405802 423258 17456
412707 423654 10947
414280 423654 9374
410863 425271 14408
409486 428175 18689
421914 428571 6657
415291 429264 13973
421506 430914 9408
418398 431706 13308
421901 432828 10927
428371 435006 6635
428583 435600 7017
429461 436095 6634
430156 436458 6302
429877 436623 6746
423592 436887 13295
423258 438306 15048
432016 438999 6983
432699 438999 6300
428843 439857 11014
426194 441177 14983
430762 441408 10646
428757 445269 16512
439960 446259 6299
439450 446523 7073
440921 447579 6658
434305 448602 14297
435868 450780 14912
442177 452628 10451
447855 454146 6291
440305 454542 14237
449528 455829 6301
450076 456357 6281
449792 456456 6664
444928 456621 11693
443857 458865 15008
444536 459690 15154
443312 460284 16972
445241 460317 15076
451065 461934 10869
447453 462000 14547
450447 464310 13863
454398 465894 11496
451385 467610 16225
456822 467643 10821
456283 467907 11624
462350 469590 7240
463632 469920 6288
464892 471174 6282
460996 471438 10442
456771 472626 15855
455813 473352 17539
465922 473649 7727
456285 474738 18453
460206 475794 15588
453939 475926 21987
462536 476322 13786
459510 476487 16977
460938 477048 16110
461646 477213 15567
461987 477477 15490
460927 478830 17903
467294 479358 12064
470834 480282 9448
473992 480282 6290
474039 480876 6837
474190 481206 7016
464757 482559 17802
476131 482889 6758
470396 483087 12691
457609 483978 26369
478582 484869 6287
473363 485034 11671
470287 485529 15242
468461 487773 19312
469549 487839 18290
471536 488136 16600
478457 488202 9745
482231 488532 6301
483243 489885 6642
470149 490479 20330
484700 490974 6274
487928 494208 6280
485768 496155 10387
484405 496914 12509
485626 497442 11816
492459 499092 6633
485588 499323 13735
494269 500544 6275
488802 502491 13689
496411 503052 6641
494528 505230 10702
494044 505593 11549
498124 506121 7997
498302 506616 8314
502497 509157 6660
497218 511038 13820
507140 513414 6274
503289 514239 10950
500516 515130 14614
495185 517044 21859
509622 517704 8082
507554 518298 10744
513386 520047 6661
504987 520905 15918
510401 521334 10933
515145 521433 6288
515156 521796 6640
505836 521961 16125
508273 524568 16295
519802 526086 6284
521373 527670 6297
509780 527703 17923
510970 528165 17195
511364 528231 16867
502794 529254 26460
518927 529749 10822
516222 529815 13593
523794 530079 6285
517022 530508 13486
524595 530871 6276
518987 531168 12181
514638 532554 17916
521629 532620 10991
522121 533214 11093
518913 534369 15456
528471 534765 6294
522215 535755 13540
531577 538659 7082
529007 539814 10807
529852 540672 10820
534912 541563 6651
535501 541794 6293
532308 542784 10476
539902 546183 6281
535437 546381 10944
536378 547173 10795
542602 548889 6287
537280 550341 13061
545326 551628 6302
545065 551793 6728
546022 552321 6299
535818 553839 18021
538729 554367 15638
543369 554928 11559
543872 555522 11650
545249 555687 10438
541955 556743 14788
552750 559449 6699
543807 559812 16005
550633 561066 10433
547882 561165 13283
543419 561231 17812
547520 561429 13909
553430 563871 10441
550017 564267 14250
547481 564564 17083
550112 566082 15970
556614 567435 10821
562381 569019 6638
562239 569646 7407
563371 569646 6275
565113 571758 6645
552807 574926 22119
558038 576180 18142
559618 577038 17420
558158 578226 20068
558638 578754 20116
560993 579282 18289
570466 581394 10928
568327 582417 14090
572160 583176 11016
572542 583473 10931
572847 583770 10923
569590 584694 15104
578778 585090 6312
574809 585255 10446
571187 586278 15091
574985 586575 11590
575430 586839 11409
580585 586872 6287
578250 589050 10800
579287 590139 10852
575825 590535 14710
584023 592218 8195
575771 592284 16513
583251 595749 12498
589831 596475 6644
583890 597993 14103
579239 599115 19876
595714 601986 6272
596123 602415 6292
587943 602547 14604
585118 604857 19739
591054 605385 14331
599287 605583 6296
594787 605715 10928
595484 605979 10495
601552 608190 6638
595582 609279 13697
601577 609279 7702
604981 611622 6641
597292 612051 14759
603383 612315 8932
605966 612612 6646
605360 614724 9364
598459 615483 17024
599738 615648 15910
600501 617958 17457
602129 618057 15928
607861 618321 10460
608062 618882 10820
609516 619971 10455
613124 619971 6847
605354 622017 16663
615996 622644 6648
612350 622809 10459
609943 624195 14252
609857 624327 14470
618520 625185 6665
612998 627495 14497
617071 629409 12338
617984 630201 12217
609565 630729 21164
620334 630762 10428
618642 633468 14826
620867 633831 12964
620696 633996 13300
620367 634689 14322
624829 637890 13061
620287 638253 17966
628415 639342 10927
622149 640101 17952
623274 640596 17322
629541 640728 11187
631881 641388 9507
635274 642345 7071
634156 643830 9674
638576 644853 6277
624079 645117 21038
639839 646140 6301
635329 646965 11636
637881 648186 10305
642523 648813 6290
634446 649737 15291
639432 650232 10800
644622 650892 6270
636302 651288 14986
646193 652476 6283
644843 659439 14596
653460 660099 6639
646115 660594 14479
653896 661980 8084
656076 662376 6300
650736 662442 11706
656416 663069 6653
655012 663234 8222
657005 663729 6724
657340 664587 7247
660077 666732 6655
660925 667590 6665
661092 667755 6663
650538 669867 19329
659202 670131 10929
665946 672243 6297
655880 672540 16660
660645 673629 12984
667067 673728 6661
667236 674322 7086
665612 676071 10459
670242 676896 6654
662480 677061 14581
670885 677160 6275
671091 677820 6729
664559 678183 13624
668039 678975 10936
662865 680988 18123
666904 681087 14183
670230 681384 11154
676442 682803 6361
675724 686532 10808
681403 688182 6779
671796 688380 16584
679909 689106 9197
682780 689700 6920
673588 690030 16442
679739 690558 10819
679541 692208 12667
675845 693297 17452
678587 693693 15106
679355 693825 14470
681428 695310 13882
683521 696795 13274
685668 696960 11292
685221 697389 12168
687140 697554 10414
687838 698511 10673
692533 699072 6539
682224 700458 18234
691332 701778 10446
697404 703692 6288
688235 704253 16018
688936 704649 15713
693051 704847 11796
688360 708147 19787
699304 710061 10757
699809 711315 11506
697384 711447 14063
700872 711876 11004
695312 712338 17026
706456 714813 8357
703904 714846 10942
706392 716991 10599
704915 717156 12241
706892 717915 11023
712231 718905 6674
712780 719433 6653
709591 720390 10799
708911 721512 12601
706944 722568 15624
713873 723162 9289
707660 723195 15535
714274 723459 9185
710817 725439 14622
712707 727485 14778
718635 728574 9939
714664 731181 16517
718888 732237 13349
726565 733227 6662
728667 735306 6639
724189 735405 11216
730949 737220 6271
728209 739002 10793
733197 739497 6300
731830 742302 10472
728358 742830 14472
738164 744447 6283
737147 747582 10435
733945 747912 13967
741538 749100 7562
731036 749826 18790
735904 751575 15671
745711 752004 6293
741312 752235 10923
740190 752499 12309
737669 755106 17437
742093 755403 13310
746169 755766 9597
743167 756162 12995
743658 757680 14022
744856 759330 14474
754672 760947 6275
745867 761376 15509
744713 762564 17851
748715 764247 15532
758314 764973 6659
748298 765567 17269
759464 766128 6664
761739 768009 6270
753266 768372 15106
755548 769890 14342
764222 770517 6295
764286 773784 9498
759539 775137 15598
760594 775764 15170
771835 778470 6635
760848 778701 17853
761873 781572 19699
776742 783915 7173
766795 786093 19298
778743 787842 9099
774403 788502 14099
781919 788898 6979
771629 789657 18028
785140 791439 6299
780326 792099 11773
785919 792561 6642
779653 794112 14459
781835 796785 14950
791600 797874 6274
786182 798303 12121
780393 799359 18966
789784 801768 11984
789007 803484 14477
797443 803715 6272
789465 803814 14349
794205 807411 13206
796660 807609 10949
799741 810381 10640
791407 810777 19370
805868 812163 6295
806146 812460 6314
801578 815199 13621
799652 817080 17428
804562 818004 13442
813399 819687 6288
813255 819918 6663
817713 824010 6297
817949 824241 6292
809524 825000 15476
810768 825693 14925
813230 826188 12958
815304 826254 10950
807452 827145 19693
817701 829620 11919
815116 831930 16814
825783 832062 6279
823995 832227 8232
817275 833052 15777
824985 835923 10938
830289 836781 6492
826698 837144 10446
825251 838728 13477
832658 839322 6664
829176 839619 10443
829383 840279 10896
832761 840411 7650
836056 842721 6665
836154 842787 6633
832572 843381 10809
832948 844173 11225
838049 844338 6289
830348 844932 14584
829174 848166 18992
838994 849948 10954
844148 850608 6460
844600 850872 6272
841470 850905 9435
840700 852126 11426
837762 855393 17631
842931 857934 15003
847169 857967 10798
853009 859749 6740
849761 860211 10450
846864 860376 13512
850555 861366 10811
855732 862026 6294
857460 863742 6282
853102 863907 10805
856782 867240 10458
851764 869055 17291
857639 869979 12340
856404 870342 13938
859629 871200 11571
859722 871530 11808
866383 873048 6665
862253 873147 10894
866742 873378 6636
860686 874698 14012
861937 876282 14345
870608 877272 6664
868596 879120 10524
868436 882354 13918
875462 884664 9202
874804 885258 10454
871969 885951 13982
862746 887469 24723
879760 888657 8897
882264 888921 6657
874682 889119 14437
871876 889647 17771
880723 891165 10442
874574 892815 18241
882759 893211 10452
887623 894267 6644
885361 900801 15440
894900 901560 6660
896660 902946 6286
892961 903771 10810
891816 906279 14463
897648 906477 8829
893387 906906 13519
893509 908094 14585
897017 908589 11572
903742 910041 6299
900170 910965 10795
906765 913407 6642
904836 915354 10518
904520 915684 11164
908818 916641 7823
910667 916938 6271
904528 918621 14093
904143 918753 14610
904200 919182 14982
913944 920238 6294
907252 920799 13547
915323 921987 6664
916760 923406 6646
918419 925056 6637
919340 925980 6640
922060 928719 6659
918555 929775 11220
924081 930732 6651
924295 931326 7031
915219 931458 16239
921130 931953 10823
924703 931953 7250
925571 932613 7042
926025 932679 6654
928188 934461 6273
928326 934989 6663
928957 935253 6296
934522 940797 6275
932633 943074 10441
933914 944361 10447
934705 945153 10448
934584 945186 10602
938779 947958 9179
938461 949410 10949
943861 950499 6638
944890 951555 6665
938949 952908 13959
948759 959706 10947
946778 959772 12994
950060 960861 10801
943017 961983 18966
950022 962313 12291
952100 964788 12688
959789 966075 6286
952862 967329 14467
956963 967395 10432
961550 967824 6274
964850 971124 6274
965154 971817 6663
961425 971916 10491
967278 973566 6288
960799 975183 14384
961422 977328 15906
971701 977988 6287
965348 978252 12904
968966 978549 9583
968978 979407 10429
975218 981519 6301
969789 982707 12918
964188 983268 19080
978020 984291 6271
975416 986370 10954
971572 986436 14864
964886 986766 21880
977481 988977 11496
967757 989175 21418
980801 989835 9034
974836 989934 15098
979715 990660 10945
982334 992178 9844
986133 992772 6639
983032 992937 9905
976370 993960 17590
987668 994323 6655
988967 995610 6643
990751 997095 6344
984596 1000593 15997
987960 1001352 13392
991744 1003695 11951
994858 1006071 11213
991706 1006170 14464
996569 1007457 10888
989919 1009173 19254
990163 1010295 20132
1001581 1012374 10793
1000650 1013430 12780
999167 1013958 14791
1009495 1015773 6278
1009442 1016136 6694
1003507 1016532 13025
1003224 1017126 13902
1003833 1017126 13293
1011523 1018182 6659
1000523 1020426 19903
1006955 1020426 13471
1003351 1020525 17174
1007787 1020954 13167
1017238 1023528 6290
1010239 1023726 13487
1017278 1023924 6646
1007006 1025739 18733
1017029 1026465 9436
1015845 1026795 10950
1019115 1028544 9429
1005847 1029501 23654
1007775 1029864 22089
1013742 1031679 17937
1018619 1035342 16723
1029396 1035672 6276
1017068 1036629 19561
1032380 1038675 6295
1032468 1038741 6273
1019631 1038840 19209
1032209 1038873 6664
1025735 1039401 13666
1034658 1041315 6657
1019780 1041711 21931
1032445 1042536 10091
1037079 1043988 6909
1037343 1046430 9087
1039912 1046727 6815
1036670 1049961 13291
1033721 1050060 16339
1033409 1050852 17443
1045418 1051710 6292
1040056 1052304 12248
1041990 1053195 11205
1036739 1053228 16489
1044208 1053591 9383
1035347 1053822 18475
1041739 1054515 12776
1043288 1055043 11755
1037315 1056033 18718
1041449 1056561 15112
1041351 1056924 15573
1042422 1056990 14568
1043108 1058145 15037
1043911 1059300 15389
1050994 1059432 8438
1043338 1059828 16490
1049771 1061049 11278
1051120 1062765 11645
1051501 1064118 12617
1049119 1064745 15626
1047212 1065009 17797
1046016 1065999 19983
1059934 1066230 6296
1054111 1068045 13934
1048853 1069068 20215
1054626 1069266 14640
1054913 1069695 14782
1060045 1070487 10442
1059456 1070784 11328
1060273 1071345 11072
1064442 1072071 7629
1066123 1072434 6311
1067420 1073721 6301
1068145 1074975 6830
1060885 1075338 14453
1060181 1076823 16642
1066292 1077087 10795
1067722 1078176 10454
1066838 1078374 11536
1068349 1080024 11675
1066482 1080849 14367
1074869 1081509 6640
1071215 1081674 10459
1076399 1082697 6298
1074720 1083918 9198
1078152 1084446 6294
1080217 1086492 6275
1079799 1086789 6990
1069351 1087218 17867
1071692 1090023 18331
1084072 1090716 6644
1084289 1092432 8143
1087558 1094214 6656
1078903 1094940 16037
1079205 1095600 16395
1081012 1095963 14951
1082307 1096128 13821
1080783 1096293 15510
1085669 1096953 11284
1077251 1097052 19801
1088813 1099263 10450
1088545 1099461 10916
1082753 1101342 18589
1095467 1101738 6271
1086336 1101870 15534
1084928 1101903 16975
1085471 1102101 16630
1086226 1103025 16799
1096709 1104477 7768
1098105 1105335 7230
1099534 1106193 6659
1096706 1108206 11500
1094849 1108767 13918
1093785 1109064 15279
1103402 1109691 6289
1093721 1111506 17785
1106004 1112364 6360
1091886 1112859 20973
1106750 1113123 6373
1107347 1113618 6271
1101941 1114608 12667
1108828 1115466 6638
1090222 1116192 25970
1102664 1116489 13825
1101861 1118337 16476
1107634 1118436 10802
1100864 1118502 17638
1105484 1118634 13150
1104225 1118700 14475
1106064 1120350 14286
1100477 1120416 19939
1110730 1121703 10973
1111837 1122561 10724
1113903 1124343 10440
1115983 1125333 9350
1121057 1127346 6289
1114968 1127742 12774
1112592 1128600 16008
1117468 1128963 11495
1122848 1129128 6280
1117485 1130844 13359
1125811 1132461 6650
1113779 1133121 19342
1119234 1133715 14481
1129690 1136355 6665
1123057 1138467 15410
1120217 1140183 19966
1123924 1141569 17645
1128034 1142493 14459
1134071 1144506 10435
1139118 1145760 6642
1137070 1148400 11330
1132914 1149060 16146
1139101 1150050 10949
1139386 1150182 10796
1145558 1151832 6274
1145530 1152195 6665
1142392 1155363 12971
1144733 1156980 12247
1147963 1158663 10700
1142076 1159356 17280
1150454 1160907 10453
1156695 1163349 6654
1155527 1166451 10924
1160335 1166979 6644
1160149 1169058 8909
1160033 1170906 10873
1159880 1171104 11224
1157476 1171665 14189
1157977 1172358 14381
1165742 1172655 6913
1165290 1173513 8223
1165360 1174074 8714
1164395 1174206 9811
1166182 1174866 8684
1169111 1175394 6283
1170366 1177011 6645
1170812 1177473 6661
1167565 1178364 10799
1168412 1179354 10942
1174579 1181334 6755
1175354 1181994 6640
1173805 1184733 10928
1179778 1186053 6275
1176754 1188627 11873
1185333 1191993 6660
1186244 1192884 6640
1183823 1194270 10447
1188013 1194303 6290
1189239 1195524 6285
1185356 1195920 10564
1188334 1198890 10556
1194172 1200474 6302
1186805 1200771 13966
1194596 1201233 6637
1193323 1204566 11243
1199287 1205952 6665
1196598 1207041 10443
1195451 1211892 16441
1198894 1212486 13592
1198414 1213113 14699
1208197 1214862 6665
1202544 1215423 12879
1209196 1215852 6656
1205806 1219020 13214
1205889 1220967 15078
1206690 1221660 14970
1215551 1221825 6274
1215811 1222452 6641
1212230 1224036 11806
1215158 1224399 9241
1215794 1224498 8704
1217233 1225026 7793
1217326 1225521 8195
1210639 1226577 15938
1219416 1226841 7425
1220699 1227336 6637
1215776 1230009 14233
1218419 1230867 12448
1224694 1230966 6272
1223855 1233771 9916
1230189 1236477 6288
1229948 1236609 6661
1223022 1240998 17976
1235101 1241922 6821
1235968 1242549 6581
1236334 1242615 6281
1228867 1245618 16751
1240595 1246872 6277
1240903 1247268 6365
1240507 1247598 7091
1235293 1249644 14351
1239137 1250238 11101
1235052 1250535 15483
1240352 1250799 10447
1238661 1253076 14415
1234642 1253538 18896
1240768 1254198 13430
1244638 1256673 12035
1236966 1259412 22446
1245282 1260237 14955
1254945 1261260 6315
1250895 1261326 10431
1246506 1262349 15843
1244707 1263075 18368
1250756 1263768 13012
1249160 1264659 15499
1259995 1266276 6281
1260967 1267695 6728
1252040 1269510 17470
1256081 1270038 13957
1259696 1270137 10441
1255658 1270236 14578
1261530 1270731 9201
1258511 1271853 13342
1254078 1272645 18567
1265302 1276407 11105
1270834 1277496 6662
1271343 1277628 6285
1255922 1278618 22696
1272794 1279080 6286
1272768 1279410 6642
1265630 1280763 15133
1269104 1282380 13276
1267005 1283304 16299
1269300 1283766 14466
1278054 1284327 6273
1279303 1285581 6278
1275759 1286505 10746
1268094 1287033 18939
1282623 1288914 6291
1257437 1289607 32170
1272621 1289673 17052
1283408 1290135 6727
1278921 1290201 11280
1277282 1290663 13381
1274097 1292049 17952
1286730 1293006 6276
1275660 1293270 17610
1282659 1293732 11073
1258303 1293963 35660
1283954 1295019 11065
1284082 1295151 11069
1288918 1295745 6827
1292984 1299276 6292
1281442 1300167 18725
1294029 1300662 6633
1286631 1301091 14460
1287917 1303038 15121
1288625 1303335 14710
1298131 1304424 6293
1293649 1305414 11765
1296540 1306074 9534
1293385 1306272 12887
1294913 1306437 11524
1297468 1306965 9497
1295056 1310265 15209
1302241 1312674 10433
1299197 1312740 13543
1302831 1313697 10866
1295592 1314060 18468
1303516 1314093 10577
1308889 1315182 6293
1300746 1315479 14733
1308781 1319736 10955
1304477 1320132 15655
1315030 1321683 6653
1315356 1322178 6822
1313743 1322739 8996
1309434 1324389 14955
1318997 1325280 6283
1310951 1325544 14593
1311797 1326105 14308
1322114 1328415 6301
1322940 1329240 6300
1320549 1329471 8922
1314430 1329702 15272
1321475 1329999 8524
1315418 1330593 15175
1318701 1332738 14037
1326420 1333068 6648
1317393 1333299 15906
1326951 1333596 6645
1327639 1333992 6353
1328724 1335015 6291
1324608 1336467 11859
1332665 1338942 6277
1332723 1339371 6648
1329170 1342671 13501
1335041 1342869 7828
1326261 1343199 16938
1338947 1345608 6661
1339435 1345707 6272
1334540 1345806 11266
1334758 1346433 11675
1333728 1348149 14421
1344405 1350690 6285
1339505 1352010 12505
1341299 1352241 10942
1341794 1352769 10975
1342336 1352868 10532
1340483 1354683 14200
1341020 1355409 14389
1343933 1355640 11707
1342175 1356630 14455
1351270 1357554 6284
1348847 1359765 10918
1350671 1362042 11371
1349344 1363065 13721
1355471 1365837 10366
1355891 1366332 10441
1360120 1366761 6641
1363505 1369797 6292
1356011 1370094 14083
1364950 1371249 6299
1357310 1371777 14467
1362581 1373394 10813
1368200 1374846 6646
1368538 1375242 6704
1367403 1377849 10446
1367679 1378608 10929
1368481 1380159 11678
1369892 1381578 11686
1372375 1381578 9203
1372439 1383393 10954
1379022 1385307 6285
1370029 1386858 16829
1376799 1387617 10818
1372540 1388904 16364
1370918 1390026 19108
1381904 1390356 8452
1383721 1391181 7460
1386099 1392732 6633
1379300 1393161 13861
1380961 1394943 13982
1383008 1395438 12430
1389327 1395603 6276
1388529 1395702 7173
1389428 1395702 6274
1382383 1397781 15398
1393558 1400223 6665
1387302 1400256 12954
1389284 1400487 11203
1389966 1400685 10719
1394807 1401081 6274
1390921 1402170 11249
1397176 1403457 6281
1386353 1403787 17434
1396405 1406592 10187
1396653 1407087 10434
1396479 1407153 10674
1400604 1407252 6648
1396609 1407549 10940
1406302 1412598 6296
1402254 1413192 10938
1401635 1413621 11986
1408715 1415700 6985
1409933 1416228 6295
1411485 1418142 6657
1411634 1418736 7102
1409345 1423686 14341
1413784 1424709 10925
1413683 1427910 14227
1414281 1427943 13662
1415321 1428207 12886
1417608 1428471 10863
1417230 1428966 11736
1424274 1430913 6639
1424693 1432200 7507
1418521 1433058 14537
1423303 1434444 11141
1426555 1436193 9638
1424941 1437546 12605
1432244 1438536 6292
1431934 1438569 6635
1416547 1438833 22286
1424250 1439790 15540
1421714 1441176 19462
1423266 1443519 20253
1438417 1444707 6290
1438246 1444905 6659
1428291 1446588 18297
1431985 1446753 14768
1440463 1446753 6290
1439304 1448007 8703
1441538 1448535 6997
1436134 1449492 13358
1436134 1449921 13787
1440564 1451505 10941
1437719 1454508 16789
1445434 1455894 10460
1438311 1457445 19134
1443912 1458996 15084
1453519 1460481 6962
1451153 1463088 11935
1456461 1463781 7320
1445690 1464078 18388
1450258 1464243 13985
1454017 1464969 10952
1454050 1467510 13460
1457047 1467972 10925
1445697 1468665 22968
1452918 1469193 16275
1452498 1471239 18741
1465108 1471404 6296
1458604 1471800 13196
1461916 1474341 12425
1449408 1474473 25065
1456496 1475001 18505
1461735 1475067 13332
1458182 1475232 17050
1458890 1478169 19279
1459870 1478466 18596
1459341 1478763 19422
1464438 1478862 14424
1472879 1479159 6280
1472229 1479918 7689
1473335 1479984 6649
1466726 1481271 14545
1474769 1481403 6634
1472160 1481601 9441
1476852 1483152 6300
1476563 1483218 6655
1467703 1483746 16043
1475241 1484703 9462
1474165 1485099 10934
1464677 1485396 20719
1480735 1487376 6641
1482152 1488795 6643
1478636 1489059 10423
1475152 1489290 14138
1480647 1489653 9006
1482348 1490181 7833
1485083 1491369 6286
1485998 1492755 6757
1488578 1494867 6289
1482993 1495725 12732
1477010 1496451 19441
1481506 1497969 16463
1484779 1499718 14939
1487753 1500345 12592
1485049 1500741 15692
1494429 1501170 6741
1485242 1501698 16456
1495921 1502193 6272
1490238 1503612 13374
1483219 1503777 20558
1492446 1504635 12189
1490790 1505460 14670
1500041 1506681 6640
1482505 1507902 25397
1498757 1510641 11884
1497915 1511004 13089
1499437 1511202 11765
1503352 1514304 10952
1503836 1515360 11524
1508104 1515558 7454
1505239 1515690 10451
1509902 1516581 6679
1510802 1517439 6637
1511176 1518033 6857
1511523 1518165 6642
1501051 1518231 17180
1498146 1518924 20778
1499717 1519188 19471
1501567 1520409 18842
1503691 1520475 16784
1504720 1520970 16250
1509670 1522290 12620
1511526 1525128 13602
1519824 1526118 6294
1515719 1526514 10795
1516135 1527174 11039
1515963 1528230 12267
1504781 1528593 23812
1519370 1528725 9355
1518795 1529253 10458
1521035 1531332 10297
1522631 1532025 9394
1518219 1532817 14598
1518644 1533246 14602
1519983 1533939 13956
1527694 1533972 6278
1521589 1534566 12977
1520793 1538988 18195
1525061 1539384 14323
1531433 1541628 10195
1535188 1544268 9080
1538506 1544796 6290
1522622 1544829 22207
1523937 1545621 21684
1527731 1546347 18616
1538730 1547931 9201
1534082 1548426 14344
1543314 1549977 6663
1533528 1550043 16515
1539938 1551396 11458
1543488 1551858 8370
1544679 1551924 7245
1539968 1555389 15421
1541002 1556148 15146
1545638 1557039 11401
1539742 1558854 19112
1544311 1559382 15071
1538715 1559613 20898
1542970 1559811 16841
1551503 1561956 10453
1548712 1562484 13772
1549496 1563078 13582
1556354 1564068 7714
1556454 1564695 8241
1551088 1566939 15851
1556610 1567005 10395
1560929 1567203 6274
1552272 1567566 15294
1562429 1568721 6292
1555569 1569282 13713
1560037 1570470 10433
1554088 1571790 17702
1558398 1572879 14481
1562946 1573935 10989
1569842 1576113 6271
1568563 1576410 7847
1563290 1578159 14869
1572510 1578786 6276
1572317 1580172 7855
1566519 1581096 14577
1571463 1581360 9897
1568127 1581624 13497
1575679 1581954 6275
1564982 1582152 17170
1572513 1583340 10827
1570612 1583802 13190
1571073 1584099 13026
1572166 1585716 13550
1577768 1586145 8377
1568732 1587267 18535
1575055 1587795 12740
1572215 1589082 16867
1582482 1589280 6798
1571141 1589313 18172
1583313 1589610 6297
1577306 1589907 12601
1575714 1589940 14226
1569444 1591458 22014
1585675 1592316 6641
1585960 1592613 6653
1581529 1593438 11909
1587332 1593603 6271
1588539 1595187 6648
1590003 1596276 6273
1590437 1597101 6664
1586342 1597959 11617
1593308 1599609 6301
1584338 1600335 15997
1582341 1600929 18588
1589606 1601424 11818
1590256 1602183 11927
1591894 1602711 10817
1592773 1603206 10433
1596083 1604922 8839
1588119 1605417 17298
1602110 1608387 6277
1594451 1608519 14068
1591086 1609113 18027
1598572 1609377 10805
1599278 1612050 12772
1606013 1612677 6664
1608415 1614690 6275
1607985 1614723 6738
1608596 1615251 6655
1597478 1615713 18235
1601290 1617627 16337
1605980 1618980 13000
1613073 1619706 6633
1613581 1620333 6752
1611105 1620729 9624
1615252 1622082 6830
1607314 1622214 14900
1616238 1622511 6273
1609169 1623765 14596
1606542 1625877 19335
1614634 1626405 11771
1620444 1627098 6654
1622271 1628550 6279
1620104 1629210 9106
1618918 1629606 10688
1625925 1633137 7212
1620120 1634490 14370
1627911 1634556 6645
1625100 1635909 10809
1623341 1637889 14548
1628550 1637922 9372
1631896 1638516 6620
1632525 1638813 6288
1633117 1639770 6653
1634073 1640364 6291
1634880 1641222 6342
1630327 1641684 11357
1626550 1642047 15497
1625900 1643235 17335
1637978 1645050 7072
1638705 1645578 6873
1629718 1646535 16817
1632643 1646568 13925
1640578 1646865 6287
1641091 1648878 7787
1638113 1649043 10930
1632723 1649703 16980
1645360 1651650 6290
1645364 1651650 6286
1646674 1652970 6296
1640545 1653630 13085
1643763 1654191 10428
1647475 1654257 6782
1647801 1654620 6819
1650299 1656963 6664
1646484 1657293 10809
1647289 1658250 10961
1648344 1659141 10797
1650771 1661220 10449
1653250 1661649 8399
1651448 1662276 10828
1651453 1665147 13694
1654216 1666302 12086
1657028 1667952 10924
1654334 1669305 14971
1662786 1672473 9687
1667393 1674156 6763
1663767 1674222 10455
1660639 1675575 14936
1669733 1676004 6271
1666780 1677720 10940
1672106 1678380 6274
1672501 1679139 6638
1673812 1682901 9089
1677408 1684056 6648
1678089 1684815 6726
1672744 1687488 14744
1674055 1688016 13961
1682384 1691349 8965
1686313 1692603 6290
1688389 1695045 6656
1678736 1695342 16606
1689413 1695705 6292
1691041 1697322 6281
1683879 1698246 14367
1693175 1699830 6655
1690271 1700721 10450
1688657 1701249 12592
1697497 1704153 6656
1697634 1704252 6618
1687376 1704285 16909
1688981 1704879 15898
1698928 1705209 6281
1700469 1706760 6291
1700926 1707354 6428
1695222 1707453 12231
1695098 1708443 13345
1703267 1709565 6298
1703800 1710093 6293
1697878 1711479 13601
1698157 1712172 14015
1707541 1714185 6644
1697407 1715274 17867
1700615 1715868 15253
1700893 1716231 15338
1710314 1716594 6280
1710510 1716792 6282
1708294 1719102 10808
1694430 1719168 24738
1709720 1722270 12550
1716643 1722930 6287
1713767 1724217 10450
1711785 1726593 14808
1720530 1726824 6294
1722121 1728408 6287
1719842 1730289 10447
1726571 1732863 6292
1725694 1736130 10436
1721536 1738770 17234
1726162 1739067 12905
1724578 1739331 14753
1724759 1739397 14638
1732899 1739496 6597
1724741 1739892 15151
1726039 1739892 13853
1733071 1740123 7052
1734409 1742367 7958
1727805 1744380 16575
1733519 1747284 13765
1726783 1747647 20864
1737891 1748142 10251
1742183 1748472 6289
1740868 1748637 7769
1734844 1748835 13991
1743526 1749825 6299
1735966 1750485 14519
1745254 1751541 6287
1734203 1751904 17701
1735885 1753026 17141
1728553 1754148 25595
1740853 1754808 13955
1738196 1755204 17008
1744923 1756128 11205
1750873 1757217 6344
1743149 1757646 14497
1743759 1758042 14283
1743435 1758471 15036
1743787 1758669 14882
1751339 1758999 7660
1754046 1760319 6273
1754703 1761078 6375
1744149 1761144 16995
1755381 1761672 6291
1746649 1761705 15056
1747573 1761936 14363
1748690 1763916 15226
1756107 1764774 8667
1747655 1764972 17317
1754083 1767942 13859
1742784 1768008 25224
1747046 1768668 21622
1755858 1769031 13173
1759841 1770648 10807
1758089 1771440 13351
1760050 1772199 12149
1752882 1774740 21858
1769819 1776093 6274
1771838 1778139 6301
1756143 1779393 23250
1769477 1780350 10873
1768222 1780977 12755
1766370 1781802 15432
1771037 1782297 11260
1766870 1782825 15955
1763421 1783386 19965
1776592 1785003 8411
1779764 1786422 6658
1772651 1786620 13969
1776015 1787412 11397
1783019 1789656 6637
1780321 1789722 9401
1774534 1790547 16013
1773957 1790646 16689
1784503 1791174 6671
1774045 1791933 17888
1781620 1792263 10643
1778088 1792725 14637
1772999 1795926 22927
1788867 1796421 7554
1782976 1796586 13610
1783785 1796652 12867
1783179 1799523 16344
1785048 1799622 14574
1779348 1799919 20571
1787584 1800117 12533
1785423 1800150 14727
1794011 1802592 8581
1791678 1802625 10947
1795121 1802823 7702
1776843 1803846 27003
1797240 1805463 8223
1794589 1805694 11105
1793889 1806222 12333
1790573 1808367 17794
1792055 1808598 16543
1791367 1809654 18287
1806726 1813020 6294
1799632 1813284 13652
1792757 1814769 22012
1804113 1815132 11019
1805300 1816452 11152
1802782 1816551 13769
1810514 1817178 6664
1804706 1818366 13660
1812067 1818366 6299
1810103 1819290 9187
1800473 1819785 19312
1809104 1819917 10813
1814337 1820610 6273
1814497 1820775 6278
1809093 1821468 12375
1811719 1822029 10310
1818694 1825329 6635
1814891 1825824 10933
1820534 1826814 6280
1817243 1827672 10429
1812309 1828728 16419
1818901 1829751 10850
1824453 1832094 7641
1827306 1833579 6273
1822580 1833909 11329
1823325 1835394 12069
1830114 1836747 6633
1822009 1837143 15134
1823290 1837737 14447
1820803 1838133 17330
1824969 1839783 14814
1833779 1840080 6301
1828194 1841367 13173
1837169 1843446 6277
1833234 1843677 10443
1841777 1848429 6652
1834766 1849353 14587
1843957 1852488 8531
1847050 1853346 6296
1842906 1853841 10935
1847782 1854435 6653
1850475 1856745 6270
1845070 1857273 12203
1844811 1858791 13980
1847845 1859220 11375
1852679 1859319 6640
1853537 1859814 6277
1853635 1860276 6641
1855095 1861365 6270
1844671 1861893 17222
1848347 1865193 16846
1851217 1865226 14009
1858356 1865985 7629
1851956 1866909 14953
1856869 1868361 11492
1858928 1868922 9994
1859664 1869450 9786
1856208 1869648 13440
1857757 1872717 14960
1862884 1872816 9932
1866976 1873278 6302
1865267 1873344 8077
1866048 1875522 9474
1866534 1875819 9285
1867221 1876479 9258
1856251 1876611 20360
1862865 1879680 16815
1866380 1880076 13696
1864563 1880802 16239
1862233 1880901 18668
1870941 1881759 10818
1878194 1884465 6271
1864542 1884729 20187
1870023 1885059 15036
1870724 1886115 15391
1874990 1886775 11785
1875459 1887270 11811
1877443 1887897 10454
1864253 1888227 23974
1871409 1889382 17973
1879469 1891065 11596
1880549 1891362 10813
1885575 1891857 6282
1885810 1892088 6278
1890815 1897104 6289
1887661 1898094 10433
1891873 1898160 6287
1894745 1901031 6286
1889880 1901262 11382
1895504 1902285 6781
1896584 1902879 6295
1888914 1903374 14460
1896945 1903473 6528
1896056 1903572 7516
1897171 1903836 6665
1896224 1904100 7876
1899161 1905750 6589
1894601 1906179 11578
1895265 1906212 10947
1900273 1907004 6731
1892836 1907598 14762
1902881 1909545 6664
1897250 1910799 13549
1904165 1910799 6634
1898102 1911525 13423
1905596 1911888 6292
1898883 1912845 13962
1906786 1913076 6290
1900702 1914198 13496
1899852 1914627 14775
1910040 1916310 6270
1909527 1916706 7179
1910860 1917135 6275
1906954 1918191 11237
1899267 1919907 20640
1908743 1920006 11263
1908028 1920600 12572
1900701 1921359 20658
1913502 1923702 10200
1909070 1924923 15853
1911034 1925583 14549
1916637 1927068 10431
1909760 1928883 19123
1923532 1929807 6275
1923592 1930401 6809
1920787 1931688 10901
1915565 1932447 16882
1923135 1934295 11160
1924303 1935252 10949
1925407 1936209 10802
1916097 1936671 20574
1919432 1937628 18196
1923782 1938189 14407
1919076 1939476 20400
1927963 1940367 12404
1929816 1942116 12300
1926563 1943865 17302
1937219 1944624 7405
1935658 1946109 10451
1931051 1947099 16048
1932091 1947759 15668
1942588 1948881 6293
1930709 1949244 18535
1938006 1949244 11238
1932946 1949772 16826
1935952 1949937 13985
1939857 1950795 10938
1932206 1953303 21097
1943004 1953435 10431
1939198 1955052 15854
1939940 1955613 15673
1937760 1955646 17886
1945365 1955778 10413
1943674 1956801 13127
1950627 1956900 6273
1950971 1957626 6655
1951372 1957659 6287
1951591 1957923 6332
1949301 1959936 10635
1940106 1959969 19863
1939613 1960596 20983
1950385 1961256 10871
1955001 1961355 6354
1955864 1962147 6283
1955948 1962246 6298
1940256 1963170 22914
1957574 1963863 6289
1949547 1964424 14877
1958158 1964457 6299
1944514 1964919 20405
1951532 1966074 14542
1950395 1968153 17758
1953214 1968252 15038
1955938 1968384 12446
1958123 1968681 10558
1963585 1969869 6284
1952870 1971519 18649
1961702 1972641 10939
1969251 1975908 6657
1970222 1976502 6280
1963374 1977426 14052
1971773 1978416 6643
1965284 1978680 13396
1964240 1979208 14968
1966166 1981155 14989
1970738 1982079 11341
1965434 1983234 17800
1963241 1983630 20389
1973202 1984125 10923
1973733 1984785 11052
1974880 1987128 12248
1980042 1987656 7614
1973209 1987689 14480
1974421 1988118 13697
1982602 1988877 6275
1983002 1989636 6634
1971228 1990692 19464
1982094 1991451 9357
1972179 1992705 20526
1975896 1993365 17469
1970712 1994751 24039
1980303 1995081 14778
1982655 1995114 12459
1988929 1995576 6647
1984830 1996137 11307
1973972 1996731 22759
1983951 1999800 15849
1993570 1999932 6362
1994330 2000625 6295
1984329 2002407 18078
1992646 2003595 10949
1992763 2005641 12878
1993701 2008941 15240
1994206 2011317 17111
2000792 2011614 10822
2005342 2011977 6635
2005760 2012571 6811
1998141 2014419 16278
2007185 2015211 8026
2005688 2016729 11041
2007191 2018115 10924
2008315 2020722 12407
2011879 2020722 8843
2015987 2022273 6286
2011908 2022834 10926
2007132 2024616 17484
2017955 2024616 6661
2018622 2024913 6291
2014197 2025210 11013
2013960 2027916 13956
2013700 2028180 14480
2016899 2029929 13030
2024201 2030490 6289
2009038 2031150 22112
2024563 2031216 6653
2021992 2031546 9554
2025593 2031876 6283
2026318 2033130 6812
2023812 2035902 12090
2018239 2036397 18158
2026190 2036628 10438
2020841 2037882 17041
2028072 2038509 10437
2029790 2038608 8818
2024385 2041578 17193
2035230 2041875 6645
2036349 2042634 6285
2032250 2044680 12430
2035099 2045736 10637
2035855 2046297 10442
2037234 2046330 9096
2040071 2047881 7810
2042088 2048574 6486
2031645 2049102 17457
2034173 2051808 17635
2034257 2052072 17815
2048639 2054910 6271
2045841 2055141 9300
2049124 2055537 6413
2046726 2057286 10560
2047362 2057880 10518
2053591 2059893 6302
2053866 2060157 6291
2046657 2060553 13896
2048216 2060553 12337
2048657 2061246 12589
2051591 2063721 12130
2049924 2064381 14457
2054098 2064414 10316
2059058 2066328 7270
2051660 2066493 14833
2052013 2067615 15602
2058300 2069232 10932
2063064 2069727 6663
2064886 2071179 6293
2066456 2072730 6274
2067023 2073687 6664
2067048 2073687 6639
2067487 2073786 6299
2067260 2073918 6658
2069931 2076591 6660
2069859 2080650 10791
2074978 2081640 6662
2074994 2081739 6745
2071911 2084544 12633
2071710 2084643 12933
2079388 2086524 7136
2075119 2086887 11768
2081015 2087382 6367
2072872 2087580 14708
2072501 2088702 16201
2077690 2089989 12299
2084645 2091309 6664
2086505 2093157 6652
2078788 2093289 14501
2086864 2093520 6656
2080589 2093817 13228
2088903 2095236 6333
2085095 2095896 10801
2087490 2096655 9165
2089744 2097612 7868
2093044 2099328 6284
2093066 2099361 6295
2092909 2099559 6650
2084481 2099625 15144
2085272 2100021 14749
2089603 2100417 10814
2077774 2100648 22874
2095357 2101638 6281
2088082 2102628 14546
2090949 2102727 11778
2097283 2103948 6665
2089492 2105301 15809
2095881 2106687 10806
2101005 2109525 8520
2090840 2110053 19213
2103535 2110317 6782
2096228 2113287 17059
2099350 2113914 14564
2107915 2115168 7253
2104457 2115465 11008
2110193 2116488 6295
2101821 2117313 15492
2104060 2117379 13319
2106128 2117379 11251
2104974 2118897 13923
2111812 2119656 7844
2108961 2119755 10794
2104511 2119854 15343
2115056 2121339 6283
2109840 2121900 12060
2111262 2122065 10803
2108505 2124012 15507
2115375 2125035 9660
2110246 2127048 16802
2115057 2127477 12420
2118015 2128467 10452
2125845 2132196 6351
2126325 2132625 6300
2121464 2132988 11524
2122096 2133516 11420
2117010 2134836 17826
2115948 2135199 19251
2122340 2136354 14014
2123886 2137080 13194
2127783 2138895 11112
2132734 2139027 6293
2125626 2140281 14655
2127233 2142195 14962
2134982 2142261 7279
2126550 2145363 18813
2128320 2146122 17802
2125329 2146518 21189
2140651 2146947 6296
2131766 2147739 15973
2137989 2148795 10806
2138404 2152425 14021
2146325 2152623 6298
2146520 2153184 6664
2142313 2153547 11234
2144789 2155164 10375
2141357 2156418 15061
2150922 2157210 6288
2150665 2159487 8822
2153364 2159652 6288
2149327 2159784 10457
2145598 2160675 15077
2142594 2162193 19599
2155525 2162853 7328
2145333 2162886 17553
2144047 2163084 19037
2147274 2163612 16338
2157348 2164074 6726
2150073 2165856 15783
2152527 2166417 13890
2162538 2168826 6288
2163070 2169354 6284
2163143 2169783 6640
2153502 2170476 16974
2153895 2171169 17274
2166438 2173083 6645
2158122 2173248 15126
2168811 2175459 6648
2159612 2175492 15880
2167928 2175558 7630
2165652 2178495 12843
2169360 2178561 9201
2173307 2180046 6739
2175378 2181729 6351
2172567 2182983 10416
2174666 2183676 9010
2172128 2184336 12208
2176710 2184765 8055
2172444 2185854 13410
2173151 2186151 13000
2176329 2187141 10812
2175947 2187966 12019
2178972 2189913 10941
2184287 2191002 6715
2181418 2191860 10442
2174330 2193510 19180
2175505 2193675 18170
2179219 2194170 14951
2179658 2194203 14545
2172421 2194467 22046
2175311 2195094 19783
2187123 2196216 9093
2189455 2196249 6794
2183476 2196975 13499
2183073 2198229 15156
2176892 2198922 22030
2192743 2199384 6641
2186251 2200704 14453
2190795 2201232 10437
2193491 2204004 10513
2188370 2204037 15667
2183765 2204334 20569
2190801 2204466 13665
2192789 2206248 13459
2194778 2206776 11998
2200186 2206842 6656
2201846 2208129 6283
2202701 2208987 6286
2195719 2209515 13796
2194487 2210406 15919
2197883 2212353 14470
2197971 2214597 16626
2207070 2217501 10431
2211281 2218029 6748
2204693 2219019 14326
2213331 2219976 6645
2214010 2220735 6725
2208947 2222187 13240
2217575 2223870 6295
2217835 2224497 6662
2210206 2224794 14588
2216305 2227467 11162
2220959 2228028 7069
2215345 2228457 13112
2221089 2228523 7434
2214641 2231229 16588
2227206 2233869 6663
2222623 2234298 11675
2217282 2234364 17082
2221560 2235948 14388
2218938 2237103 18165
2218742 2237136 18394
2221021 2237136 16115
2219188 2237565 18377
2219187 2238489 19302
2225512 2240205 14693
2224998 2241162 16164
2231938 2241261 9323
2225277 2241525 16248
2227080 2241558 14478
2235049 2241789 6740
2236272 2242548 6276
2234542 2242845 8303
2231292 2244495 13203
2233141 2244924 11783
2239569 2245848 6279
2240408 2247069 6661
2236218 2248059 11841
2226046 2248488 22442
2240810 2248587 7777
2228685 2250039 21354
2243861 2250501 6640
2227611 2253471 25860
2247202 2253867 6665
2239377 2253966 14589
2243646 2255649 12003
2250172 2256474 6302
2250495 2257134 6639
2250984 2257266 6282
2240982 2257365 16383
2250129 2258256 8127
2250256 2258784 8528
2248495 2259048 10553
2243837 2259477 15640
2253557 2259840 6283
2248888 2261259 12371
2251387 2262183 10796
2257120 2263404 6284
2253794 2264724 10930
2248794 2264922 16128
2260828 2267463 6635
2251561 2268024 16463
2262233 2268882 6649
2256740 2269476 12736
2263783 2270070 6287
2257742 2270730 12988
2259138 2271159 12021
2263661 2274096 10435
2267680 2274261 6581
2259094 2275416 16322
2262765 2275515 12750
2257463 2276307 18844
2270693 2277132 6439
2259619 2277495 17876
2270695 2277660 6965
2268361 2278584 10223
2272383 2278683 6300
2272652 2279310 6658
2267220 2280597 13377
2274459 2281257 6798
2258166 2281818 23652
2262136 2282610 20474
2267213 2284755 17542
2263784 2285052 21268
2274369 2285184 10815
2280154 2287164 7010
2274882 2288286 13404
2271440 2288715 17275
2278952 2289903 10951
2280665 2291454 10789
2275521 2292444 16923
2287326 2293599 6273
2283109 2294061 10952
2288314 2294655 6341
2284288 2295216 10928
2290018 2296305 6287
2279908 2297130 17222
2290455 2297196 6741
2287543 2297988 10445
2287723 2298648 10925
2292975 2299638 6663
2285010 2300232 15222
2293226 2300232 7006
2286011 2300496 14485
2287711 2302179 14468
2290655 2302971 12316
2293084 2303334 10250
2289642 2303466 13824
2292401 2306370 13969
2301273 2307558 6285
2303004 2309637 6633
2299585 2309670 10085
2294193 2310726 16533
2305864 2312508 6644
2288271 2312970 24699
2293184 2313531 20347
2308375 2314653 6278
2293130 2314818 21688
2300896 2315742 14846
2309644 2316303 6659
2313613 2319900 6287
2308937 2319966 11029
2306248 2320725 14477
2314607 2321253 6646
2312901 2324289 11388
2318133 2324421 6288
2318417 2325312 6895
2308523 2325741 17218
2319566 2329998 10432
2315245 2330229 14984
2322393 2332836 10443
2320313 2333793 13480
2321581 2333859 12278
2320202 2334684 14482
2328943 2335608 6665
2322913 2337951 15038
2323920 2338017 14097
2325032 2338545 13513
2324972 2338875 13903
2327979 2340690 12711
2327731 2341053 13322
2328888 2341218 12330
2324339 2341317 16978
2324841 2341977 17136
2332642 2342109 9467
2325929 2343825 17896
2332801 2344584 11783
2326451 2344848 18397
2328040 2345277 17237
2333800 2345277 11477
2340473 2346762 6289
2333210 2347686 14476
2330993 2349468 18475
2336289 2350920 14631
2338296 2351448 13152
2341471 2351943 10472
2335349 2353989 18640
2339304 2354088 14784
2338162 2355606 17444
2342837 2355936 13099
2347174 2356530 9356
2347924 2357124 9200
2351578 2358213 6635
2352028 2358807 6779
2352149 2358807 6658
2353432 2359731 6299
2353982 2360358 6376
2347652 2361282 13630
2338673 2361546 22873
2354233 2364021 9788
2349337 2364516 15179
2351210 2365077 13867
2355053 2365902 10849
2352301 2368311 16010
2348873 2368938 20065
2352500 2369004 16504
2363010 2369697 6687
2356432 2370225 13793
2357442 2372469 15027
2365201 2372964 7763
2360325 2374647 14322
2366661 2375340 8679
2360486 2376957 16471
2358873 2377023 18150
2368627 2377452 8825
2365445 2377584 12139
2368555 2377749 9194
2368384 2379531 11147
2363439 2380290 16851
2371736 2380422 8686
2357588 2380818 23230
2360927 2382006 21079
2376160 2382798 6638
2376740 2383458 6718
2371150 2383920 12770
2370114 2385834 15720
2369497 2388276 18779
2379543 2388903 9360
2383513 2389794 6281
2384047 2390784 6737
2384186 2390850 6664
2373235 2391246 18011
2376632 2391906 15274
2380701 2392302 11601
2385737 2392401 6664
2386103 2392401 6298
2376474 2395107 18633
2389023 2395305 6282
2390017 2396295 6278
2381495 2396526 15031
2387087 2397285 10198
2385220 2398176 12956
2389388 2398704 9316
2386814 2398737 11923
2394717 2401707 6990
2388846 2405271 16425
2392784 2406921 14137
2391488 2407086 15598
2395561 2407449 11888
2396405 2408010 11605
2394770 2409198 14428
2404083 2410353 6270
2392883 2412993 20110
2406513 2413488 6975
2397049 2413653 16604
2396993 2414148 17155
2397327 2414841 17514
2396341 2416227 19886
2408175 2418966 10791
2406237 2421210 14973
2406566 2421243 14677
2400027 2423355 23328
2414404 2424048 9644
2413514 2424312 10798
2416219 2426655 10436
2410057 2427546 17489
2410793 2427909 17116
2405223 2428173 22950
2414950 2428998 14048
2411652 2430912 19260
2416843 2431407 14564
2405344 2431506 26162
2413710 2432034 18324
2416227 2432529 16302
2423420 2433849 10429
2420188 2434311 14123
2416390 2434674 18284
2424705 2434773 10068
2425759 2435367 9608
2425282 2435730 10448
2422063 2435961 13898
2427098 2436588 9490
2430716 2437017 6301
2420386 2437842 17456
2428842 2438403 9561
2421546 2438733 17187
2422399 2439261 16862
2427776 2440251 12475
2421339 2441637 20298
2429614 2443089 13475
2432843 2443287 10444
2430763 2443947 13184
2438556 2445267 6711
2434114 2445696 11582
2440345 2446620 6275
2436529 2447478 10949
2442930 2449227 6297
2442697 2449458 6761
2443076 2449722 6646
2430003 2450778 20775
2445863 2452164 6301
2438202 2452230 14028
2440484 2453880 13396
2441460 2454441 12981
2440682 2455035 14353
2441403 2455992 14589
2443134 2456454 13320
2439837 2458995 19158
2444901 2459127 14226
2450857 2464473 13616
2446877 2465199 18322
2450453 2465430 14977
2455280 2466222 10942
2455070 2468598 13528
2452646 2471865 19219
2468003 2474274 6271
2467668 2474307 6639
2464868 2475660 10792
2469487 2475759 6272
2462329 2476815 14486
2472185 2478465 6280
2469770 2478696 8926
2470086 2479224 9138
2470078 2481237 11159
2473685 2481666 7981
2462563 2482524 19961
2472362 2483448 11086
2475445 2483613 8168
2471941 2483646 11705
2473904 2484834 10930
2479168 2485824 6656
2469424 2486880 17456
2476484 2486946 10462
2466003 2487870 21867
2473581 2490015 16434
2481244 2490246 9002
2483616 2490774 7158
2484639 2491302 6663
2483115 2493183 10068
2472550 2493909 21359
2480434 2494404 13970
2481128 2494437 13309
2485202 2496153 10951
2492038 2498694 6656
2485416 2499948 14532
2495363 2502060 6697
2494847 2502126 7279
2483936 2502951 19015
2485226 2503248 18022
2496080 2504601 8521
2486726 2504634 17908
2497954 2504634 6680
2498980 2505261 6281
2498901 2505294 6393
2493978 2505558 11580
2485999 2507340 21341
2496145 2509386 13241
2490617 2509650 19033
2497588 2510310 12722
2493703 2510343 16640
2496243 2510508 14265
2495172 2510574 15402
2496008 2511102 15094
2506993 2513280 6287
2495664 2513643 17979
2507066 2516976 9910
2505360 2517438 12078
2508080 2517537 9457
2511042 2517702 6660
2502754 2518395 15641
2505047 2520507 15460
2504031 2520606 16575
2511108 2522289 11181
2517604 2523906 6302
2517814 2524170 6356
2517982 2524269 6287
2513673 2524467 10794
2508850 2525391 16541
2514234 2527536 13302
2516958 2527899 10941
2518003 2528955 10952
2513858 2530869 17011
2516052 2531199 15147
2526911 2533212 6301
2524525 2534037 9512
2519182 2534532 15350
2521589 2536677 15088
2525209 2536842 11633
2529774 2538096 8322
2527087 2539152 12065
2530889 2539878 8989
2534032 2541033 7001
2516504 2541198 24694
2528832 2541693 12861
2530160 2543772 13612
2525985 2546049 20064
2534798 2546181 11383
2539522 2546214 6692
2534148 2547402 13254
2534467 2548458 13991
2534931 2549217 14286
2541731 2549448 7717
2545528 2551824 6296
2533580 2552220 18640
2537999 2552319 14320
2540108 2553342 13234
2536151 2553870 17719
2538131 2554827 16696
2545538 2555982 10444
2535390 2556015 20625
2535989 2556312 20323
2540901 2556345 15444
2545906 2556642 10736
2538540 2556708 18168
2539662 2559612 19950
2544994 2559612 14618
2540675 2560140 19465
2544713 2560602 15889
2550001 2561295 11294
2544573 2563836 19263
2551088 2564793 13705
2554261 2565024 10763
2557304 2565519 8215
2554692 2567796 13104
2549470 2568192 18722
2557619 2570040 12421
2557710 2570634 12924
2564815 2571261 6446
2564748 2571393 6645
2553915 2572383 18468
2567513 2573802 6289
2562576 2574264 11688
2556953 2575353 18400
2565586 2575551 9965
2563207 2575914 12707
2564855 2576244 11389
2570243 2576541 6298
2563094 2578158 15064
2561486 2578653 17167
2566648 2578752 12104
2572458 2578752 6294
2567731 2581524 13793
2567780 2582976 15196
2575313 2585748 10435
2575515 2586441 10926
2576427 2587365 10938
2579804 2589180 9376
2578762 2592711 13949
2587071 2593371 6300
2577245 2593932 16687
2590145 2596440 6295
2580922 2596869 15947
2579168 2598024 18856
2584321 2598123 13802
2584239 2598255 14016
2583620 2598453 14833
2585465 2598981 13516
2594325 2600598 6273
2589342 2601159 11817
2587232 2601291 14059
2585316 2601324 16008
2584306 2601753 17447
2591644 2604492 12848
2589374 2604822 15448
2596623 2605053 8430
2594793 2608386 13593
2591117 2609277 18160
2598100 2609310 11210
2603228 2609508 6280
2594937 2611488 16551
2595467 2611686 16219
2598563 2612346 13783
2602013 2612808 10795
2597446 2612940 15494
2596961 2613204 16243
2594972 2613468 18496
2608953 2615613 6660
2606948 2615778 8830
2603400 2616273 12873
2608560 2616273 7713
2609641 2616372 6731
2601493 2618946 17453
2612319 2618979 6660
2594416 2621421 27005
2599863 2622279 22416
2615954 2623566 7612
2601224 2624721 23497
2612552 2625018 12466
2600809 2625117 24308
2606005 2625513 19508
2611966 2626041 14075
2621247 2627526 6279
2616462 2628219 11757
2613038 2628483 15445
2599228 2628549 29321
2625277 2631915 6638
2628499 2635215 6716
2623367 2635446 12079
2621623 2635677 14054
2621278 2637987 16709
2625650 2638185 12535
2615440 2638977 23537
2631232 2641683 10451
2627624 2645379 17755
2627947 2646237 18290
2641732 2648019 6287
2630538 2648613 18075
2641900 2648613 6713
2636709 2648646 11937
2638005 2651715 13710
2635820 2652738 16918
2646838 2653134 6296
2639626 2653728 14102
2640348 2654982 14634
2645893 2655543 9650
2650143 2656434 6291
2650719 2657424 6705
2639773 2660064 20291
2634571 2662473 27902
2649853 2663265 13412
2647263 2663397 16134
2650305 2666565 16260
2653764 2666664 12900
2658485 2666763 8278
2647262 2669667 22405
2659137 2669931 10794
2655417 2670228 14811
2657522 2670426 12904
2659457 2673000 13543
2657063 2675607 18544
2655914 2676003 20089
2660344 2676597 16253
2662309 2676993 14684
2663593 2677125 13532
2664469 2678841 14372
2672442 2679105 6663
2670188 2679435 9247
2660118 2679666 19548
2661464 2680458 18994
2666116 2683494 17378
2667762 2683494 15732
2673301 2684451 11150
2668394 2684946 16552
2675961 2686761 10800
2672614 2687025 14411
2682461 2688741 6280
2679008 2689467 10459
2683536 2689830 6294
2673961 2689929 15968
2685603 2691876 6273
2682347 2693295 10948
2687897 2694186 6289
2686556 2696034 9478
2683377 2696133 12756
2679427 2699070 19643
2694093 2700753 6660
2691818 2701809 9991
2696066 2702436 6370
2689902 2703888 13986
2690060 2705538 15478
2696036 2705670 9634
2698731 2706066 7335
2695891 2706891 11000
2686246 2708871 22625
2698070 2709828 11758
2697318 2711775 14457
2694535 2713656 19121
2692003 2714052 22049
2699898 2715108 15210
2708818 2715966 7148
2710133 2716560 6427
2702635 2716923 14288
2708517 2718276 9759
2709443 2718804 9361
2711034 2720124 9090
2713474 2720124 6650
2711592 2720718 9126
2710329 2720784 10455
2702421 2723952 21531
2710382 2724348 13966
2703462 2724480 21018
2711909 2724744 12835
2715185 2724909 9724
2710343 2725008 14665
2713541 2727648 14107
2721366 2727648 6282
2718560 2727747 9187
2715041 2728044 13003
2710797 2728275 17478
2719935 2728275 8340
2719967 2728836 8869
2715193 2729166 13973
2723427 2729727 6300
2723721 2729991 6270
2716971 2732334 15363
2716281 2732862 16581
2723126 2734050 10924
2723681 2734479 10798
2724316 2734875 10559
2719604 2736888 17284
2711485 2737746 26261
2727599 2738043 10444
2733546 2739825 6279
2734061 2740353 6292
2728691 2740485 11794
2728583 2740848 12265
2730922 2741376 10454
2732503 2741541 9038
2737863 2744148 6285
2725835 2744808 18973
2734649 2744973 10324
2731801 2747547 15746
2734244 2748207 13963
2742536 2748834 6298
2728731 2748966 20235
2739236 2750550 11314
2741364 2751309 9945
2742150 2751903 9753
2745842 2752134 6292
2736640 2754642 18002
2734764 2755170 20406
2743882 2755335 11453
2750031 2756655 6624
2750378 2757084 6706
2741231 2757744 16513
2748762 2759691 10929
2749789 2760219 10430
2755529 2761803 6274
2747375 2761836 14461
2745192 2762265 17073
2750931 2762826 11895
2753277 2763717 10440
2747732 2765664 17932
2757374 2765928 8554
2748519 2766093 17574
2754852 2766192 11340
2756260 2768040 11780
2744448 2768634 24186
2756720 2769624 12904
2765487 2771769 6282
2760680 2772594 11914
2761404 2773386 11982
2753799 2774244 20445
2751365 2774805 23440
2763588 2775201 11613
2761141 2776719 15578
2757077 2777412 20335
2763822 2780514 16692
2774946 2781603 6657
2759883 2781801 21918
2770355 2782725 12370
2765041 2783319 18278
2771842 2783781 11939
2773410 2787576 14166
2774541 2789226 14685
2776411 2790150 13739
2777521 2790315 12794
2780374 2791173 10799
2784914 2791206 6292
2768507 2793912 25405
2780547 2793945 13398
2779993 2794440 14447
2779626 2795397 15771
2785214 2796156 10942
2784669 2796849 12180
2792430 2799093 6663
2786663 2800116 13453
2789035 2801040 12005
2786355 2801304 14949
2792885 2803515 10630
2789662 2803647 13985
2794204 2804043 9839
2793968 2804406 10438
2787928 2806089 18161
2789974 2806782 16808
2799076 2810016 10940
2803919 2810214 6295
2797336 2810907 13571
2798018 2811501 13483
2788412 2812326 23914
2789175 2813382 24207
2805481 2816418 10937
2801398 2818728 17330
2810770 2818992 8222
2813781 2820444 6663
2814697 2820972 6275
2813010 2821401 8391
2812073 2821467 9394
2811495 2823051 11556
2806168 2825229 19061
2801466 2825625 24159
2822263 2828925 6662
2819725 2831664 11939
2809267 2832291 23024
2815994 2832654 16660
2815943 2835459 19516
2830453 2836746 6293
2826364 2836812 10448
2831529 2838165 6636
2832261 2838924 6663
2830123 2839914 9791
2823515 2841531 18016
2826508 2843214 16706
2834164 2844600 10436
2831730 2845425 13695
2830610 2845953 15343
2841063 2847339 6276
2840842 2847504 6662
2842048 2848791 6743
2839285 2849682 10397
2844504 2850804 6300
2844600 2851233 6633
2841549 2852487 10938
2830654 2852784 22130
2839832 2852916 13084
2838368 2852949 14581
2848803 2856018 7215
2840544 2856183 15639
2842169 2856216 14047
2842290 2857602 15312
2847609 2857635 10026
2845053 2859747 14694
2847340 2859747 12407
2842713 2862717 20004
2856127 2862783 6656
2850275 2863641 13366
2845342 2865489 20147
2856146 2865489 9343
2852978 2866347 13369
2860857 2871297 10440
2865434 2871726 6292
2861966 2871792 9826
2861881 2872320 10439
2857635 2873079 15444
2863417 2874366 10949
2863501 2877600 14099
2868450 2879382 10932
2871563 2881329 9766
2867808 2881659 13851
2867437 2881923 14486
2874736 2882451 7715
2871334 2885916 14582
2877366 2888160 10794
2882328 2888622 6294
2878211 2890338 12127
2872624 2890371 17747
2880068 2890932 10864
2876843 2891229 14386
2881586 2891592 10006
2875671 2893506 17835
2875797 2893572 17775
2887726 2894364 6638
2881977 2894529 12552
2889303 2895750 6447
2888405 2895816 7411
2888766 2896344 7578
2890632 2896905 6273
2891692 2897994 6302
2880871 2899149 18278
2893561 2900205 6644
2883877 2901294 17417
2896650 2904099 7449
2882741 2904759 22018
2900186 2906508 6322
2900447 2907102 6655
2900541 2907696 7155
2897787 2908587 10800
2891230 2908719 17489
2897565 2910831 13266
2895235 2911458 16223
2900253 2911755 11502
2895708 2911887 16179
2900740 2911920 11180
2906963 2913240 6277
2907349 2913834 6485
2905603 2914890 9287
2900771 2915055 14284
2905552 2916078 10526
2895622 2916342 20720
2906321 2916771 10450
2895944 2916870 20926
2902058 2917464 15406
2910043 2918553 8510
2903731 2919048 15317
2903394 2920368 16974
2901051 2920731 19680
2909559 2922447 12888
2910252 2923173 12921
2908027 2924361 16334
2917726 2925615 7889
2902305 2925681 23376
2906924 2926044 19120
2914344 2926209 11865
2911110 2927661 16551
2920519 2928453 7934
2914937 2928882 13945
2918189 2929938 11749
2915537 2930400 14863
2917054 2930961 13907
2918383 2931753 13370
2925643 2932281 6638
2921367 2934855 13488
2930357 2936637 6280
2922296 2937495 15199
2932529 2939178 6649
2928931 2939871 10940
2930735 2941686 10951
2935593 2941884 6291
2931891 2942709 10818
2936427 2942742 6315
2937264 2943633 6369
2940627 2946900 6273
2933186 2948781 15595
2938636 2949078 10442
2938747 2950035 11288
2939874 2950365 10491
2944144 2950794 6650
2941075 2952015 10940
2946286 2952939 6653
2944967 2954259 9292
2938861 2955612 16751
2941671 2956635 14964
2943493 2958648 15155
2948469 2958747 10278
2953068 2959341 6273
2953694 2960100 6406
2951172 2961420 10248
2947737 2961816 14079
2956282 2963037 6755
2956344 2963136 6792
2949656 2964984 15328
2953231 2965611 12380
2955135 2966469 11334
2955618 2966502 10884
2952558 2967030 14472
2954978 2969736 14758
2963702 2970000 6298
2965174 2971815 6641
2960183 2972508 12325
2966414 2973069 6655
2967617 2973894 6277
2967654 2973927 6273
2962037 2975874 13837
2964883 2976072 11189
2972995 2979273 6278
2974689 2980989 6300
2976131 2982408 6277
2973503 2984421 10918
2972112 2986731 14619
2974119 2987622 13503
2981046 2991978 10932
2981058 2992143 11085
2974365 2992506 18141
2982560 2993133 10573
2987300 2993958 6658
2986292 2994222 7930
2983253 2994453 11200
2980077 2995344 15267
2976679 2996895 20216
2988183 2999007 10824
2982942 2999535 16593
2988687 2999997 11310
2994863 3001185 6322
2986982 3001350 14368
2992755 3003198 10443
2988570 3004056 15486
2998376 3004650 6274
2998324 3004980 6656
2993920 3005343 11423
2989525 3008181 18656
2993874 3008577 14703
2990349 3009105 18756
2994596 3009435 14839
2993142 3009831 16689
3000130 3012207 12077
3000037 3012933 12896
3000283 3013296 13013
3006624 3013461 6837
3004995 3013527 8532
3000298 3014715 14417
2993578 3016266 22688
3002297 3016299 14002
2996822 3016728 19906
2997502 3016893 19391
3010946 3018147 7201
3012484 3018774 6290
3004968 3020820 15852
3015101 3021381 6280
3017403 3024054 6651
3018271 3024549 6278
3012713 3025011 12298
3014743 3025539 10796
3020662 3026958 6296
3017902 3028410 10508
3022434 3029070 6636
3019452 3031314 11862
3011694 3032502 20808
3019250 3032865 13615
3019706 3033591 13885
3019414 3033624 14210
3023859 3036231 12372
3018898 3036693 17795
3031795 3038079 6284
3027801 3039399 11598
3033495 3039795 6300
3020504 3042633 22129
3030156 3043722 13566
3030770 3044349 13579
3034395 3044844 10449
3036023 3045801 9778
3037502 3046395 8893
3037149 3047088 9939
3030737 3047682 16945
3041409 3047748 6339
3039796 3050718 10922
3044728 3051081 6353
3046291 3053160 6869
3038644 3053688 15044
3038834 3054018 15184
3042609 3056295 13686
3049319 3057747 8428
3052855 3059133 6278
3053030 3059331 6301
3053012 3059661 6649
3053484 3059760 6276
3044100 3060255 16155
3044165 3061938 17773
3050460 3062895 12435
3050622 3063621 12999
3043524 3063786 20262
3053711 3064578 10867
3045929 3065073 19144
3054810 3066789 11979
3060532 3066822 6290
3061337 3067680 6343
3057482 3067713 10231
3053972 3067845 13873
3053831 3069033 15202
3053885 3069957 16072
3055648 3071112 15464
3063577 3074511 10934
3059675 3075138 15463
3068647 3075303 6656
3070024 3076326 6302
3067183 3077613 10430
3067002 3078438 11436
3064780 3078603 13823
3072856 3079758 6902
3070388 3080847 10459
3070995 3081870 10875
3076497 3082794 6297
3077350 3083652 6302
3074736 3085533 10797
3080476 3087117 6641
3080886 3087546 6660
3071778 3088470 16692
3078194 3089361 11167
3084577 3090879 6302
3082948 3092463 9515
3077773 3092496 14723
3078743 3092529 13786
3082894 3092562 9668
3078381 3095466 17085
3076828 3095697 18869
3089444 3096093 6649
3091176 3097446 6270
3088977 3098436 9459
3092413 3099063 6650
3092754 3099393 6639
3082355 3099789 17434
3093994 3100284 6290
3094097 3100746 6649
3082653 3101505 18852
3088441 3102429 13988
3097149 3103419 6270
3096091 3104739 8648
3096997 3105300 8303
3089353 3106686 17333
3092238 3107742 15504
3101968 3108270 6302
3095903 3108468 12565
3099571 3109425 9854
3098944 3110151 11207
3100962 3111933 10971
3105368 3112197 6829
3101511 3112461 10950
3106502 3112791 6289
3104133 3114573 10440
3099156 3114837 15681
3109331 3115992 6661
3106303 3116751 10448
3110331 3120777 10446
3111906 3122328 10422
3111563 3122955 11392
3109497 3123615 14118
3109865 3124473 14608
3118356 3124638 6282
3107176 3125595 18419
3119169 3128697 9528
3122528 3128829 6301
3123038 3129423 6385
3120475 3131568 11093
3122261 3133185 10924
3119929 3134736 14807
3131798 3138432 6634
3128367 3143052 14685
3127872 3143382 15510
3136795 3143514 6719
3137140 3145956 8816
3126573 3146847 20274
3142127 3148398 6271
3136102 3150576 14474
3133570 3150642 17072
3143132 3153579 10447
3140593 3155064 14471
3147233 3156384 9151
3142059 3156516 14457
3146481 3157539 11058
3148632 3159420 10788
3145764 3159552 13788
3154145 3160806 6661
3155725 3162390 6665
3155986 3162621 6635
3149303 3162687 13384
3148262 3162720 14458
3157502 3163776 6274
3158661 3165030 6369
3161996 3168660 6664
3157913 3168924 11011
3159623 3171135 11512
3156582 3171762 15180
3160394 3173346 12952
3165826 3173412 7586
3163630 3174435 10805
3166672 3174732 8060
3165377 3175821 10444
3167913 3178923 11010
3162132 3179616 17484
3161998 3180144 18146
3170948 3181893 10945
3174852 3182157 7305
3171967 3182421 10454
3176553 3182850 6297
3177463 3184533 7070
3175161 3186084 10923
3170688 3186249 15561
3180634 3186909 6275
3181047 3187338 6291
3170409 3188427 18018
3182119 3188757 6638
3176213 3189219 13006
3179684 3190143 10459
3177922 3192024 14102
3181592 3192585 10993
3180745 3193278 12533
3182466 3193905 11439
3189063 3195357 6294
3184580 3195687 11107
3175260 3195819 20559
3189803 3197040 7237
3190559 3197205 6646
3191466 3198129 6663
3184840 3200868 16028
3183337 3201264 17927
3186824 3201297 14473
3193048 3203508 10460
3187136 3204003 16867
3189809 3204465 14656
3200489 3207138 6649
3194659 3208227 13568
3192861 3208953 16092
3194954 3209085 14131
3203635 3209910 6275
3196833 3211329 14496
3197321 3211395 14074
3205185 3214002 8817
3204431 3214860 10429
3210539 3216840 6301
3207260 3217698 10438
3207137 3219348 12211
3206448 3221064 14616
3216908 3223572 6664
3215291 3225750 10459
3217001 3225816 8815
3216531 3227334 10803
3220845 3227499 6654
3222382 3228654 6272
3221248 3229083 7835
3214714 3229545 14831
3218356 3230040 11684
3221001 3231459 10458
3225820 3232119 6299
3223755 3232713 8958
3226734 3233010 6276
3224108 3235155 11047
3229545 3235815 6270
3216241 3236607 20366
3230063 3237234 7171
3221177 3237597 16420
3223766 3238290 14524
3220313 3240006 19693
3233799 3240732 6933
3235463 3241755 6292
3231862 3243174 11312
3231278 3243999 12721
3230654 3244494 13840
3231427 3246639 15212
3240381 3247035 6654
3234236 3250038 15802
3240536 3251193 10657
3232169 3251688 19519
3242542 3251754 9212
3241404 3252216 10812
3246622 3253272 6650
3248139 3255978 7839
3236139 3257826 21687
3245659 3258552 12893
3246876 3259311 12435
3247321 3260004 12683
3255071 3261357 6286
3253162 3262644 9482
3256697 3263337 6640
3255855 3263799 7944
3247059 3264030 16971
3254831 3265680 10849
3252408 3266604 14196
3252448 3266802 14354
3260877 3267165 6288
3248402 3267198 18796
3252240 3268848 16608
3248122 3269904 21782
3253687 3270630 16943
3253443 3270960 17517
3250803 3270993 20190
3254533 3274161 19628
3250320 3274458 24138
3270412 3276702 6290
3266000 3276933 10933
3266871 3277329 10458
3268106 3277923 9817
3262855 3278055 15200
3261201 3279474 18273
3274377 3281025 6648
3271624 3281223 9599
3261841 3281850 20009
3276437 3282708 6271
3262633 3284391 21758
3276411 3285282 8871
3268691 3285513 16822
3271908 3286107 14199
3279876 3286536 6660
3273290 3286635 13345
3275680 3287262 11582
3280044 3288879 8835
3263299 3289044 25745
3281219 3289506 8287
3280112 3290562 10450
3273082 3291255 18173
3280991 3291882 10891
3277119 3292113 14994
3266056 3292146 26090
3275851 3292905 17054
3271685 3295083 23398
3287972 3298086 10114
3292206 3298482 6276
3284330 3298515 14185
3283393 3298680 15287
3280966 3299604 18638
3294417 3300693 6276
3294920 3301584 6664
3283942 3301782 17840
3284178 3302376 18198
3285857 3304719 18862
3285395 3305544 20149
3299254 3305907 6653
3297768 3308580 10812
3289491 3309867 20376
3299503 3312903 13400
3303359 3315180 11821
3310029 3316665 6636
3306250 3317061 10811
3309546 3320493 10947
3314736 3321384 6648
3307635 3322242 14607
3308944 3323793 14849
3310302 3324189 13887
3319579 3325872 6293
3323556 3329832 6276
3318374 3330492 12118
3325506 3331779 6273
3320968 3331911 10943
3319961 3332670 12709
3326678 3332967 6289
3325423 3334947 9524
3331724 3338379 6655
3331952 3338973 7021
3324941 3339171 14230
3333432 3339732 6300
3329389 3342108 12719
3336172 3342471 6299
3334658 3343296 8638
3336999 3343296 6297
3325722 3344253 18531
3333821 3344616 10795
3334152 3346200 12048
3340085 3346728 6643
3336122 3347058 10936
3337762 3348576 10814
3344001 3350292 6291
3340020 3350457 10437
3343833 3350490 6657
3338945 3350853 11908
3338932 3355902 16970
3349526 3356166 6640
3342641 3357123 14482
3352185 3358476 6291
3354520 3361182 6662
3347187 3361644 14457
3349195 3362238 13043
3347971 3364284 16313
3351663 3364383 12720
3358609 3365274 6665
3359171 3365472 6301
3350527 3365505 14978
3356193 3368310 12117
3359847 3368904 9057
3361230 3369531 8301
3364470 3371115 6645
3364064 3371643 7579
3359355 3373953 14598
3360407 3374382 13975
3365908 3374943 9035
3369550 3377781 8231
3368416 3379365 10949
3356132 3381081 24949
3374976 3381246 6270
3366884 3381345 14461
3371113 3381543 10430
3367263 3381609 14346
3365684 3382665 16981
3366834 3383193 16359
3376988 3383259 6271
3376592 3383688 7096
3371334 3384348 13014
3379065 3385701 6636
3379120 3385767 6647
3381401 3387681 6280
3382196 3388473 6277
3378403 3389331 10928
3382891 3389529 6638
3382933 3390123 7190
3384071 3391278 7207
3377321 3391938 14617
3381753 3395172 13419
3384357 3395304 10947
3379294 3395403 16109
3391365 3398307 6942
3385621 3398472 12851
3392440 3398802 6362
3393074 3399363 6289
3393402 3399693 6291
3383476 3400320 16844
3391050 3401871 10821
3391548 3402003 10455
3384116 3402795 18679
3391638 3403191 11553
3389730 3404214 14484
3395810 3404511 8701
3400320 3406590 6270
3398288 3406986 8698
3401023 3407316 6293
3395175 3410055 14880
3400257 3412200 11943
3404470 3413982 9512
3395688 3417150 21462
3403809 3417909 14100
3411852 3418140 6288
3404042 3418503 14461
3406261 3418602 12341
3407846 3420549 12703
3404763 3422067 17304
3411900 3425367 13467
3414377 3425895 11518
3420367 3427017 6650
3417182 3428007 10825
3407904 3429162 21258
3415905 3429789 13884
3423881 3430152 6271
3423895 3430185 6290
3419439 3430449 11010
3417614 3432099 14485
3413455 3433221 19766
3414905 3434244 19339
3425165 3435597 10432
3427354 3438171 10817
3428639 3438633 9994
3421492 3439491 17999
3421905 3439854 17949
3430084 3441405 11321
3421589 3441900 20311
3430859 3443022 12163
3425757 3444045 18288
3436872 3446124 9252
3428607 3447015 18408
3429667 3450480 20813
3444733 3451173 6440
3441009 3451932 10923
3432394 3452163 19769
3441845 3452724 10879
3434132 3453648 19516
3436844 3454539 17695
3431781 3455331 23550
3441898 3455793 13895
3451890 3458169 6279
3451538 3458202 6664
3441301 3458334 17033
3436100 3459027 22927
3452727 3460611 7884
3447073 3461370 14297
3450759 3461865 11106
3445109 3463218 18109
3445826 3463317 17491
3455017 3463581 8564
3440161 3463878 23717
3454670 3465429 10759
3445512 3466848 21336
3450908 3466848 15940
3446712 3467178 20466
3451797 3467640 15843
3445473 3467706 22233
3449266 3468267 19001
3461976 3468465 6489
3458492 3469422 10930
3449169 3470445 21276
3454351 3471468 17117
3461310 3475791 14481
3465177 3475989 10812
3468820 3479751 10931
3468603 3481038 12435
3466260 3481929 15669
3477150 3484305 7155
3475789 3487341 11552
3484943 3491235 6292
3477312 3491301 13989
3470621 3492060 21439
3487677 3494337 6660
3477648 3494535 16887
3479744 3494964 15220
3481595 3495624 14029
3485330 3496779 11449
3491502 3501960 10458
3492120 3502554 10434
3493499 3503148 9649
3488666 3504039 15373
3497867 3504138 6271
3496073 3505359 9286
3498991 3505656 6665
3499444 3506085 6641
3500768 3507042 6274
3501855 3508131 6276
3497434 3508329 10895
3489507 3510144 20637
3500148 3510969 10821
3504595 3511233 6638
3490105 3511431 21326
3500719 3511596 10877
3503161 3513741 10580
3497841 3514137 16296
3505266 3516084 10818
3509362 3517602 8240
3514575 3520869 6294
3508347 3522717 14370
3513317 3524136 10819
3522651 3528921 6270
3512397 3530340 17943
3514199 3530439 16240
3520238 3532947 12709
3514391 3533145 18754
3517820 3533640 15820
3516284 3533871 17587
3524025 3534828 10803
3523376 3537963 14587
3527957 3544398 16441
3530058 3544563 14505
3534297 3545091 10794
3519589 3545817 26228
3540689 3547038 6349
3540980 3547500 6520
3534948 3548259 13311
3527846 3548358 20512
3534100 3548886 14786
3539961 3550404 10443
3537094 3551262 14168
3541165 3551658 10493
3528818 3552153 23335
3534208 3552417 18209
3534737 3552681 17944
3537622 3553242 15620
3545362 3553803 8441
3533839 3555486 21647
3540423 3555915 15492
3544681 3557433 12752
3551766 3558456 6690
3550761 3561195 10434
3555359 3562020 6661
3551043 3562251 11208
3554334 3565386 11052
3557383 3568323 10940
3549956 3570468 20512
3565760 3572052 6292
3558312 3573603 15291
3567678 3573966 6288
3568415 3575055 6640
3570000 3576639 6639
3563876 3576771 12895
3571487 3578685 7198
3563901 3579972 16071
3570357 3581292 10935
3571422 3582348 10926
3566399 3583272 16873
3566058 3583305 17247
3578948 3585219 6271
3574981 3585417 10436
3580797 3587529 6732
3577009 3587826 10817
3574905 3589377 14472
3582166 3590631 8465
3574033 3590763 16730
3586397 3593040 6643
3580273 3593865 13592
3573288 3593931 20643
3578834 3594921 16087
3583788 3596406 12618
3582638 3596703 14065
3581889 3597528 15639
3586585 3600003 13418
3588626 3601026 12400
3590901 3601719 10818
3589098 3603567 14469
3596207 3603864 7657
3582875 3603996 21121
3589936 3604788 14852
3583683 3608055 24372
3596041 3611322 15281
3586549 3612114 25565
3587610 3615216 27606
3597416 3615381 17965
