6587 13563 6976
4817 15609 10792
10515 17160 6645
12548 19998 7450
13831 20493 6662
7730 20658 12928
9369 23760 14391
11565 24024 12459
15528 26598 11070
11728 26697 14969
22273 28908 6635
25364 35805 10441
25796 36234 10438
31003 37290 6287
23701 37719 14018
29496 39930 10434
28698 43659 14961
34034 44847 10813
35464 46266 10802
38716 49533 10817
31062 49599 18537
41815 52272 10457
39315 52338 13023
33102 52470 19368
46073 55275 9202
39925 55704 15779
50955 57618 6663
44938 58443 13505
47849 62304 14455
53808 64614 10806
58512 64812 6300
60452 66726 6274
60598 71049 10451
58861 73326 14465
67489 74151 6662
64288 74745 10457
70666 76956 6290
68931 79728 10797
71003 81939 10936
70278 82071 11793
73695 84513 10818
66548 87219 20671
81511 88176 6665
74725 89199 14474
83381 93819 10438
84162 95106 10944
85203 95997 10794
90398 96690 6292
90638 97284 6646
93833 100485 6652
100260 106557 6297
95645 107646 12001
104255 110913 6658
98349 113058 14709
111037 117678 6641
113347 119625 6278
116023 122298 6275
119356 125994 6638
119834 126588 6754
116841 127677 10836
118153 129096 10943
126688 133320 6632
127397 134046 6649
119316 134739 15423
122484 136851 14367
125941 137082 11141
126425 137313 10888
132262 138897 6635
127815 139623 11808
128809 142131 13322
131889 142824 10935
128369 142890 14521
136339 142989 6650
138260 144903 6643
132729 146289 13560
141797 148071 6274
138675 148401 9726
133088 150051 16963
143954 150612 6658
144886 151173 6287
140980 151800 10820
140121 152889 12768
138385 153285 14900
145276 156189 10913
156748 163020 6272
149217 163680 14463
149788 164439 14651
159383 166023 6640
151801 166419 14618
160689 167343 6654
153260 170445 17185
155965 170544 14579
165149 171435 6286
155210 172161 16951
162337 172788 10451
163109 177804 14695
160813 178959 18146
173900 180873 6973
170218 181170 10952
172121 182919 10798
174516 184305 9789
178186 184833 6647
179942 186582 6640
173946 187473 13527
183047 189684 6637
182075 189849 7774
183875 190146 6271
178792 190542 11750
176005 190740 14735
176341 192852 16511
188764 195426 6662
189423 196086 6663
193187 199485 6298
180118 201300 21182
195761 202059 6298
189961 203907 13946
197836 204501 6665
191289 204666 13377
190837 205293 14456
194548 205359 10811
199243 205524 6281
192736 208527 15791
205219 211497 6278
196291 211662 15371
200662 214929 14267
200771 215226 14455
210905 217206 6301
206776 217701 10925
204525 218196 13671
212176 218460 6284
211285 220836 9551
219902 226545 6643
220777 227073 6296
221379 227733 6354
224991 232122 7131
224866 235686 10820
226767 236148 9381
230086 236379 6293
225053 236874 11821
226577 237501 10924
232490 238788 6298
232001 238920 6919
232711 240042 7331
226846 241263 14417
230978 241461 10483
228063 241923 13860
224880 243375 18495
236806 243540 6734
232821 247863 15042
240379 251328 10949
241376 251856 10480
247434 253704 6270
254278 260568 6290
250659 261459 10800
255892 262548 6656
254097 265023 10926
258805 265089 6284
255007 268752 13745
258643 272448 13805
262025 272844 10819
263952 274758 10806
262798 275946 13148
267373 277827 10454
272307 278949 6642
269154 283536 14382
280136 286407 6271
281240 287892 6652
278143 289080 10937
269868 289410 19542
270905 289476 18571
283676 291390 7714
275863 291720 15857
286287 292578 6291
277909 293304 15395
280694 293865 13171
287601 294261 6660
289125 295416 6291
281717 298584 16867
278864 298980 20116
280930 299145 18215
289171 299970 10799
283666 301884 18218
282058 303600 21542
294430 304887 10457
300399 306669 6270
304991 311289 6298
304926 311586 6660
307180 313467 6287
308239 314886 6647
309486 315777 6291
298479 315810 17331
310049 324522 14473
308681 325479 16798
310937 326964 16027
310453 327228 16775
319674 328185 8511
316538 330264 13726
319455 334686 15231
318114 334719 16605
317412 335280 17868
326101 337029 10928
325118 338316 13198
325170 339009 13839
318610 340923 22313
316550 341352 24802
337887 344157 6270
331616 344289 12673
333910 344355 10445
327462 346269 18807
328895 348249 19354
342193 348843 6650
338640 350328 11688
331592 351417 19825
329178 352572 23394
345230 355674 10444
342503 359469 16966
349599 360393 10794
347285 362769 15484
344547 363297 18750
353327 364122 10795
351176 365772 14596
360029 366795 6766
360408 368049 7641
362704 369369 6665
360030 370854 10824
359553 373197 13644
359179 373659 14480
360355 374220 13865
365644 376365 10721
366404 379566 13162
374817 381249 6432
367549 384186 16637
366277 384747 18470
374672 385473 10801
371164 385770 14606
380650 386925 6275
376377 387123 10746
381614 388278 6664
377026 391017 13991
381115 391644 10529
385803 392436 6633
387238 393888 6650
382042 396495 14453
387648 398244 10596
392162 398442 6280
393975 400257 6282
393709 400356 6647
391374 402930 11556
388691 405372 16681
388623 405570 16947
399431 409860 10429
400855 411675 10820
406790 413061 6271
408068 414711 6643
410558 416856 6298
411210 417846 6636
403841 418308 14467
413245 424083 10838
417854 424149 6295
412599 424446 11847
420254 426525 6271
420762 427053 6291
412631 428736 16105
413628 428802 15174
415554 429594 14040
419828 432729 12901
421172 435138 13966
424488 435303 10815
425757 436689 10932
432605 438900 6295
427854 442134 14280
426132 443487 17355
433003 445137 12134
440776 447051 6275
441036 447678 6642
437138 450318 13180
450458 457116 6658
451862 458139 6277
454899 461175 6276
450818 461637 10819
462875 469161 6286
462997 469689 6692
462003 472890 10887
467214 473484 6270
460046 475002 14956
474280 485100 10820
474246 485199 10953
479189 488268 9079
483537 489819 6282
472970 491535 18565
485347 491997 6650
488786 495066 6280
481876 495264 13388
484637 497640 13003
480605 498003 17398
492521 498828 6307
489358 499818 10460
488903 502029 13126
489735 502359 12624
496058 502359 6301
496498 502788 6290
497655 503943 6288
498026 504669 6643
494293 505230 10937
484499 507639 23140
484744 507936 23192
493635 508002 14367
503871 510510 6639
493422 511203 17781
510697 516978 6281
510271 521070 10799
512623 523083 10460
517034 524205 7171
519318 525954 6636
509641 526614 16973
513595 528198 14603
516822 528198 11376
522687 528957 6270
520000 529452 9452
513182 530409 17227
522331 531168 8837
516298 531498 15200
520847 532323 11476
518940 534072 15132
518775 535227 16452
525900 537174 11274
519569 537240 17671
531282 537570 6288
531427 537702 6275
527312 538131 10819
529919 541629 11710
535334 544335 9001
528811 547041 18230
532760 547239 14479
535618 548295 12677
538061 548790 10729
533484 549021 15537
534579 549648 15069
539196 549648 10452
533200 550539 17339
544913 551199 6286
542652 553080 10428
544613 555423 10810
548865 555522 6657
549630 555918 6288
538377 556314 17937
542788 557403 14615
549844 560274 10430
544519 560472 15953
555334 561627 6293
555506 562155 6649
555043 562518 7475
555803 562749 6946
557739 564036 6297
549988 564465 14477
557176 567633 10457
562878 569514 6636
558704 570471 11767
560100 570966 10866
564446 571197 6751
561098 571890 10792
554490 573540 19050
558114 574101 15987
566387 576840 10453
562523 577005 14482
567493 578424 10931
569160 579612 10452
571714 581526 9812
571160 583935 12775
570365 584826 14461
571836 587070 15234
580906 587565 6659
573513 590040 16527
582727 593670 10943
580139 596574 16435
590811 597102 6291
586313 597267 10954
591656 597960 6304
593185 599841 6656
591523 599874 8351
589483 599940 10457
590426 600105 9679
594105 600402 6297
590154 603504 13350
590384 603735 13351
592199 604494 12295
598655 606804 8149
594256 607992 13736
597619 608520 10901
591322 608982 17660
594524 608982 14458
599047 612018 12971
607621 614262 6641
604892 615153 10261
609364 616011 6647
611390 618024 6634
603094 619146 16052
603191 620829 17638
604080 621951 17871
616179 622842 6663
614686 623502 8816
616852 623502 6650
618148 624789 6641
618732 625383 6651
620275 626571 6296
615111 627528 12417
622349 628650 6301
624391 630663 6272
625347 631620 6273
625681 632346 6665
619946 634491 14545
624044 634854 10810
628311 635052 6741
631186 637560 6374
627788 638715 10927
633830 640728 6898
635001 641289 6288
634856 641520 6664
630544 644127 13583
637434 644160 6726
634298 645117 10819
634703 646635 11932
640062 646701 6639
644239 650529 6290
636717 650727 14010
644332 651684 7352
645255 652245 6990
643703 654522 10819
642930 654555 11625
644346 655314 10968
648665 655314 6649
650267 656931 6664
641022 657690 16668
654871 661155 6284
655190 666138 10948
659959 666600 6641
648075 668217 20142
657726 668976 11250
664304 670593 6289
660067 671022 10955
664868 671154 6286
653914 671286 17372
669534 675807 6273
669817 680262 10445
670569 681516 10947
671592 682473 10881
677772 684057 6285
679286 685575 6289
678316 689139 10823
686814 693099 6285
688435 694716 6281
685020 695838 10818
683482 696069 12587
695216 701514 6298
690771 701712 10941
691306 702108 10802
698217 704517 6300
699355 705639 6284
700072 706728 6656
700549 706827 6278
700597 706893 6296
701265 707916 6651
694240 709203 14963
694558 710061 15503
702729 713163 10434
713712 720357 6645
711444 722238 10794
716655 723294 6639
716793 723426 6633
718135 728574 10439
721923 731313 9390
724984 731643 6659
725740 732072 6332
729365 735636 6271
721428 736032 14604
727839 738771 10932
735465 742104 6639
731260 745734 14474
744201 750849 6648
736901 751410 14509
749848 756492 6644
747016 757449 10433
751862 758142 6280
752393 762828 10435
755082 765534 10452
760948 771408 10460
760465 774939 14474
773284 779922 6638
773839 780483 6644
775535 782199 6664
769063 783651 14588
776601 787050 10449
779279 788931 9652
778996 792000 13004
789174 795498 6324
782313 795696 13383
781352 795828 14476
788880 799326 10446
785024 799392 14368
783082 800250 17168
793964 801372 7408
787336 802593 15257
784698 803583 18885
793511 805101 11590
793504 807972 14468
785014 810480 25466
795412 810480 15068
793678 810909 17231
797596 811338 13742
796738 811569 14831
806535 813384 6849
813542 819819 6277
816204 822492 6288
812633 823581 10948
819066 825363 6297
820265 826914 6649
823490 830148 6658
825241 831534 6293
827391 834042 6651
828341 834999 6658
832643 838926 6283
828720 842127 13407
831982 842424 10442
837332 843744 6412
832078 845229 13151
835298 845559 10261
834929 845922 10993
838768 846087 7319
839555 846714 7159
832045 847407 15362
834547 848529 13982
834997 849651 14654
835959 850443 14484
845862 852522 6660
843944 853182 9238
847309 854073 6764
843857 854304 10447
851197 857472 6275
847754 858396 10642
846890 858462 11572
849508 859947 10439
852101 862554 10453
863274 869913 6639
859179 873246 14067
858912 873378 14466
867311 873972 6661
860205 874533 14328
860415 877800 17385
873275 879912 6637
868975 880902 11927
874780 881430 6650
875284 881562 6278
871832 882585 10753
876286 887106 10820
873528 890373 16845
880974 891924 10950
882408 892848 10440
875531 894333 18802
889626 896610 6984
891721 897996 6275
887795 902253 14458
901553 907830 6277
901422 912219 10797
902348 913275 10927
899949 913935 13986
902777 913935 11158
901949 915948 13999
899919 916047 16128
908117 918918 10801
911534 922482 10948
909926 924297 14371
918786 925056 6270
915520 925980 10460
919896 926541 6645
914471 928950 14479
925058 931359 6301
924321 935121 10800
931496 937794 6298
924706 937860 13154
927040 941523 14483
930759 941556 10797
932965 942810 9845
931145 943074 11929
931939 943833 11894
932450 944097 11647
939756 946044 6288
933890 946803 12913
936693 947397 10704
942410 948684 6274
945405 952050 6645
936433 953766 17333
951282 957561 6279
947110 958089 10979
952363 959013 6650
945232 959706 14474
953452 959739 6287
946500 960828 14328
948700 962973 14273
953580 964029 10449
949087 965382 16295
956514 966108 9594
960699 967362 6663
954529 969342 14813
959133 970299 11166
964727 971025 6298
967530 973830 6300
959527 973896 14369
970436 976734 6298
963865 978483 14618
973827 980463 6636
969302 980694 11392
969918 980991 11073
969462 984225 14763
973257 984522 11265
971238 985941 14703
971836 986304 14468
977057 987987 10930
981942 988581 6639
975584 989109 13525
979613 989439 9826
979005 991584 12579
981793 992244 10451
981682 994686 13004
987108 994950 7842
988367 995016 6649
980509 995577 15068
976163 996963 20800
983221 999372 16151
990093 1000263 10170
979740 1000395 20655
990275 1000857 10582
994732 1001022 6290
991839 1002771 10932
994402 1005213 10811
984224 1007919 23695
1001553 1008216 6663
1003683 1009965 6282
1003981 1010262 6281
1003730 1010394 6664
1004944 1011219 6275
1001377 1012110 10733
1009412 1016070 6658
1005685 1016499 10814
1011570 1017885 6315
1006117 1019304 13187
1013464 1019766 6302
1010977 1024683 13706
1010599 1025079 14480
1013194 1026366 13172
1016465 1027488 11023
1018102 1028544 10442
1022854 1029501 6647
1014009 1029963 15954
1012042 1031646 19604
1021545 1031646 10101
1019550 1032999 13449
1027603 1035375 7772
1025430 1036233 10803
1020182 1037553 17371
1031316 1038279 6963
1032428 1039071 6643
1024787 1040688 15901
1036518 1042800 6282
1034309 1045242 10933
1038459 1049268 10809
1038542 1050390 11848
1041004 1051809 10805
1045402 1052469 7067
1042532 1053459 10927
1038729 1053591 14862
1046898 1055901 9003
1045901 1058937 13036
1041488 1061511 20023
1044662 1063458 18796
1057599 1063887 6288
1047479 1064448 16969
1052212 1065966 13754
1048835 1066494 17659
1056073 1067022 10949
1062461 1068738 6277
1063909 1070190 6281
1060461 1071411 10950
1057038 1073754 16716
1065592 1074216 8624
1068415 1075371 6956
1066639 1077087 10448
1058438 1078638 20200
1066663 1078869 12206
1070121 1080552 10431
1075336 1081971 6635
1072798 1083258 10460
1077795 1088604 10809
1082039 1088703 6664
1078194 1089000 10806
1079912 1090947 11035
1085287 1091937 6650
1090226 1096524 6298
1085003 1098273 13270
1093499 1099791 6292
1088335 1100649 12314
1091353 1101804 10451
1094646 1102629 7983
1086690 1104906 18216
1094693 1105137 10444
1091085 1105533 14448
1100686 1106985 6299
1096738 1111440 14702
1106557 1113222 6665
1107582 1114245 6663
1096866 1114542 17676
1095639 1115961 20322
1109520 1116687 7167
1112885 1119525 6640
1108163 1123122 14959
1108873 1123353 14480
1109946 1123617 13671
1117442 1125729 8287
1117851 1125927 8076
1119478 1126125 6647
1121515 1127808 6293
1120387 1130844 10457
1123322 1133781 10459
1124754 1133913 9159
1128009 1134672 6663
1123712 1136817 13105
1134593 1141239 6646
1137440 1143714 6274
1132842 1143780 10938
1135989 1146420 10431
1142177 1148466 6289
1138567 1149522 10955
1144596 1151238 6642
1144888 1151568 6680
1145205 1152129 6924
1149364 1155660 6296
1138937 1155792 16855
1146827 1158036 11209
1151513 1160907 9394
1151079 1162029 10950
1155874 1162524 6650
1151605 1165197 13592
1161959 1168233 6274
1158807 1169256 10449
1155602 1169421 13819
1157760 1172127 14367
1158004 1174701 16697
1164964 1175757 10793
1172108 1178397 6289
1161506 1178529 17023
1167240 1179684 12444
1174361 1181004 6643
1166088 1182423 16335
1169869 1184667 14798
1182927 1189221 6294
1179580 1190376 10796
1177619 1192092 14473
1192291 1198956 6665
1192705 1198989 6284
1188633 1199088 10455
1193450 1199748 6298
1197317 1203972 6655
1201182 1207635 6453
1194212 1208196 13984
1198016 1211826 13810
1206127 1212420 6293
1202508 1213311 10803
1200400 1214466 14066
1209481 1216116 6635
1205987 1216413 10426
1206030 1216479 10449
1205378 1218261 12883
1202018 1218624 16606
1205187 1221858 16671
1206292 1224168 17876
1204519 1224201 19682
1209902 1224663 14761
1215139 1225224 10085
1208868 1225653 16785
1210399 1226313 15914
1214167 1228920 14753
1209953 1229415 19462
1211754 1229976 18222
1218864 1230174 11310
1217243 1233078 15835
1221193 1236345 15152
1228597 1239546 10949
1234183 1240833 6650
1231187 1242120 10933
1232774 1247334 14560
1240858 1247499 6641
1242124 1248423 6299
1235599 1249578 13979
1243493 1250139 6646
1243845 1250139 6294
1234879 1250304 15425
1236531 1252317 15786
1244899 1252416 7517
1237639 1254660 17021
1249075 1255353 6278
1239665 1255485 15820
1250258 1256541 6283
1246539 1260996 14457
1251540 1263471 11931
1241089 1263834 22745
1258006 1264659 6653
1250182 1266045 15863
1255440 1266243 10803
1261288 1268289 7001
1265689 1271985 6296
1269442 1275714 6272
1266875 1277826 10951
1262044 1278948 16904
1276249 1282908 6659
1277018 1283304 6286
1272362 1286538 14176
1281673 1288320 6647
1282901 1291290 8389
1288743 1295382 6639
1290741 1297032 6291
1293420 1300068 6648
1281896 1300695 18799
1291347 1300728 9381
1291679 1302114 10435
1295471 1302873 7402
1297304 1303962 6658
1290676 1305150 14474
1290097 1307196 17099
1295222 1309209 13987
1301253 1312179 10926
1305805 1312443 6638
1293420 1312476 19056
1308315 1314588 6273
1302608 1314654 12046
1310608 1316898 6290
1302362 1319208 16846
1308949 1319769 10820
1307199 1321320 14121
1311360 1322310 10950
1315080 1325874 10794
1312878 1326270 13392
1319921 1327062 7141
1317711 1328514 10803
1316320 1330296 13976
1319832 1330626 10794
1323369 1333464 10095
1329869 1336533 6664
1319993 1337061 17068
1331383 1338018 6635
1329059 1339503 10444
1324238 1341813 17575
1332337 1343133 10796
1337704 1345476 7772
1343698 1349997 6299
1345086 1351647 6561
1346496 1352769 6273
1346654 1352934 6280
1340168 1354650 14482
1344751 1355211 10460
1344186 1357884 13698
1350100 1359930 9830
1350853 1360656 9803
1351434 1361250 9816
1351390 1362141 10751
1350009 1363824 13815
1344272 1364418 20146
1354742 1365540 10798
1350399 1367487 17088
1361388 1368048 6660
1351369 1368411 17042
1362802 1369104 6302
1366207 1372602 6395
1361613 1372767 11154
1358629 1373922 15293
1368308 1374945 6637
1365736 1376166 10430
1373046 1379334 6288
1357048 1379697 22649
1373640 1380390 6750
1370214 1381545 11331
1375735 1382370 6635
1373122 1382799 9677
1372971 1383921 10950
1366993 1384680 17687
1379350 1386528 7178
1372505 1386990 14485
1369734 1387947 18213
1376367 1394151 17784
1392446 1398738 6292
1392453 1402896 10443
1394740 1405173 10433
1397456 1405305 7849
1403297 1409595 6298
1395619 1410090 14471
1399578 1411740 12162
1400119 1414314 14195
1405649 1415403 9754
1405156 1419924 14768
1413717 1419990 6273
1409982 1423158 13176
1419472 1426095 6623
1417265 1427712 10447
1422532 1428834 6302
1418644 1429461 10817
1419222 1431408 12186
1419770 1434246 14476
1428791 1435071 6280
1428622 1439559 10937
1440412 1447050 6638
1440600 1447248 6648
1443656 1450350 6694
1445177 1451835 6658
1437490 1452462 14972
1443178 1453980 10802
1444194 1455003 10809
1444907 1455729 10822
1449858 1458567 8709
1452221 1459095 6874
1455001 1461273 6272
1451669 1462758 11089
1457853 1464144 6291
1458562 1464837 6275
1451864 1466091 14227
1456956 1467411 10455
1461335 1470513 9178
1464844 1471503 6659
1458916 1473582 14666
1463553 1476189 12636
1466549 1477476 10927
1469867 1480314 10447
1468106 1482723 14617
1472968 1483779 10811
1474951 1485396 10445
1474856 1486485 11629
1474001 1486518 12517
1481088 1487376 6288
1483816 1490544 6728
1480707 1491633 10926
1481619 1492095 10476
1482534 1492986 10452
1483069 1493514 10445
1482826 1495395 12569
1484160 1498134 13974
1486732 1499223 12491
1477785 1499784 21999
1485339 1499817 14478
1489753 1500213 10460
1488252 1500312 12060
1497428 1507869 10441
1503205 1509849 6644
1498537 1510707 12170
1502981 1513413 10432
1503436 1514700 11264
1498570 1516020 17450
1501156 1517109 15953
1500153 1517406 17253
1503093 1519254 16161
1512680 1519815 7135
1513529 1520541 7012
1502430 1521795 19365
1508172 1522158 13986
1506322 1522323 16001
1509644 1524699 15055
1519601 1525887 6286
1506836 1526052 19216
1509477 1526316 16839
1512517 1530276 17759
1520270 1531167 10897
1520125 1533477 13352
1516305 1533774 17469
1528625 1535589 6964
1529067 1535787 6720
1529903 1536183 6280
1531260 1537899 6639
1532314 1538592 6278
1533927 1540209 6282
1527881 1541859 13978
1537432 1543707 6275
1537963 1544598 6635
1535629 1546446 10817
1540190 1546842 6652
1536835 1549548 12713
1534688 1551594 16906
1537438 1552122 14684
1541432 1553772 12340
1548101 1554762 6661
1549270 1555917 6647
1545887 1559415 13528
1549502 1559943 10441
1551264 1562187 10923
1552322 1562781 10459
1552766 1563045 10279
1551300 1565454 14154
1559856 1566147 6291
1555296 1566312 11016
1560852 1567500 6648
1556612 1569051 12439
1561836 1572285 10449
1566962 1573242 6280
1569390 1576047 6657
1565689 1576641 10952
1571159 1577433 6274
1563526 1578159 14633
1563634 1579941 16307
1569746 1580700 10954
1570946 1582317 11371
1572106 1582911 10805
1570180 1584924 14744
1575356 1585023 9667
1574725 1585155 10430
1575272 1585716 10444
1572817 1588059 15242
1572936 1588851 15915
1575921 1589874 13953
1584461 1590732 6271
1583440 1593900 10460
1579798 1596078 16280
1584905 1596342 11437
1586595 1597530 10935
1591625 1597926 6301
1592695 1599345 6650
1593353 1599642 6289
1593675 1599972 6297
1593365 1600236 6871
1593821 1600467 6646
1587265 1600764 13499
1590741 1601655 10914
1599173 1605450 6277
1602050 1608684 6634
1603918 1610202 6284
1599883 1610367 10484
1603759 1610400 6641
1587351 1610433 23082
1601114 1612842 11728
1602429 1614228 11799
1604089 1614591 10502
1611845 1618122 6277
1612053 1618716 6663
1610664 1621092 10428
1625385 1631685 6300
1632734 1643532 10798
1637918 1644192 6274
1633857 1644654 10797
1640155 1646436 6281
1644478 1650759 6281
1637656 1651155 13499
1645642 1651914 6272
1642750 1653630 10880
1641155 1655181 14026
1648744 1655379 6635
1648259 1656039 7780
1644717 1659174 14457
1650324 1661418 11094
1651748 1663365 11617
1652418 1663563 11145
1650729 1665213 14484
1658476 1668315 9839
1658195 1670196 12001
1656317 1670889 14572
1648714 1671483 22769
1665922 1672209 6287
1666553 1673199 6646
1664083 1678545 14462
1659170 1678941 19771
1659399 1679601 20202
1672696 1680591 7895
1670164 1682175 12011
1677521 1683792 6271
1670878 1684848 13970
1678469 1685442 6973
1671911 1685838 13927
1682341 1688643 6302
1671407 1689006 17599
1678183 1689006 10823
1674258 1689105 14847
1676447 1689732 13285
1673643 1692669 19026
1687855 1694154 6299
1675876 1694847 18971
1680784 1695144 14360
1684781 1695738 10957
1685166 1697553 12387
1689662 1698180 8518
1678522 1698543 20021
1684177 1698642 14465
1693894 1700226 6332
1687175 1702239 15064
1688493 1707156 18663
1701591 1707882 6291
1698340 1708773 10433
1698110 1709202 11092
1703817 1710456 6639
1706199 1712469 6270
1703010 1713954 10944
1711537 1717815 6278
1705114 1720059 14945
1710524 1721016 10492
1711419 1722039 10620
1711000 1723887 12887
1712875 1724118 11243
1709704 1724184 14480
1712293 1724184 11891
1719129 1725867 6738
1717280 1728111 10831
1718450 1729266 10816
1716825 1734843 18018
1722240 1737021 14781
1726176 1737615 11439
1728582 1739397 10815
1728957 1739397 10440
1730232 1741641 11409
1737451 1746987 9536
1742771 1749066 6295
1744194 1750485 6291
1736474 1751607 15133
1748096 1754742 6646
1744396 1755204 10808
1750430 1757085 6655
1744799 1758372 13573
1752306 1758603 6297
1753698 1759989 6291
1753942 1764741 10799
1753039 1766886 13847
1755152 1767414 12262
1761172 1767678 6506
1754310 1767843 13533
1759975 1770219 10244
1754283 1770417 16134
1756928 1772232 15304
1762957 1774047 11090
1769034 1775334 6300
1760792 1776324 15532
1770335 1776984 6649
1757456 1779294 21838
1775242 1781538 6296
1781110 1787412 6302
1777166 1788105 10939
1778079 1790118 12039
1778135 1793121 14986
1789180 1795464 6284
1784721 1795662 10941
1789811 1796091 6280
1791367 1797642 6275
1792053 1798335 6282
1793983 1800645 6662
1789966 1803912 13946
1791535 1804440 12905
1794907 1805859 10952
1796423 1806882 10459
1792614 1807080 14466
1800311 1809984 9673
1800151 1811106 10955
1805788 1812063 6275
1806883 1813548 6665
1804281 1816056 11775
1799168 1816155 16987
1803351 1817310 13959
1811507 1817805 6298
1811338 1818036 6698
1808015 1819653 11638
1809616 1820445 10829
1819735 1826022 6287
1813612 1827474 13862
1817152 1828101 10949
1814165 1828629 14464
1817424 1829652 12228
1820349 1834272 13923
1829814 1836450 6636
1831772 1838067 6295
1824344 1839321 14977
1833544 1840179 6635
1834886 1841532 6646
1832911 1843710 10799
1830035 1844502 14467
1834618 1846383 11765
1840673 1846944 6271
1840858 1848033 7175
1840788 1851597 10809
1845572 1852455 6883
1837883 1853544 15661
1838979 1854699 15720
1849320 1855953 6633
1846896 1856679 9783
1851097 1857372 6275
1845567 1860672 15105
1837550 1861200 23650
1856040 1863048 7008
1843886 1864500 20614
1858749 1865391 6642
1856710 1871298 14588
1865145 1871430 6285
1862509 1873443 10934
1866275 1876017 9742
1869789 1876083 6294
1863068 1876116 13048
1866213 1877073 10860
1868324 1880274 11950
1872447 1882221 9774
1872297 1883244 10947
1876112 1889580 13468
1875744 1889712 13968
1877602 1889712 12110
1886650 1892946 6296
1882175 1893111 10936
1886920 1893540 6620
1878466 1894200 15734
1888206 1894629 6423
1884628 1895421 10793
1889089 1895751 6662
1892540 1898820 6280
1892557 1900866 8309
1894613 1900899 6286
1890419 1901922 11503
1892186 1902615 10429
1888795 1902780 13985
1902057 1908357 6300
1906234 1912515 6281
1901796 1912746 10950
1907324 1913604 6280
1907432 1914066 6634
1901634 1915716 14082
1902635 1916904 14269
1904133 1918983 14850
1909025 1920006 10981
1906851 1922250 15399
1917074 1923372 6298
1917900 1924560 6660
1910838 1924824 13986
1919511 1927398 7887
1920984 1927629 6645
1921673 1927959 6286
1920873 1931820 10947
1918215 1934031 15816
1926040 1936473 10433
1932852 1941324 8472
1931834 1942776 10942
1930366 1944723 14357
1936012 1946967 10955
1941054 1947330 6276
1942764 1953567 10803
1944485 1954920 10435
1948428 1955085 6657
1948116 1955778 7662
1948237 1956009 7772
1943341 1960431 17090
1954464 1961124 6660
1954664 1961718 7054
1951400 1963896 12496
1956174 1967064 10890
1950716 1967625 16909
1950795 1968186 17391
1958159 1969902 11743
1955909 1970859 14950
1965748 1972047 6299
1966443 1972740 6297
1961794 1973268 11474
1960163 1974324 14161
1968714 1974984 6270
1969445 1975743 6298
1958670 1976931 18261
1971746 1978548 6802
1968998 1979934 10936
1970036 1981947 11911
1977697 1983993 6296
1978418 1985082 6664
1969760 1985808 16048
1969898 1986501 16603
1976087 1986534 10447
1973829 1988514 14685
1976726 1988646 11920
1975951 1989207 13256
1973508 1989636 16128
1974138 1991616 17478
1981272 1991715 10443
1982103 1992639 10536
1986810 1993662 6852
1982902 1996995 14093
1992656 1998942 6286
1996440 2003100 6660
1992312 2003298 10986
1992509 2006499 13990
1990129 2007951 17822
1994744 2008281 13537
1990637 2008479 17842
1994941 2008908 13967
2003573 2009865 6292
2003347 2009997 6650
1999120 2011218 12098
1996869 2011515 14646
1994264 2012010 17746
2004404 2015178 10774
1996623 2015310 18687
1999703 2015739 16036
2010271 2017026 6755
2010456 2017092 6636
2001426 2019204 17778
2006639 2020293 13654
2001306 2020821 19515
1997653 2023659 26006
2013562 2026035 12473
2015613 2027322 11709
2016328 2027421 11093
2010856 2028873 18017
2018193 2029467 11274
2019645 2030622 10977
2021610 2032041 10431
2022573 2033526 10953
2024486 2035209 10723
2027440 2038245 10805
2029228 2038443 9215
2027723 2038905 11182
2034293 2040951 6658
2027803 2042139 14336
2034286 2045307 11021
2027892 2046825 18933
2036276 2047221 10945
2034138 2047452 13314
2034995 2048574 13579
2037168 2049267 12099
2042265 2049267 7002
2035051 2049432 14381
2036406 2049828 13422
2029987 2050422 20435
2033419 2050983 17564
2038741 2052930 14189
2036730 2053722 16992
2049844 2056131 6287
2051914 2058210 6296
2051752 2058408 6656
2047663 2058474 10811
2049350 2060619 11269
2049822 2060751 10929
2044591 2061675 17084
2050710 2063754 13044
2043153 2064678 21525
2059367 2065767 6400
2044945 2067516 22571
2057388 2070783 13395
2062898 2073852 10954
2058156 2075469 17313
2058826 2077020 18194
2066573 2077086 10513
2067014 2077977 10963
2073161 2079462 6301
2065066 2083455 18389
2074322 2084115 9793
2071038 2084181 13143
2071911 2085171 13260
2070342 2086425 16083
2071179 2086755 15576
2069375 2087382 18007
2067089 2088273 21184
2083215 2089857 6642
2081127 2091012 9885
2087774 2094411 6637
2088967 2095632 6665
2090921 2099229 8308
2089128 2100021 10893
2089384 2100780 11396
2089946 2101440 11494
2091546 2102892 11346
2097432 2108238 10806
2095559 2108865 13306
2093559 2112363 18804
2101903 2112726 10823
2106551 2112825 6274
2100751 2114706 13955
2099602 2114739 15137
2099787 2115432 15645
2101124 2115597 14473
2101566 2118039 16473
2114421 2120712 6291
2114672 2120943 6271
2106680 2121240 14560
2112102 2124243 12141
2110375 2125002 14627
2110889 2125596 14707
2107273 2127015 19742
2108773 2130051 21278
2123618 2130282 6664
2113564 2130480 16916
2125280 2132295 7015
2120452 2133219 12767
2127407 2134044 6637
2128577 2134869 6292
2117773 2135529 17756
2122618 2137080 14462
2133359 2139654 6295
2124861 2142492 17631
2136434 2142723 6289
2129773 2143119 13346
2127727 2143911 16184
2138004 2144274 6270
2135091 2146056 10965
2141005 2147277 6272
2132414 2147541 15127
2133703 2148168 14465
2142304 2148597 6293
2144938 2151600 6662
2141975 2152788 10813
2143980 2154438 10458
2149241 2155890 6649
2145703 2156154 10451
2146475 2158893 12418
2153215 2159850 6635
2147861 2162325 14464
2153222 2164041 10819
2155663 2166120 10457
2157385 2167143 9758
2156768 2169288 12520
2161845 2172324 10479
2159006 2172555 13549
2158853 2174733 15880
2161459 2175921 14462
2158160 2177142 18982
2161669 2178495 16826
2169373 2178693 9320
2173203 2179848 6645
2169364 2182191 12827
2165271 2182620 17349
2168351 2182950 14599
2177555 2184204 6649
2179142 2185788 6646
2175477 2186481 11004
2177288 2191266 13978
2186978 2193642 6664
2184280 2194731 10451
2185880 2196315 10435
2185645 2196942 11297
2191942 2198229 6287
2188169 2198625 10456
2192755 2199054 6299
2193715 2200308 6593
2196702 2203344 6642
2201056 2211495 10439
2205898 2212188 6290
2199158 2213145 13987
2204570 2218887 14317
2204205 2219184 14979
2202042 2221527 19485
2215614 2224002 8388
2207734 2224761 17027
2211413 2224761 13348
2210837 2225322 14485
2220514 2226807 6293
2213248 2227665 14417
2221769 2228061 6292
2222479 2229645 7166
2223401 2230041 6640
2224405 2230701 6296
2214891 2231955 17064
2227523 2233803 6280
2229418 2236080 6662
2231352 2237631 6279
2228704 2239512 10808
2235185 2241459 6274
2236577 2242878 6301
2236745 2243406 6661
2238959 2245254 6295
2235111 2245551 10440
2240620 2246904 6284
2236902 2247696 10794
2239318 2249775 10457
2236282 2250897 14615
2245643 2251920 6277
2241630 2252481 10851
2250266 2256540 6274
2243132 2256672 13540
2251504 2258784 7280
2251657 2259312 7655
2252272 2259609 7337
2253472 2259774 6302
2253047 2260203 7156
2255057 2261358 6301
2250441 2262612 12171
2248964 2263437 14473
2249512 2267100 17588
2250452 2267430 16978
2257140 2268090 10950
2253875 2270796 16921
2264762 2271423 6661
2265726 2272479 6753
2271280 2277924 6644
2273151 2279442 6291
2269529 2279970 10441
2272267 2282709 10442
2276116 2282775 6659
2273084 2283897 10813
2274931 2286372 11441
2283365 2289639 6274
2283843 2290497 6654
2279268 2293236 13968
2279017 2293632 14615
2279430 2293797 14367
2287276 2296965 9689
2295159 2301453 6294
2289356 2301717 12361
2295738 2302377 6639
2293921 2305149 11228
2291041 2305512 14471
2289373 2308251 18878
2302499 2308779 6280
2296337 2308812 12475
2294678 2309175 14497
2304996 2311287 6291
2296660 2311452 14792
2305685 2312343 6658
2298889 2312574 13685
2298663 2312640 13977
2300281 2313234 12953
2303503 2313993 10490
2305785 2320494 14709
2306023 2320692 14669
2314160 2320824 6664
2314862 2323002 8140
2316878 2323530 6652
2318185 2324487 6302
2314815 2325609 10794
2322001 2328678 6677
2319735 2328909 9174
2320702 2331945 11243
2319252 2333595 14343
2324540 2334981 10441
2331753 2338413 6660
2332367 2338644 6277
2332911 2339205 6294
2325232 2341515 16283
2330846 2341779 10933
2335839 2342472 6633
2332250 2343198 10948
2332416 2343726 11310
2335809 2344815 9006
2332177 2346168 13991
2337907 2346597 8690
2334434 2348775 14341
2333234 2348841 15607
2339110 2349930 10820
2338325 2351547 13222
2341649 2352471 10822
2336787 2353593 16806
2343558 2354484 10926
2346571 2360556 13985
2355243 2361513 6270
2347618 2362074 14456
2348960 2363427 14467
2346376 2363493 17117
2359114 2365770 6656
2356976 2366265 9289
2360857 2367519 6662
2351290 2368542 17252
2356582 2368773 12191
2358527 2369697 11170
2357668 2372040 14372
2366899 2374152 7253
2369194 2375835 6641
2371474 2377749 6275
2362987 2378244 15257
2368458 2379267 10809
2366089 2380686 14597
2360966 2380851 19885
2371389 2382336 10947
2376799 2383458 6659
2377355 2383656 6301
2372872 2385603 12731
2364533 2385636 21103
2379679 2386329 6650
2380850 2388837 7987
2372100 2389068 16968
2381371 2389365 7994
2380136 2392335 12199
2373091 2392500 19409
2386439 2392731 6292
2387528 2394183 6655
2379602 2395602 16000
2389046 2395701 6655
2389550 2395833 6283
2392217 2398869 6652
2383981 2398968 14987
2383482 2399331 15849
2387669 2401212 13543
2393103 2402070 8967
2383911 2406426 22515
2400975 2407251 6276
2394365 2407317 12952
2394309 2409528 15219
2397282 2410089 12807
2403903 2410551 6648
2399799 2411310 11511
2405207 2411871 6664
2400937 2413422 12485
2397745 2414808 17063
2402358 2417481 15123
2407714 2418537 10823
2405921 2420517 14596
2413890 2420550 6660
2408742 2421342 12600
2417504 2423784 6280
2417850 2424510 6660
2418225 2424510 6285
2413351 2425764 12413
2415603 2426952 11349
2418206 2428536 10330
2414332 2428800 14468
2424064 2430351 6287
2424958 2435400 10442
2429515 2435796 6281
2426085 2436522 10437
2430035 2440482 10447
2433884 2440713 6829
2431875 2442825 10950
2428676 2443650 14974
2439505 2445795 6290
2442244 2448897 6653
2438904 2451933 13029
2448487 2454771 6284
2451359 2457642 6283
2446958 2458896 11938
2449687 2460480 10793
2454721 2461008 6287
2451851 2462757 10906
2453452 2463912 10460
2457911 2464209 6298
2464087 2470380 6293
2458245 2471436 13191
2461590 2472030 10440
2466044 2476485 10441
2466612 2477211 10599
2470974 2477607 6633
2467331 2477970 10639
2471233 2478729 7496
2465150 2479125 13975
2465919 2480445 14526
2478052 2484702 6650
2483570 2489850 6280
2483636 2490279 6643
2484605 2490906 6301
2481374 2493315 11941
2488149 2498958 10809
2492745 2499024 6279
2493632 2499915 6283
2489539 2499981 10442
2491506 2502456 10950
2498069 2504733 6664
2491870 2505558 13688
2500221 2506515 6294
2501611 2507901 6290
2496791 2508330 11539
2502496 2509122 6626
2499374 2511663 12289
2501626 2512422 10796
2501617 2513016 11399
2506448 2513082 6634
2502988 2514996 12008
2510250 2516547 6297
2510843 2517141 6298
2512156 2518428 6272
2504389 2518758 14369
2514350 2520639 6289
2508663 2522058 13395
2516793 2523444 6651
2518583 2525226 6643
2520538 2527173 6635
2515595 2529615 14020
2514699 2530440 15741
2521945 2532882 10937
2527650 2533938 6288
2528672 2535291 6619
2525123 2536182 11059
2525167 2538228 13061
2525693 2538921 13228
2525420 2539878 14458
2535033 2543013 7980
2533899 2544696 10797
2538932 2545587 6655
2529326 2546676 17350
2538566 2549019 10453
2536796 2551263 14467
2546628 2552913 6285
2548374 2559315 10941
2550624 2561427 10803
2555236 2561526 6290
2549113 2563572 14459
2558933 2565585 6652
2560057 2566344 6287
2562096 2568390 6294
2555008 2569182 14174
2558814 2570997 12183
2560584 2571393 10809
2558436 2573043 14607
2557571 2573340 15769
2559229 2573604 14375
2559026 2573901 14875
2563757 2574132 10375
2563325 2574363 11038
2560200 2576508 16308
2560087 2577135 17048
2566954 2577399 10445
2565385 2577498 12113
2564025 2578620 14595
2574266 2580930 6664
2574700 2581359 6659
2564236 2581755 17519
2575927 2582580 6653
2570260 2586441 16181
2575959 2587233 11274
2568764 2589939 21175
2584940 2591457 6517
2581566 2592513 10947
2582712 2593635 10923
2581038 2594460 13422
2588380 2595021 6641
2584571 2595516 10945
2577572 2597727 20155
2592360 2598651 6291
2592543 2599179 6636
2587177 2600961 13784
2587654 2601225 13571
2587218 2601555 14337
2588506 2603535 15029
2597308 2607759 10451
2598014 2608452 10438
2598144 2609112 10968
2603897 2610168 6271
2605354 2612016 6662
2601453 2616405 14952
2614975 2625909 10934
2615762 2626569 10807
2623204 2630067 6863
2622828 2633268 10440
2617520 2634984 17464
2622885 2636271 13386
2623070 2636799 13729
2627522 2639901 12379
2634457 2641122 6665
2625067 2643069 18002
2629840 2643729 13889
2630643 2645247 14604
2638733 2645379 6646
2629147 2648448 19301
2633423 2648646 15223
2637670 2652144 14474
2641399 2652210 10811
2646235 2652507 6272
2642874 2653695 10821
2652283 2658579 6296
2653093 2659371 6278
2639078 2659899 20821
2653787 2660130 6343
2646956 2661483 14527
2652547 2663298 10751
2651743 2663925 12182
2648052 2664255 16203
2660832 2667126 6294
2654247 2668842 14595
2658337 2673297 14960
2668875 2679303 10428
2674100 2680755 6655
2667230 2684649 17419
2680067 2686365 6298
2672778 2686563 13785
2676762 2687091 10329
2673964 2687850 13886
2678127 2689104 10977
2670402 2690556 20154
2683949 2690589 6640
2681696 2690886 9190
2681326 2692272 10946
2685699 2692338 6639
2674058 2694615 20557
2680154 2695110 14956
2688670 2701545 12875
2690726 2701677 10951
2687271 2701743 14472
2688758 2702436 13678
2696915 2703195 6280
2694937 2704482 9545
2697222 2708673 11451
2695301 2709201 13900
2703174 2709828 6654
2710555 2716857 6302
2704650 2717352 12702
2715496 2722137 6641
2708215 2722599 14384
2717604 2723886 6282
2717053 2727846 10793
2717489 2731476 13987
2721515 2731971 10456
2726311 2732598 6287
2723707 2734149 10442
2728348 2734644 6296
2726510 2737449 10939
2723818 2737779 13961
2729618 2740419 10801
2739911 2746557 6646
2740285 2746557 6272
2737138 2747943 10805
2744169 2750814 6645
2744859 2751507 6648
2734842 2752827 17985
2740519 2753784 13265
2745793 2756754 10961
2749906 2763321 13415
2756796 2763453 6657
2757307 2763585 6278
2757883 2764179 6296
2757926 2764212 6286
2759164 2765829 6665
2756639 2766456 9817
2753426 2768007 14581
2754169 2768766 14597
2757505 2771769 14264
2759970 2773353 13383
2758390 2773551 15161
2758858 2774145 15287
2763352 2774508 11156
2761861 2776158 14297
2765925 2777148 11223
2762717 2777280 14563
2771149 2777445 6296
2771268 2777544 6276
2771996 2778336 6340
2765411 2780580 15169
2765681 2780910 15229
2776977 2783616 6639
2778852 2785497 6645
2776273 2786718 10445
2780429 2786718 6289
2780477 2789028 8551
2777235 2792856 15621
2778224 2793318 15094
2789081 2795727 6646
2789883 2796156 6273
2790298 2796585 6287
2780867 2796651 15784
2787556 2798697 11141
2793543 2799819 6276
2794161 2800809 6648
2783155 2801502 18347
2785194 2802096 16902
2788178 2802921 14743
2789517 2803053 13536
2794563 2804538 9975
2795006 2806023 11017
2799854 2806155 6301
2792837 2806716 13879
2800429 2806815 6386
2797916 2808861 10945
2802990 2809290 6300
2803259 2809884 6625
2796696 2811171 14475
2793593 2811435 17842
2806770 2813481 6711
2807647 2813943 6296
2808500 2815164 6664
2803733 2818068 14335
2809384 2820180 10796
2809162 2823546 14384
2814936 2825394 10458
2817359 2828166 10807
2825420 2832060 6640
2817887 2832357 14470
2827018 2833677 6659
2823212 2834007 10795
2821158 2836317 15159
2828990 2839518 10528
2833670 2839947 6277
2830008 2840937 10929
2835727 2842026 6299
2836871 2843511 6640
2838192 2844468 6276
2835810 2847240 11430
2843995 2850276 6281
2836201 2850540 14339
2840140 2852520 12380
2845110 2855919 10809
2843078 2857536 14458
2851768 2858064 6296
2843549 2860077 16528
2847433 2860572 13139
2854896 2861166 6270
2857976 2864631 6655
2854578 2866347 11769
2854937 2867337 12400
2865716 2871990 6274
2861861 2872320 10459
2868139 2874795 6656
2869835 2876478 6643
2864082 2879052 14970
2874058 2880702 6644
2873632 2884563 10931
2871618 2885586 13968
2875506 2886345 10839
2876839 2888325 11486
2883713 2890008 6295
2888278 2894562 6284
2889421 2895717 6296
2894158 2900436 6278
2895059 2901723 6664
2893123 2903934 10811
2888234 2904528 16294
2890082 2904561 14479
2896013 2906805 10792
2898709 2907399 8690
2907127 2913405 6278
2907157 2915121 7964
2909697 2915979 6282
2905901 2916342 10441
2911450 2917728 6278
2912368 2919015 6647
2912986 2919279 6293
2914325 2921061 6736
2907444 2922183 14739
2916053 2922348 6295
2917830 2924130 6300
2914191 2924625 10434
2915212 2925648 10436
2924773 2931423 6650
2917029 2931489 14460
2924273 2935086 10813
2925686 2936670 10984
2925226 2938287 13061
2932504 2938782 6278
2934358 2940630 6272
2926784 2943369 16585
2933250 2943699 10449
2935778 2946207 10429
2933898 2946471 12573
2945917 2952213 6296
2946765 2953401 6636
2942632 2953434 10802
2944601 2955117 10516
2945153 2955612 10459
2948956 2958714 9758
2941753 2958879 17126
2948156 2959473 11317
2954606 2961255 6649
2947101 2962113 15012
2955978 2962641 6663
2950668 2963499 12831
2949137 2966271 17134
2961352 2968218 6866
2963975 2970627 6652
2962145 2973069 10924
2962173 2973729 11556
2968745 2975016 6271
2960966 2975775 14809
2962680 2976699 14019
2956075 2978250 22175
2968384 2978844 10460
2970689 2979768 9079
2971736 2982672 10936
2966434 2984784 18350
2971126 2985708 14582
2979413 2985708 6295
2971873 2988216 16343
2975257 2990229 14972
2981219 2992440 11221
2983923 2992935 9012
2987019 2993661 6642
2988221 2994882 6661
2984155 2995542 11387
2989288 2995575 6287
2981734 2999304 17570
2985263 2999733 14470
2992123 3001548 9425
2989237 3002241 13004
2993693 3004485 10792
2994969 3004650 9681
2991622 3005145 13523
2993914 3008544 14630
2998906 3009336 10430
3006538 3012834 6296
3008508 3014781 6273
3002365 3016332 13967
3005293 3016530 11237
3006811 3017751 10940
3007068 3018411 11343
3008979 3018642 9663
3006986 3019137 12151
3003224 3019269 16045
3010645 3021084 10439
3015032 3021315 6283
3011942 3022404 10462
3010836 3024219 13383
3010063 3026067 16004
3013024 3027618 14594
3016277 3029466 13189
3019631 3030555 10924
3020907 3032535 11628
3022437 3033228 10791
3023610 3036000 12390
3025694 3036132 10438
3032603 3039267 6664
3024979 3040950 15971
3030538 3042171 11633
3024648 3044580 19932
3034607 3045042 10435
3038518 3047121 8603
3039132 3047649 8517
3041812 3048111 6299
3044554 3050850 6296
3035335 3051345 16010
3044631 3051444 6813
3045779 3052071 6292
3038448 3053061 14613
3044796 3054150 9354
3049507 3055800 6293
3046034 3056493 10459
3046484 3056922 10438
3040533 3058638 18105
3050422 3059133 8711
3048759 3059694 10935
3045537 3059991 14454
3049489 3060387 10898
3051680 3062664 10984
3049609 3063126 13517
3055156 3063555 8399
3053585 3065040 11455
3053453 3066987 13534
3055959 3068175 12216
3053794 3069858 16064
3053058 3070914 17856
3054818 3071970 17152
3065893 3072168 6275
3067996 3074643 6647
3063882 3074808 10926
3067862 3077910 10048
3071576 3077943 6367
3071773 3078075 6302
3074332 3080979 6647
3071347 3081804 10457
3067587 3082959 15372
3070449 3084411 13962
3070794 3085170 14376
3065944 3085665 19721
3062067 3085962 23895
3073138 3088800 15662
3070500 3089196 18696
3077734 3089724 11990
3079663 3090120 10457
3084127 3090417 6290
3082536 3092991 10455
3086763 3093321 6558
3078705 3095301 16596
3079820 3095961 16141
3074464 3096225 21761
3086544 3097479 10935
3084289 3099822 15533
3085859 3100614 14755
3090602 3101406 10804
3094669 3104211 9542
3096314 3104805 8491
3094329 3105267 10938
3091979 3107577 15598
3101941 3112395 10454
3102334 3112791 10457
3106292 3115002 8710
3108473 3115530 7057
3112193 3118830 6637
3104493 3121569 17076
3115195 3122031 6836
3116973 3123252 6279
3113392 3124209 10817
3112129 3125793 13664
3112810 3126156 13346
3117331 3127377 10046
3109449 3128994 19545
3113021 3129126 16105
3115157 3129390 14233
3115884 3129654 13770
3124416 3131073 6657
3121929 3132360 10431
3117480 3132459 14979
3126984 3137937 10953
3134735 3141006 6271
3130913 3141732 10819
3138721 3144999 6278
3138454 3145098 6644
3140501 3147144 6643
3143481 3150114 6633
3135674 3150147 14473
3139958 3153150 13192
3146768 3153414 6646
3150870 3157506 6636
3148065 3159387 11322
3153025 3159684 6659
3156845 3163116 6271
3149071 3163413 14342
3157912 3164205 6293
3154661 3165591 10930
3158245 3165723 7478
3153949 3168957 15008
3149573 3169485 19912
3159039 3172554 13515
3154686 3172752 18066
3167370 3176283 8913
3170441 3177075 6634
3172340 3178626 6286
3166189 3180672 14483
3164270 3181596 17326
3168023 3181992 13969
3166559 3184170 17611
3174579 3185358 10779
3173690 3187041 13351
3173954 3189054 15100
3180499 3191430 10931
3182866 3193311 10445
3185280 3195720 10440
3181745 3196347 14602
3185572 3198954 13382
3175035 3199218 24183
3189069 3200241 11172
3190118 3200571 10453
3190581 3201528 10947
3195297 3201594 6297
3190070 3203409 13339
3192636 3204036 11400
3187949 3204399 16450
3194265 3204696 10431
3195732 3206544 10812
3191791 3207666 15875
3198003 3209712 11709
3200428 3210867 10439
3199007 3211098 12091
3200982 3211758 10776
3208237 3218688 10451
3212593 3219315 6722
3211906 3222351 10445
3216250 3222912 6662
3218633 3225321 6688
3212341 3226245 13904
3212690 3227301 14611
3214560 3227400 12840
3217665 3229941 12276
3223953 3233043 9090
3219007 3236145 17138
3223215 3236211 12996
3223794 3236805 13011
3226322 3237135 10813
3232145 3238422 6277
3229417 3239610 10193
3227078 3243801 16723
3233694 3244494 10800
3235304 3246441 11137
3240940 3247233 6293
3243554 3249840 6286
3238998 3249939 10941
3243848 3250500 6652
3245455 3252216 6761
3246028 3252678 6650
3241570 3255912 14342
3244411 3257760 13349
3248198 3259146 10948
3244851 3259311 14460
3253406 3260070 6664
3253298 3261984 8686
3256388 3263040 6652
3253201 3263634 10433
3254025 3265548 11523
3255279 3265746 10467
3253939 3268419 14480
3255120 3268518 13398
3263376 3270036 6660
3262773 3271059 8286
3258403 3272742 14339
3260146 3275118 14972
3271917 3278187 6270
3269416 3283137 13721
3279449 3285744 6295
3281285 3287559 6274
3273233 3287691 14458
3282917 3289209 6292
3280965 3291783 10818
3281788 3292245 10457
3276489 3293829 17340
3283137 3294027 10890
3282478 3294786 12308
3280418 3294885 14467
3290341 3296997 6656
3281759 3297096 15337
3287742 3298185 10443
3284032 3300495 16463
3285078 3301485 16407
3292462 3303267 10805
3293106 3306105 12999
3293187 3306798 13611
3296203 3307128 10925
3296738 3307227 10489
3300943 3307227 6284
3302445 3308745 6300
3293337 3309306 15969
3295842 3309900 14058
3289452 3313134 23682
3306503 3313167 6664
3308828 3315114 6286
3306192 3316995 10803
3309271 3319701 10430
3309075 3319866 10791
3304531 3321483 16952
3308976 3322044 13068
3315877 3322539 6662
3311602 3323034 11432
3299286 3327093 27807
3321280 3327555 6275
3322307 3328941 6634
3310322 3329403 19081
3315505 3329964 14459
3314625 3330195 15570
3323692 3332967 9275
3322103 3336234 14131
3315094 3337224 22130
3326664 3337455 10791
3322703 3340194 17491
3324835 3340920 16085
3334374 3341019 6645
3328470 3342933 14463
3333065 3343857 10792
3337426 3345045 7619
3337960 3345573 7613
3333542 3347916 14374
3341568 3348213 6645
3342201 3348477 6276
3343731 3354681 10950
3345625 3356826 11201
3345881 3357453 11572
3352410 3358707 6297
3353754 3360225 6471
3355362 3362007 6645
3351258 3365736 14478
3352386 3366858 14472
3353329 3367815 14486
3357820 3368640 10820
3363362 3369663 6301
3356827 3369993 13166
3356740 3371643 14903
3362987 3373425 10438
3377074 3383358 6284
3370470 3384942 14472
3375054 3385998 10944
3377896 3391839 13943
3381810 3392763 10953
3378992 3393456 14464
3380023 3394512 14489
3385614 3394908 9294
3385664 3395436 9772
3384568 3398208 13640
3387623 3398571 10948
3388188 3399198 11010
3390918 3401871 10953
3388574 3402003 13429
3397744 3404379 6635
3400605 3406887 6282
3403695 3409989 6294
3396476 3410055 13579
3397341 3412299 14958
3402605 3413058 10453
3399084 3413916 14832
3408695 3419493 10798
3414360 3420648 6288
3410269 3421077 10808
3417575 3424212 6637
3413817 3424608 10791
3413236 3427479 14243
3414026 3427743 13717
3415968 3428337 12369
3415063 3429492 14429
3419162 3430119 10957
3419476 3432660 13184
3417901 3433650 15749
3422850 3433782 10932
3421508 3433914 12406
3415864 3434244 18380
3418613 3434277 15664
3423527 3434475 10948
3423988 3435069 11081
3429271 3435927 6656
3430807 3437445 6638
3421444 3439359 17915
3429970 3440910 10940
3416967 3445761 28794
3427114 3446652 19538
3440812 3447114 6302
3430863 3447312 16449
3435209 3447477 12268
3436023 3448104 12081
3432539 3448830 16291
3435561 3450678 15117
3437697 3451602 13905
3442284 3453549 11265
3427166 3453945 26779
3439881 3454836 14955
3443362 3455133 11771
3449498 3455793 6295
3451636 3457938 6302
3444947 3459027 14080
3449530 3460347 10817
3447521 3461766 14245
3455934 3462228 6294
3456823 3463482 6659
3451213 3466881 15668
3456825 3467640 10815
3462738 3469389 6651
3463656 3469950 6294
3459546 3469983 10437
3459996 3470445 10449
3464556 3471204 6648
3456055 3473514 17459
3463343 3474273 10930
3467579 3476022 8443
3466151 3476220 10069
3465089 3478068 12979
3465015 3479916 14901
3469669 3480345 10676
3470988 3481665 10677
3466153 3482193 16040
3468380 3483447 15067
3464822 3484437 19615
3478221 3485229 7008
3475059 3486483 11424
3468575 3486615 18040
3475842 3487572 11730
3467870 3489783 21913
3474880 3491895 17015
3486690 3495657 8967
3476024 3496548 20524
3486018 3496812 10794
3491395 3499155 7760
3489890 3499287 9397
3493225 3499848 6623
3495849 3502125 6276
3492692 3503148 10456
3492431 3503247 10816
3496987 3505623 8636
3491613 3506514 14901
3481617 3509220 27603
3493308 3509913 16605
3499665 3510111 10446
3494755 3510507 15752
3506402 3512685 6283
3494568 3513708 19140
3499333 3513840 14507
3495503 3513906 18403
3499166 3514797 15631
3508904 3517767 8863
3511406 3518361 6955
3511980 3519747 7767
3497072 3520572 23500
3503628 3521166 17538
3505967 3521694 15727
3511490 3523410 11920
3517637 3523938 6301
3512025 3524796 12771
3508225 3525621 17396
3529910 3536181 6271
3527965 3538920 10955
3532305 3538953 6648
3533934 3540207 6273
3527230 3541692 14462
3526640 3543177 16537
3536365 3546807 10442
3540554 3546840 6286
3532672 3547137 14465
3543178 3549876 6698
3536359 3549942 13583
3540588 3551394 10806
3541572 3552021 10449
3540003 3552846 12843
3550100 3561030 10930
3556120 3562779 6659
3557651 3563934 6283
3552387 3566871 14484
3556466 3566904 10438
3562014 3568290 6276
3563969 3570633 6664
3564139 3570798 6659
3560905 3571854 10949
3562471 3572415 9944
3561794 3572976 11182
3566971 3573273 6302
3568146 3574428 6282
3562778 3574923 12145
3569500 3576144 6644
3558082 3576870 18788
3570339 3577002 6663
3564525 3579180 14655
3561970 3580269 18299
3573755 3580401 6646
3570945 3582480 11535
3570941 3582645 11704
3570205 3583833 13628
3574291 3585648 11357
3580258 3586902 6644
3577296 3591258 13962
3578212 3592908 14696
3583543 3594360 10817
3588163 3594822 6659
3592929 3603732 10803
3586186 3604887 18701
3587235 3605349 18114
3592191 3606801 14610
3594201 3607626 13425
