1877 8514 6637
1861 8514 6653
311 11253 10942
400 11352 10952
661 11484 10823
613 11913 11300
2958 13860 10902
5542 14751 9209
983 15246 14263
3393 15774 12381
9904 16269 6365
6594 17820 11226
7451 18381 10930
8359 18909 10550
9121 19932 10811
4687 20988 16301
9780 24915 15135
15293 25245 9952
11713 25641 13928
10018 25839 15821
13706 27390 13684
21910 28182 6272
8024 28446 20422
17370 30525 13155
11789 31680 19891
17723 31713 13990
18566 32736 14170
18407 33231 14824
24400 35244 10844
24466 35409 10943
26196 37092 10896
27717 38181 10464
25657 39633 13976
25255 40689 15434
28076 42900 14824
21768 44121 22353
31206 46266 15060
31188 49104 17916
42598 49236 6638
37888 51447 13559
42150 52536 10386
42634 53064 10430
45203 54153 8950
44656 55110 10454
39807 55770 15963
42156 56298 14142
39275 57651 18376
43130 59136 16006
47990 60027 12037
48915 60522 11607
50477 60918 10441
54582 61479 6897
46642 62271 15629
56528 62865 6337
48817 63195 14378
49898 64911 15013
50960 66429 15469
56846 67386 10540
61580 68244 6664
63233 69894 6661
52840 70323 17483
55811 70620 14809
53473 70917 17444
57777 71247 13470
58390 72072 13682
55922 72171 16249
60549 73524 12975
54520 74448 19928
50452 74613 24161
55730 75141 19411
61696 76065 14369
59338 76098 16760
62693 77880 15187
64091 79167 15076
56442 79728 23286
57053 80652 23599
74643 80916 6273
60234 81048 20814
58890 81840 22950
63544 83160 19616
70714 84117 13403
69866 85074 15208
80309 86592 6283
66397 87351 20954
66443 87912 21469
63667 88308 24641
64426 89100 24674
69896 91410 21514
68874 91872 22998
70575 92796 22221
71904 95172 23268
74005 96327 22322
75042 96525 21483
82930 97086 14156
80259 97614 17355
71242 97911 26669
89107 100716 11609
81797 100782 18985
83051 101046 17995
74975 102432 27457
92869 102564 9695
76027 103488 27461
86400 104346 17946
88186 104379 16193
91127 105369 14242
87402 106293 18891
96907 107349 10442
81536 107514 25978
84881 108141 23260
86988 109527 22539
95713 110088 14375
89661 111408 21747
87155 111969 24814
99219 113289 14070
96697 115335 18638
102631 116028 13397
109581 116325 6744
103365 116391 13026
110030 116523 6493
110955 117348 6393
96014 118437 22423
111174 118503 7329
93706 119460 25754
106719 121737 15018
106805 123816 17011
118506 124806 6300
102541 124839 22298
109023 125466 16443
112665 125796 13131
99152 125994 26842
118688 127512 8824
113763 129030 15267
111971 129294 17323
110940 129393 18453
115365 130119 14754
117260 131769 14509
108812 132330 23518
120520 133980 13460
109474 135069 25595
123212 136686 13474
128096 137148 9052
126915 137247 10332
119399 138006 18607
119931 140052 20121
119919 140745 20826
124925 141075 16150
124768 141273 16505
119463 144012 24549
125619 144309 18690
133502 144672 11170
125434 144804 19370
140232 146520 6288
128672 151272 22600
137581 151569 13988
145417 151701 6284
129800 151932 22132
145791 154605 8814
133317 154770 21453
137901 155760 17859
134235 155991 21756
145971 157179 11208
144396 157938 13542
143759 158367 14608
147937 159390 11453
149550 160611 11061
148114 161040 12926
145597 161106 15509
150647 163020 12373
152680 163119 10439
155145 164571 9426
147758 165363 17605
151719 165429 13710
151738 167145 15407
153584 167706 14122
155896 167772 11876
153855 168069 14214
153876 168168 14292
157022 169884 12862
164720 171006 6286
157891 171171 13280
165149 176088 10939
165637 176088 10451
165206 176154 10948
165917 176880 10963
170734 177012 6278
162897 178992 16095
165622 179322 13700
166018 179421 13403
173951 180246 6295
169483 180411 10928
175429 182787 7358
173849 184305 10456
168373 185757 17384
177765 188199 10434
177823 188760 10937
184196 190476 6280
180296 191235 10939
185576 192291 6715
184655 195459 10804
185116 196119 11003
186663 197604 10941
191566 198231 6665
187617 198561 10944
188302 199947 11645
188236 200607 12371
187937 201795 13858
199542 205821 6279
184763 206481 21718
191017 206679 15662
192598 207405 14807
197385 208527 11142
201390 208956 7566
195174 209121 13947
200584 210144 9560
195437 210507 15070
191459 212322 20863
198612 212355 13743
202821 213411 10590
203710 214170 10460
202369 215094 12725
198959 215754 16795
212659 219483 6824
207605 220902 13297
211309 221760 10451
215995 222288 6293
211784 223113 11329
212617 224004 11387
205576 224235 18659
214980 225423 10443
219556 226215 6659
215442 226380 10938
209457 226545 17088
212960 228525 15565
214338 229647 15309
217754 230736 12982
220767 231198 10431
226108 232386 6278
217892 232716 14824
225432 234168 8736
219766 234267 14501
217137 235389 18252
228603 236379 7776
219791 236907 17116
220667 239613 18946
222110 240042 17932
221139 240735 19596
227450 241296 13846
230902 241428 10526
229502 242352 12850
225952 242715 16763
223222 242880 19658
230198 243738 13540
232563 244167 11604
235904 244728 8824
227791 245883 18092
231146 246741 15595
232558 247599 15041
235785 251856 16071
240797 254166 13369
243787 254727 10940
245751 256905 11154
247225 257862 10637
247773 259083 11310
244032 260832 16800
242305 260997 18692
244130 261096 16966
246777 261921 15144
248529 263142 14613
256000 265584 9584
249385 265782 16397
248782 267003 18221
249705 269181 19476
255733 270204 14471
256472 272910 16438
258906 273504 14598
256614 273603 16989
263525 276177 12652
262871 276903 14032
266660 277101 10441
268344 278784 10440
267909 279147 11238
262225 281193 18968
269073 281358 12285
260043 282348 22305
270421 283173 12752
266513 284493 17980
275673 286902 11229
276012 286935 10923
280429 287067 6638
269376 287265 17889
271997 287265 15268
281353 288057 6704
269772 289740 19968
283342 290004 6662
278225 291258 13033
277930 292413 14483
270926 293865 22939
271537 294459 22922
284526 295812 11286
289978 296340 6362
280136 296571 16435
283550 297297 13747
272030 298419 26389
292745 299046 6301
279609 299673 20064
284892 299805 14913
285145 299970 14825
284781 300102 15321
284953 300729 15776
289780 301554 11774
288287 302346 14059
285192 302478 17286
290126 302841 12715
282704 303006 20302
284154 303534 19380
296632 305316 8684
292107 306702 14595
300466 307131 6665
301195 307494 6299
299678 309837 10159
292178 310134 17956
294432 313104 18672
295216 313368 18152
296198 314028 17830
309093 315381 6288
309334 315975 6641
307729 317130 9401
302900 318384 15484
300610 319473 18863
299292 321288 21996
302349 322542 20193
316073 322707 6634
317969 324258 6289
316967 324555 7588
308776 325809 17033
317252 327690 10438
313861 328614 14753
314088 328680 14592
305088 329043 23955
310919 329604 18685
318643 331617 12974
320716 331650 10934
317352 332871 15519
318502 333663 15161
323368 336039 12671
324351 336798 12447
318697 337029 18332
327420 337854 10434
330545 341484 10939
328804 341616 12812
335743 342045 6302
331484 342474 10990
327683 343629 15946
332900 343860 10960
340094 346731 6637
341228 347886 6658
337026 349041 12015
343942 350592 6650
341703 352143 10440
329721 353298 23577
340393 353727 13334
338045 354024 15979
346870 357324 10454
341032 358677 17645
348127 359997 11870
345185 360459 15274
345781 362868 17087
352421 363561 11140
354403 364848 10445
351351 366102 14751
355533 366333 10800
349452 366795 17343
357090 367521 10431
352855 369204 16349
354017 370656 16639
354916 372999 18083
352551 374055 21504
353346 374715 21369
363962 376068 12106
354479 378477 23998
359187 379863 20676
363601 380127 16526
360429 381315 20886
365062 381711 16649
368112 382503 14391
369590 382701 13111
365825 383361 17536
362713 383559 20846
370476 385836 15360
376771 386067 9296
380895 387552 6657
372403 388344 15941
382748 389400 6652
370815 389895 19080
371340 390489 19149
384356 391017 6661
385304 391578 6274
376305 392007 15702
377601 392634 15033
378950 394053 15103
369728 394680 24952
384595 395043 10448
376602 395670 19068
375279 396297 21018
385964 397782 11818
380868 399333 18465
382744 401643 18899
392070 402996 10926
389640 404514 14874
383243 404976 21733
384713 405570 20857
392569 406230 13661
399958 406230 6272
394346 406890 12544
396934 407385 10451
388876 407649 18773
401749 408045 6296
388716 408309 19593
394374 410256 15882
389879 410883 21004
399463 410982 11519
400786 411741 10955
390261 412500 22239
397786 412929 15143
394963 414546 19583
396912 414612 17700
392229 417681 25452
394522 417714 23192
397991 419463 21472
403377 422763 19386
393688 422862 29174
405617 424611 18994
397117 426030 28913
399233 426063 26830
397161 426162 29001
401247 426723 25476
416742 427185 10443
405907 429396 23489
419261 429594 10333
405588 429825 24237
413761 429924 16163
414003 429957 15954
413186 433059 19873
415574 433092 17518
416864 435765 18901
418798 437316 18518
420780 437811 17031
426846 437844 10998
427402 438240 10838
423247 438405 15158
422970 440748 17778
425516 441210 15694
425813 441474 15661
426979 442035 15056
428078 442860 14782
427420 445104 17684
429052 445632 16580
440616 447249 6633
441734 448008 6274
432242 449097 16855
435778 449658 13880
438270 451572 13302
437320 451803 14483
438365 452529 14164
435996 453816 17820
444699 455631 10932
446665 457611 10946
445249 458766 13517
445620 459063 13443
447724 459393 11669
446900 460581 13681
441734 461109 19375
451910 462726 10816
447207 464409 17202
450601 465168 14567
448892 465498 16606
454116 465597 11481
451007 467874 16867
446196 468204 22008
453632 468237 14605
448082 468468 20386
456512 471306 14794
452542 471405 18863
459313 472065 12752
466150 473187 7037
462949 473385 10436
459261 475992 16731
459494 476190 16696
471250 477543 6293
470892 478170 7278
467140 478434 11294
454699 478665 23966
465467 481404 15937
471272 482262 10990
469465 485034 15569
475200 486123 10923
472657 487674 15017
473993 489852 15859
476506 490710 14204
479653 491205 11552
480207 491238 11031
471092 492426 21334
475766 493779 18013
481505 495033 13528
488498 495132 6634
488453 495330 6877
480051 496155 16104
477639 498267 20628
487680 498366 10686
490434 500808 10374
484190 501501 17311
495173 501831 6658
488143 503613 15470
489472 503943 14471
488447 504801 16354
481537 507045 25508
490393 507342 16949
492254 511170 18916
495776 511335 15559
498653 511368 12715
496502 511698 15196
495777 513942 18165
497635 514932 17297
496595 515625 19030
497715 516318 18603
497713 518298 20585
504505 518892 14387
510933 521466 10533
506475 522192 15717
515674 522852 7178
506537 525624 19087
512038 525855 13817
511863 526515 14652
500828 526779 25951
502482 527472 24990
518922 528132 9210
507833 529023 21190
523293 529584 6291
510721 530508 19787
508292 533346 25054
521199 534171 12972
515195 534567 19372
528175 534831 6656
529837 536118 6281
517506 537471 19965
527943 537702 9759
518666 537966 19300
531523 538230 6707
511042 538593 27551
522668 540870 18202
513344 541431 28087
517725 544599 26874
523754 544929 21175
524802 545457 20655
528007 545985 17978
530709 547371 16662
518520 547569 29049
539378 548031 8653
524519 549087 24568
534356 549120 14764
527356 549318 21962
538290 551529 13239
534357 552519 18162
531335 552618 21283
538022 553542 15520
528174 553641 25467
547498 553872 6374
542116 554862 12746
542699 556215 13516
545897 556644 10747
548080 558030 9950
544022 558162 14140
549799 558756 8957
544799 559944 15145
544696 560736 16040
549755 563937 14182
554107 564927 10820
559634 565950 6316
547209 567171 19962
551753 567732 15979
562000 572979 10979
550908 573969 23061
569550 576213 6663
550331 577170 26839
558619 577269 18650
560982 577863 16881
566594 578259 11665
559750 578391 18641
572633 580701 8068
564354 581130 16776
553571 581295 27724
566496 581625 15129
566876 582186 15310
558130 584793 26663
580175 586839 6664
564913 588555 23642
583275 589545 6270
579113 590040 10927
585541 591822 6281
573135 592482 19347
579568 594264 14696
575674 595782 20108
578939 596805 17866
584536 598554 14018
591456 599082 7626
581899 600765 18866
594732 601029 6297
583175 601293 18118
585980 603009 17029
592505 603438 10933
581913 603636 21723
598093 604395 6302
594967 605418 10451
599674 605946 6272
586141 606309 20168
594244 606837 12593
596195 608157 11962
602808 609444 6636
597442 609642 12200
600280 610005 9725
596398 610995 14597
596554 613140 16586
602551 613503 10952
608224 614526 6302
608672 619476 10804
599784 620400 20616
608977 623139 14162
611725 624162 12437
618329 624987 6658
619464 625746 6282
609916 626571 16655
612519 629772 17253
614276 629970 15694
619016 630036 11020
619060 630630 11570
615901 633006 17105
621774 633270 11496
617275 633600 16325
621246 635844 14598
630431 636702 6271
630580 637230 6650
630969 637362 6393
629120 639573 10453
620200 641025 20825
625229 641487 16258
635311 641619 6308
620515 641817 21302
623946 642213 18267
620639 642576 21937
626077 643434 17357
636670 644919 8249
625707 645084 19377
634363 645315 10952
632259 646866 14607
620786 648153 27367
622809 648681 25872
636923 649242 12319
634820 652476 17656
642940 653400 10460
647044 653697 6653
635682 655644 19962
649433 655710 6277
636288 655776 19488
642659 656337 13678
635025 658647 23622
626219 659010 32791
642750 659967 17217
643220 660198 16978
654323 660594 6271
639374 662937 23563
643617 663333 19716
642481 663432 20951
657582 664224 6642
648983 665775 16792
647864 665973 18109
645039 666270 21231
640894 666666 25772
650607 669372 18765
652073 669405 17332
649655 670395 20740
645972 670758 24786
661565 672012 10447
665545 672012 6467
656511 672606 16095
660011 673233 13222
650227 673497 23270
651614 674058 22444
664258 675213 10955
650624 675774 25150
654619 676269 21650
662370 677358 14988
667963 678513 10550
665877 679536 13659
656045 679701 23656
661143 680361 19218
659396 681648 22252
655827 683232 27405
669337 684651 15314
666770 685113 18343
670400 687654 17254
674252 688182 13930
667405 688347 20942
677421 688908 11487
660682 689007 28325
664361 689502 25141
677993 689997 12004
674312 690030 15718
679434 690624 11190
683317 691152 7835
673981 691416 17435
675043 692076 17033
675347 692901 17554
677834 695178 17344
683579 695343 11764
683061 696102 13041
678443 698412 19969
677085 698940 21855
692699 698973 6274
680962 699237 18275
675963 701646 25683
695090 701910 6820
683749 702702 18953
688714 703230 14516
688862 703758 14896
691467 704253 12786
698065 704352 6287
689818 704451 14633
687924 704616 16692
693023 705375 12352
679188 706497 27309
686988 706992 20004
689501 707619 18118
696344 708114 11770
694561 711876 17315
701350 712173 10823
705841 712503 6662
698813 714252 15439
699221 714417 15196
694271 715176 20905
708980 715275 6295
710476 716760 6284
708086 716925 8839
696349 719169 22820
705863 719532 13669
706108 721215 15107
704077 721578 17501
702954 721941 18987
707066 722172 15106
708670 722568 13898
709183 724482 15299
716315 724647 8332
710215 725010 14795
702537 725043 22506
720286 726561 6275
711605 726924 15319
707577 728277 20700
717758 728706 10948
718385 728838 10453
714874 730092 15218
724137 730422 6285
710350 730719 20369
718460 732567 14107
715674 732633 16959
715430 734976 19546
721403 735735 14332
708535 736032 27497
712391 736692 24301
719941 736989 17048
726561 738771 12210
721470 739167 17697
716760 739365 22605
722216 739959 17743
735677 741972 6295
726539 742500 15961
720532 743028 22496
720467 743424 22957
733005 744018 11013
732541 746757 14216
730660 747153 16493
735164 748110 12946
735853 748803 12950
734512 749463 14951
738949 750486 11537
738048 751410 13362
741852 751608 9756
731116 752301 21185
737493 752664 15171
737482 753654 16172
744942 756954 12012
737104 759693 22589
746487 762399 15912
749703 763059 13356
741941 763191 21250
750570 764313 13743
754616 765072 10456
749515 766194 16679
759587 766425 6838
752401 766557 14156
751702 767481 15779
749727 767712 17985
753557 769494 15937
752732 770220 17488
756356 770451 14095
759421 771375 11954
760008 773421 13413
767702 773982 6280
766243 775434 9191
765663 776589 10926
766697 777843 11146
757900 778635 20735
767713 778701 10988
753347 779163 25816
754432 779295 24863
773091 779493 6402
767886 779889 12003
772768 781935 9167
765208 782529 17321
773180 785301 12121
774926 785862 10936
775992 786786 10794
774663 787512 12849
777055 789492 12437
781841 792231 10390
781835 792264 10429
788279 794574 6295
786207 794739 8532
782560 794970 12410
784853 796950 12097
783742 797445 13703
783321 797973 14652
783462 797973 14511
782199 798138 15939
785968 798501 12533
785824 798864 13040
780592 800019 19427
782677 800712 18035
797066 803748 6682
789487 804771 15284
795169 805629 10460
793844 806817 12973
796038 807312 11274
786573 808005 21432
788938 808005 19067
793070 809094 16024
803624 809919 6295
790016 810513 20497
794517 810777 16260
808313 814968 6655
804508 815265 10757
803161 816321 13160
802953 818070 15117
796562 818136 21574
801740 819819 18079
810621 821436 10815
796837 822360 25523
797094 822690 25596
813153 823020 9867
802355 825660 23305
812347 825891 13544
805387 828894 23507
808662 829158 20496
816531 830907 14376
818383 831666 13283
810515 833118 22603
808695 833613 24918
816763 834009 17246
826678 834207 7529
819905 834570 14665
820795 834999 14204
824913 835362 10449
814193 836880 22687
813963 836979 23016
815054 837441 22387
814997 838299 23302
826168 838431 12263
830122 841533 11411
831977 844107 12130
826138 845691 19553
834204 845889 11685
836904 847242 10338
836860 847803 10943
839990 848529 8539
842347 848991 6644
836892 850476 13584
844190 850839 6649
836286 851235 14949
844342 851433 7091
838578 851565 12987
847688 854370 6682
838738 856878 18140
846000 857538 11538
851273 857571 6298
836994 857736 20742
844183 858693 14510
841381 859452 18071
847303 859617 12314
847215 859683 12468
855757 862059 6302
852551 863742 11191
851622 864996 13374
853777 865623 11846
852795 866184 13389
855589 866844 11255
858085 872685 14600
861883 873147 11264
862981 873774 10793
867696 873972 6276
859423 875919 16496
860408 876447 16039
869122 880077 10955
868072 880341 12269
872273 882717 10444
868019 883905 15886
870840 883971 13131
866655 885588 18933
879794 886083 6289
875597 886545 10948
867965 887073 19108
873141 887304 14163
870321 887667 17346
873516 890934 17418
880085 890967 10882
879443 893475 14032
873971 893970 19999
879855 894201 14346
887194 894729 7535
881796 897138 15342
875927 898194 22267
879435 899745 20310
884751 901131 16380
884653 901461 16808
885120 901923 16803
887829 904266 16437
886721 905157 18436
899831 906477 6646
897131 907566 10435
879609 907599 27990
879965 908028 28063
882786 911262 28476
886051 912120 26069
897518 913440 15922
903887 914331 10444
908763 915090 6327
904071 915189 11118
905380 915816 10436
900264 917664 17400
898557 918192 19635
897341 918588 21247
907849 918654 10805
900551 921525 20974
911624 921756 10132
905192 922053 16861
897412 924099 26687
907866 925848 17982
909407 926244 16837
910921 929082 18161
919270 930963 11693
916954 932184 15230
924193 935121 10928
928819 935121 6302
918198 935352 17154
929652 936309 6657
928909 938520 9611
928688 940038 11350
934069 940731 6662
930315 941259 10944
927484 941952 14468
932059 943008 10949
933087 943569 10482
932284 944559 12275
937473 948420 10947
936290 950466 14176
936887 951621 14734
935859 951885 16026
939033 952314 13281
936672 952545 15873
942690 953634 10944
946751 954888 8137
944270 955218 10948
949022 955680 6658
950097 961587 11490
948515 962973 14458
952088 964095 12007
953794 965250 11456
953005 966306 13301
956278 966735 10457
962983 969276 6293
958250 969540 11290
954932 969573 14641
964942 971223 6281
957068 971454 14386
965961 972642 6681
959494 974754 15260
965764 976206 10442
965349 976866 11517
971741 978384 6643
973253 979539 6286
969663 979638 9975
974080 980364 6284
969790 980727 10937
969524 981057 11533
969999 981717 11718
976902 983202 6300
970536 983433 12897
979569 985842 6273
980994 987294 6300
970527 987987 17460
973950 989505 15555
979468 989901 10433
977955 990957 13002
980741 991683 10942
973493 992541 19048
976448 993795 17347
981739 994059 12320
981082 994455 13373
982367 997227 14860
987594 998547 10953
989856 1002210 12354
990255 1002804 12549
987931 1003167 15236
992346 1003167 10821
986534 1005477 18943
990724 1006962 16238
997254 1007688 10434
1002210 1009569 7359
991901 1009602 17701
994556 1010790 16234
997833 1011450 13617
998987 1011978 12991
992497 1012671 20174
997899 1013166 15267
999012 1013793 14781
1004484 1014915 10431
1001055 1015278 14223
1007808 1016796 8988
1010366 1017357 6991
1001929 1019601 17672
1006782 1019931 13149
999441 1020063 20622
1002857 1020690 17833
1010466 1021416 10950
1006990 1025838 18848
1011338 1026399 15061
1003619 1026894 23275
1014922 1026927 12005
1013569 1028445 14876
1007472 1028577 21105
1014108 1030095 15987
1016095 1031052 14957
1010569 1031778 21209
1018981 1034715 15734
1027145 1037949 10804
1023051 1039929 16878
1019236 1041579 22343
1036081 1042767 6686
1029303 1043196 13893
1033479 1044384 10905
1024284 1044714 20430
1028084 1044879 16795
1020238 1045605 25367
1027215 1045605 18390
1029152 1047156 18004
1033950 1049565 15615
1031353 1049829 18476
1037910 1051017 13107
1030717 1052865 22148
1034735 1052865 18130
1039446 1052931 13485
1034866 1053294 18428
1036345 1056099 19754
1037062 1056759 19697
1036249 1057188 20939
1044949 1058805 13856
1048365 1059498 11133
1039597 1060092 20495
1044672 1060125 15453
1035329 1061742 26413
1042893 1062831 19938
1042491 1063359 20868
1043760 1065570 21810
1039485 1066659 27174
1050689 1069464 18775
1056689 1069596 12907
1059430 1069761 10331
1044093 1070124 26031
1055362 1070784 15422
1058208 1072764 14556
1058096 1073292 15196
1056172 1073787 17615
1057870 1074183 16313
1063989 1076460 12471
1060294 1077021 16727
1072030 1079133 7103
1065674 1079727 14053
1069311 1080288 10977
1067021 1081773 14752
1076107 1082400 6293
1066362 1085007 18645
1067284 1087746 20462
1081442 1088076 6634
1078129 1088571 10442
1073535 1088802 15267
1071094 1089264 18170
1070608 1089330 18722
1067626 1090881 23255
1070384 1090914 20530
1072493 1092267 19774
1070290 1092432 22142
1078737 1093059 14322
1083058 1094049 10991
1075461 1095666 20205
1078050 1095699 17649
1075899 1095963 20064
1080937 1096260 15323
1082357 1097118 14761
1083799 1101309 17510
1095026 1104048 9022
1098061 1104345 6284
1094708 1105665 10957
1089477 1106556 17079
1079143 1106589 27446
1081394 1107348 25954
1090833 1107612 16779
1093244 1107645 14401
1102692 1109328 6636
1099190 1110120 10930
1091053 1110582 19529
1092624 1111143 18519
1096539 1111704 15165
1105067 1112166 7099
1082098 1112331 30233
1091849 1112727 20878
1098671 1113057 14386
1094712 1114344 19632
1104838 1115103 10265
1098992 1116885 17893
1099727 1119261 19534
1099765 1120185 20420
1110597 1121043 10446
1103111 1122363 19252
1106089 1123287 17198
1108993 1123815 14822
1109904 1125630 15726
1102646 1126950 24304
1102553 1130382 27829
1117325 1131240 13915
1113244 1131306 18062
1104397 1131834 27437
1121138 1132131 10993
1120350 1132560 12210
1107995 1134309 26314
1109636 1134804 25168
1123495 1135695 12200
1129936 1136223 6287
1122344 1136949 14605
1130358 1137147 6789
1120517 1138236 17719
1112546 1139292 26746
1130947 1139952 9005
1120738 1140348 19610
1132075 1140381 8306
1133450 1141866 8416
1121772 1142460 20688
1120776 1142757 21981
1126623 1143186 16563
1124488 1144209 19721
1137559 1145859 8300
1127703 1146024 18321
1133097 1149225 16128
1134374 1150083 15709
1139649 1150908 11259
1131002 1151040 20038
1137392 1152459 15067
1134076 1152987 18911
1140135 1154769 14634
1135843 1156848 21005
1140299 1159323 19024
1148715 1159653 10938
1144338 1160445 16107
1155018 1161666 6648
1141887 1162260 20373
1139256 1162458 23202
1143044 1163052 20008
1149766 1166616 16850
1146348 1168695 22347
1150765 1169058 18293
1157915 1170279 12364
1152833 1170345 17512
1161687 1172127 10440
1156861 1172358 15497
1161182 1172754 11572
1154202 1173513 19311
1150467 1173579 23112
1153656 1173876 20220
1165735 1176186 10451
1163574 1176285 12711
1165459 1176384 10925
1154424 1176879 22455
1159124 1179321 20197
1164713 1179420 14707
1165811 1179948 14137
1158948 1180113 21165
1174781 1181070 6289
1163337 1181400 18063
1175059 1181697 6638
1179669 1185954 6285
1168815 1187373 18558
1181313 1187637 6324
1178069 1189023 10954
1173716 1190673 16957
1175312 1190739 15427
1178049 1191630 13581
1175905 1192323 16418
1174395 1193148 18753
1185856 1194039 8183
1175257 1194963 19706
1190381 1197801 7420
1178185 1198890 20705
1178860 1200408 21548
1190184 1200804 10620
1188016 1202157 14141
1191403 1202586 11183
1179391 1203708 24317
1185139 1204236 19097
1181721 1204434 22713
1194536 1205886 11350
1196525 1207338 10813
1190962 1207701 16739
1198296 1210803 12507
1197161 1213872 16711
1203356 1214862 11506
1198815 1216050 17235
1210515 1216809 6294
1201586 1217931 16345
1199935 1218393 18458
1199302 1218855 19553
1202158 1219350 17192
1210603 1219416 8813
1212175 1220637 8462
1200210 1222155 21945
1198534 1222221 23687
1207031 1222650 15619
1210840 1223178 12338
1205973 1223574 17601
1207279 1224861 17582
1206740 1226907 20167
1206409 1227435 21026
1216737 1227765 11028
1209964 1227963 17999
1217111 1228425 11314
1204040 1230669 26629
1211843 1232286 20443
1218015 1233045 15030
1220021 1234992 14971
1229009 1237797 8788
1214986 1238820 23834
1232862 1239150 6288
1215021 1239513 24492
1213535 1239546 26011
1218788 1240635 21847
1220557 1241295 20738
1223802 1242648 18846
1224184 1244562 20378
1218716 1245024 26308
1224545 1245090 20545
1232885 1249908 17023
1225110 1252284 27174
1225131 1252878 27747
1236462 1253274 16812
1234655 1256145 21490
1238715 1256211 17496
1240219 1256772 16553
1235359 1256871 21512
1239560 1258653 19093
1242888 1259874 16986
1249503 1259940 10437
1245471 1263141 17670
1248906 1263174 14268
1250125 1263207 13082
1251528 1263339 11811
1253285 1263801 10516
1244448 1266045 21597
1256272 1267200 10928
1248722 1268652 19930
1251368 1270071 18703
1251825 1270731 18906
1256901 1270797 13896
1256977 1271094 14117
1270470 1276770 6300
1252624 1277001 24377
1255550 1277067 21517
1263886 1277727 13841
1265755 1278519 12764
1264025 1279080 15055
1260178 1279377 19199
1263236 1281126 17890
1271315 1282116 10801
1273228 1284030 10802
1268953 1284129 15176
1278194 1286637 8443
1265796 1287528 21732
1282263 1288551 6288
1275828 1290069 14241
1275958 1290234 14276
1272417 1290597 18180
1276741 1290663 13922
1269821 1291026 21205
1286432 1293237 6805
1283316 1293402 10086
1279425 1293897 14472
1272700 1293930 21230
1279710 1295481 15771
1282529 1297527 14998
1288497 1298253 9756
1288523 1299012 10489
1287073 1301619 14546
1274955 1302048 27093
1281687 1302576 20889
1285709 1302906 17197
1282366 1303104 20738
1293338 1305480 12142
1293158 1305645 12487
1291538 1306404 14866
1295387 1306932 11545
1293102 1307823 14721
1302692 1308978 6286
1305683 1311981 6298
1297762 1312905 15143
1301611 1313202 11591
1296794 1314258 17464
1303081 1315479 12398
1313767 1320330 6563
1305796 1320594 14798
1305878 1321254 15376
1304250 1321386 17136
1307257 1321914 14657
1313788 1324257 10469
1313475 1324422 10947
1307674 1324653 16979
1321047 1327326 6279
1313510 1327425 13915
1317128 1330164 13036
1324972 1331616 6644
1316117 1332177 16060
1321020 1334223 13203
1324527 1335345 10818
1324224 1337490 13266
1324057 1338579 14522
1317415 1338876 21461
1326283 1339272 12989
1333109 1339404 6295
1328688 1340988 12300
1327614 1343034 15420
1327157 1344222 17065
1329592 1344750 15158
1330509 1344849 14340
1337585 1348380 10795
1338935 1349733 10798
1344132 1350426 6294
1334001 1351185 17184
1335496 1351812 16316
1346334 1352604 6270
1332603 1352637 20034
1342543 1353990 11447
1344302 1355376 11074
1342130 1355673 13543
1345439 1356498 11059
1346439 1358742 12303
1340807 1359303 18496
1343494 1359864 16370
1346269 1360194 13925
1349559 1360359 10800
1350202 1363065 12863
1356748 1363395 6647
1348831 1363428 14597
1349255 1366299 17044
1344105 1369104 24999
1358759 1369698 10939
1359313 1369962 10649
1351897 1370028 18131
1362167 1372437 10270
1359453 1372602 13149
1362012 1373361 11349
1349409 1373559 24150
1357541 1375704 18163
1354878 1376727 21849
1371583 1377882 6299
1361954 1378938 16984
1362511 1380621 18110
1366256 1384251 17995
1378403 1384680 6277
1374046 1384977 10931
1376332 1387287 10955
1360893 1387452 26559
1363627 1387452 23825
1361563 1387947 26384
1381870 1388508 6638
1364574 1389069 24495
1367616 1389630 22014
1365932 1390752 24820
1370116 1390950 20834
1370934 1391577 20643
1370140 1391907 21767
1363812 1392006 28194
1376678 1394184 17506
1381257 1394646 13389
1367190 1395273 28083
1383655 1395636 11981
1368578 1395933 27355
1384474 1397814 13340
1383142 1399167 16025
1385738 1400916 15178
1383882 1402401 18519
1384053 1402533 18480
1389341 1402533 13192
1387739 1402929 15190
1387730 1403655 15925
1396388 1404513 8125
1391200 1405008 13808
1390829 1406097 15268
1393798 1408308 14510
1403844 1410156 6312
1394591 1411905 17314
1397276 1412004 14728
1394231 1412499 18268
1402844 1412697 9853
1402825 1413753 10928
1400753 1415733 14980
1393892 1415931 22039
1400404 1416657 16253
1401441 1416987 15546
1408697 1419231 10534
1403374 1420287 16913
1412933 1422036 9103
1413160 1424115 10955
1401320 1426062 24742
1408239 1426260 18021
1414244 1426986 12742
1410083 1427844 17761
1409696 1427910 18214
1407997 1428570 20573
1421307 1432959 11652
1421956 1433289 11333
1423461 1434279 10818
1415594 1434807 19213
1417480 1435995 18515
1420470 1436523 16053
1430223 1436523 6300
1422221 1437579 15358
1422451 1438107 15656
1432950 1439592 6642
1422618 1442100 19482
1426294 1442727 16433
1437171 1443849 6678
1434421 1444872 10451
1430326 1444905 14579
1434362 1445994 11632
1434242 1447413 13171
1424734 1447776 23042
1438424 1449624 11200
1434203 1449690 15487
1435797 1450812 15015
1444426 1451076 6650
1442882 1451835 8953
1444478 1452495 8017
1442669 1453122 10453
1434803 1454046 19243
1436370 1454112 17742
1438189 1454673 16484
1441499 1455300 13801
1441867 1455993 14126
1438205 1457214 19009
1445970 1457808 11838
1439097 1458402 19305
1447597 1458402 10805
1441899 1460316 18417
1443733 1460910 17177
1445177 1461669 16492
1451966 1461702 9736
1447693 1464078 16385
1448796 1465068 16272
1446747 1465431 18684
1455183 1465992 10809
1452177 1466322 14145
1455874 1467114 11240
1445242 1467840 22598
1454177 1469259 15082
1454465 1470579 16114
1465765 1472064 6299
1461371 1473384 12013
1463035 1473681 10646
1454107 1474374 20267
1461627 1475067 13440
1461038 1476618 15580
1461543 1476717 15174
1457008 1477047 20039
1462342 1478334 15992
1463582 1478565 14983
1461768 1480314 18546
1468907 1482393 13486
1465151 1482459 17308
1464385 1482756 18371
1468466 1484835 16369
1464926 1486155 21229
1465446 1487310 21864
1481658 1487937 6279
1475964 1489158 13194
1469782 1490082 20300
1467371 1490115 22744
1479889 1491402 11513
1474736 1492425 17689
1479918 1492524 12606
1470755 1492755 22000
1481045 1493085 12040
1486797 1493085 6288
1475549 1495296 19747
1487258 1498398 11140
1482200 1500576 18376
1477912 1500873 22961
1487558 1501401 13843
1488100 1502556 14456
1489986 1502754 12768
1489686 1504668 14982
1491147 1504998 13851
1491925 1505262 13337
1492383 1505328 12945
1493663 1505592 11929
1492847 1506450 13603
1493491 1507902 14411
1495151 1509816 14665
1500439 1511235 10796
1506263 1512918 6655
1492773 1512984 20211
1501223 1513347 12124
1496146 1513842 17696
1498456 1514469 16013
1499005 1516284 17279
1498098 1517538 19440
1501460 1518198 16738
1502089 1518858 16769
1506268 1519221 12953
1507628 1519386 11758
1503226 1520805 17579
1510595 1521366 10771
1510218 1521630 11412
1507036 1521960 14924
1508103 1523808 15705
1512143 1524402 12259
1510806 1524963 14157
1511649 1529220 17571
1520390 1531629 11239
1522100 1532916 10816
1518447 1533741 15294
1510319 1534368 24049
1513215 1535556 22341
1525483 1537404 11921
1520036 1537536 17500
1524815 1538658 13843
1524101 1539186 15085
1520793 1541133 20340
1527105 1541760 14655
1536747 1543410 6663
1526635 1544136 17501
1533234 1544433 11199
1533328 1544532 11204
1535123 1544895 9772
1536514 1545027 8513
1525539 1546116 20577
1537633 1548360 10727
1531201 1548591 17390
1532607 1549482 16875
1526740 1549548 22808
1537768 1549944 12176
1538632 1550340 11708
1545070 1551990 6920
1542475 1552254 9779
1536727 1552584 15857
1544311 1555686 11375
1545844 1556247 10403
1540543 1556940 16397
1551079 1557369 6290
1541619 1559844 18225
1547388 1563276 15888
1551803 1564299 12496
1555423 1565883 10460
1558164 1567005 8841
1547201 1567236 20035
1551583 1567566 15983
1550068 1568424 18356
1554151 1568622 14471
1562678 1569018 6340
1559221 1570569 11348
1555434 1570866 15432
1550267 1574067 23800
1564231 1574661 10430
1561882 1577103 15221
1560726 1577763 17037
1573558 1579842 6284
1567186 1581030 13844
1559485 1581393 21908
1562836 1581558 18722
1569549 1584495 14946
1563614 1584693 21079
1565426 1587828 22402
1568389 1588422 20033
1574532 1588785 14253
1570904 1589214 18310
1574933 1593669 18736
1587730 1594032 6302
1588776 1595088 6312
1578340 1596243 17903
1586045 1596969 10924
1585187 1598850 13663
1574957 1599147 24190
1582140 1599543 17403
1592736 1601556 8820
1576733 1602447 25714
1590420 1602942 12522
1592288 1606308 14020
1596648 1607595 10947
1598729 1609674 10945
1599378 1610433 11055
1602837 1613766 10929
1601421 1615548 14127
1600248 1615911 15663
1601669 1616637 14968
1606135 1617363 11228
1612087 1619376 7289
1608715 1619508 10793
1609875 1620564 10689
1613458 1622148 8690
1605183 1623204 18021
1610668 1624491 13823
1614892 1625844 10952
1616093 1627659 11566
1613098 1627725 14627
1617740 1628649 10909
1614844 1629210 14366
1622894 1629540 6646
1615162 1629870 14708
1616278 1630365 14087
1612398 1631784 19386
1615327 1632411 17084
1614230 1633203 18973
1616517 1633632 17115
1615438 1634160 18722
1622320 1636305 13985
1625397 1636866 11469
1613783 1637295 23512
1617753 1637295 19542
1619175 1638120 18945
1626926 1639737 12811
1625323 1640166 14843
1625708 1640727 15019
1628035 1640991 12956
1628459 1641816 13357
1620176 1643004 22828
1625444 1643202 17758
1627842 1644390 16548
1626347 1645083 18736
1628115 1648251 20136
1629543 1648746 19203
1632730 1649505 16775
1643346 1650000 6654
1627811 1650429 22618
1637040 1653168 16128
1639984 1653828 13844
1643386 1654323 10937
1635715 1655940 20225
1638787 1656600 17813
1638047 1656864 18817
1646220 1659834 13614
1641465 1660098 18633
1649681 1660725 11044
1654268 1660989 6721
1650273 1663464 13191
1648017 1664157 16140
1651159 1664718 13559
1653430 1665213 11783
1657638 1666731 9093
1641709 1667523 25814
1644950 1667655 22705
1656996 1667787 10791
1650835 1668348 17513
1656834 1669899 13065
1650516 1670790 20274
1659855 1670790 10935
1660033 1673529 13496
1661617 1673892 12275
1661633 1674057 12424
1651804 1675047 23243
1657467 1676895 19428
1663929 1677291 13362
1658028 1677390 19362
1661761 1680525 18764
1663897 1681086 17189
1664054 1681152 17098
1675502 1681779 6277
1669209 1682010 12801
1672801 1683726 10925
1665628 1683858 18230
1660448 1684386 23938
1665788 1684947 19159
1669563 1685574 16011
1669517 1686894 17377
1681110 1687752 6642
1668194 1688181 19987
1681840 1688544 6704
1667634 1688610 20976
1677618 1688676 11058
1668710 1689171 20461
1683274 1689567 6293
1677709 1691085 13376
1669497 1691283 21786
1674485 1692075 17590
1679287 1693890 14603
1686401 1695144 8743
1684773 1696068 11295
1690426 1697091 6665
1681785 1697982 16197
1683241 1698510 15269
1686901 1699236 12335
1685537 1701315 15778
1686773 1701381 14608
1694482 1702536 8054
1689400 1704483 15083
1690765 1705539 14774
1692944 1706199 13255
1700145 1708839 8694
1698616 1709565 10949
1694291 1710423 16132
1691320 1711149 19829
1700077 1713525 13448
1706864 1713525 6661
1703551 1713987 10436
1701158 1714119 12961
1694145 1714449 20304
1702930 1714680 11750
1698303 1715670 17367
1702104 1716825 14721
1710586 1719861 9275
1706222 1722831 16609
1706965 1723062 16097
1702740 1723491 20751
1713674 1725702 12028
1709562 1726131 16569
1713818 1726230 12412
1718400 1726758 8358
1716002 1729497 13495
1711296 1730256 18960
1724109 1730388 6279
1712769 1731741 18972
1718182 1733655 15473
1714239 1735041 20802
1724165 1735404 11239
1718334 1735503 17169
1722297 1738275 15978
1722874 1738803 15929
1728318 1739298 10980
1727803 1739595 11792
1724842 1740750 15908
1724491 1741641 17150
1726313 1741806 15493
1723406 1741905 18499
1736840 1743489 6649
1730234 1744380 14146
1727033 1745073 18040
1725698 1745205 19507
1726243 1745733 19490
1725601 1745832 20231
1727078 1746459 19381
1738975 1748868 9893
1734265 1751772 17507
1737273 1752234 14961
1734947 1752729 17782
1742007 1753422 11415
1739129 1755600 16471
1745290 1755831 10541
1741228 1756194 14966
1752836 1759296 6460
1738555 1760616 22061
1756636 1762926 6290
1748368 1763883 15515
1747557 1763982 16425
1742094 1766556 24462
1752680 1768272 15592
1755060 1769427 14367
1747756 1770714 22958
1754965 1772958 17993
1763566 1774608 11042
1763930 1775103 11173
1764478 1775169 10691
1759610 1776984 17374
1759668 1777644 17976
1770141 1780086 9945
1771909 1780086 8177
1769147 1780416 11269
1772475 1782924 10449
1767183 1783023 15840
1772594 1783023 10429
1770684 1783749 13065
1768939 1784277 15338
1775742 1786191 10449
1775859 1786653 10794
1781350 1787643 6293
1779515 1790448 10933
1784204 1790481 6277
1777791 1790976 13185
1780878 1791801 10923
1781074 1793814 12740
1776609 1793880 17271
1780511 1795431 14920
1786098 1796553 10455
1784606 1796751 12145
1783376 1798665 15289
1781448 1799424 17976
1780350 1800183 19833
1791883 1803318 11435
1788499 1803516 15017
1789832 1803813 13981
1789795 1804044 14249
1795032 1806420 11388
1792741 1806519 13778
1792934 1807080 14146
1793346 1809423 16077
1794132 1810017 15885
1803379 1810149 6770
1788128 1810578 22450
1797814 1812525 14711
1794609 1813218 18609
1800490 1813284 12794
1797336 1813812 16476
1801600 1816287 14687
1806697 1817178 10481
1808092 1817739 9647
1802902 1819059 16157
1806367 1819257 12890
1809650 1820082 10432
1805900 1821435 15535
1815259 1821534 6275
1802517 1821633 19116
1810320 1821930 11610
1806923 1822689 15766
1813765 1823118 9353
1813901 1824570 10669
1816812 1825131 8319
1811616 1825197 13581
1810227 1826286 16059
1811454 1826913 15459
1819644 1827309 7665
1816997 1827969 10972
1821902 1828200 6298
1812196 1828530 16334
1814599 1829421 14822
1808480 1830147 21667
1816340 1830543 14203
1820372 1832820 12448
1809883 1833381 23498
1820331 1833711 13380
1828669 1834965 6296
1823333 1836549 13216
1816146 1836648 20502
1820777 1838397 17620
1832548 1838859 6311
1833037 1839684 6647
1812649 1840707 28058
1821384 1842291 20907
1823773 1842456 18683
1825914 1842489 16575
1827161 1842522 15361
1827275 1843611 16336
1816935 1843941 27006
1830055 1844106 14051
1822960 1844469 21509
1828165 1846119 17954
1829031 1846845 17814
1829823 1847208 17385
1820626 1847736 27110
1836980 1849221 12241
1838798 1849782 10984
1828793 1852257 23464
1845406 1854105 8699
1839733 1854204 14471
1837992 1854633 16641
1842426 1855524 13098
1843743 1857009 13266
1851928 1858230 6302
1844262 1858857 14595
1851227 1861662 10435
1850950 1861893 10943
1851025 1861959 10934
1838190 1862091 23901
1845241 1863642 18401
1852634 1864434 11800
1850486 1866414 15928
1851465 1866579 15114
1851788 1867833 16045
1856715 1868361 11646
1859414 1869318 9904
1857447 1869582 12135
1855715 1869813 14098
1860570 1872123 11553
1857225 1872486 15261
1858828 1874301 15473
1856870 1875489 18619
1860477 1875819 15342
1865317 1876116 10799
1859879 1879416 19537
1865872 1881825 15953
1871424 1882155 10731
1867723 1882683 14960
1875320 1883574 8254
1869669 1884366 14697
1869121 1884399 15278
1869770 1886412 16642
1876690 1886445 9755
1866153 1886841 20688
1876129 1887138 11009
1872617 1887534 14917
1869638 1887633 17995
1871157 1888161 17004
1872585 1888788 16203
1870072 1889283 19211
1871687 1889448 17761
1877272 1890174 12902
1883706 1890537 6831
1871083 1891296 20213
1877646 1891923 14277
1876977 1892253 15276
1878955 1892583 13628
1880036 1893375 13339
1887501 1893771 6270
1876952 1894464 17512
1873036 1894662 21626
1884221 1897302 13081
1876282 1897368 21086
1890247 1899612 9365
1881762 1900008 18246
1872582 1900404 27822
1882147 1900536 18389
1885079 1901097 16018
1891391 1902186 10795
1876468 1902813 26345
1884689 1903044 18355
1890386 1903902 13516
1891466 1904430 12964
1886790 1904562 17772
1893159 1905156 11997
1897725 1908654 10929
1898573 1909512 10939
1904132 1910403 6271
1900031 1910469 10438
1899886 1911459 11573
1905169 1911822 6653
1898237 1913406 15169
1905075 1915518 10443
1910879 1917531 6652
1906408 1919082 12674
1905743 1919940 14197
1909451 1920402 10951
1905948 1920798 14850
1910410 1921359 10949
1908569 1923174 14605
1911267 1923504 12237
1909581 1926837 17256
1913497 1927794 14297
1913399 1929444 16045
1910939 1930434 19495
1920139 1931094 10955
1913452 1932810 19358
1914216 1933206 18990
1918769 1935450 16681
1922756 1935846 13090
1925321 1936407 11086
1918515 1938057 19542
1917472 1938288 20816
1921062 1940169 19107
1923880 1940235 16355
1934688 1940961 6273
1936587 1942875 6288
1926841 1943271 16430
1928974 1943469 14495
1927471 1944096 16625
1927675 1944723 17048
1932119 1945416 13297
1929220 1945581 16361
1932169 1946241 14072
1921858 1947198 25340
1936397 1947627 11230
1923480 1947693 24213
1930446 1948353 17907
1933896 1949673 15777
1934597 1949838 15241
1934431 1950300 15869
1936326 1950366 14040
1931448 1950927 19479
1940423 1951092 10669
1941992 1952478 10486
1946270 1952544 6274
1943966 1954029 10063
1945968 1955217 9249
1949949 1956240 6291
1942699 1957263 14564
1943974 1957725 13751
1945602 1957890 12288
1947423 1958154 10731
1948698 1959144 10446
1943306 1959771 16465
1955331 1961982 6651
1950896 1965216 14320
1955641 1966833 11192
1956126 1966932 10806
1949177 1967097 17920
1955785 1970100 14315
1965697 1971981 6284
1962210 1972641 10431
1961786 1972740 10954
1959268 1975017 15749
1960947 1975413 14466
1969171 1975809 6638
1963305 1978680 15375
1969341 1980264 10923
1975069 1981353 6284
1978633 1986765 8132
1972580 1987062 14482
1977419 1990527 13108
1979089 1990890 11801
1978810 1991517 12707
1982225 1993035 10810
1980942 1993332 12390
1980748 1993596 12848
1977536 1993827 16291
1977788 1995213 17425
1978020 1995840 17820
1979109 1998117 19008
1988337 1998777 10440
1984480 1998942 14462
1984125 1999140 15015
1983787 2001648 17861
1983943 2002374 18431
1988561 2003925 15364
1984094 2005311 21217
1987655 2005674 18019
1996242 2006928 10686
1991112 2008215 17103
2003071 2009370 6299
1993811 2010030 16219
1989876 2010327 20451
1992929 2012142 19213
1993005 2013066 20061
1995945 2014848 18903
1994347 2015244 20897
1990570 2016564 25994
1997764 2017224 19460
1998629 2017323 18694
2000072 2018478 18406
2012639 2018940 6301
2004644 2019105 14461
2003931 2019666 15735
1998598 2021118 22520
1997975 2022141 24166
1997873 2024319 26446
2013352 2024847 11495
2001873 2024913 23040
1999779 2025276 25497
2002788 2025309 22521
2012724 2025474 12750
2004445 2026431 21986
2011872 2028708 16836
2023130 2029467 6337
2003628 2029665 26037
2019386 2030325 10939
2004333 2030358 26025
2015604 2031942 16338
2018564 2033097 14533
2019487 2033526 14039
2027435 2034318 6883
2024732 2035176 10444
2024431 2035737 11306
2026376 2037486 11110
2034111 2040753 6642
2031269 2041710 10441
2031992 2042436 10444
2023325 2044185 20860
2023274 2044350 21076
2029385 2044581 15196
2033341 2045604 12263
2027331 2047848 20517
2034514 2048838 14324
2033831 2051082 17251
2036013 2051643 15630
2039722 2052699 12977
2043271 2054118 10847
2044084 2054877 10793
2038538 2057583 19045
2036836 2058573 21737
2037435 2059101 21666
2053329 2059629 6300
2049469 2061312 11843
2052663 2062203 9540
2040349 2062566 22217
2034670 2063853 29183
2048602 2064876 16274
2039488 2064909 25421
2043315 2065833 22518
2051992 2065932 13940
2059759 2067021 7262
2044647 2068902 24255
2045970 2069562 23592
2045491 2071080 25589
2040907 2071410 30503
2058664 2072268 13604
2043460 2072697 29237
2045801 2073258 27457
2067709 2073984 6275
2068310 2074974 6664
2055654 2075997 20343
2070488 2076789 6301
2053041 2077020 23979
2048215 2077713 29498
2055710 2078835 23125
2064403 2080353 15950
2052779 2080881 28102
2049541 2080914 31373
2056433 2081508 25075
2065750 2083455 17705
2069491 2083455 13964
2072261 2084313 12052
2056118 2084676 28558
2058947 2085237 26290
2070479 2086557 16078
2075821 2086755 10934
2057940 2088471 30531
2078921 2089857 10936
2074860 2090352 15492
2084672 2090946 6274
2080609 2093619 13010
2069680 2094741 25061
2087977 2094906 6929
2084680 2096952 12272
2070833 2097975 27142
2084449 2098107 13658
2085526 2098272 12746
2067277 2099394 32117
2093928 2100219 6291
2081022 2100945 19923
2074354 2101902 27548
2075677 2102430 26753
2076268 2102958 26690
2092724 2103156 10432
2099090 2105367 6277
2081835 2105862 24027
2080388 2106060 25672
2096163 2106423 10260
2087308 2109129 21821
2077136 2109228 32092
2104087 2110383 6296
2099126 2111637 12511
2096636 2112462 15826
2108691 2115036 6345
2089269 2115531 26262
2099849 2116224 16375
2096007 2117214 21207
2100586 2118633 18047
2102090 2119227 17137
2101815 2120118 18303
2092648 2120250 27602
2097758 2121438 23680
2096916 2123220 26304
2108105 2123352 15247
2104890 2123814 18924
2102882 2124441 21559
2098456 2126487 28031
2113455 2127675 14220
2114522 2127675 13153
2109778 2129754 19976
2124326 2130612 6286
2113562 2130843 17281
2120098 2132922 12824
2112937 2132988 20051
2115116 2133021 17905
2108198 2133153 24955
2116072 2133813 17741
2123132 2135661 12529
2126607 2138169 11562
2133561 2139852 6291
2128612 2140116 11504
2122626 2141040 18414
2128318 2143185 14867
2129668 2143218 13550
2129717 2143713 13996
2132372 2145924 13552
2131562 2146848 15286
2134741 2147310 12569
2137208 2147970 10762
2126925 2148927 22002
2134511 2151006 16495
2131835 2151204 19369
2134307 2153448 19141
2134355 2153745 19390
2137700 2154273 16573
2135512 2154504 18992
2150320 2157045 6725
2131807 2157738 25931
2135473 2157969 22496
2143387 2160906 17519
2143578 2161401 17823
2153500 2161467 7967
2143651 2161962 18311
2138074 2162688 24614
2143551 2164107 20556
2153810 2164767 10957
2146681 2165559 18878
2151524 2166681 15157
2151335 2167968 16633
2154668 2168298 13630
2152134 2169948 17814
2153103 2171070 17967
2148502 2171301 22799
2148127 2174403 26276
2166268 2175162 8894
2160443 2175624 15181
2163189 2178099 14910
2163423 2178726 15303
2164585 2179221 14636
2172561 2179221 6660
2159579 2181531 21952
2160757 2182092 21335
2164399 2182983 18584
2161825 2183181 21356
2162007 2183742 21735
2163272 2184336 21064
2168225 2184864 16639
2167284 2185392 18108
2179882 2186184 6302
2164635 2187801 23166
2167498 2188164 20666
2170128 2188494 18366
2170115 2188725 18610
2170454 2189088 18634
2181351 2192355 11004
2177417 2194203 16786
2187909 2194203 6294
2189374 2196216 6842
2176207 2196249 20042
2180231 2196414 16183
2190762 2199747 8985
2179787 2200077 20290
2183058 2200440 17382
2184363 2201265 16902
2188130 2201793 13663
2184692 2202783 18091
2186382 2202816 16434
2191623 2203311 11688
2189410 2204004 14594
2180013 2205984 25971
2196333 2208096 11763
2193497 2210670 17173
2194159 2210835 16676
2194162 2211231 17069
2199720 2213970 14250
2201659 2214069 12410
2203991 2214432 10441
2198134 2217996 19862
2205178 2221164 15986
2208253 2221659 13406
2206397 2221857 15460
2215658 2221956 6298
2210979 2222979 12000
2215810 2224629 8819
2211787 2226444 14657
2215960 2226675 10715
2213233 2228787 15554
2210376 2228952 18576
2211196 2229315 18119
2216367 2229348 12981
2217282 2229678 12396
2216038 2232252 16214
2222615 2232483 9868
2221310 2232846 11536
2219606 2232912 13306
2214634 2233440 18806
2227874 2234562 6688
2216163 2235585 19422
2228718 2236014 7296
2218226 2236773 18547
2225909 2238027 12118
2226392 2240238 13846
2230413 2240502 10089
2219334 2240832 21498
2230391 2241459 11068
2236086 2242746 6660
2239716 2246376 6660
2220635 2247234 26599
2227494 2247663 20169
2227408 2247795 20387
2230191 2249280 19089
2243666 2250105 6439
2236027 2251392 15365
2236373 2252052 15679
2246198 2252514 6316
2242423 2254065 11642
2240769 2254791 14022
2245041 2255154 10113
2239721 2256705 16984
2234819 2257233 22414
2240188 2257464 17276
2247757 2258190 10433
2244383 2259642 15259
2248066 2260302 12236
2248268 2261028 12760
2249708 2261160 11452
2250139 2262579 12440
2249454 2264559 15105
2248995 2264856 15861
2251292 2265087 13795
2251984 2265516 13532
2251189 2268585 17396
2256135 2271423 15288
2261350 2272578 11228
2260361 2273139 12778
2260243 2274657 14414
2261403 2274921 13518
2267787 2275053 7266
2265391 2276241 10850
2263470 2277396 13926
2262088 2278188 16100
2263346 2279046 15700
2259380 2280201 20821
2270874 2280498 9624
2263486 2280531 17045
2268268 2281224 12956
2265480 2281323 15843
2265520 2283468 17948
2271290 2283963 12673
2278476 2284755 6279
2269374 2287065 17691
2266801 2288616 21815
2268732 2289144 20412
2275440 2291124 15684
2282278 2293071 10793
2280111 2294820 14709
2273841 2294886 21045
2282409 2295876 13467
2279892 2297922 18030
2281792 2298120 16328
2288132 2300859 12727
2285325 2300925 15600
2281398 2302278 20880
2287841 2302476 14635
2284749 2303004 18255
2292744 2303796 11052
2285265 2304291 19026
2291119 2305578 14459
2285588 2305974 20386
2294926 2307492 12566
2293591 2309736 16145
2294919 2310099 15180
2305199 2311485 6286
2306786 2313069 6283
2305036 2313498 8462
2298784 2315247 16463
2309905 2316567 6662
2312718 2319009 6291
2308088 2319042 10954
2306133 2320791 14658
2312617 2324124 11507
2314245 2324685 10440
2315195 2327127 11932
2312838 2330691 17853
2317169 2331648 14479
2325714 2337027 11313
2315630 2337324 21694
2329304 2338116 8812
2320576 2338479 17903
2324940 2341119 16179
2325287 2342670 17383
2323080 2343726 20646
2330493 2344419 13926
2334916 2345739 10823
2328375 2345904 17529
2330918 2348841 17923
2325941 2350062 24121
2328792 2350095 21303
2333950 2352075 18125
2334048 2352834 18786
2331647 2353197 21550
2333152 2353824 20672
2347451 2356893 9442
2342610 2357091 14481
2338594 2358477 19883
2336821 2359467 22646
2353043 2359698 6655
2340198 2360226 20028
2349355 2362767 13412
2343346 2366067 22721
2345557 2366463 20906
2349265 2366859 17594
2347051 2367189 20138
2349031 2367321 18290
2349683 2367849 18166
2342197 2369961 27764
2356558 2371116 14558
2356016 2372700 16684
2358899 2373228 14329
2347513 2374383 26870
2354427 2376528 22101
2359810 2377122 17312
2362082 2377683 15601
2355793 2378706 22913
2364379 2380818 16439
2361557 2381181 19624
2367602 2381874 14272
2366404 2384811 18407
2364677 2384976 20299
2366225 2387715 21490
2370347 2388540 18193
2372275 2388606 16331
2365889 2390058 24169
2366074 2390454 24380
2380021 2390817 10796
2380843 2391774 10931
2378462 2395074 16612
2372964 2395701 22737
2389039 2398803 9764
2386444 2400915 14471
2385057 2401443 16386
2396212 2402499 6287
2389532 2403489 13957
2387379 2403555 16176
2394376 2403555 9179
2384947 2405997 21050
2393432 2408208 14776
2398635 2409825 11190
2392853 2410881 18028
2400645 2411574 10929
2401740 2413785 12045
2390649 2413983 23334
2400980 2414049 13069
2396897 2414544 17647
2405355 2417151 11796
2407621 2418603 10982
2401096 2418669 17573
2406441 2418702 12261
2412762 2419032 6270
2403648 2420451 16803
2409086 2420979 11893
2407308 2421903 14595
2401144 2422497 21353
2409524 2424246 14722
2408713 2425764 17051
2419284 2426523 7239
2416913 2428107 11194
2423245 2429526 6281
2415333 2429790 14457
2417281 2430450 13169
2419088 2430516 11428
2426162 2432826 6664
2424572 2432892 8320
2424651 2435103 10452
2430447 2436720 6273
2430214 2436852 6638
2426291 2437248 10957
2432055 2439393 7338
2429997 2440944 10947
2425237 2441604 16367
2436495 2443155 6660
2432796 2443617 10821
2437497 2444178 6681
2434967 2444772 9805
2439275 2445927 6652
2432777 2446455 13678
2430706 2448897 18191
2435483 2449293 13810
2435623 2449722 14099
2433879 2452395 18516
2446454 2452725 6271
2449646 2455926 6280
2439912 2456124 16212
2444620 2456751 12131
2442873 2458302 15429
2437050 2459160 22110
2445997 2460645 14648
2438131 2460975 22844
2439329 2461470 22141
2445189 2461833 16644
2442476 2461899 19423
2441722 2463186 21464
2450793 2464077 13284
2458916 2465562 6646
2457939 2467113 9174
2450308 2468037 17729
2462036 2468334 6298
2455746 2469060 13314
2459201 2470182 10981
2454822 2471139 16317
2450451 2471634 21183
2458130 2472591 14461
2461941 2472756 10815
2466715 2473284 6569
2461852 2474637 12785
2458537 2475594 17057
2459796 2478102 18306
2458554 2479158 20604
2468587 2480511 11924
2469568 2480544 10976
2471648 2480841 9193
2474344 2481006 6662
2475593 2482656 7063
2480201 2486847 6646
2462390 2487012 24622
2466932 2487441 20509
2483077 2489355 6278
2482463 2490741 8278
2480388 2490840 10452
2472803 2492358 19555
2473704 2494239 20535
2479289 2494338 15049
2480494 2495262 14768
2487064 2497407 10343
2482731 2498364 15633
2487723 2498529 10806
2484907 2499024 14117
2493488 2499783 6295
2478090 2500608 22518
2488158 2501070 12912
2491287 2501202 9915
2488298 2503347 15049
2481247 2504205 22958
2489689 2504337 14648
2495423 2506317 10894
2494531 2507274 12743
2501266 2507901 6635
2495600 2509650 14050
2496133 2510508 14375
2492405 2510904 18499
2497914 2511333 13419
2496263 2511432 15169
2497576 2512884 15308
2497963 2513610 15647
2499439 2513742 14303
2503315 2514171 10856
2500447 2514369 13922
2497957 2515986 18029
2502898 2516712 13814
2505476 2516844 11368
2506097 2517537 11440
2500152 2520804 20652
2500829 2522289 21460
2505908 2524071 18163
2512629 2524599 11970
2518668 2527965 9297
2513974 2528823 14849
2513874 2529351 15477
2510030 2529549 19519
2524305 2530605 6300
2517809 2532585 14776
2520132 2532651 12519
2516918 2532849 15931
2518732 2533113 14381
2516868 2535555 18687
2523200 2535786 12586
2524817 2535951 11134
2523524 2536314 12790
2525745 2536479 10734
2520583 2536908 16325
2526652 2537634 10982
2522315 2538195 15880
2522317 2539614 17297
2529457 2539911 10454
2518877 2540934 22057
2524716 2541462 16746
2530028 2541495 11467
2523132 2542419 19287
2523951 2545620 21669
2530109 2547897 17788
2536881 2548194 11313
2528991 2548821 19830
2542259 2550570 8311
2536580 2551560 14980
2546387 2552847 6460
2533283 2553672 20389
2541326 2553804 12478
2543377 2554398 11021
2543295 2554662 11367
2544553 2555223 10670
2545377 2555718 10341
2545979 2556411 10432
2540767 2557104 16337
2534205 2557566 23361
2548614 2559645 11031
2549238 2560371 11133
2546144 2562219 16075
2550609 2562483 11874
2544964 2562615 17651
2547436 2563044 15608
2548772 2566080 17308
2553028 2566740 13712
2560897 2567169 6272
2560967 2567631 6664
2561038 2568225 7187
2555889 2569578 13689
2552508 2569776 17268
2555879 2569941 14062
2549653 2572548 22895
2559023 2573109 14086
2556002 2574297 18295
2561908 2575287 13379
2564570 2575914 11344
2566115 2578026 11911
2564563 2578224 13661
2559328 2580435 21107
2571713 2582151 10438
2568637 2583207 14570
2572250 2584626 12376
2569822 2584791 14969
2569483 2586210 16727
2579548 2587068 7520
2576944 2587596 10652
2577874 2588685 10811
2583638 2590401 6763
2584722 2590995 6273
2582956 2591424 8468
2584071 2593866 9795
2578476 2594064 15588
2583938 2594394 10456
2588582 2595318 6736
2578068 2596638 18570
2578149 2597463 19314
2586388 2597859 11471
2588181 2599344 11163
2593004 2599674 6670
2591663 2600004 8341
2595726 2602017 6291
2593335 2603832 10497
2592844 2604558 11714
2593375 2607033 13658
2588655 2607198 18543
2593711 2607528 13817
2594614 2607825 13211
2595150 2608023 12873
2602489 2609244 6755
2592797 2611125 18328
2603658 2614590 10932
2606399 2614920 8521
2605502 2616306 10804
2597525 2617032 19507
2607251 2618055 10804
2605133 2618121 12988
2612113 2620794 8681
2608104 2622345 14241
2609453 2622510 13057
2610193 2623896 13703
2616897 2626701 9804
2614035 2627064 13029
2620768 2627064 6296
2617705 2628648 10943
2614723 2629209 14486
2619578 2629308 9730
2618944 2630364 11420
2611901 2630991 19090
2618821 2632344 13523
2613171 2632476 19305
2614693 2632707 18014
2618011 2634093 16082
2623832 2635512 11680
2617760 2635776 18016
2625273 2637921 12648
2617046 2638251 21205
2625847 2638647 12800
2631008 2639076 8068
2624058 2641650 17592
2627203 2641881 14678
2632927 2643366 10439
2630008 2643465 13457
2634871 2644983 10112
2618612 2645511 26899
2635247 2646171 10924
2629503 2646204 16701
2625063 2647293 22230
2641301 2647590 6289
2633467 2648184 14717
2636557 2654256 17699
2639445 2654520 15075
2636681 2654784 18103
2640214 2655015 14801
2641366 2655840 14474
2639528 2656302 16774
2647601 2658975 11374
2652896 2661252 8356
2633901 2661417 27516
2638102 2662110 24008
2638933 2662275 23342
2651996 2665311 13315
2645958 2665509 19551
2650737 2665575 14838
2649422 2666730 17308
2657099 2667555 10456
2657816 2669568 11752
2648588 2670063 21475
2658447 2672274 13827
2657951 2672538 14587
2656142 2672769 16627
2658745 2673396 14651
2662821 2673396 10575
2663252 2675013 11761
2667921 2675574 7653
2666935 2675673 8738
2665120 2676630 11510
2663165 2677158 13993
2670234 2677191 6957
2665181 2677785 12604
2663255 2678016 14761
2664631 2680029 15398
2660068 2680755 20687
2676061 2682339 6278
2672117 2683494 11377
2665558 2684055 18497
2669883 2687355 17472
2670479 2687916 17437
2674880 2688048 13168
2675882 2688675 12793
2676784 2689236 12452
2678727 2689665 10938
2676436 2691018 14582
2679347 2692008 12661
2677472 2692338 14866
2686446 2692734 6288
2677813 2694318 16505
2680478 2697618 17140
2691582 2698740 7158
2692881 2699433 6552
2693691 2700192 6501
2694625 2700984 6359
2679325 2701578 22253
2688041 2702502 14461
2690277 2702700 12423
2691965 2702931 10966
2692411 2703360 10949
2691657 2703921 12264
2693377 2704251 10874
2692818 2706495 13677
2696370 2707320 10950
2691907 2707386 15479
2691933 2709069 17136
2703480 2709762 6282
2700982 2711907 10925
2696612 2711973 15361
2696119 2714844 18725
2699892 2715141 15249
2702804 2716494 13690
2705087 2717121 12034
2703098 2717979 14881
2708247 2718276 10029
2705252 2720421 15169
2707330 2720586 13256
2706614 2721279 14665
2709625 2721345 11720
2711709 2722434 10725
2711579 2722533 10954
2707267 2724513 17246
2709328 2724942 15614
2710924 2727615 16691
2718648 2727615 8967
2712384 2728176 15792
2716031 2728605 12574
2717885 2730189 12304
2713263 2731311 18048
2717494 2731971 14477
2714546 2732004 17458
2723518 2734446 10928
2725615 2736690 11075
2720940 2737086 16146
2726100 2737383 11283
2716767 2738571 21804
2724659 2739891 15232
2724724 2740287 15563
2730691 2741145 10454
2726452 2742300 15848
2731557 2742630 11073
2728167 2743191 15024
2734000 2746293 12293
2740053 2746326 6273
2733134 2748471 15337
2730820 2749659 18839
2734679 2750187 15508
2737933 2751771 13838
2739850 2752299 12449
2734998 2753190 18192
2739454 2753718 14264
2734241 2754081 19840
2748255 2754543 6288
2742433 2756853 14420
2742607 2757084 14477
2743495 2759196 15701
2749640 2760582 10942
2747860 2762859 14999
2748434 2764179 15745
2758059 2764905 6846
2751542 2767479 15937
2761402 2767677 6275
2756715 2768073 11358
2752512 2768139 15627
2761735 2768370 6635
2764474 2771208 6734
2757044 2772924 15880
2763925 2774871 10946
2754635 2775333 20698
2767811 2778270 10459
2769220 2780085 10865
2773943 2780217 6274
2774059 2785398 11339
2765276 2785662 20386
2779904 2786553 6649
2778575 2788434 9859
2776521 2791470 14949
2775027 2791503 16476
2777672 2793615 15943
2788565 2795628 7063
2778537 2795892 17355
2784438 2798697 14259
2781887 2799159 17272
2786303 2799456 13153
2786021 2801040 15019
2783419 2802195 18776
2787557 2802723 15166
2788901 2803251 14350
2790535 2803383 12848
2790234 2803845 13611
2784912 2805957 21045
2797903 2806881 8978
2785839 2809290 23451
2803269 2809917 6648
2796591 2810775 14184
2790836 2812524 21688
2792833 2815692 22859
2793572 2816682 23110
2797891 2819619 21728
2798171 2820576 22405
2811783 2822226 10443
2798604 2822721 24117
2811838 2822754 10916
2798826 2823480 24654
2801577 2823777 22200
2817223 2826582 9359
2814309 2826648 12339
2810960 2827704 16744
2821578 2827869 6291
2811467 2829882 18415
2825679 2831961 6282
2812551 2833182 20631
2816652 2836284 19632
2819051 2836944 17893
2818581 2837208 18627
2825445 2837472 12027
2823131 2839023 15892
2826747 2839056 12309
2823295 2839584 16289
2830669 2840013 9344
2833717 2840013 6296
2827199 2841399 14200
2827677 2843841 16164
2825741 2845359 19618
2835360 2846382 11022
2833893 2848164 14271
2823602 2848230 24628
2839575 2850045 10470
2834476 2851761 17285
2840874 2851827 10953
2838957 2852553 13596
2846339 2852619 6280
2838083 2854566 16483
2842306 2855820 13514
2845750 2856414 10664
2846007 2856942 10935
2841693 2857338 15645
2847351 2858592 11241
2840817 2859285 18468
2844120 2859747 15627
2842535 2860077 17542
2840371 2860869 20498
2845064 2862057 16993
2852560 2863509 10949
2850511 2864103 13592
2855354 2866281 10927
2861189 2867469 6280
2863213 2869878 6665
2850695 2870769 20074
2858982 2873442 14460
2868021 2874300 6279
2870181 2876841 6660
2870794 2881230 10436
2867880 2882814 14934
2872573 2883540 10967
2869139 2883705 14566
2871209 2885223 14014
2875502 2886807 11305
2874471 2886873 12402
2874779 2889018 14239
2873617 2890800 17183
2876489 2891229 14740
2882009 2891790 9781
2885109 2893506 8397
2880764 2894100 13336
2889491 2895783 6292
2875191 2896575 21384
2890728 2897367 6639
2887037 2897466 10429
2887960 2898951 10991
2890500 2901294 10794
2887293 2901657 14364
2888927 2902284 13357
2896129 2903010 6881
2889768 2904066 14298
2892220 2905023 12803
2887720 2905914 18194
2892447 2907201 14754
2892630 2907333 14703
2901736 2909874 8138
2889773 2910798 21025
2904256 2913900 9644
2903898 2914329 10431
2904037 2914494 10457
2908252 2914527 6275
2905550 2914560 9010
2905169 2916111 10942
2894235 2917827 23592
2916100 2922381 6281
2914200 2925153 10953
2917469 2927925 10456
2913509 2928684 15175
2912637 2929542 16905
2915456 2930070 14614
2920053 2935086 15033
2916281 2935944 19663
2924478 2936241 11763
2924573 2936703 12130
2926853 2937792 10939
2931254 2938386 7132
2932481 2938782 6301
2929429 2939079 9650
2922277 2939277 17000
2929179 2939607 10428
2933643 2939937 6294
2934166 2940465 6299
2926090 2941026 14936
2931319 2943072 11753
2929027 2944623 15596
2934514 2945316 10802
2930463 2947857 17394
2943298 2949573 6275
2929313 2950596 21283
2939326 2951685 12359
2947459 2953731 6272
2942063 2953764 11701
2937789 2953896 16107
2939205 2953929 14724
2935803 2954853 19050
2940048 2954985 14937
2946036 2956833 10797
2942540 2957130 14590
2945625 2958120 12495
2947686 2958450 10764
2944193 2961948 17755
2949029 2963796 14767
2954344 2964819 10475
2952089 2964852 12763
2945772 2965083 19311
2950277 2966205 15928
2956132 2966535 10403
2951593 2967030 15437
2953531 2967591 14060
2955991 2968020 12029
2963625 2970264 6639
2954644 2970429 15785
2959505 2970429 10924
2953578 2973267 19689
2957456 2973762 16306
2961987 2974455 12468
2963623 2975049 11426
2956204 2975247 19043
2956535 2975511 18976
2965107 2977359 12252
2966219 2977986 11767
2962736 2979702 16966
2967731 2981187 13456
2974868 2981583 6715
2966267 2982243 15976
2972693 2983134 10441
2969784 2983266 13482
2976742 2987556 10814
2977068 2988942 11874
2977390 2989041 11651
2974701 2989734 15033
2983875 2990163 6288
2976541 2990262 13721
2977374 2991351 13977
2969377 2993529 24152
2982497 2993694 11197
2976982 2996763 19781
2983507 2996796 13289
2990651 2996928 6277
2976286 2997324 21038
2980367 2997390 17023
2980595 3000690 20095
2984961 3001713 16752
2995832 3002472 6640
2989681 3003429 13748
2987298 3003792 16494
2994531 3005508 10977
2997738 3008544 10806
2993629 3010788 17159
2992741 3011382 18641
2996689 3011514 14825
3000931 3012174 11243
2999899 3014682 14783
3008799 3015078 6279
3005112 3015342 10230
3000784 3015375 14591
3005046 3015375 10329
3003356 3016794 13438
3011573 3017850 6277
2996492 3018543 22051
2999252 3018609 19357
2993597 3018642 25045
3003150 3019137 15987
3009295 3021645 12350
3005466 3022371 16905
3006720 3022767 16047
3011433 3026562 15129
3017810 3028806 10996
3009423 3029466 20043
3008931 3029664 20733
3009219 3029697 20478
3011738 3030291 18553
3005972 3030951 24979
3012079 3033525 21446
3020091 3033558 13467
3021175 3034185 13010
3012847 3036825 23978
3028030 3036858 8828
3018402 3037023 18621
3028745 3037122 8377
3031426 3037716 6290
3032630 3038904 6274
3017441 3040059 22618
3020299 3040587 20288
3025179 3040785 15606
3019691 3041049 21358
3036056 3042336 6280
3021616 3043854 22238
3023049 3044118 21069
3023030 3044448 21418
3026198 3047715 21517
3042079 3048738 6659
3039962 3050916 10954
3027741 3053919 26178
3031165 3054612 23447
3034325 3054942 20617
3037337 3055074 17737
3031820 3057450 25630
3050806 3057450 6644
3041633 3058011 16378
3040367 3058044 17677
3031920 3061146 29226
3046471 3061278 14807
3044260 3061707 17447
3039384 3063951 24567
3048826 3064545 15719
3058253 3064908 6655
3045320 3064941 19621
3054351 3065535 11184
3061037 3067680 6643
3047067 3067779 20712
3047884 3068307 20423
3056543 3069297 12754
3059723 3070221 10498
3062350 3071343 8993
3061251 3072201 10950
3059677 3073323 13646
3061924 3073752 11828
3059706 3074709 15003
3065830 3076491 10661
3071692 3079989 8297
3065459 3080187 14728
3062039 3080451 18412
3069140 3080847 11707
3066172 3081342 15170
3066642 3082035 15393
3070552 3083256 12704
3059776 3084147 24371
3069601 3087447 17846
3075010 3089328 14318
3073550 3090648 17098
3069849 3090681 20832
3085219 3091506 6287
3084162 3093354 9192
3078033 3093915 15882
3081702 3097182 15480
3083601 3097743 14142
3086722 3097842 11120
3083531 3098007 14476
3087071 3099030 11959
3088402 3099657 11255
3084393 3100317 15924
3082830 3101736 18906
3088849 3104970 16121
3087559 3106422 18863
3096861 3107346 10485
3093124 3107643 14519
3095283 3107874 12591
3079534 3108270 28736
3094930 3110679 15749
3100318 3111141 10823
3085241 3111504 26263
3105489 3111768 6279
3096686 3112362 15676
3103281 3113979 10698
3096027 3115101 19074
3099004 3117378 18374
3098724 3118764 20040
3109218 3119655 10437
3109256 3120315 11059
3100147 3120810 20663
3101967 3120876 18909
3103189 3121503 18314
3115485 3121767 6282
3109268 3122625 13357
3109685 3122988 13303
3117217 3123516 6299
3111593 3124704 13111
3111536 3126255 14719
3116553 3126981 10428
3111947 3127344 15397
3121669 3129126 7457
3111033 3130446 19413
3117650 3131469 13819
3120242 3133614 13372
3112849 3133713 20864
3118400 3134307 15907
3121435 3135033 13598
3120271 3135396 15125
3112419 3135759 23340
3126920 3136419 9499
3130119 3136419 6300
3121289 3138861 17572
3117621 3139092 21471
3120387 3139488 19101
3125072 3140280 15208
3126747 3145626 18879
3123496 3145989 22493
3132510 3146979 14469
3136701 3147870 11169
3130233 3148728 18495
3129801 3150015 20214
3134683 3151104 16421
3131691 3151698 20007
3132109 3151731 19622
3133416 3152457 19041
3135997 3152985 16988
3136077 3153084 17007
3143058 3154008 10950
3142243 3154503 12260
3149085 3155361 6276
3145271 3156120 10849
3133319 3156384 23065
3137002 3157077 20075
3142532 3159156 16624
3145006 3159618 14612
3154909 3161565 6656
3155534 3162192 6658
3144500 3163677 19177
3152299 3164238 11939
3153356 3164964 11608
3160708 3167076 6368
3157554 3169617 12063
3152633 3170046 17413
3162723 3171729 9006
3156750 3173082 16332
3155099 3174171 19072
3156452 3174666 18214
3158922 3174666 15744
3160603 3175821 15218
3162067 3177966 15899
3164578 3178560 13982
3160472 3179121 18649
3165501 3180375 14874
3160228 3181860 21632
3167106 3182223 15117
3165241 3182454 17213
3170568 3184170 13602
3172985 3185259 12274
3177240 3185622 8382
3162682 3185754 23072
3176275 3189747 13472
3177617 3190869 13252
3169685 3190935 21250
3174271 3194466 20195
3177412 3194565 17153
3188151 3194796 6645
3190327 3196611 6284
3180347 3197502 17155
3178237 3197667 19430
3183421 3198624 15203
3179569 3200241 20672
3182903 3201858 18955
3181565 3205158 23593
3198687 3207897 9210
3197702 3208260 10558
3198480 3208854 10374
3196822 3210174 13352
3196267 3210603 14336
3194653 3213408 18755
3207538 3214200 6662
3208523 3218952 10429
3208375 3219645 11270
3209211 3220470 11259
3214572 3220866 6294
3218400 3229347 10947
3212353 3230601 18248
3221404 3232218 10814
3226456 3233109 6653
3223188 3235320 12132
3223813 3235386 11573
3225713 3236904 11191
3222828 3237168 14340
3222338 3238092 15754
3227087 3240303 13216
3225480 3240798 15318
3235710 3241986 6276
3226589 3242316 15727
3225186 3242349 17163
3235599 3244230 8631
3227988 3244428 16440
3228210 3246540 18330
3232775 3248256 15481
3234233 3249609 15376
3236713 3249642 12929
3243660 3249939 6279
3242513 3252810 10297
3234109 3252876 18767
3246471 3253107 6636
3242898 3253833 10935
3247679 3254394 6715
3241485 3256044 14559
3251876 3258156 6280
3247170 3261687 14517
3244227 3262479 18252
3247690 3263139 15449
3253129 3263568 10439
3244024 3265911 21887
3254608 3266406 11798
3247510 3266472 18962
3255150 3267000 11850
3252191 3267231 15040
3256640 3267858 11218
3254204 3268188 13984
3258237 3269739 11502
3248604 3269772 21168
3253155 3271422 18267
3261349 3271785 10436
3266201 3273171 6970
3264504 3274557 10053
3260199 3274722 14523
3265932 3276735 10803
3255262 3277032 21770
3260893 3277164 16271
3268737 3279540 10803
3261125 3282906 21781
3278886 3285183 6297
3271757 3286470 14713
3272829 3287196 14367
3271729 3289440 17711
3283266 3289539 6273
3276260 3292575 16315
3275739 3293037 17298
3273517 3293400 19883
3276704 3293466 16762
3273816 3294027 20211
3280884 3295875 14991
3281824 3296436 14612
3283489 3296568 13079
3280752 3298317 17565
3288123 3299076 10953
3285218 3299670 14452
3287344 3300198 12854
3287687 3301023 13336
3286855 3301386 14531
3288203 3302079 13876
3289502 3302805 13303
3290114 3303465 13351
3294517 3303531 9014
3298147 3304422 6275
3285919 3304752 18833
3292635 3306567 13932
3290762 3306666 15904
3301672 3308316 6644
3290165 3309867 19702
3292971 3310659 17688
3293274 3313101 19827
3302987 3314784 11797
3292039 3316203 24164
3306383 3317193 10810
3311517 3317787 6270
3293504 3319305 25801
3298050 3319998 21948
3312820 3320757 7937
3303710 3323232 19522
3303502 3323298 19796
3303710 3325377 21667
3306126 3326532 20406
3310575 3327489 16914
3311546 3328116 16570
3300248 3328347 28099
3315597 3328578 12981
3317059 3328710 11651
3310203 3329634 19431
3308866 3330855 21989
3312192 3330855 18663
3318776 3331746 12970
3322744 3332307 9563
3312083 3332439 20356
3316298 3333462 17164
3327806 3334914 7108
3329409 3336069 6660
3327680 3338115 10435
3323282 3338148 14866
3325150 3338808 13658
3328018 3339798 11780
3335370 3341646 6276
3327566 3342174 14608
3337124 3343758 6634
3329255 3343989 14734
3334802 3346233 11431
3337414 3348147 10733
3337441 3348378 10937
3339770 3350226 10456
3344453 3351117 6664
3340866 3351150 10284
3333043 3351282 18239
3343317 3353460 10143
3340066 3354450 14384
3348387 3354681 6294
3350367 3356661 6294
3339498 3357123 17625
3339837 3357354 17517
3348407 3357684 9277
3349308 3358938 9630
3344604 3359796 15192
3345201 3360588 15387
3350872 3361314 10442
3347668 3362832 15164
3347375 3363756 16381
3353981 3365934 11953
3347436 3366990 19554
3349206 3367551 18345
3354670 3368178 13508
3354886 3370851 15965
3364849 3371148 6299
3355734 3371280 15546
3365163 3371577 6414
3363680 3373689 10009
3357627 3374085 16458
3356751 3374184 17433
3348755 3374283 25528
3355964 3374514 18550
3357963 3374745 16782
3355690 3374811 19121
3359089 3375405 16316
3369443 3375900 6457
3369861 3376923 7062
3363572 3377517 13945
3360384 3377616 17232
3368968 3378177 9209
3360359 3380355 19996
3358891 3381774 22883
3372681 3383688 11007
3378431 3385932 7501
3375879 3389100 13221
3374841 3389232 14391
3379699 3390156 10457
3387780 3394413 6633
3379763 3394908 15145
3388342 3395007 6665
3379225 3395931 16706
3380448 3398109 17661
3390343 3398472 8129
3390866 3401805 10939
3387278 3401838 14560
3384636 3402795 18159
3396973 3403521 6548
3388284 3404445 16161
3392436 3405402 12966
3394176 3405732 11556
3388014 3407415 19401
3396669 3407547 10878
3391689 3408174 16485
3401896 3408174 6278
3395910 3411342 15432
3402065 3412827 10762
3387965 3413652 25687
3396847 3414576 17729
3399959 3414972 15013
3393748 3415104 21356
3399922 3416061 16139
3405286 3416226 10940
3404462 3416589 12127
3401661 3416919 15258
3405055 3419031 13976
3412613 3422001 9388
3411482 3422430 10948
3408189 3423123 14934
3404562 3423486 18924
3413054 3426687 13633
3421495 3427776 6281
3411539 3428238 16699
3414689 3428766 14077
3418385 3429195 10810
3420230 3429690 9460
3419176 3430119 10943
3419862 3430746 10884
3429358 3435630 6272
3430326 3436620 6294
3430756 3437412 6656
3429129 3440052 10923
3423335 3441801 18466
3424615 3442527 17912
3435935 3442593 6658
3434341 3444771 10430
3436810 3447543 10733
3438606 3449061 10455
3438746 3451998 13252
3446706 3453351 6645
3447216 3453516 6300
3444734 3455529 10795
3450445 3456717 6272
3442441 3457410 14969
3447285 3458103 10818
3448776 3459225 10449
3454646 3460941 6295
3456757 3463416 6659
3454746 3465726 10980
3452784 3466551 13767
3451890 3467673 15783
3450953 3469785 18832
3462440 3471567 9127
3461322 3473118 11796
3458285 3475131 16846
3465122 3476055 10933
3458569 3477243 18674
3462014 3479124 17110
3465158 3480741 15583
3470825 3481269 10444
3473253 3483711 10458
3468975 3483810 14835
3478178 3484470 6292
3475298 3486648 11350
3476944 3486813 9869
3476402 3487407 11005
3469837 3488199 18362
3478304 3488925 10621
3472554 3489750 17196
3480490 3490938 10448
3477614 3491532 13918
3476559 3493050 16491
3478553 3493908 15355
3479070 3496152 17082
3480917 3496713 15796
3487295 3497043 9748
3493085 3499749 6664
3484981 3500013 15032
3488509 3501597 13088
3482822 3503247 20425
3485594 3503808 18214
3487576 3506580 19004
3495308 3507306 11998
3498343 3508923 10580
3498082 3511101 13019
3503955 3511101 7146
3489157 3511266 22109
3493703 3511860 18157
3489282 3512421 23139
3495701 3513114 17413
3497461 3514599 17138
3485636 3515160 29524
3500393 3515622 15229
3509511 3515787 6276
3505014 3516282 11268
3500789 3516810 16021
3509202 3516810 7608
3498948 3518460 19512
3501485 3518955 17470
3502235 3519582 17347
3497014 3520341 23327
3497124 3521694 24570
3502324 3522222 19898
3501219 3522783 21564
3503559 3525489 21930
3514607 3527040 12433
3499494 3528228 28734
3499737 3529317 29580
3507973 3529845 21872
3507854 3530307 22453
3516126 3530703 14577
3512917 3532089 19172
3512672 3532947 20275
3511702 3533904 22202
3527739 3534630 6891
3507741 3536148 28407
3527003 3537732 10729
3521435 3537996 16561
3531537 3539019 7482
3520697 3539448 18751
3523806 3540042 16236
3523996 3540537 16541
3513902 3540900 26998
3522131 3541329 19198
3517269 3541527 24258
3512627 3541791 29164
3522292 3541923 19631
3519517 3543705 24188
3521790 3544761 22971
3519837 3545025 25188
3538466 3545124 6658
3507332 3545553 38221
3522534 3546939 24405
3527596 3547467 19871
3542680 3548952 6272
3532148 3550734 18586
3527526 3551097 23571
3524020 3551526 27506
3530621 3552879 22258
3546628 3552912 6284
3527979 3554892 26913
3536830 3558192 21362
3534327 3558522 24195
3551970 3558621 6651
3547951 3559413 11462
3553298 3559941 6643
3533053 3560271 27218
3541193 3561756 20563
3548137 3562053 13916
3550019 3562515 12496
3557620 3563967 6347
3541497 3564561 23064
3532809 3565815 33006
3536923 3566013 29090
3553395 3566343 12948
3542656 3566442 23786
3552164 3567993 15829
3554829 3569577 14748
3563081 3569742 6661
3560037 3570468 10431
3557634 3571953 14319
3565992 3572283 6291
3554026 3572844 18818
3563701 3575649 11948
3558047 3576144 18097
3558907 3577266 18359
3563173 3578355 15182
3566156 3578883 12727
3566359 3579246 12887
3563654 3581193 17539
3566803 3581622 14819
3571532 3582150 10618
3564617 3582381 17764
3565440 3582909 17469
3572107 3584361 12254
3570415 3585714 15299
3564505 3586143 21638
3571748 3587331 15583
3570799 3588948 18149
3571553 3589179 17626
3577288 3592050 14762
3565689 3592611 26922
3579838 3593436 13598
3574036 3593700 19664
3581101 3596769 15668
3571494 3596934 25440
3583029 3597462 14433
3583310 3597990 14680
3584404 3598023 13619
3586813 3599574 12761
3580221 3599838 19617
3573523 3600069 26546
3595423 3602082 6659
3590893 3602346 11453
3583718 3602973 19255
3585286 3604491 19205
3582969 3604755 21786
3591419 3605580 14161
3593111 3607230 14119
3591858 3607791 15933
3594776 3608880 14104
3598371 3610332 11961
3585588 3610992 25404
3598048 3611982 13934
3597457 3613632 16175
3591902 3615381 23479
3599752 3616272 16520
