2174 8448 6274
5242 11880 6638
2404 12837 10433
346 14949 14603
12736 23661 10925
8577 24024 15447
9847 26136 16289
14617 26202 11585
16809 27753 10944
13358 27918 14560
21720 28380 6660
18787 33759 14972
27617 38544 10927
30876 41316 10440
36573 43230 6657
34982 45936 10954
39903 50721 10818
40897 55506 14609
38912 56859 17947
48692 59631 10939
51322 62271 10949
56994 67947 10953
62841 69135 6294
59999 70455 10456
70473 77121 6648
67333 80025 12692
70733 81675 10942
69532 83325 13793
69782 83358 13576
71928 84315 12387
78094 89034 10940
78667 89199 10532
85222 96162 10940
88694 99495 10801
89269 102267 12998
93157 103059 9902
93141 104082 10941
87315 105930 18615
90826 109164 18338
91733 109824 18091
100860 111672 10812
100843 111771 10928
109704 115995 6291
106818 117612 10794
107773 118701 10928
110201 121143 10942
118555 124839 6284
112172 127149 14977
121595 128238 6643
121953 128238 6285
116136 130416 14280
120832 132891 12059
124059 135003 10944
129053 135333 6280
124293 137775 13482
127777 139293 11516
122793 139623 16830
125454 140052 14598
128634 142329 13695
130184 144375 14191
128170 145233 17063
126167 146553 20386
125724 146949 21225
142333 148632 6299
135835 153813 17978
143808 154242 10434
140456 154440 13984
148226 154869 6643
143177 154968 11791
149911 156552 6641
144715 158202 13487
144461 158433 13972
145179 160347 15168
149599 161106 11507
151862 162789 10927
151748 166023 14275
157324 168267 10943
157600 168531 10931
159991 170445 10454
160867 171303 10436
161223 172590 11367
167544 174207 6663
162263 175230 12967
171660 177936 6276
169152 178332 9180
172675 178959 6284
169709 180642 10933
169929 183216 13287
176802 183447 6645
175844 186285 10441
182833 189486 6653
175472 190443 14971
181232 192192 10960
185506 199980 14474
189122 200046 10924
186125 200607 14482
190416 201366 10950
195305 205755 10450
199249 205887 6638
193832 208065 14233
192435 208395 15960
198525 209352 10827
204581 211233 6652
189468 211266 21798
203954 214896 10942
206753 217701 10948
205885 217932 12047
207312 221265 13953
215222 221496 6274
213710 221562 7852
208705 222189 13484
208665 223278 14613
218213 225324 7111
214950 225885 10935
216049 226446 10397
209573 229020 19447
220539 230967 10428
224216 235158 10942
225372 235818 10446
225781 236940 11159
228870 241989 13119
226115 242088 15973
232122 243045 10923
233982 244926 10944
238088 245157 7069
240182 246477 6295
235692 246642 10950
240884 247170 6286
233969 248655 14686
235728 248919 13191
236744 250173 13429
242817 252945 10128
249247 260172 10925
251075 262383 11308
254915 262383 7468
261125 267399 6274
260568 271491 10923
261434 272118 10684
267324 273735 6411
266035 276474 10439
263247 277728 14481
267329 278586 11257
272061 286671 14610
279518 290334 10816
283972 294921 10949
284808 295251 10443
289902 296175 6273
289071 300003 10932
289857 301191 11334
291301 304128 12827
303444 309738 6294
298151 312609 14458
300030 314490 14460
299098 315777 16679
309476 315777 6301
306445 316899 10454
306546 319935 13389
306237 320826 14589
314570 320859 6289
311863 322311 10448
309204 323202 13998
315182 326106 10924
318110 328548 10438
318095 329043 10948
319269 330264 10995
318267 332277 14010
325638 332277 6639
325043 337029 11986
327148 338085 10937
326117 340263 14146
333799 340461 6662
336395 343365 6970
329871 343464 13593
333780 345015 11235
332987 346599 13612
336125 346929 10804
331348 348249 16901
337050 348975 11925
346789 353067 6278
345312 356235 10923
348445 359370 10925
355304 361581 6277
350734 361680 10946
350815 364485 13670
350498 367059 16561
356433 367488 11055
357354 368280 10926
359705 369798 10093
361594 371415 9821
361070 374517 13447
364256 375210 10954
361566 376530 14964
365399 377982 12583
369764 380688 10924
375940 386397 10457
375723 386529 10806
374582 389532 14950
382217 393030 10813
385088 396033 10945
385484 396429 10945
389421 400224 10803
393592 404415 10823
394755 406956 12201
404158 415107 10949
404503 415305 10802
413403 428010 14607
420453 430980 10527
417380 431112 13732
421481 432432 10951
421789 433092 11303
425771 435831 10060
427241 438042 10801
427949 438900 10951
434362 441012 6650
434627 445566 10939
431448 446325 14877
438881 450813 11932
435156 451671 16515
441548 452496 10948
444812 455763 10951
442002 457050 15048
447740 458667 10927
448151 461835 13684
455264 465696 10432
457011 467940 10929
461509 471966 10457
469611 475893 6282
465731 476553 10822
466370 479853 13483
467290 480084 12794
469038 481206 12168
470345 483879 13534
474585 485529 10944
474935 488796 13861
484752 491403 6651
483266 494208 10942
485018 494802 9784
485929 496386 10457
484932 498894 13962
488551 499488 10937
488988 499917 10929
491055 505527 14472
502851 509124 6273
495879 512160 16281
503489 514437 10948
506579 517506 10927
514924 521565 6641
514693 525624 10931
516953 527901 10948
524240 535194 10954
519950 536646 16696
527777 542586 14809
533913 544731 10818
539045 545688 6643
541568 552387 10819
552517 558789 6272
549449 560241 10792
554238 560901 6663
555107 561396 6289
556475 563112 6637
554352 565752 11400
560559 567204 6645
552575 568887 16312
555586 568986 13400
564758 575685 10927
557169 577038 19869
570861 577137 6276
571473 578127 6654
567573 578523 10950
559735 581229 21494
574699 581361 6662
568256 583440 15184
574965 585915 10950
579933 586212 6279
576941 588093 11152
577738 592218 14480
582857 595518 12661
587043 597993 10950
591921 598257 6336
590666 601095 10429
591124 601557 10433
595025 601689 6664
593289 604230 10941
593405 604329 10924
593258 605880 12622
595889 606408 10519
597813 611754 13941
606261 621225 14964
607274 621885 14611
617814 628254 10440
619437 629871 10434
622563 633501 10938
622897 634953 12056
626169 636966 10797
629931 637032 7101
635317 641982 6665
639898 646173 6275
643298 649935 6637
648974 655248 6274
649573 660396 10823
650884 661815 10931
655321 665775 10454
657099 668085 10986
657656 668580 10924
658135 668580 10445
660453 673134 12681
663420 674223 10803
668932 675576 6644
666270 680724 14454
674502 680790 6288
681958 688248 6290
681573 692505 10932
683880 694815 10935
681669 695739 14070
689767 698709 8942
692449 698742 6293
695956 703065 7109
692874 703824 10950
697418 708147 10729
697124 708444 11320
694250 709896 15646
698778 713823 15045
702003 715803 13800
705294 716232 10938
702891 716925 14034
707773 719466 11693
709085 720027 10942
712236 722733 10497
717552 726099 8547
706957 726363 19406
709217 726726 17509
721114 729333 8219
711774 730125 18351
714831 730257 15426
720716 731544 10828
716869 732633 15764
725052 735999 10947
723542 737022 13480
726700 737649 10949
728815 739794 10979
727441 741939 14498
736660 747615 10955
742565 753489 10924
743921 754875 10954
741278 755865 14587
744098 759000 14902
753043 759330 6287
750467 761409 10942
755127 761475 6348
751255 762069 10814
756543 763191 6648
754238 765171 10933
751037 765765 14728
756597 767052 10455
756823 767778 10955
758948 769890 10942
761038 770121 9083
752611 772068 19457
754838 772992 18154
762688 774246 11558
769186 780120 10934
775643 786588 10945
776210 787149 10939
776717 793584 16867
782873 794739 11866
781378 796356 14978
792385 798666 6281
795910 802197 6287
792539 803484 10945
796466 807279 10813
800546 810975 10429
802570 813516 10946
797786 813879 16093
804091 815034 10943
809880 816156 6276
798536 817113 18577
804383 818268 13885
803313 820413 17100
810550 824076 13526
814157 824967 10810
816371 826815 10444
813765 828300 14535
817539 828465 10926
819301 830247 10946
819404 830346 10942
824133 834933 10800
820302 834999 14697
825027 837870 12843
831137 844932 13795
831368 845823 14455
835939 846879 10940
837449 847902 10453
838532 849354 10822
835894 851136 15242
844914 855360 10446
841501 855492 13991
843675 858132 14457
855694 861993 6299
851872 862818 10946
845652 862851 17199
851697 869649 17952
857340 871926 14586
866971 873675 6704
863996 874929 10933
866329 876777 10448
864858 877965 13107
865684 880572 14888
867454 881001 13547
867552 881133 13581
868710 882387 13677
871645 882849 11204
873043 883971 10928
874789 885126 10337
871171 885621 14450
880085 892419 12334
883290 894498 11208
883900 894696 10796
890767 901197 10430
894683 905487 10804
895684 906609 10925
901995 908292 6297
899404 910338 10934
900668 915255 14587
906643 917598 10955
905514 917730 12216
904547 918357 13810
908308 919248 10940
907067 921657 14590
911398 925155 13757
909614 925815 16201
912684 926673 13989
922477 929148 6671
916797 931260 14463
920600 931524 10924
923534 933966 10432
925453 935913 10460
925572 938223 12651
927495 938289 10794
928926 939741 10815
924469 941391 16922
937172 943470 6298
934229 945153 10924
933420 947232 13812
936571 947496 10925
944422 951060 6638
935551 951159 15608
945463 952116 6653
935404 953700 18296
945214 956142 10928
943177 958155 14978
951091 961521 10430
957260 968187 10927
963989 970266 6277
955473 972873 17400
968344 979275 10931
975243 981882 6639
972242 983037 10795
977250 983532 6282
975624 986568 10944
977795 988251 10456
979047 990000 10953
980665 995643 14978
984936 998877 13941
984602 1002144 17542
986669 1002177 15508
991004 1004421 13417
988644 1004982 16338
995202 1008183 12981
991309 1008942 17633
1003906 1010328 6422
1002407 1014387 11980
1000462 1015905 15443
1000949 1016400 15451
1000036 1017060 17024
1006674 1017720 11046
1010773 1021218 10445
1010467 1021284 10817
1016032 1027818 11786
1018601 1029534 10933
1019236 1030293 11057
1018326 1030326 12000
1026042 1036992 10950
1024544 1039005 14461
1028759 1039698 10939
1034033 1041018 6985
1028903 1044384 15481
1034372 1045308 10936
1033329 1047123 13794
1038376 1049169 10793
1039892 1050819 10927
1039157 1055703 16546
1042640 1056561 13921
1054117 1060389 6272
1046058 1060521 14463
1050201 1061148 10947
1055673 1062336 6663
1056440 1062798 6358
1054500 1065438 10938
1047861 1067088 19227
1066054 1076988 10934
1073519 1084446 10927
1081898 1092828 10930
1086220 1092861 6641
1082229 1093026 10797
1084466 1095402 10936
1089627 1095996 6369
1082976 1097679 14703
1088056 1100946 12890
1088296 1101210 12914
1087292 1101771 14479
1090685 1101804 11119
1092158 1103091 10933
1086291 1104213 17922
1089917 1104609 14692
1094393 1105500 11107
1094731 1105665 10934
1100111 1106391 6280
1098631 1109559 10928
1108296 1118733 10437
1108212 1121934 13722
1118673 1125333 6660
1114766 1125564 10798
1114504 1125696 11192
1115023 1128930 13907
1113718 1129392 15674
1122596 1133550 10954
1123820 1134771 10951
1125296 1136223 10927
1126139 1136652 10513
1126632 1137444 10812
1127002 1138401 11399
1129386 1143516 14130
1128782 1143648 14866
1130865 1143780 12915
1134078 1146189 12111
1144633 1150908 6275
1141443 1152261 10818
1139133 1153581 14448
1149321 1159752 10431
1147123 1159884 12761
1150091 1160907 10816
1150387 1161105 10718
1152061 1163052 10991
1156187 1166616 10429
1157404 1168893 11489
1151429 1169454 18025
1154083 1169949 15866
1155483 1170081 14598
1157950 1173183 15233
1163267 1174206 10939
1160740 1176450 15710
1165060 1176747 11687
1165794 1179552 13758
1171292 1186086 14794
1171091 1187010 15919
1186204 1192851 6647
1188198 1194831 6633
1192896 1199550 6654
1203657 1213212 9555
1203340 1217799 14459
1207876 1218822 10946
1208660 1222089 13429
1210936 1225356 14420
1212017 1226610 14593
1217043 1227996 10953
1222592 1229349 6757
1215608 1229910 14302
1222084 1232517 10433
1220526 1234002 13476
1228532 1234827 6295
1223459 1239579 16120
1225661 1239909 14248
1230174 1240965 10791
1231475 1246839 15364
1238471 1249413 10942
1240226 1251030 10804
1245842 1252482 6640
1241975 1256805 14830
1246867 1257333 10466
1253558 1263999 10441
1254648 1265583 10935
1256785 1267233 10448
1262306 1273239 10933
1258898 1273866 14968
1260084 1275549 15465
1261374 1275846 14472
1262663 1276209 13546
1264226 1276473 12247
1267815 1278750 10935
1264398 1279014 14616
1268575 1279509 10934
1269655 1282710 13055
1272451 1282908 10457
1273019 1284030 11011
1275257 1285713 10456
1278184 1289112 10928
1287032 1293666 6634
1284291 1294722 10431
1289245 1295910 6665
1284965 1297395 12430
1292281 1298946 6665
1284630 1300002 15372
1291179 1302114 10935
1293597 1304523 10926
1296649 1307592 10943
1299414 1309869 10455
1300231 1311156 10925
1304885 1313367 8482
1299223 1313829 14606
1300472 1315281 14809
1303164 1315446 12282
1302528 1317195 14667
1306210 1317855 11645
1307548 1318482 10934
1301683 1318614 16931
1308904 1319835 10931
1314946 1321485 6539
1312039 1322475 10436
1313811 1325181 11370
1319296 1325940 6644
1315472 1326138 10666
1315919 1326864 10945
1316836 1329339 12503
1325295 1331583 6288
1321093 1332045 10952
1323275 1334223 10948
1323367 1334388 11021
1323591 1335312 11721
1326389 1337457 11068
1331948 1342902 10954
1340745 1347390 6645
1342093 1348842 6749
1341424 1352373 10949
1341599 1352538 10939
1341837 1354518 12681
1345487 1356498 11011
1342658 1357257 14599
1347492 1358445 10953
1358177 1364451 6274
1355733 1366662 10929
1360554 1374021 13467
1363671 1374120 10449
1364132 1374582 10450
1364639 1375143 10504
1369034 1376133 7099
1362641 1377024 14383
1367175 1377981 10806
1375098 1381743 6645
1375644 1386957 11313
1377842 1388772 10930
1383949 1394745 10796
1389218 1399662 10444
1393788 1400421 6633
1390317 1402500 12183
1390919 1402929 12010
1390333 1403028 12695
1398941 1405602 6661
1392747 1408077 15330
1401872 1410750 8878
1397017 1411377 14360
1398606 1411443 12837
1399659 1411938 12279
1401179 1412103 10924
1401460 1412763 11303
1399816 1416030 16214
1409981 1420914 10933
1413584 1424511 10927
1414115 1425039 10924
1420468 1426755 6287
1420812 1427349 6537
1417790 1430781 12991
1416793 1431375 14582
1417975 1432563 14588
1416062 1434543 18481
1423974 1434972 10998
1421785 1435368 13583
1426136 1437084 10948
1420301 1437975 17674
1423179 1438437 15258
1418381 1441209 22828
1430979 1442661 11682
1431794 1445466 13672
1426359 1448601 22242
1436278 1450746 14468
1434519 1453848 19329
1449046 1455927 6881
1439261 1456092 16831
1445370 1457379 12009
1438850 1457643 18793
1448284 1459425 11141
1442693 1460679 17986
1446890 1461207 14317
1451704 1463979 12275
1452044 1469358 17314
1459446 1470381 10935
1460639 1472526 11887
1466706 1475034 8328
1470195 1481007 10812
1477969 1484241 6272
1479326 1485627 6301
1476153 1487079 10926
1478549 1489059 10510
1479112 1493481 14369
1479923 1494339 14416
1481809 1496715 14906
1484301 1497474 13173
1493227 1499520 6293
1486015 1500609 14594
1493492 1502952 9460
1493063 1504008 10945
1496693 1507638 10945
1497999 1509915 11916
1496240 1510344 14104
1496553 1510905 14352
1499437 1513908 14471
1494725 1514403 19678
1502858 1517340 14482
1507835 1518759 10924
1516293 1527240 10947
1526162 1532817 6655
1528651 1535292 6641
1525400 1537470 12070
1527515 1538328 10813
1524033 1538988 14955
1527796 1540539 12743
1527707 1542321 14614
1531955 1542387 10432
1528264 1544697 16433
1530933 1545720 14787
1540176 1546446 6270
1537539 1549614 12075
1539307 1551297 11990
1544995 1553409 8414
1543371 1554300 10929
1543744 1554465 10721
1555169 1561461 6292
1557213 1563507 6294
1563747 1574562 10815
1566479 1577301 10822
1569311 1580106 10795
1570238 1580667 10429
1568237 1583769 15532
1575286 1585716 10430
1574433 1586112 11679
1574608 1589577 14969
1583513 1590171 6658
1582057 1590996 8939
1580546 1592349 11803
1582408 1593339 10931
1588580 1595220 6640
1585817 1596936 11119
1590525 1597167 6642
1583728 1597662 13934
1593926 1600236 6310
1591337 1601787 10450
1591589 1603569 11980
1597108 1607562 10454
1595669 1610136 14467
1604913 1611555 6642
1605312 1612149 6837
1602422 1612875 10453
1607783 1614525 6742
1609539 1620696 11157
1607150 1621653 14503
1607021 1622676 15655
1611973 1624392 12419
1611864 1624491 12627
1610517 1625811 15294
1612371 1627725 15354
1614963 1627824 12861
1613246 1630068 16822
1616948 1630728 13780
1613151 1631058 17907
1616117 1634160 18043
1619020 1637394 18374
1626320 1637922 11602
1627630 1638582 10952
1632422 1638714 6292
1619634 1638846 19212
1633293 1640430 7137
1633162 1643598 10436
1635495 1645941 10446
1632887 1647492 14605
1638351 1648779 10428
1639370 1650330 10960
1636813 1650759 13946
1640777 1652772 11995
1654092 1665015 10923
1655989 1666929 10940
1657811 1668249 10438
1663878 1670163 6285
1663768 1674717 10949
1668753 1679700 10947
1674339 1680624 6285
1674351 1681218 6867
1670938 1681383 10445
1667836 1682307 14471
1676094 1682373 6279
1673660 1684089 10429
1674196 1684848 10652
1673817 1688148 14331
1673694 1688346 14652
1678432 1689369 10937
1679110 1690062 10952
1678935 1690425 11490
1683887 1690524 6637
1683983 1694913 10930
1680778 1695375 14597
1683814 1696134 12320
1685695 1697223 11528
1689870 1700886 11016
1691671 1705704 14033
1691015 1705968 14953
1694408 1709235 14827
1694668 1709400 14732
1699071 1711875 12804
1705388 1712040 6652
1700667 1712073 11406
1693201 1715010 21809
1704769 1715208 10439
1710332 1716627 6295
1707249 1717683 10434
1711657 1717947 6290
1708201 1722435 14234
1713509 1724448 10939
1715794 1726593 10799
1716872 1729299 12427
1727369 1734018 6649
1724657 1736790 12133
1723801 1738407 14606
1734612 1741245 6633
1736090 1747020 10930
1736692 1747647 10955
1742936 1749594 6658
1736821 1750188 13367
1744567 1750848 6281
1741255 1751772 10517
1742494 1753422 10928
1747074 1756689 9615
1746822 1757745 10923
1750316 1761342 11026
1755495 1761771 6276
1754981 1765929 10948
1755673 1769658 13985
1761686 1772628 10942
1763765 1774773 11008
1770661 1778502 7841
1769276 1780218 10942
1774160 1781571 7411
1768899 1781736 12837
1770895 1783749 12854
1773555 1784508 10953
1777863 1784508 6645
1774059 1787676 13617
1776602 1788105 11503
1773709 1790844 17135
1776933 1794045 17112
1780290 1795068 14778
1778952 1798104 19152
1788500 1798929 10429
1790145 1800876 10731
1782357 1801206 18849
1782504 1803582 21078
1790947 1805463 14516
1794756 1808598 13842
1788368 1810347 21979
1806192 1812855 6663
1802635 1813581 10946
1808157 1819092 10935
1814147 1820808 6661
1806299 1821732 15433
1808091 1822689 14598
1811712 1824867 13155
1815816 1825791 9975
1820486 1826781 6295
1819218 1830147 10929
1814021 1832160 18139
1823178 1832886 9708
1822968 1835658 12690
1824086 1838562 14476
1827432 1838826 11394
1825426 1840212 14786
1830774 1841697 10923
1836932 1847868 10936
1842067 1853016 10949
1848975 1855623 6648
1853283 1859946 6663
1850561 1860276 9715
1850206 1861134 10928
1852036 1862850 10814
1854019 1864896 10877
1853185 1865457 12272
1850253 1868394 18141
1864080 1870374 6294
1858884 1870803 11919
1865043 1871694 6651
1854072 1872354 18282
1861448 1872981 11533
1862321 1873509 11188
1868458 1875258 6800
1860965 1875291 14326
1871250 1877535 6285
1861191 1878492 17301
1865409 1879119 13710
1878868 1885521 6653
1876054 1886346 10292
1872206 1887171 14965
1881456 1889910 8454
1875613 1892616 17003
1878747 1893705 14958
1881950 1894200 12250
1883525 1897434 13909
1887628 1898424 10796
1892521 1903473 10952
1889784 1903935 14151
1889054 1904364 15310
1896158 1906608 10450
1897289 1908225 10936
1900323 1909611 9288
1909241 1915518 6277
1906033 1916970 10937
1902244 1917201 14957
1907746 1919676 11930
1907059 1922943 15884
1917179 1923471 6292
1917593 1924230 6637
1909813 1924362 14549
1915974 1926903 10929
1920420 1931358 10938
1920718 1931886 11168
1917892 1932480 14588
1930702 1937001 6299
1927045 1937991 10946
1926642 1941621 14979
1935103 1941753 6650
1935213 1945647 10434
1936704 1947825 11121
1945429 1951719 6290
1942649 1953600 10951
1949113 1955415 6302
1949339 1955976 6637
1946652 1957098 10446
1949132 1960068 10936
1950027 1960959 10932
1950450 1961388 10938
1952287 1963236 10949
1955605 1966536 10931
1957508 1967955 10447
1961391 1972971 11580
1959790 1974390 14600
1966292 1977921 11629
1968853 1979802 10949
1972916 1983960 11044
1973618 1984059 10441
1974854 1985808 10954
1975142 1989603 14461
1980901 1991352 10451
1977599 1992012 14413
1982274 1993200 10926
1983273 1993728 10455
1982947 1993893 10946
1984383 1994883 10500
1985962 1996896 10934
1999587 2005872 6285
1999710 2006004 6294
1992202 2006730 14528
1996474 2007423 10949
2002886 2013330 10444
2001310 2014056 12746
2000736 2014815 14079
2001769 2015442 13673
2005480 2016432 10952
2006724 2017653 10929
2007758 2018247 10489
2006634 2018577 11943
2006731 2020953 14222
2001533 2021448 19915
2011359 2021811 10452
2009110 2024187 15077
2014227 2024682 10455
2020495 2027157 6662
2013315 2028345 15030
2014528 2029500 14972
2018005 2031744 13739
2019235 2033328 14093
2015871 2033658 17787
2023091 2034120 11029
2018904 2034318 15414
2027767 2040885 13118
2032295 2041281 8986
2025143 2041347 16204
2027457 2041710 14253
2031046 2042139 11093
2024856 2044482 19626
2031317 2047122 15805
2030817 2047221 16404
2037278 2048079 10801
2033313 2050059 16746
2029646 2050983 21337
2034224 2051742 17518
2036683 2052501 15818
2046746 2059497 12751
2047293 2060058 12765
2052327 2062764 10437
2048849 2062797 13948
2057517 2064150 6633
2054091 2064909 10818
2057123 2065371 8248
2058372 2072202 13830
2063118 2074050 10932
2063120 2074050 10930
2076021 2082300 6279
2075768 2086722 10954
2076603 2087481 10878
2079051 2089989 10938
2080271 2094741 14470
2084594 2095038 10444
2085437 2098041 12604
2087861 2098668 10807
2089947 2100384 10437
2094985 2105796 10811
2096246 2107182 10936
2096579 2107512 10933
2104646 2110944 6298
2104635 2115069 10434
2109111 2115399 6288
2110008 2117115 7107
2110003 2120943 10940
2108150 2122626 14476
2116345 2122989 6644
2111464 2123319 11855
2112768 2125728 12960
2113529 2128962 15433
2124931 2131206 6275
2121267 2132064 10797
2121760 2132262 10502
2118482 2135166 16684
2126312 2137245 10933
2130585 2141040 10455
2130882 2141337 10455
2130448 2144901 14453
2139457 2145759 6302
2131902 2146881 14979
2137424 2148366 10942
2139595 2150544 10949
2142327 2153118 10791
2142411 2153910 11499
2150279 2161071 10792
2154342 2165295 10953
2155430 2167605 12175
2156257 2170872 14615
2162098 2173050 10952
2162642 2173578 10936
2165457 2176383 10926
2166359 2177241 10882
2167411 2178363 10952
2158848 2179485 20637
2169959 2180409 10450
2166928 2180970 14042
2171294 2182224 10930
2171281 2185755 14474
2176062 2187009 10947
2173507 2189187 15680
2174101 2189748 15647
2179726 2193741 14015
2180738 2194269 13531
2182022 2194797 12775
2184659 2195589 10930
2189873 2198262 8389
2188860 2199813 10953
2189789 2202915 13126
2199260 2205918 6658
2191537 2206149 14612
2193845 2208822 14977
2206165 2212452 6287
2206537 2212815 6278
2198687 2213277 14590
2205257 2216181 10924
2203578 2218194 14616
2212028 2218326 6298
2207989 2218788 10799
2206061 2220537 14476
2213429 2223870 10441
2219039 2225553 6514
2214815 2225751 10936
2216890 2227335 10445
2219177 2230107 10930
2219814 2230767 10953
2220637 2231592 10955
2227069 2235024 7955
2224656 2235585 10929
2225415 2235849 10434
2228056 2238489 10433
2225139 2238819 13680
2228096 2238918 10822
2225955 2240568 14613
2228238 2245749 17511
2230176 2246409 16233
2236944 2247795 10851
2235570 2250567 14997
2241598 2252415 10817
2240646 2253405 12759
2240459 2257860 17401
2250525 2260962 10437
2253012 2263965 10953
2250372 2264856 14484
2255876 2266671 10795
2257078 2267529 10451
2262555 2269212 6657
2258536 2269245 10709
2254080 2272182 18102
2262638 2272380 9742
2266805 2273106 6301
2263442 2273898 10456
2267910 2277825 9915
2267849 2278320 10471
2266047 2281125 15078
2275874 2286801 10927
2269573 2288418 18845
2288448 2295084 6636
2288502 2299440 10938
2288890 2299704 10814
2286096 2300562 14466
2298376 2304654 6278
2293969 2306106 12137
2295868 2306667 10799
2293693 2308251 14558
2303419 2314224 10805
2304467 2318943 14476
2314824 2321121 6297
2309978 2324454 14476
2319866 2327127 7261
2320763 2328843 8080
2319642 2330460 10818
2318867 2333463 14596
2319848 2334519 14671
2326973 2337918 10945
2334305 2340591 6286
2324566 2341086 16520
2334323 2348511 14188
2338378 2349303 10925
2341833 2352636 10803
2342393 2353329 10936
2343455 2355012 11557
2349661 2360457 10796
2347611 2362404 14793
2352122 2362932 10810
2354984 2367189 12205
2360576 2371776 11200
2361651 2372106 10455
2365535 2372172 6637
2362801 2373756 10955
2369569 2375868 6299
2361758 2377023 15265
2371704 2382633 10929
2380523 2387187 6664
2380168 2387286 7118
2380056 2390982 10926
2379189 2391807 12618
2382469 2393424 10955
2385392 2396328 10936
2382893 2396724 13831
2386092 2397153 11061
2382292 2397318 15026
2388634 2399067 10433
2383317 2399826 16509
2388909 2401080 12171
2384436 2401476 17040
2386872 2404611 17739
2388444 2407713 19269
2395908 2408175 12267
2392436 2408472 16036
2400728 2411673 10945
2397561 2414610 17049
2404404 2415336 10932
2389921 2415699 25778
2413067 2419362 6295
2409891 2421870 11979
2412337 2422794 10457
2413495 2429229 15734
2416779 2429955 13176
2419450 2430549 11099
2418910 2433519 14609
2428036 2434740 6704
2423317 2436687 13370
2427854 2438337 10483
2433555 2439855 6300
2431004 2440680 9676
2430889 2441703 10814
2433078 2444013 10935
2432316 2444937 12621
2435466 2446389 10923
2438549 2448996 10447
2442710 2449029 6319
2441775 2452725 10950
2444123 2454573 10450
2444344 2455299 10955
2446050 2457444 11394
2453746 2460018 6272
2447709 2461701 13992
2455956 2462229 6273
2447533 2464407 16874
2462197 2468499 6302
2463260 2469918 6658
2459979 2470413 10434
2459739 2470578 10839
2467723 2474010 6287
2461579 2474703 13124
2464965 2475759 10794
2465826 2476617 10791
2474786 2485725 10939
2476812 2487243 10431
2471670 2487540 15870
2481321 2489454 8133
2480187 2491005 10818
2478493 2492721 14228
2488127 2494404 6277
2486666 2497473 10807
2488105 2502720 14615
2491913 2502852 10939
2490169 2504469 14300
2494724 2505162 10438
2491759 2505822 14063
2499686 2513181 13495
2504067 2514996 10929
2502905 2515887 12982
2504325 2518230 13905
2512480 2523411 10931
2512847 2526150 13303
2521755 2528031 6276
2520348 2528658 8310
2518945 2530176 11231
2516000 2530836 14836
2520560 2533542 12982
2520038 2534631 14593
2525513 2536314 10801
2530045 2540505 10460
2530652 2541462 10810
2529746 2544201 14455
2536470 2546907 10437
2545642 2551923 6281
2540265 2554728 14463
2545165 2556114 10949
2559437 2565717 6280
2556216 2567169 10953
2558034 2568984 10950
2556387 2570469 14082
2560020 2570469 10449
2566051 2576508 10457
2559301 2577762 18461
2567197 2578851 11654
2571233 2582184 10951
2572807 2583735 10928
2572272 2586276 14004
2574189 2586276 12087
2575828 2587794 11966
2578461 2589279 10818
2580634 2595120 14486
2588817 2595450 6633
2586138 2596572 10434
2587464 2597892 10428
2585329 2601621 16292
2586539 2602413 15874
2591617 2602413 10796
2592069 2603007 10938
2596707 2607660 10953
2597257 2607693 10436
2593872 2608353 14481
2600371 2611323 10952
2602019 2612973 10954
2601828 2616438 14610
2611519 2619210 7691
2611122 2622972 11850
2613568 2624028 10460
2615060 2629407 14347
2620975 2631915 10940
2619705 2632674 12969
2627479 2633763 6284
2618786 2635974 17188
2629425 2636337 6912
2630909 2641848 10939
2629102 2642376 13274
2631773 2642640 10867
2626674 2644224 17550
2633573 2644521 10948
2633323 2644983 11660
2627114 2645610 18496
2634741 2647326 12585
2634889 2647854 12965
2636538 2648382 11844
2641787 2652243 10456
2643100 2654025 10925
2642483 2654421 11938
2644010 2655246 11236
2644991 2655939 10948
2642270 2656797 14527
2643853 2657259 13406
2648586 2662572 13986
2657252 2663529 6277
2654859 2665311 10452
2652597 2668248 15651
2660194 2674782 14588
2668808 2679732 10924
2669278 2680227 10949
2665160 2682207 17047
2673917 2682933 9016
2668802 2683758 14956
2674950 2686035 11085
2680626 2686926 6300
2673390 2686959 13569
2677321 2688147 10826
2681893 2688543 6650
2683012 2689665 6653
2682813 2693262 10449
2681156 2695539 14383
2691101 2702040 10939
2688927 2703888 14961
2695905 2704746 8841
2694602 2705043 10441
2691489 2705340 13851
2704469 2711115 6646
2697682 2711214 13532
2704483 2715438 10955
2705569 2715999 10430
2711174 2717451 6277
2705254 2719233 13979
2704853 2719761 14908
2708484 2723028 14544
2711747 2726130 14383
2718476 2729430 10954
2720907 2731839 10932
2720322 2731938 11616
2722451 2732895 10444
2727187 2733852 6665
2720253 2734710 14457
2726045 2736987 10942
2728209 2739000 10791
2724816 2739297 14481
2731905 2742828 10923
2736538 2747481 10943
2737025 2747976 10951
2742143 2748438 6295
2741772 2752695 10923
2738013 2753784 15771
2744114 2755038 10924
2744678 2755632 10954
2745793 2757249 11456
2745333 2759031 13698
2746138 2759988 13850
2754861 2761143 6282
2745346 2762298 16952
2746979 2763288 16309
2753074 2763519 10445
2753984 2766786 12802
2770147 2776785 6638
2769938 2780877 10939
2777830 2784474 6644
2771959 2787180 15221
2781266 2790249 8983
2781373 2792196 10823
2778686 2793483 14797
2781680 2795100 13420
2789773 2800578 10805
2786343 2800908 14565
2791520 2802822 11302
2796463 2807409 10946
2795651 2807442 11791
2796255 2809752 13497
2797175 2812392 15217
2804592 2817111 12519
2807287 2817738 10451
2812373 2822820 10447
2812457 2823381 10924
2816180 2826978 10798
2817167 2828001 10834
2823581 2834535 10954
2820338 2835294 14956
2825764 2836713 10949
2826956 2839353 12397
2825853 2840442 14589
2833731 2844666 10935
2836023 2846976 10953
2841331 2851761 10430
2836284 2852157 15873
2842321 2853246 10925
2842960 2853906 10946
2841718 2854929 13211
2848661 2854962 6301
2848453 2858031 9578
2842909 2858592 15683
2848725 2860374 11649
2844126 2861133 17007
2846263 2861925 15662
2847932 2862453 14521
2859875 2866149 6274
2849542 2866446 16904
2848480 2868558 20078
2862366 2868657 6291
2860071 2873310 13239
2865353 2876346 10993
2858395 2876445 18050
2865238 2879712 14474
2869301 2880108 10807
2875463 2881758 6295
2869852 2883342 13490
2879342 2890272 10930
2881667 2892615 10948
2886641 2892912 6271
2885366 2896311 10945
2894205 2904660 10455
2900152 2906442 6290
2898862 2913834 14972
2904197 2914989 10792
2904496 2915319 10823
2906526 2917497 10971
2914001 2925186 11185
2920000 2926275 6275
2916276 2927199 10923
2911378 2928354 16976
2918884 2929344 10460
2923201 2932017 8816
2922006 2932809 10803
2922098 2934690 12592
2929308 2936274 6966
2924462 2937891 13429
2929045 2940267 11222
2931331 2942148 10817
2937911 2944557 6646
2941541 2952345 10804
2942796 2953731 10935
2943308 2954259 10951
2944927 2955381 10454
2947880 2958813 10933
2952642 2958912 6270
2946792 2959176 12384
2947320 2962080 14760
2953328 2963763 10435
2952786 2964456 11670
2951557 2964588 13031
2954829 2965281 10452
2953785 2966469 12684
2951948 2966865 14917
2957274 2969406 12132
2956731 2969604 12873
2960286 2970726 10440
2960250 2972310 12060
2956959 2973102 16143
2963729 2974191 10462
2962468 2974752 12284
2957610 2976369 18759
2968460 2979471 11011
2975171 2981451 6280
2972157 2983101 10944
2972778 2983728 10950
2974095 2984916 10821
2980391 2987028 6637
2980428 2991219 10791
2981021 2992968 11947
2977736 2993793 16057
2983840 2995410 11570
2985044 2998677 13633
2986195 3000459 14264
2986374 3001350 14976
2991379 3001779 10400
2994176 3004980 10804
3000027 3006300 6273
3001113 3007752 6639
2998510 3010062 11552
3004430 3015375 10945
3004785 3015738 10953
3004807 3016035 11228
3009899 3017685 7786
3011959 3018609 6650
3012353 3018642 6289
3008523 3019467 10944
3006264 3023262 16998
3012946 3023955 11009
3013503 3024615 11112
3013120 3026529 13409
3016695 3027123 10428
3017816 3029367 11551
3015132 3029598 14466
3013052 3029829 16777
3018837 3030027 11190
3016377 3030390 14013
3024265 3037089 12824
3028220 3039168 10948
3033210 3039498 6288
3030778 3040125 9347
3032404 3043227 10823
3037237 3043887 6650
3030040 3045768 15728
3034473 3046263 11790
3035176 3046857 11681
3038049 3049002 10953
3038846 3049431 10585
3042456 3052896 10440
3042919 3053358 10439
3039285 3055800 16515
3045569 3055998 10429
3045700 3056526 10826
3052254 3058539 6285
3053539 3059826 6287
3053893 3064842 10949
3056468 3071079 14611
3065315 3071970 6655
3057814 3076293 18479
3065184 3078735 13551
3064657 3079626 14969
3071710 3082662 10952
3077047 3083322 6275
3077741 3084015 6274
3074490 3085302 10812
3077373 3087810 10437
3077562 3088569 11007
3078342 3088833 10491
3077073 3089460 12387
3078546 3092067 13521
3078602 3092628 14026
3090191 3096852 6661
3090509 3097446 6937
3093421 3099723 6302
3083059 3100053 16994
3087597 3100152 12555
3085611 3103155 17544
3098312 3109260 10948
3099103 3110052 10949
3099616 3110712 11096
3099298 3114276 14978
3110306 3116586 6280
3110516 3121470 10954
3116075 3122361 6286
3116245 3122889 6644
3109149 3123153 14004
3112495 3126981 14486
3116967 3127938 10971
3119106 3129555 10449
3125315 3136254 10939
3125550 3136485 10935
3122520 3139521 17001
3135899 3142821 6922
3133124 3143415 10291
3136906 3143547 6641
3133648 3145659 12011
3131662 3146913 15251
3133001 3147309 14308
3132722 3148926 16204
3133284 3149454 16170
3141823 3149883 8060
3145910 3152193 6283
3142282 3153216 10934
3141078 3153909 12831
3135207 3154404 19197
3153165 3159816 6651
3146366 3160641 14275
3151525 3162687 11162
3157792 3164436 6644
3155598 3166548 10950
3151268 3166977 15709
3150130 3168429 18299
3156565 3168759 12194
3154832 3169617 14785
3163556 3169848 6292
3161799 3171894 10095
3163870 3174798 10928
3170158 3176448 6290
3171736 3178395 6659
3172593 3183543 10950
3183694 3189978 6284
3185690 3192354 6664
3178661 3193278 14617
3182784 3194334 11550
3185281 3196215 10934
3187719 3198228 10509
3189681 3199350 9669
3188242 3199383 11141
3190727 3201528 10801
3194171 3201990 7819
3188507 3204102 15595
3193628 3205620 11992
3193242 3206577 13335
3192495 3207996 15501
3195361 3208854 13493
3200169 3210603 10434
3197117 3212385 15268
3202073 3215355 13282
3203588 3218094 14506
3209759 3220701 10942
3211568 3222516 10948
3213475 3223935 10460
3218383 3225024 6641
3219378 3229809 10431
3227156 3233439 6283
3222603 3233538 10935
3224762 3235716 10954
3225347 3236277 10930
3221879 3238950 17071
3227638 3242052 14414
3233622 3244560 10938
3226386 3245286 18900
3232109 3246903 14794
3235494 3249510 14016
3232301 3251457 19156
3242495 3253437 10942
3252579 3259212 6633
3250334 3260763 10429
3251809 3262743 10934
3252474 3263601 11127
3253965 3264756 10791
3255056 3266010 10954
3255590 3266571 10981
3255546 3268683 13137
3256206 3270993 14787
3262749 3273204 10455
3262996 3273798 10802
3263169 3276141 12972
3268158 3276405 8247
3264483 3276735 12252
3268128 3278583 10455
3269697 3280629 10932
3270675 3281619 10944
3271899 3286503 14604
3278098 3288549 10451
3280957 3291882 10925
3287005 3293301 6296
3286920 3297855 10935
3291636 3302079 10443
3292355 3304587 12232
3292958 3305082 12124
3295472 3306402 10930
3299572 3307326 7754
3297206 3308580 11374
3296688 3310527 13839
3302652 3313596 10944
3304319 3316698 12379
3303108 3318084 14976
3307421 3318216 10795
3309629 3320427 10798
3313898 3324354 10456
3314265 3325212 10947
3314163 3328677 14514
3312431 3329436 17005
3318169 3332142 13973
3327288 3333561 6273
3327639 3334287 6648
3323979 3334914 10935
3324045 3334980 10935
3327417 3341316 13899
3328480 3341910 13430
3328461 3342240 13779
3337759 3344055 6296
3331698 3345111 13413
3335164 3345738 10574
3335203 3346134 10931
3338522 3348972 10450
3335955 3349203 13248
3337769 3352305 14536
3330428 3352998 22570
3339913 3353196 13283
3347304 3353592 6288
3345412 3359235 13823
3347159 3360126 12967
3343390 3361941 18551
3351651 3362601 10950
3353698 3364647 10949
3352832 3367881 15049
3354663 3368277 13614
3356109 3369003 12894
3359638 3370092 10454
3363975 3371478 7503
3368434 3374712 6278
3368170 3374943 6773
3367013 3377451 10438
3362566 3378903 16337
3357714 3379695 21981
3374093 3380751 6658
3375318 3381609 6291
3375375 3382038 6663
3372321 3383259 10938
3378011 3384645 6634
3372818 3386295 13477
3375593 3387087 11494
3373885 3388473 14588
3379604 3390618 11014
3384847 3395799 10952
3385755 3396690 10935
3389458 3398472 9014
3387771 3398703 10932
3384588 3399198 14610
3391897 3401673 9776
3391194 3402135 10941
3397144 3403983 6839
3397702 3403983 6281
3390472 3405237 14765
3400275 3411210 10935
3405020 3411309 6289
3398803 3413553 14750
3397285 3413817 16532
3400015 3414180 14165
3396748 3414411 17663
3400494 3414972 14478
3404397 3416919 12522
3406893 3417843 10950
3408122 3419064 10942
3401271 3419295 18024
3401140 3419823 18683
3400660 3420120 19460
3406632 3422991 16359
3414308 3425235 10927
3415334 3426291 10957
3419642 3426291 6649
3409448 3428535 19087
3418126 3432693 14567
3419867 3433749 13882
3428613 3435861 7248
3422432 3435960 13528
3425351 3436554 11203
3432571 3439227 6656
3424829 3439854 15025
3423904 3440019 16115
3425072 3440415 15343
3437025 3443682 6657
3428114 3444639 16525
3440305 3446949 6644
3439229 3451239 12010
3440895 3451833 10938
3451626 3458268 6642
3443617 3459621 16004
3446522 3461007 14485
3452097 3464934 12837
3452967 3465033 12066
3453719 3465429 11710
3454971 3466221 11250
3452367 3467244 14877
3461821 3468102 6281
3460629 3468135 7506
3458398 3469323 10925
3458485 3471369 12884
3465550 3471831 6281
3465250 3471897 6647
3460165 3474636 14471
3468337 3474999 6662
3456458 3476352 19894
3468300 3478728 10428
3472769 3479553 6784
3468083 3480609 12526
3469312 3481566 12254
3472668 3483612 10944
3474195 3485130 10935
3480184 3486846 6662
3484364 3490641 6277
3486162 3492456 6294
3491763 3498396 6633
3487943 3498891 10948
3498749 3509187 10438
3498456 3509385 10929
3504008 3514467 10459
3508340 3514632 6292
3506153 3517107 10954
3515253 3526182 10929
3516312 3527238 10926
3520407 3528624 8217
3520015 3530472 10457
3520349 3531627 11278
3523578 3534531 10953
3528300 3534597 6297
3524130 3535026 10896
3527316 3537765 10449
3527429 3542022 14593
3533035 3543969 10934
3534185 3544629 10444
3540235 3554694 14459
3544850 3555651 10801
3553353 3560271 6918
3551631 3562086 10455
3551478 3562416 10938
3557179 3563472 6293
3561293 3567564 6271
3561372 3568026 6654
3556657 3568455 11798
3564203 3573042 8839
3559302 3573900 14598
3563220 3579543 16323
3564650 3580335 15685
3568718 3580368 11650
3568778 3583569 14791
3572398 3583800 11402
3570170 3587727 17557
3572901 3587793 14892
3576396 3588354 11958
3574097 3588420 14323
3583400 3594327 10927
3576324 3595614 19290
3587365 3597825 10460
3586133 3597924 11791
3591885 3602313 10428
3592135 3604821 12686
3595165 3606108 10943
3598395 3608847 10452
3598541 3608979 10438
