495 11286 10791
4239 15180 10941
4108 18744 14636
9787 20724 10937
10112 21054 10942
10289 21087 10798
8271 22902 14631
13352 24420 11068
18380 29304 10924
15831 30426 14595
24908 31185 6277
18293 31647 13354
20917 33330 12413
23878 34815 10937
25272 36069 10797
26457 37257 10800
33904 40194 6290
25440 40524 15084
30724 41679 10955
32189 42636 10447
31688 44781 13093
34146 45078 10932
32697 47982 15285
34961 48543 13582
38596 49533 10937
39196 50127 10931
41957 52899 10942
46769 53064 6295
46098 56529 10431
48473 58905 10432
52110 62931 10821
53333 64284 10951
51420 65076 13656
59046 65340 6294
52052 65637 13585
52648 66066 13418
61198 72006 10808
65694 76626 10932
70424 76725 6301
68648 79101 10453
66449 79761 13312
69031 80322 11291
68698 82269 13571
69234 83556 14322
72232 86790 14558
73917 87351 13434
75079 87483 12404
72557 87747 15190
75610 89727 14117
78725 90255 11530
76590 90354 13764
81844 92796 10952
82931 93390 10459
79124 93720 14596
83579 94149 10570
84193 96129 11936
82914 97812 14898
88158 99132 10974
89574 100518 10944
88442 102663 14221
88203 102762 14559
90463 103092 12629
93284 103719 10435
93523 107976 14453
94643 109626 14983
99300 110121 10821
105364 112002 6638
105011 116028 11017
105360 116391 11031
107069 118008 10939
107742 123321 15579
112957 123882 10925
115741 126192 10451
111887 126555 14668
118974 129426 10452
121303 136026 14723
122867 136884 14017
125994 140184 14190
133914 144375 10461
134652 145596 10944
133085 145860 12775
136128 147081 10953
137421 148368 10947
140721 151866 11145
143138 153945 10807
138494 155166 16672
145870 156816 10946
151123 157410 6287
147797 160479 12682
154349 161040 6691
151880 163350 11470
146317 163614 17297
157116 163779 6663
150019 164637 14618
150816 166683 15867
160017 170808 10791
153647 172293 18646
159975 174108 14133
160971 175560 14589
165850 176286 10436
165686 176880 11194
163447 180015 16568
168319 181104 12785
171088 182028 10940
167474 182424 14950
173517 183909 10392
167937 185691 17754
175025 186252 11227
180077 186351 6274
180492 191664 11172
178645 193611 14966
179417 194766 15349
182127 196845 14718
185886 196977 11091
188228 197868 9640
192975 199254 6279
187011 199914 12903
185049 202818 17769
193279 204204 10925
194163 205095 10932
191139 205326 14187
194467 205392 10925
195158 205623 10465
196474 207042 10568
193503 208560 15057
196226 209187 12961
197585 209781 12196
203525 214269 10744
199538 214500 14962
203199 216579 13380
206369 219780 13411
206868 221397 14529
215910 222189 6279
216150 227403 11253
221702 232848 11146
223350 234300 10950
223933 234729 10796
229948 236379 6431
225491 236445 10954
231120 242055 10935
232931 244332 11401
233148 244365 11217
233548 244497 10949
233627 247797 14170
234740 248358 13618
239861 250800 10939
237301 251724 14423
236996 253572 16576
243083 254034 10951
239949 254727 14778
245248 255717 10469
245345 256278 10933
247491 258423 10932
246292 258819 12527
252982 263439 10457
251063 265749 14686
257801 272283 14482
267682 278619 10937
266595 278718 12123
264897 279774 14877
271514 282447 10933
272811 283239 10428
274920 285846 10926
277976 289674 11698
279483 290499 11016
280594 291555 10961
278440 293535 15095
283834 293535 9701
279683 294756 15073
278569 296769 18200
287068 298023 10955
287416 298353 10937
293076 299376 6300
290673 301620 10947
285929 301983 16054
291541 305217 13676
296900 307890 10990
295212 308220 13008
299360 310299 10939
300469 311421 10952
299604 314655 15051
307826 318780 10954
303605 318813 15208
308054 319440 11386
306504 321552 15048
308160 321684 13524
306506 322146 15640
313369 323829 10460
310086 324984 14898
314990 328680 13690
313366 329142 15776
313785 329802 16017
325253 331551 6298
320091 334752 14661
323939 334884 10945
326290 337260 10970
314674 337392 22718
316860 339273 22413
327513 340131 12618
326344 340494 14150
323877 340659 16782
324961 342012 17051
329357 344883 15526
329186 345147 15961
332133 347919 15786
332185 348249 16064
338384 349338 10954
343978 350625 6647
330300 352407 22107
344251 355179 10928
346479 357291 10812
347518 358446 10928
348003 359106 11103
347244 361779 14535
350921 361845 10924
351192 364188 12996
353345 364287 10942
355001 365937 10936
353651 368973 15322
354586 369171 14585
363447 369732 6285
356437 369930 13493
360652 371580 10928
361410 372207 10797
358850 373197 14347
358523 373362 14839
364815 375375 10560
365862 376332 10470
366054 377619 11565
368359 379302 10943
371516 383328 11812
369797 385044 15247
373750 385869 12119
373127 387156 14029
374597 389037 14440
378134 389070 10936
381770 392172 10402
380909 392865 11956
375200 394482 19282
379523 396132 16609
381866 396495 14629
384973 397815 12842
392972 399267 6295
383790 399663 15873
382039 401181 19142
387902 403557 15655
384388 405504 21116
386291 406428 20137
399622 407022 7400
392563 408045 15482
397844 409761 11917
395379 410157 14778
396443 411675 15232
397086 412467 15381
393788 412566 18778
400209 414777 14568
404501 415437 10936
397530 415800 18270
400458 418902 18444
403686 419892 16206
409070 421773 12703
403954 422169 18215
404369 423720 19351
414487 425568 11081
411951 426360 14409
409657 426822 17165
406280 428142 21862
417387 428340 10953
418595 429396 10801
418694 430089 11395
421596 432531 10935
404177 434643 30466
423335 437547 14212
418921 440847 21926
428014 441969 13955
432288 443091 10803
437295 443619 6324
425224 444147 18923
433308 444246 10938
429714 444708 14994
426537 445401 18864
428447 447183 18736
431913 447513 15600
432211 447942 15731
437282 450087 12805
439561 451077 11516
439988 451704 11716
434519 454410 19891
442908 455466 12558
446710 457149 10439
453914 464838 10924
456499 467445 10946
458172 469590 11418
455862 470811 14949
461688 472131 10443
464282 473913 9631
464423 475233 10810
461326 475398 14072
463890 477048 13158
466124 477048 10924
472886 479523 6637
464668 480348 15680
465033 480909 15876
469965 480909 10944
466963 481470 14507
470644 482031 11387
468132 482493 14361
473690 485991 12301
480945 487245 6300
472781 489687 16906
480638 491568 10930
472918 492921 20003
485624 496122 10498
477921 496188 18267
484804 498465 13661
485043 499290 14247
489391 499356 9965
494478 501138 6660
487607 502590 14983
497965 504669 6704
497036 507474 10438
498257 509190 10933
502387 509223 6836
500616 511566 10950
502111 512556 10445
500993 516252 15259
512606 518892 6286
508989 519915 10926
514320 520971 6651
511651 522588 10937
509341 523149 13808
517687 528627 10940
518316 530079 11763
519745 530772 11027
518217 532983 14766
523484 534567 11083
527020 537966 10946
525767 540375 14608
535631 541926 6295
529495 543675 14180
529459 544071 14612
533050 546909 13859
536099 547173 11074
534121 547569 13448
537175 547998 10823
534579 551166 16587
542376 553311 10935
549770 556050 6280
545517 556314 10797
542792 556479 13687
547826 558723 10897
549270 560208 10938
552849 563640 10791
553644 564597 10953
552604 567567 14963
556938 568161 11223
559063 570009 10946
560408 570933 10525
553573 571098 17525
557317 572121 14804
561172 573474 12302
563640 574563 10923
563282 576741 13459
565786 577665 11879
565998 579282 13284
565617 579975 14358
571842 582780 10938
573350 584298 10948
582672 593604 10932
585309 596244 10935
586046 597102 11056
588630 599577 10947
589186 604065 14879
593320 604560 11240
587262 604593 17331
593898 606540 12642
596802 611985 15183
597985 612018 14033
597725 612612 14887
602157 613107 10950
603901 614724 10823
603871 615285 11414
597725 615912 18187
603189 616044 12855
605880 616836 10956
603847 620070 16223
607393 620598 13205
608255 621291 13036
606791 623469 16678
606978 624393 17415
617134 628089 10955
608847 630861 22014
609464 631059 21595
614431 631191 16760
618056 631719 13663
611717 632082 20365
618854 634128 15274
619847 635382 15535
625945 636966 11021
625693 641883 16190
630510 642411 11901
627115 642774 15659
636562 647361 10799
630413 648021 17608
637072 648021 10949
634204 650727 16523
641109 651750 10641
645608 651882 6274
640783 657195 16412
641002 657393 16391
646214 658284 12070
642113 660330 18217
639625 661056 21431
643211 661056 17845
649053 662013 12960
654132 664158 10026
649683 665280 15597
645073 665610 20537
655298 666435 11137
655649 666600 10951
657685 668613 10928
664644 670923 6279
656238 672540 16302
666544 677490 10946
669931 680856 10925
671644 682572 10928
673040 683991 10951
673939 687159 13220
676549 690459 13910
678625 690987 12362
677289 691746 14457
683526 694320 10794
683864 694815 10951
684916 695871 10955
690453 696729 6276
682663 697125 14462
689175 699996 10821
695303 705738 10435
700294 710754 10460
704627 711282 6655
700673 711612 10939
700701 711909 11208
708314 714978 6664
709205 715506 6301
705436 718014 12578
707156 718542 11386
708479 720786 12307
711373 722304 10931
712866 723789 10923
709778 725340 15562
714406 725340 10934
717341 728277 10936
714834 728442 13608
717305 728640 11335
718947 730950 12003
721864 732798 10934
717724 733260 15536
724055 735636 11581
723330 736197 12867
725960 740223 14263
725661 740685 15024
723286 741576 18290
737185 743457 6272
737979 744315 6336
735143 746097 10954
733507 747978 14471
737156 748242 11086
739831 750288 10457
744156 755040 10884
744736 758208 13472
746883 758637 11754
747809 758736 10927
751624 758835 7211
743568 760980 17412
748465 761871 13406
751583 762531 10948
751749 762894 11145
752145 764577 12432
749467 765534 16067
756658 767118 10460
756389 767316 10927
756598 767481 10883
762865 769164 6299
755512 771936 16424
760347 772464 12117
751749 772794 21045
759973 776094 16121
770192 776589 6397
767347 778800 11453
759347 779856 20509
763654 780021 16367
770709 781143 10434
770357 782661 12304
766771 784179 17408
766868 784938 18070
762419 787347 24928
781220 787512 6292
777346 788271 10925
777998 788964 10966
781527 791967 10440
781193 795795 14602
785173 799425 14252
793722 800382 6660
786487 802329 15842
789885 802989 13104
790785 803517 12732
787800 806685 18885
789952 810480 20528
803210 813648 10438
798746 813714 14968
797366 814077 16711
800188 814209 14021
792981 814704 21723
800433 817575 17142
799283 817971 18688
804734 818532 13798
807800 818730 10930
814631 820908 6277
808645 825000 16355
816748 828003 11255
818882 830115 11233
819132 830181 11049
819852 830775 10923
816413 830874 14461
820962 832260 11298
826431 832722 6291
824790 833448 8658
826902 833547 6645
824379 836154 11775
824327 836616 12289
824706 837012 12306
827339 838266 10927
822245 838728 16483
827578 839256 11678
828538 839487 10949
827604 839718 12114
824344 840906 16562
825872 842754 16882
829219 844536 15317
843193 849486 6293
834137 850146 16009
839041 850377 11336
839285 850971 11686
836306 853413 17107
843104 854106 11002
844053 854502 10449
845556 856746 11190
846055 857373 11318
847823 858759 10936
848507 859452 10945
846540 860508 13968
844092 861531 17439
857455 863742 6287
846347 866052 19705
856324 868098 11774
858637 869748 11111
854467 871233 16766
861533 872652 11119
864069 874896 10827
860158 876249 16091
859039 877173 18134
863671 877470 13799
864644 878658 14014
872782 879054 6272
866107 883212 17105
865982 884466 18484
874004 884796 10792
870639 885588 14949
872828 888030 15202
879236 890175 10939
875032 890670 15638
881891 892815 10924
883452 894399 10947
878779 895422 16643
885754 898425 12671
884665 898656 13991
888423 899382 10959
893660 899943 6283
882624 902385 19761
892453 903540 11087
891794 904299 12505
893049 905454 12405
890642 905685 15043
892382 906840 14458
895643 910800 15157
897448 911460 14012
899296 912780 13484
899578 913407 13829
896233 915189 18956
907649 918588 10939
910434 921360 10926
911337 922152 10815
912851 923307 10456
911165 924594 13429
916013 924825 8812
920770 931227 10457
922130 933075 10945
924512 935451 10939
931733 938025 6292
927250 938190 10940
932871 943800 10929
935506 946440 10934
936278 947232 10954
944108 950763 6655
940017 953832 13815
942907 953832 10925
941369 954360 12991
944954 955746 10792
947427 958353 10926
947850 958782 10932
942718 959079 16361
950426 961455 11029
946409 961851 15442
950293 963765 13472
949666 964722 15056
955057 964986 9929
960752 971685 10933
961573 972609 11036
966462 973104 6642
963147 976173 13026
973342 979638 6296
974526 981189 6663
971617 982542 10925
971890 982839 10949
971618 985314 13696
981741 992541 10800
982241 993036 10795
984271 998943 14672
990022 1000461 10439
985689 1000593 14904
987458 1002408 14950
990075 1003926 13851
989459 1007226 17767
995846 1009800 13954
995863 1010328 14465
997541 1012440 14899
996412 1013562 17150
996441 1014123 17682
1003073 1014684 11611
1003624 1015476 11852
1004682 1015740 11058
999509 1017786 18277
1007059 1018248 11189
1003837 1020492 16655
1002833 1021086 18253
1007540 1021119 13579
1015426 1021713 6287
1005164 1022703 17539
1007873 1022967 15094
1012006 1024947 12941
1021766 1028412 6646
1010800 1029996 19196
1027004 1033296 6292
1020665 1035639 14974
1024187 1037124 12937
1026936 1037883 10947
1027836 1039401 11565
1029545 1040490 10945
1033737 1042041 8304
1029501 1044351 14850
1030358 1045209 14851
1035108 1048311 13203
1039639 1050588 10949
1030100 1051908 21808
1036417 1052799 16382
1037044 1055175 18131
1044435 1057914 13479
1048413 1059333 10920
1048015 1061346 13331
1048041 1061874 13833
1047945 1062666 14721
1049704 1063293 13589
1047872 1063590 15718
1055845 1066791 10946
1055098 1070058 14960
1066813 1077252 10439
1070930 1080222 9292
1069857 1080684 10827
1069784 1081905 12121
1070156 1082433 12277
1068889 1083423 14534
1073006 1083984 10978
1069880 1085865 15985
1072727 1087284 14557
1073328 1087812 14484
1073823 1091442 17619
1075812 1093290 17478
1080863 1095138 14275
1085610 1097613 12003
1085742 1098174 12432
1088751 1099692 10941
1085633 1099758 14125
1082662 1100682 18020
1090587 1103718 13131
1093524 1103982 10458
1098236 1104510 6274
1097852 1108800 10948
1098090 1109031 10941
1100345 1111275 10930
1101270 1112265 10995
1102136 1113156 11020
1105352 1116291 10939
1105693 1117083 11390
1107908 1117512 9604
1105366 1117941 12575
1107061 1118040 10979
1108106 1119030 10924
1108005 1120944 12939
1106160 1121241 15081
1104253 1121340 17087
1110161 1121604 11443
1108179 1122330 14151
1112123 1123056 10933
1112356 1125168 12812
1122088 1133022 10934
1128252 1134540 6288
1124244 1134672 10428
1128882 1137576 8694
1124321 1138302 13981
1131651 1138368 6717
1127724 1138665 10941
1126794 1141404 14610
1131442 1142262 10820
1130506 1144770 14264
1133386 1145694 12308
1130596 1145760 15164
1136724 1147872 11148
1139282 1150215 10933
1136427 1151172 14745
1137646 1153713 16067
1144989 1155924 10935
1135894 1156287 20393
1151050 1157343 6293
1144367 1158465 14098
1138531 1158597 20066
1144408 1159554 15146
1148089 1162689 14600
1149498 1163613 14115
1151560 1164405 12845
1152719 1168959 16240
1159970 1171137 11167
1163883 1174833 10950
1163916 1174866 10950
1164496 1174932 10436
1164292 1178034 13742
1173842 1180476 6634
1169715 1180641 10926
1170813 1181763 10950
1179639 1186284 6645
1181994 1188627 6633
1179431 1190904 11473
1182851 1193775 10924
1181947 1196415 14468
1189024 1199484 10460
1187088 1201200 14112
1195095 1201365 6270
1189337 1203840 14503
1195682 1210275 14593
1196156 1210968 14812
1196344 1213113 16769
1203757 1213773 10016
1206408 1214301 7893
1204072 1215753 11681
1202550 1216710 14160
1197371 1217634 20263
1207120 1220967 13847
1207032 1224201 17169
1213559 1224498 10939
1207737 1224762 17025
1213311 1228359 15048
1216815 1231197 14382
1216039 1232187 16148
1220904 1233111 12207
1224016 1234464 10448
1223749 1234695 10946
1218015 1235520 17505
1227762 1242351 14589
1238840 1245486 6646
1235101 1248621 13520
1232303 1251888 19585
1238224 1252779 14555
1239262 1252812 13550
1242383 1253307 10924
1242440 1253967 11527
1237985 1256013 18028
1238841 1256013 17172
1242133 1256145 14012
1242792 1256541 13749
1247014 1257960 10946
1251777 1258785 7008
1240885 1259841 18956
1246018 1261425 15407
1252353 1263174 10821
1251530 1264230 12700
1259222 1270632 11410
1259393 1271259 11866
1257879 1273602 15723
1259998 1274064 14066
1264734 1275747 11013
1268033 1278981 10948
1267025 1281984 14959
1271544 1282479 10935
1276987 1283271 6284
1277698 1284360 6662
1272133 1285482 13349
1278869 1285515 6646
1279746 1290267 10521
1279896 1290333 10437
1285691 1291983 6292
1286234 1297164 10930
1286273 1297197 10924
1283626 1299078 15452
1287038 1299936 12898
1285543 1300497 14954
1290504 1301454 10950
1291020 1301949 10929
1292918 1303863 10945
1293090 1304490 11400
1292910 1306404 13494
1296020 1306536 10516
1295831 1306767 10936
1302150 1308450 6300
1299989 1310925 10936
1295015 1315281 20266
1305544 1316469 10925
1306334 1317261 10927
1304023 1318614 14591
1314080 1320726 6646
1310475 1324653 14178
1314851 1325775 10924
1315301 1326303 11002
1317020 1328085 11065
1315354 1328613 13259
1319012 1329966 10954
1321894 1332705 10811
1318929 1333398 14469
1322216 1336665 14449
1327379 1339404 12025
1332122 1343067 10945
1333068 1343496 10428
1332398 1343727 11329
1337958 1344255 6297
1333641 1344453 10812
1333462 1347291 13829
1338371 1348809 10438
1341736 1349799 8063
1339443 1351515 12072
1342233 1353165 10932
1341705 1354287 12582
1345758 1356696 10938
1343064 1357620 14556
1348389 1359336 10947
1349544 1360920 11376
1350157 1361085 10928
1352161 1362603 10442
1356584 1362867 6283
1352073 1363263 11190
1350204 1364319 14115
1358705 1364979 6274
1352577 1366299 13722
1354136 1368477 14341
1362293 1368576 6283
1349368 1369632 20264
1357998 1370424 12426
1359708 1370655 10947
1357388 1371843 14455
1363730 1374681 10951
1361042 1375176 14134
1365401 1376463 11062
1362924 1378278 15354
1367259 1379862 12603
1368533 1380687 12154
1373187 1384119 10932
1373616 1384581 10965
1374039 1385736 11697
1375189 1386132 10943
1374906 1386396 11490
1370723 1387287 16564
1371403 1387881 16478
1372961 1388805 15844
1378320 1389267 10947
1378966 1389465 10499
1383111 1393557 10446
1383154 1395702 12548
1380555 1396890 16335
1384465 1399200 14735
1388258 1399629 11371
1385144 1401543 16399
1381909 1402665 20756
1388752 1402929 14177
1393494 1404447 10953
1394676 1405470 10794
1391714 1407318 15604
1397895 1407582 9687
1398921 1410552 11631
1401458 1416063 14605
1405474 1416426 10952
1407019 1418307 11288
1410424 1421376 10952
1410178 1421442 11264
1416281 1423125 6844
1415725 1426161 10436
1417917 1428867 10950
1418084 1429032 10948
1423500 1434312 10812
1424182 1435137 10955
1424963 1435995 11032
1430176 1440978 10802
1430929 1442397 11468
1433377 1443816 10439
1430376 1445532 15156
1427173 1445763 18590
1434602 1446060 11458
1437133 1448073 10940
1434228 1449096 14868
1438760 1449690 10930
1438583 1449756 11173
1440989 1451934 10945
1448302 1459491 11189
1448984 1459953 10969
1455554 1462197 6643
1452239 1462692 10453
1450560 1465035 14475
1456879 1465200 8321
1449545 1467279 17734
1450012 1467906 17894
1461191 1472130 10939
1463597 1474044 10447
1459552 1474341 14789
1460326 1475331 15005
1463092 1477608 14516
1467953 1478895 10942
1469593 1480413 10820
1476693 1483152 6459
1477080 1483779 6699
1477874 1485165 7291
1476283 1487211 10928
1471261 1489356 18095
1476593 1490280 13687
1479505 1490478 10973
1476244 1490709 14465
1480580 1491534 10954
1476348 1492656 16308
1482370 1493580 11210
1481874 1494207 12333
1481991 1494339 12348
1482684 1496814 14130
1482728 1497672 14944
1484510 1498002 13492
1487485 1498695 11210
1489052 1499982 10930
1489297 1503909 14612
1494504 1504932 10428
1493662 1507176 13514
1493266 1507836 14570
1495863 1511103 15240
1506852 1513149 6297
1502493 1513446 10953
1502937 1514040 11103
1503622 1514568 10946
1504243 1515195 10952
1507148 1521993 14845
1509631 1523841 14210
1509963 1524501 14538
1512143 1525062 12919
1516094 1527042 10948
1518412 1528197 9785
1515084 1528428 13344
1513771 1531728 17957
1510310 1531794 21484
1525271 1536216 10945
1525764 1538955 13191
1528188 1539120 10932
1528408 1542354 13946
1531800 1542750 10950
1532074 1542915 10841
1532253 1543179 10926
1535378 1546314 10936
1532970 1546446 13476
1536515 1547469 10954
1532269 1550307 18038
1541415 1552815 11400
1544276 1554729 10453
1536777 1554861 18084
1545925 1556907 10982
1546588 1560108 13520
1546907 1560669 13762
1547453 1561230 13777
1547470 1562088 14618
1553864 1564794 10930
1551763 1565289 13526
1554647 1565916 11269
1554963 1565916 10953
1554424 1568523 14099
1554915 1568523 13608
1559266 1570206 10940
1560116 1570701 10585
1560415 1572252 11837
1563306 1572285 8979
1562244 1573176 10932
1562761 1575684 12923
1562321 1575882 13561
1565791 1576740 10949
1564877 1578423 13546
1573716 1580370 6654
1569046 1582449 13403
1564126 1583736 19610
1573271 1584594 11323
1578653 1584924 6271
1576282 1587696 11414
1582138 1588422 6284
1584532 1591194 6662
1582597 1593042 10445
1582845 1593636 10791
1584044 1595187 11143
1585637 1597266 11629
1591041 1597332 6291
1589732 1601259 11527
1588405 1602579 14174
1588444 1602909 14465
1589172 1603239 14067
1591745 1606176 14431
1593883 1606737 12854
1597597 1608552 10955
1601396 1612842 11446
1603665 1614096 10431
1601547 1615020 13473
1605828 1616769 10941
1604833 1618122 13289
1606985 1619475 12490
1609554 1624062 14508
1613848 1624788 10940
1615902 1626702 10800
1620830 1631784 10954
1625122 1634523 9401
1628756 1635414 6658
1625668 1636107 10439
1625086 1638120 13034
1625448 1638450 13002
1626542 1638615 12073
1628300 1639242 10942
1635196 1641519 6323
1633547 1643994 10447
1633750 1644687 10937
1633766 1644720 10954
1629112 1647327 18215
1634227 1648251 14024
1635654 1649142 13488
1639031 1649967 10936
1641731 1653234 11503
1643272 1653861 10589
1643311 1654257 10946
1644022 1654950 10928
1644561 1655940 11379
1645081 1657722 12641
1642417 1658943 16526
1647634 1659570 11936
1648558 1661319 12761
1648889 1661913 13024
1647458 1662738 15280
1645883 1662870 16987
1651728 1665015 13287
1653279 1665081 11802
1649881 1667028 17147
1661295 1668084 6789
1654452 1669404 14952
1656698 1670130 13432
1653414 1670262 16848
1659397 1670922 11525
1659458 1672374 12916
1666659 1672935 6276
1667096 1678050 10954
1667088 1678149 11061
1669097 1679898 10801
1672760 1683693 10933
1676700 1687653 10953
1677906 1688841 10935
1683390 1689666 6276
1679337 1690260 10923
1682867 1693791 10924
1683334 1694451 11117
1679340 1695309 15969
1684502 1695474 10972
1683662 1698411 14749
1685747 1698906 13159
1688941 1699896 10955
1684637 1701612 16975
1684760 1702206 17446
1688490 1702866 14376
1691903 1704945 13042
1694094 1706034 11940
1694852 1706661 11809
1696935 1707882 10947
1694262 1708212 13950
1691958 1709070 17112
1699435 1710390 10955
1701902 1712337 10435
1703959 1714416 10457
1697607 1715670 18063
1705783 1716594 10811
1707422 1718376 10954
1704587 1718904 14317
1704616 1718904 14288
1708181 1722204 14023
1709020 1722732 13712
1713869 1724943 11074
1714035 1725273 11238
1717963 1729002 11039
1718194 1729530 11336
1720016 1730949 10933
1727112 1733391 6279
1719072 1736031 16959
1721413 1736592 15179
1723082 1736955 13873
1718855 1739760 20905
1730876 1741806 10930
1723442 1742994 19552
1728546 1743522 14976
1729763 1744281 14518
1729865 1746030 16165
1737432 1748373 10941
1734067 1750584 16517
1743241 1754181 10940
1736126 1754775 18649
1741576 1756359 14783
1734743 1756623 21880
1743515 1758009 14494
1750757 1760814 10057
1747258 1761144 13886
1740657 1762167 21510
1751675 1762629 10954
1742631 1762662 20031
1750745 1763058 12313
1750170 1765302 15132
1757272 1769262 11990
1757492 1769889 12397
1757327 1769889 12562
1756085 1770681 14596
1760699 1772034 11335
1762257 1772628 10371
1762339 1775763 13424
1762922 1776324 13402
1766144 1776588 10444
1765902 1777380 11478
1768169 1779096 10927
1766110 1779294 13184
1766256 1780218 13962
1773576 1784508 10932
1776904 1787346 10442
1774495 1787643 13148
1779626 1790580 10954
1777134 1790646 13512
1777389 1791207 13818
1777735 1791768 14033
1783172 1794111 10939
1784014 1795068 11054
1787187 1798896 11709
1780534 1799061 18527
1789625 1800711 11086
1785055 1802361 17306
1787945 1802988 15043
1791048 1803747 12699
1789195 1804341 15146
1794148 1805133 10985
1787670 1806156 18486
1795257 1809456 14199
1799874 1811931 12057
1802198 1813152 10954
1795540 1815066 19526
1803298 1815528 12230
1804941 1815891 10950
1807069 1818003 10934
1803743 1818366 14623
1809652 1820577 10925
1810344 1821996 11652
1813529 1824702 11173
1815680 1826616 10936
1822989 1829652 6663
1823735 1830444 6709
1816939 1831071 14132
1816057 1832721 16664
1822894 1834239 11345
1823694 1834503 10809
1822993 1835427 12434
1824066 1835955 11889
1823963 1838265 14302
1823658 1839486 15828
1829328 1839783 10455
1826228 1840146 13918
1830328 1840575 10247
1832618 1840839 8221
1831122 1842918 11796
1826991 1844436 17445
1827282 1844700 17418
1833471 1847571 14100
1827881 1847637 19756
1832251 1847934 15683
1832595 1847934 15339
1837343 1848264 10921
1836029 1851564 15535
1840126 1854963 14837
1837425 1855062 17637
1843547 1855557 12010
1838276 1855722 17446
1844735 1858989 14254
1850274 1861959 11685
1848686 1862289 13603
1850210 1863015 12805
1852210 1864797 12587
1851802 1867173 15371
1855912 1869714 13802
1860115 1871067 10952
1860096 1874301 14205
1864054 1874994 10940
1861931 1877403 15472
1868040 1878987 10947
1868205 1880571 12366
1871869 1882815 10946
1867347 1883145 15798
1871663 1886412 14749
1876911 1887864 10953
1881263 1888590 7327
1876466 1889976 13510
1876802 1890966 14164
1880076 1890999 10923
1886992 1893276 6284
1883965 1894893 10928
1883225 1897434 14209
1889467 1899909 10442
1894045 1900338 6293
1884115 1904331 20216
1890393 1905387 14994
1891356 1905816 14460
1894148 1905882 11734
1893239 1911393 18154
1892227 1912383 20156
1899015 1912383 13368
1899000 1913241 14241
1902678 1915551 12873
1909434 1915716 6282
1898001 1916145 18144
1898936 1916508 17572
1906951 1917762 10811
1901279 1918290 17011
1904960 1919874 14914
1912538 1923471 10933
1912631 1924164 11533
1913170 1924890 11720
1908976 1927233 18257
1918736 1927233 8497
1909342 1927959 18617
1923417 1930071 6654
1912844 1930533 17689
1916357 1930929 14572
1915543 1931094 15551
1913152 1931226 18074
1919025 1931589 12564
1922625 1934031 11406
1922895 1934229 11334
1928972 1935252 6280
1920281 1937694 17413
1927311 1938255 10944
1929651 1938882 9231
1927238 1940895 13657
1923840 1941159 17319
1934758 1941423 6665
1927206 1942050 14844
1935443 1942083 6640
1936024 1942314 6290
1929054 1945350 16296
1935689 1947264 11575
1938414 1949211 10797
1940415 1955019 14604
1944861 1955811 10950
1941978 1957956 15978
1949203 1960167 10964
1953963 1960233 6270
1946482 1961190 14708
1949405 1963467 14062
1958098 1964391 6293
1949901 1964424 14523
1955528 1970859 15331
1960025 1971486 11461
1963011 1971519 8508
1962836 1973664 10828
1963906 1974291 10385
1959884 1974720 14836
1961684 1975215 13531
1964920 1975875 10955
1970100 1977063 6963
1971440 1977723 6283
1968705 1979637 10932
1971094 1982046 10952
1971889 1982805 10916
1971924 1982970 11046
1972051 1983003 10952
1972554 1983663 11109
1971854 1987821 15967
1973578 1988217 14639
1977699 1988646 10947
1979166 1990098 10932
1980342 1994949 14607
1974859 1997556 22697
1981884 1998183 16299
1984132 1998348 14216
1989460 1998381 8921
1988621 1999668 11047
1994500 2001450 6950
1984116 2001516 17400
1996820 2003100 6280
1992327 2005146 12819
1994701 2006070 11369
1990874 2006796 15922
1995849 2007951 12102
2000268 2010096 9828
2001904 2012835 10931
1994784 2013396 18612
1998698 2014056 15358
1998959 2016135 17176
1995455 2016696 21241
1998474 2017224 18750
2007467 2019996 12529
2005794 2020359 14565
2006855 2021481 14626
2011959 2026233 14274
2013719 2027124 13405
2015476 2029467 13991
2007584 2029995 22411
2024859 2031975 7116
2021481 2032503 11022
2022238 2033163 10925
2022946 2034021 11075
2023124 2034054 10930
2029740 2040687 10947
2030238 2041182 10944
2031973 2042898 10925
2036800 2043096 6296
2031072 2044383 13311
2036068 2047023 10955
2040627 2051709 11082
2039427 2053920 14493
2043352 2054349 10997
2042870 2054448 11578
2041032 2057550 16518
2037075 2058045 20970
2044069 2062137 18068
2052721 2063655 10934
2052891 2064117 11226
2050317 2065371 15054
2055552 2066493 10941
2049397 2068638 19241
2063427 2071575 8148
2062227 2073159 10932
2062718 2073654 10936
2063717 2076195 12478
2065753 2076690 10937
2066627 2077680 11053
2066998 2077944 10946
2067300 2080815 13515
2067068 2081178 14110
2071308 2083125 11817
2072716 2083917 11201
2070056 2084346 14290
2077044 2088537 11493
2078311 2089461 11150
2072021 2090814 18793
2073758 2091738 17980
2074574 2094972 20398
2086724 2097678 10954
2075085 2098206 23121
2076772 2098833 22061
2079819 2099460 19641
2089578 2101704 12126
2086613 2102100 15487
2090100 2102298 12198
2091607 2104674 13067
2095316 2106126 10810
2095549 2106918 11369
2095943 2110152 14209
2097033 2112132 15099
2100220 2113947 13727
2100439 2114178 13739
2095648 2117082 21434
2094309 2117247 22938
2105768 2120448 14680
2108444 2121372 12928
2113348 2124276 10928
2119796 2126454 6658
2116364 2127312 10948
2116986 2127939 10953
2122100 2128401 6301
2123129 2134077 10948
2125695 2136618 10923
2126294 2137377 11083
2126591 2137542 10951
2131300 2140116 8816
2126864 2140644 13780
2130248 2141271 11023
2128753 2143350 14597
2132812 2143746 10934
2137599 2146419 8820
2134493 2148663 14170
2143804 2150445 6641
2138951 2150940 11989
2141622 2152557 10935
2141776 2152722 10946
2144538 2155461 10923
2145413 2156352 10939
2146096 2157177 11081
2141527 2158365 16838
2148361 2159322 10961
2148536 2159982 11446
2156512 2162787 6275
2155138 2165592 10454
2155084 2166021 10937
2155718 2166516 10798
2153474 2167440 13966
2158798 2169255 10457
2160932 2174865 13933
2158290 2177043 18753
2165773 2177076 11303
2167661 2178594 10933
2164813 2180013 15200
2165943 2180178 14235
2167774 2181894 14120
2172575 2183511 10936
2178394 2184666 6272
2175694 2186646 10952
2176019 2187174 11155
2179073 2190012 10939
2179272 2190078 10806
2179192 2190144 10952
2186831 2197767 10936
2185236 2200209 14973
2192987 2202453 9466
2192564 2203509 10945
2191266 2205555 14289
2192576 2206809 14233
2192765 2207766 15001
2193797 2209878 16081
2204147 2210835 6688
2201285 2212221 10936
2200973 2214498 13525
2195892 2215158 19266
2205226 2216808 11582
2205479 2217732 12253
2201676 2218260 16584
2209905 2220834 10929
2209833 2224233 14400
2213426 2224365 10939
2210639 2224761 14122
2208522 2225652 17130
2217328 2228259 10931
2218522 2229447 10925
2224176 2231064 6888
2222245 2233176 10931
2229112 2240040 10928
2229765 2240700 10935
2228078 2242878 14800
2232996 2243802 10806
2235026 2245980 10954
2232246 2246838 14592
2234617 2250072 15455
2236668 2251227 14559
2242906 2252448 9542
2244595 2252514 7919
2242312 2252745 10433
2242526 2253471 10945
2246991 2253636 6645
2238613 2255649 17036
2242725 2256771 14046
2248063 2258982 10919
2245456 2260137 14681
2253705 2260368 6663
2248934 2262117 13183
2248576 2266044 17468
2262067 2268354 6287
2252665 2269278 16613
2258391 2269344 10953
2260517 2271456 10939
2258049 2272578 14529
2258447 2272578 14131
2259144 2273139 13995
2260975 2273667 12692
2268680 2274954 6274
2265510 2275944 10434
2266631 2277561 10930
2268363 2279178 10815
2268528 2279871 11343
2275392 2282049 6657
2272184 2283138 10954
2276501 2287428 10927
2276693 2288088 11395
2278613 2289540 10927
2279101 2290035 10934
2279544 2290563 11019
2279924 2293830 13906
2295572 2306007 10435
2297195 2308119 10924
2298607 2309406 10799
2296455 2309571 13116
2305991 2312277 6286
2307332 2313630 6298
2301544 2314818 13274
2304173 2315709 11536
2307069 2317920 10851
2309430 2319636 10206
2309290 2319735 10445
2310684 2321616 10932
2316127 2322408 6281
2307432 2322771 15339
2309019 2323431 14412
2313412 2323860 10448
2308727 2327028 18301
2313316 2327127 13811
2313775 2327589 13814
2314353 2329173 14820
2313551 2330790 17239
2316569 2330856 14287
2320133 2330955 10822
2320875 2331813 10938
2319663 2335014 15351
2321552 2335047 13495
2320279 2335674 15395
2325501 2337753 12252
2325847 2338248 12401
2318230 2338776 20546
2326872 2338842 11970
2327336 2339337 12001
2329891 2346729 16838
2330950 2347356 16406
2331285 2348049 16764
2337182 2348115 10933
2331645 2348511 16866
2334115 2350095 15980
2333094 2350656 17562
2338645 2350656 12011
2345372 2351646 6274
2345790 2352438 6648
2345316 2352966 7650
2342744 2355177 12433
2342606 2356101 13495
2337059 2358048 20989
2346238 2359863 13625
2340126 2362074 21948
2353004 2363955 10951
2355303 2365737 10434
2353221 2367222 14001
2364418 2375373 10955
2369318 2380257 10939
2372468 2383392 10924
2381244 2388309 7065
2376629 2391114 14485
2378245 2391510 13265
2379450 2393952 14502
2381096 2395008 13912
2388608 2395833 7225
2385527 2396460 10933
2386000 2397120 11120
2384568 2398341 13773
2386003 2398803 12800
2386762 2400156 13394
2386995 2403126 16131
2392305 2406360 14055
2396167 2407119 10952
2396544 2408208 11664
2397574 2408406 10832
2396728 2408835 12107
2392264 2411112 18848
2401691 2412630 10939
2400636 2415138 14502
2402305 2415765 13460
2401797 2416293 14496
2402732 2416293 13561
2412217 2418504 6287
2401034 2418537 17503
2402729 2419527 16798
2403101 2420088 16987
2404616 2423553 18937
2412855 2423784 10929
2412427 2424312 11885
2419533 2425830 6297
2419767 2426424 6657
2415647 2426457 10810
2421937 2432397 10460
2422255 2433189 10934
2425567 2436390 10823
2428732 2439162 10430
2430546 2441835 11289
2428917 2442330 13413
2430959 2442858 11899
2433246 2444046 10800
2432856 2445861 13005
2438587 2449524 10937
2439753 2450679 10926
2439938 2450877 10939
2441822 2452758 10936
2443501 2456817 13316
2446237 2457543 11306
2446027 2458929 12902
2447516 2459061 11545
2446580 2459919 13339
2446852 2460315 13463
2455860 2467542 11682
2456665 2467608 10943
2462811 2469093 6282
2458448 2469852 11404
2457289 2470809 13520
2458325 2471403 13078
2462433 2473053 10620
2461915 2473911 11996
2461370 2475858 14488
2457533 2476881 19348
2466165 2477112 10947
2464072 2478861 14789
2466157 2479521 13364
2465900 2480973 15073
2469174 2482755 13581
2471439 2483283 11844
2472346 2483283 10937
2472815 2483943 11128
2473329 2484669 11340
2478096 2485428 7332
2476499 2486946 10447
2478649 2489586 10937
2477552 2492028 14476
2472867 2492325 19458
2477913 2492853 14940
2483114 2494041 10927
2483135 2494173 11038
2483971 2495031 11060
2482964 2495658 12694
2488811 2499750 10939
2486552 2500113 13561
2490831 2501763 10932
2491842 2506812 14970
2502428 2509089 6661
2497461 2509320 11859
2497560 2509848 12288
2500070 2511003 10933
2500104 2511267 11163
2504028 2515524 11496
2506307 2517240 10933
2506695 2517636 10941
2514947 2525886 10939
2518283 2529516 11233
2518857 2529780 10923
2520543 2532123 11580
2518812 2532354 13542
2523401 2533839 10438
2523052 2534697 11645
2524838 2537436 12598
2521111 2537634 16523
2529000 2540043 11043
2526831 2540769 13938
2526118 2541825 15707
2525927 2542947 17020
2538125 2544762 6637
2533767 2544960 11193
2527324 2545059 17735
2533260 2545587 12327
2531546 2548227 16681
2538179 2549118 10939
2540149 2551362 11213
2538985 2552352 13367
2542900 2553705 10805
2544393 2555718 11325
2544456 2555784 11328
2546789 2557731 10942
2546902 2557830 10928
2549034 2559975 10941
2551943 2562912 10969
2556743 2564166 7423
2551726 2564727 13001
2551682 2565057 13375
2546364 2565156 18792
2554657 2565849 11192
2555513 2571789 16276
2555834 2572482 16648
2562934 2573868 10934
2563276 2577333 14057
2563349 2578983 15634
2561282 2579049 17767
2564233 2579973 15740
2562351 2580633 18282
2563477 2582877 19400
2573901 2584692 10791
2569315 2584791 15476
2572012 2586474 14462
2578339 2589279 10940
2580234 2591160 10926
2581587 2592018 10431
2581747 2593074 11327
2587919 2598354 10435
2587929 2598750 10821
2596737 2603007 6270
2593680 2604624 10944
2594612 2607561 12949
2603972 2610267 6295
2597582 2612016 14434
2603178 2614128 10950
2610540 2616834 6294
2606966 2617890 10924
2614513 2625447 10934
2612193 2627724 15531
2614352 2628384 14032
2614964 2628714 13750
2617778 2628714 10936
2616587 2628846 12259
2613826 2631618 17792
2617937 2632212 14275
2622832 2633763 10931
2625022 2641023 16001
2631857 2644026 12169
2626071 2644323 18252
2626711 2644950 18239
2635738 2646666 10928
2632741 2648217 15476
2633697 2649042 15345
2631033 2649075 18042
2636083 2649966 13883
2633956 2649999 16043
2638271 2652210 13939
2642671 2653101 10430
2644436 2655378 10942
2641387 2656236 14849
2639064 2657589 18525
2647971 2658414 10443
2647642 2659569 11927
2645377 2664354 18977
2651406 2668149 16743
2657215 2668149 10934
2656922 2672307 15385
2666203 2672505 6302
2654668 2673132 18464
2663877 2674683 10806
2665072 2675508 10436
2661667 2676366 14699
2670924 2677224 6300
2665956 2682669 16713
2670562 2682669 12107
2670203 2683758 13555
2673210 2684385 11175
2668751 2685606 16855
2669173 2685903 16730
2671071 2687685 16614
2672381 2688906 16525
2674895 2689434 14539
2683179 2689632 6453
2675726 2689698 13972
2673899 2690061 16162
2684242 2690589 6347
2672205 2693229 21024
2674010 2695110 21100
2674806 2695638 20832
2683723 2696628 12905
2685293 2697717 12424
2675853 2699268 23415
2680499 2699796 19297
2685152 2700324 15172
2687420 2700324 12904
2690249 2700852 10603
2690764 2702766 12002
2693982 2703657 9675
2693402 2706066 12664
2688312 2706792 18480
2692332 2707716 15384
2692237 2708376 16139
2694972 2708970 13998
2700941 2711742 10801
2696784 2712303 15519
2707004 2713293 6289
2702282 2714283 12001
2708731 2715372 6641
2703139 2716527 13388
2707987 2718936 10949
2708538 2719464 10926
2705250 2721279 16029
2709003 2722038 13035
2714111 2724876 10765
2712346 2728935 16589
2714647 2730090 15443
2724107 2730387 6280
2719593 2730750 11157
2721426 2732367 10941
2721728 2732532 10804
2719194 2733522 14328
2722665 2733819 11154
2719357 2734413 15056
2720730 2737119 16389
2718664 2737680 19016
2722226 2740815 18589
2727268 2741277 14009
2731398 2743092 11694
2731738 2744247 12509
2729693 2748075 18382
2734731 2749197 14466
2738723 2749659 10936
2740687 2751870 11183
2745891 2752167 6276
2741791 2752728 10937
2741774 2752794 11020
2743922 2753718 9796
2743772 2754807 11035
2742813 2757843 15030
2743044 2758041 14997
2747587 2759097 11510
2748750 2759889 11139
2753761 2760417 6656
2749963 2760912 10949
2747389 2760978 13589
2744697 2763321 18624
2748069 2763849 15780
2749758 2764179 14421
2758252 2764542 6290
2751645 2765136 13491
2758462 2767875 9413
2763899 2770185 6286
2763544 2770383 6839
2756106 2771208 15102
2755470 2771637 16167
2759475 2771967 12492
2764637 2775102 10465
2757125 2775366 18241
2762957 2777610 14653
2757431 2778468 21037
2762770 2779128 16358
2766769 2780910 14141
2770637 2783946 13309
2772983 2783946 10963
2768964 2784144 15180
2773977 2787378 13401
2775429 2787609 12180
2780598 2791536 10938
2775062 2791734 16672
2781119 2792790 11671
2774294 2793879 19585
2781749 2794242 12493
2780273 2794803 14530
2782791 2795463 12672
2776608 2797047 20439
2779972 2798367 18395
2787450 2798400 10950
2789222 2800149 10927
2784277 2800182 15905
2789261 2803251 13990
2789037 2803779 14742
2794689 2805396 10707
2792474 2807046 14572
2791677 2808069 16392
2795093 2808663 13570
2799094 2810049 10955
2796248 2811072 14824
2796139 2814339 18200
2805132 2816220 11088
2806307 2817408 11101
2806263 2819124 12861
2807476 2819883 12407
2807935 2824173 16238
2805388 2826384 20996
2815444 2826945 11501
2813594 2827308 13714
2817318 2828232 10914
2818915 2830575 11660
2816814 2831499 14685
2828412 2834700 6288
2824293 2835228 10935
2824697 2835888 11191
2829252 2835888 6636
2829258 2835921 6663
2824874 2839056 14182
2833178 2839452 6274
2831656 2842587 10931
2834995 2845920 10925
2839269 2845920 6651
2837850 2848791 10941
2834063 2849121 15058
2832034 2850870 18836
2840255 2851200 10945
2842969 2853906 10937
2839634 2854170 14536
2845230 2856051 10821
2846419 2856876 10457
2846350 2859483 13133
2844707 2860539 15832
2841848 2861265 19417
2843610 2863443 19833
2856712 2863641 6929
2846424 2863971 17547
2860725 2867007 6282
2856397 2867337 10940
2846723 2868657 21934
2852314 2869284 16970
2859871 2871066 11195
2853529 2873013 19484
2852928 2873640 20712
2859725 2876313 16588
2865999 2876940 10941
2863475 2877006 13531
2869450 2880405 10955
2866618 2881527 14909
2869524 2882550 13026
2868770 2883606 14836
2865984 2884629 18645
2872230 2885256 13026
2876055 2887005 10950
2876460 2887170 10710
2874547 2888490 13943
2875409 2890371 14962
2877576 2891592 14016
2886714 2893011 6297
2877995 2895189 17194
2873343 2896014 22671
2880195 2897631 17436
2884039 2897796 13757
2885126 2898093 12967
2885024 2898687 13663
2882363 2898720 16357
2886053 2899215 13162
2879856 2901096 21240
2887077 2901954 14877
2883121 2902119 18998
2894690 2905122 10432
2893276 2905353 12077
2895527 2906475 10948
2887486 2907069 19583
2885294 2907927 22633
2886061 2908587 22526
2899046 2909214 10168
2892272 2909379 17107
2895341 2912613 17272
2902819 2913768 10949
2908146 2919081 10935
2908162 2919114 10952
2909078 2922084 13006
2908221 2922183 13962
2910268 2922810 12542
2913181 2927661 14480
2914983 2929806 14823
2915142 2930202 15060
2922731 2933007 10276
2921121 2933370 12249
2927973 2934261 6288
2928055 2934327 6272
2922454 2936571 14117
2915616 2936868 21252
2924176 2937792 13616
2926778 2937924 11146
2922635 2940894 18259
2930051 2940993 10942
2930339 2945250 14911
2931667 2945844 14177
2933366 2946570 13204
2935440 2947989 12549
2934621 2948550 13929
2936066 2949474 13408
2932745 2949870 17125
2933171 2950398 17227
2930052 2951784 21732
2935653 2952081 16428
2938399 2955942 17543
2941165 2956569 15404
2942878 2957856 14978
2941385 2959374 17989
2946641 2960364 13723
2947591 2962608 15017
2947245 2963631 16386
2948998 2964258 15260
2953310 2964258 10948
2948708 2966766 18058
2952472 2967261 14789
2958565 2969010 10445
2958983 2969934 10951
2957589 2972409 14820
2963309 2974257 10948
2960727 2974653 13926
2964254 2974785 10531
2967419 2978349 10930
2968142 2979207 11065
2969252 2980197 10945
2970556 2981484 10928
2968969 2981946 12977
2971505 2983860 12355
2970307 2984850 14543
2974269 2985213 10944
2972444 2985576 13132
2969642 2987523 17881
2976753 2988348 11595
2978579 2989503 10924
2978989 2989932 10943
2981664 2992605 10941
2980423 2994882 14459
2984045 2994981 10936
2990865 2997159 6294
2982255 2997324 15069
2984520 2997555 13035
2982266 2997984 15718
2987428 2998380 10952
2991410 3002340 10930
2992242 3004980 12738
2992794 3005541 12747
2995961 3006399 10438
2996777 3007719 10942
2995506 3010458 14952
3000260 3011316 11056
3000280 3011877 11597
3002012 3012966 10954
2999905 3013692 13787
3002346 3014220 11874
3009728 3016365 6637
3010308 3016959 6651
3008176 3018609 10433
3005304 3020457 15153
3015848 3022503 6655
3012595 3023526 10931
3013185 3023625 10440
3011591 3026199 14608
3015703 3029400 13697
3018636 3029565 10929
3019408 3030489 11081
3019791 3030522 10731
3020526 3032898 12372
3022075 3033030 10955
3018631 3033228 14597
3025609 3036429 10820
3027597 3038409 10812
3028713 3039663 10950
3029575 3040554 10979
3030854 3041313 10459
3036713 3043359 6646
3033764 3044712 10948
3030605 3045240 14635
3034506 3049431 14925
3040382 3050817 10435
3041005 3051939 10934
3041297 3052236 10939
3041247 3055998 14751
3043745 3057120 13375
3042619 3057945 15326
3046691 3061146 14455
3055325 3061971 6646
3053858 3064314 10456
3051126 3064941 13815
3052507 3066360 13853
3052408 3067383 14975
3059474 3070419 10945
3060098 3071904 11806
3056845 3073191 16346
3055862 3073290 17428
3067060 3073950 6890
3067887 3079329 11442
3069485 3080418 10933
3070903 3081342 10439
3074490 3085434 10944
3076270 3087612 11342
3081381 3088272 6891
3078857 3089790 10933
3078973 3090450 11477
3085788 3092892 7104
3082458 3094080 11622
3090038 3096324 6286
3085181 3097215 12034
3090648 3099723 9075
3086286 3100218 13932
3086662 3101010 14348
3089728 3101670 11942
3088315 3102957 14642
3092726 3103683 10957
3088763 3104904 16141
3093136 3106884 13748
3097290 3108237 10947
3097443 3108369 10926
3097522 3111570 14048
3098941 3112857 13916
3102277 3113583 11306
3098849 3114738 15889
3104422 3115365 10943
3101664 3115794 14130
3102392 3116322 13930
3111534 3118170 6636
3105523 3120183 14660
3107075 3123021 15946
3117346 3123648 6302
3113369 3124176 10807
3114586 3125991 11405
3110961 3126288 15327
3117038 3127971 10933
3117756 3128202 10446
3120251 3130710 10459
3120061 3131007 10946
3121108 3132063 10955
3114249 3134472 20223
3124984 3135924 10940
3125866 3136815 10949
3121832 3136881 15049
3121837 3138168 16331
3127055 3141930 14875
3137111 3143613 6502
3130270 3145197 14927
3130628 3145560 14932
3136527 3147672 11145
3138188 3148629 10441
3141440 3152391 10951
3145502 3152655 7153
3138166 3152985 14819
3143702 3155130 11428
3145404 3155856 10452
3145204 3156186 10982
3141970 3156252 14282
3146965 3157836 10871
3143460 3158496 15036
3148163 3160377 12214
3148590 3160872 12282
3148234 3162786 14552
3149078 3163149 14071
3141385 3163314 21929
3158130 3164766 6636
3150808 3165228 14420
3156350 3167274 10924
3158728 3169749 11021
3165386 3176316 10930
3165839 3176778 10939
3166350 3181299 14949
3166532 3182454 15922
3175837 3186777 10940
3178481 3187107 8626
3177518 3188460 10942
3182755 3193212 10457
3187077 3193377 6300
3182543 3193476 10933
3184278 3195225 10947
3180639 3195324 14685
3184943 3195885 10942
3187679 3198261 10582
3192663 3198954 6291
3186147 3200736 14589
3194176 3200835 6659
3193840 3204300 10460
3198025 3207930 9905
3192278 3208326 16048
3198040 3208491 10451
3198892 3210966 12074
3197682 3211593 13911
3201822 3212748 10926
3205323 3216246 10923
3205574 3216510 10936
3208388 3222978 14590
3212121 3223044 10923
3213409 3224364 10955
3212971 3225948 12977
3212203 3229248 17045
3214571 3229644 15073
3215296 3229842 14546
3221042 3231987 10945
3219368 3237267 17899
3223216 3237894 14678
3228265 3239214 10949
3225766 3240237 14471
3221537 3240864 19327
3225497 3241392 15895
3231247 3244560 13313
3233970 3244923 10953
3238326 3248058 9732
3232647 3248289 15642
3238007 3251655 13648
3235720 3252018 16298
3237876 3252150 14274
3241433 3252183 10750
3243135 3253569 10434
3244133 3256011 11878
3246696 3257991 11295
3247887 3258816 10929
3248437 3259410 10973
3250085 3261027 10942
3248374 3261456 13082
3250514 3262017 11503
3251819 3264195 12376
3249238 3264261 15023
3254046 3264492 10446
3250166 3265086 14920
3255483 3266802 11319
3251180 3268320 17140
3257851 3271158 13307
3254582 3271356 16774
3255649 3271719 16070
3257371 3272049 14678
3262402 3273567 11165
3261433 3273798 12365
3264630 3279474 14844
3270959 3281883 10924
3266824 3282048 15224
3267936 3282708 14772
3271894 3284853 12959
3270507 3286569 16062
3272748 3287724 14976
3277876 3288813 10937
3275408 3289836 14428
3281544 3290364 8820
3276189 3290958 14769
3280537 3291486 10949
3278169 3291519 13350
3280596 3291519 10923
3285316 3296271 10955
3288139 3298581 10442
3283960 3298911 14951
3291327 3302277 10950
3291930 3305577 13647
3297558 3308547 10989
3295605 3308613 13008
3304567 3310857 6290
3299317 3310956 11639
3300467 3311418 10951
3297436 3311847 14411
3296929 3314223 17294
3304065 3315015 10950
3305353 3315873 10520
3298499 3315906 17407
3307322 3318249 10927
3302659 3320295 17636
3305090 3321516 16426
3311370 3322308 10938
3311674 3325113 13439
3315188 3326136 10948
3316343 3327291 10948
3322493 3328776 6283
3322390 3329040 6650
3316506 3329469 12963
3315353 3329700 14347
3319766 3330690 10924
3320637 3332835 12198
3323671 3334617 10946
3324063 3336960 12897
3324823 3337950 13127
3323719 3338082 14363
3325306 3338346 13040
3327256 3341217 13961
3328901 3343494 14593
3337540 3343824 6284
3331222 3343890 12668
3332354 3345045 12691
3330711 3346728 16017
3333826 3349962 16136
3335868 3351381 15513
3339593 3351645 12052
3341599 3352569 10970
3338979 3352833 13854
3337698 3353988 16290
3343362 3354351 10989
3343365 3355374 12009
3345823 3356925 11102
3351795 3358080 6285
3344573 3360291 15718
3348458 3362931 14473
3349733 3363426 13693
3357512 3369696 12184
3362722 3373722 11000
3360338 3375999 15661
3365370 3376164 10794
3370013 3380454 10441
3369923 3380850 10927
3373056 3383985 10929
3373777 3384711 10934
3382604 3388902 6298
3381640 3392565 10925
3385041 3397779 12738
3387720 3398670 10950
3387324 3399033 11709
3393206 3403653 10447
3392413 3406458 14045
3395747 3406689 10942
3399075 3411507 12432
3401064 3411507 10443
3401946 3412992 11046
3403111 3413553 10442
3404246 3415170 10924
3403728 3415302 11574
3404301 3415764 11463
3407508 3422760 15252
3412523 3426027 13504
3420258 3426918 6660
3413430 3428139 14709
3417979 3428931 10952
3422008 3431208 9200
3421534 3432462 10928
3426027 3432462 6435
3423650 3432495 8845
3421700 3435762 14062
3425375 3436323 10948
3422082 3436422 14340
3422876 3438633 15757
3425015 3439590 14575
3430187 3443682 13495
3432905 3445398 12493
3428330 3446916 18586
3438957 3449886 10929
3439324 3450546 11222
3439230 3450810 11580
3439900 3451272 11372
3441134 3452328 11194
3437525 3454506 16981
3444069 3454869 10800
3441770 3455133 13363
3440350 3455826 15476
3446171 3457113 10942
3451184 3457839 6655
3449358 3461766 12408
3456573 3462855 6282
3451292 3463713 12421
3457194 3463845 6651
3457026 3467475 10449
3462613 3473547 10934
3462642 3473580 10938
3463194 3476748 13554
3467125 3478266 11141
3466236 3481104 14868
3473772 3483150 9378
3472148 3486384 14236
3474543 3486483 11940
3476804 3488991 12187
3478936 3489882 10946
3473311 3490410 17099
3480537 3491466 10929
3478834 3493710 14876
3477444 3493908 16464
3479797 3493908 14111
3481113 3494568 13455
3485943 3496746 10803
3481751 3497208 15457
3488878 3499320 10442
3481717 3500046 18329
3482678 3500508 17830
3485776 3502158 16382
3486931 3502785 15854
3491242 3504633 13391
3485946 3504666 18720
3499787 3506217 6430
3501848 3508131 6283
3497783 3508230 10447
3492720 3508428 15708
3497629 3508560 10931
3497384 3509055 11671
3495632 3510177 14545
3491530 3513081 21551
3503024 3513477 10453
3503826 3514269 10443
3501908 3516414 14506
3505667 3516612 10945
3510927 3517206 6279
3510779 3521727 10948
3511636 3522684 11048
3507769 3523806 16037
3508931 3524466 15535
3515173 3526116 10943
3521927 3528228 6301
3519063 3530010 10947
3512433 3531726 19293
3521918 3532848 10930
3523119 3534069 10950
3524128 3535059 10931
3527706 3538656 10950
3529135 3540075 10940
3528609 3541725 13116
3531675 3544464 12789
3532028 3545553 13525
3535913 3546840 10927
3535108 3549216 14108
3538312 3552978 14666
3542430 3554001 11571
3543160 3554298 11138
3542160 3556245 14085
3544929 3556707 11778
3547539 3557994 10455
3550876 3564858 13982
3562702 3568983 6281
3557970 3570039 12069
3560339 3571293 10954
3557740 3573207 15467
3565397 3576210 10813
3566276 3577233 10957
3566342 3577497 11155
3566956 3578718 11762
3569521 3580302 10781
3566914 3580467 13553
3568072 3583602 15530
3569628 3584130 14502
3572525 3586011 13486
3578355 3589278 10923
3574979 3589311 14332
3580702 3591159 10457
3580333 3591258 10925
3577061 3592017 14956
3585784 3593271 7487
3583934 3594789 10855
3580458 3595284 14826
3583224 3598056 14832
3587662 3601785 14123
3592244 3603039 10795
3588535 3606372 17837
3597237 3608187 10950
3597992 3608946 10954
