257 6897 6640
2272 8910 6638
116 11055 10939
3176 14124 10948
7379 14223 6844
7712 14718 7006
2506 15873 13367
5181 15972 10791
5629 16566 10937
10513 16797 6284
5443 17127 11684
2824 18282 15458
9350 19668 10318
9367 20790 11423
15074 21714 6640
16067 22407 6340
13475 23892 10417
10052 24024 13972
9667 24387 14720
21244 27522 6278
7890 28149 20259
15293 30261 14968
10409 30459 20050
24653 31317 6664
16151 31845 15694
17965 32571 14606
23349 33396 10047
28514 35178 6664
30976 37257 6281
27579 38379 10800
24082 39963 15881
33848 40128 6280
32712 41019 8307
31090 42042 10952
29810 44418 14608
34719 45177 10458
32255 47553 15298
44284 50556 6272
44657 51150 6493
36908 53394 16486
47995 54285 6290
48124 54417 6293
48944 55275 6331
49100 55374 6274
38241 56694 18453
46666 59664 12998
43507 59697 16190
55577 62238 6661
50953 62766 11813
55271 66198 10927
60924 67221 6297
58313 69135 10822
54065 69366 15301
55660 69465 13805
63578 69861 6283
56376 69894 13518
60390 72468 12078
63579 72600 9021
58853 73458 14605
67887 74184 6297
63584 74910 11326
60847 75735 14888
52309 76362 24053
66587 77022 10435
70822 78441 7619
65930 79497 13567
73181 79629 6448
69497 80190 10693
72113 83523 11410
75408 86361 10953
72711 87087 14376
76364 87186 10822
78156 88968 10812
76561 90453 13892
77219 91047 13828
84882 91179 6297
75705 92235 16530
78524 93258 14734
83242 93621 10379
72904 93984 21080
79520 94974 15454
88400 95040 6640
87277 97119 9842
90913 97185 6272
89212 97581 8369
79707 97779 18072
85452 98076 12624
88571 99066 10495
83951 99792 15841
84081 100914 16833
95130 101409 6279
92680 103620 10940
90990 104412 13422
84441 105138 20697
100760 107052 6292
102183 108471 6288
99721 110154 10433
96667 111144 14477
105493 112134 6641
99864 114345 14481
107949 114609 6660
108639 115302 6663
110230 116523 6293
106257 116985 10728
104680 117579 12899
107453 117942 10489
102099 118107 16008
104223 118206 13983
108473 118932 10459
113407 119691 6284
110007 120912 10905
117499 124146 6647
117850 124146 6296
106929 124971 18042
114920 125862 10942
113122 128040 14918
122077 128733 6656
114114 129426 15312
118085 131670 13585
119591 132231 12640
120928 132726 11798
120944 135135 14191
119400 135828 16428
121647 135861 14214
129425 136059 6634
122134 137247 15113
126417 138567 12150
128046 138930 10884
129319 140382 11063
134277 140613 6336
135023 141372 6349
126252 142263 16011
122281 143517 21236
138077 144375 6298
130363 144705 14342
126592 145497 18905
133608 145695 12087
135507 147444 11937
137243 148500 11257
142333 148698 6365
132241 148797 16556
132044 148863 16819
135709 150414 14705
132627 152460 19833
143405 153879 10474
144362 153912 9550
141284 156321 15037
150388 156684 6296
142698 157146 14448
150868 157278 6410
145743 157674 11931
152270 158928 6658
140084 160215 20131
154377 161040 6663
148021 163284 15263
148855 163317 14462
147083 165066 17983
157806 168597 10791
157727 168663 10936
151546 169686 18140
152724 170775 18051
163903 172128 8225
165650 172656 7006
162219 172821 10602
162927 173415 10488
158062 175923 17861
157086 176088 19002
158721 176979 18258
161701 178959 17258
163369 179223 15854
166045 179718 13673
169187 181665 12478
168539 182391 13852
177110 183381 6271
178927 185229 6302
179722 186087 6365
176561 187473 10912
174876 189618 14742
178137 189750 11613
179736 191301 11565
187678 193974 6296
173714 194337 20623
183767 196251 12484
190163 196449 6286
180629 196548 15919
190561 196845 6284
180017 196878 16861
180052 197571 17519
180285 199353 19068
184359 199584 15225
193494 199782 6288
189373 200013 10640
181861 200079 18218
179530 200706 21176
194726 202059 7333
195661 202323 6662
186448 204666 18218
186873 205326 18453
188187 206547 18360
185290 207009 21719
196656 207240 10584
187141 207603 20462
193787 207603 13816
184629 208032 23403
191417 208131 16714
201464 211167 9703
201270 211332 10062
192867 212388 19521
196192 213873 17681
192359 214302 21943
192707 214302 21595
193214 214368 21154
209934 216579 6645
208651 216645 7994
201652 217107 15455
209900 217173 7273
200937 217668 16731
211310 217965 6655
208170 218625 10455
213215 219516 6301
213966 220242 6276
214109 220836 6727
210109 221727 11618
211771 222288 10517
216547 224598 8051
207315 225060 17745
217177 225093 7916
203529 225357 21828
213166 227106 13940
218666 229845 11179
219659 230406 10747
214598 230538 15940
212481 230967 18486
225031 231330 6299
210978 232023 21045
228902 235191 6289
215911 237402 21491
232123 238425 6302
227718 238524 10806
215518 238722 23204
233549 239844 6295
233990 240405 6415
223286 241098 17812
227037 242022 14985
220721 242550 21829
225986 245256 19270
229703 246279 16576
232828 246543 13715
231730 248589 16859
244519 251163 6644
232805 251691 18886
246552 252846 6294
237889 252879 14990
235975 254925 18950
244188 255981 11793
241748 256377 14629
250422 256707 6285
233152 258093 24941
240162 258621 18459
245102 259281 14179
239651 259644 19993
247091 259809 12718
245297 261723 16426
246361 263010 16649
258574 264858 6284
248627 265749 17122
250362 266244 15882
260224 266508 6284
259599 268587 8988
246034 268686 22652
260771 269115 8344
253644 269808 16164
257432 270303 12871
255757 270369 14612
252514 272250 19736
261974 272415 10441
264549 273174 8625
263995 275418 11423
269967 276606 6639
258548 278091 19543
271811 280896 9085
271872 281457 9585
269191 283866 14675
264792 283899 19107
267513 284163 16650
278007 284295 6288
276535 286968 10433
276256 287199 10943
276607 287298 10691
276866 288651 11785
278713 289707 10994
283841 290136 6295
278385 290697 12312
277971 292578 14607
278313 293502 15189
287588 293865 6277
277783 294690 16907
285738 296538 10800
279457 296736 17279
285154 297792 12638
291359 298716 7357
288183 299508 11325
294975 301257 6282
297574 303864 6290
298018 304656 6638
295019 306933 11914
293510 308154 14644
302367 308649 6282
300243 310695 10452
304462 310761 6299
300645 310926 10281
305799 312444 6645
302401 312840 10439
295793 313731 17938
295743 314853 19110
297769 315447 17678
302041 316668 14627
310769 317130 6361
301974 317592 15618
313408 320067 6659
306532 320727 14195
314459 320760 6301
315856 322146 6290
307215 323367 16152
317402 323697 6295
308180 323961 15781
309342 325809 16467
319603 325875 6272
311546 327822 16276
316484 328119 11635
318250 330000 11750
307077 330858 23781
308100 331749 23649
320755 331782 11027
311713 332574 20861
312156 333135 20979
312758 333663 20905
328816 335478 6662
318757 336369 17612
320441 336435 15994
322217 336897 14680
319496 336930 17434
313740 339042 25302
311754 339339 27585
319024 340065 21041
331493 342804 11311
332611 343959 11348
330960 345444 14484
331005 346368 15363
342653 349305 6652
343144 349437 6293
336750 349536 12786
335446 351417 15971
345605 351879 6274
345604 352242 6638
339345 353826 14481
344727 355674 10947
344799 356004 11205
341977 357819 15842
348072 358809 10737
350146 358875 8729
347476 361944 14468
355326 361977 6651
348066 362109 14043
356833 367653 10820
362496 368775 6279
358618 369435 10817
357281 372702 15421
361210 375672 14462
369976 376629 6653
372208 378510 6302
364588 379203 14615
373819 380094 6275
373084 383559 10475
368203 386496 18293
380236 386529 6293
375563 389268 13705
376541 391017 14476
385761 392040 6279
381248 392436 11188
387376 393657 6281
385171 396099 10928
385733 396528 10795
389579 396759 7180
386437 398574 12137
391954 398607 6653
392127 398772 6645
392916 399201 6285
394631 400917 6286
390747 401676 10929
387323 402435 15112
396925 403227 6302
400085 406362 6277
400641 406923 6282
395478 407352 11874
397806 408738 10932
396603 409464 12861
397421 410091 12670
395244 411510 16266
407000 413292 6292
399897 416229 16332
407037 417450 10413
403770 417516 13746
403779 417615 13836
412429 418704 6275
411136 420387 9251
403938 420849 16911
409113 421014 11901
404462 421509 17047
416939 423687 6748
411153 423918 12765
417308 423951 6643
407356 424743 17387
418626 427812 9186
421504 428142 6638
416132 430122 13990
412538 430848 18310
416894 431376 14482
415940 432993 17053
419975 433587 13612
417029 433950 16921
421758 434115 12357
419165 436161 16996
423080 436458 13378
423832 438306 14474
420645 438636 17991
421620 439428 17808
430859 441672 10813
422685 442464 19779
433982 444774 10792
438817 445467 6650
434473 446523 12050
435878 447117 11239
441481 447777 6296
444273 450549 6276
444346 450648 6302
436651 451110 14459
446354 452991 6637
439032 454377 15345
448888 455532 6644
444106 455598 11492
445268 455697 10429
446632 457710 11078
452439 458733 6294
448079 458865 10786
453168 461472 8304
447202 461604 14402
454671 465102 10431
452055 466521 14466
444734 466653 21919
453021 467676 14655
461558 467874 6316
461189 469095 7906
455955 469788 13833
460135 470811 10676
465266 471900 6634
453319 473121 19802
455878 474111 18233
463410 475662 12252
474069 480348 6279
465302 481470 16168
476274 482559 6285
476052 482691 6639
466806 483054 16248
469635 483681 14046
469292 485430 16138
469923 486915 16992
480082 487278 7196
469521 487806 18285
473381 490215 16834
477527 491040 13513
472359 492393 20034
485898 493317 7419
490070 496353 6283
478590 497112 18522
477514 497475 19961
479406 497640 18234
491050 497706 6656
480718 499620 18902
482007 499620 17613
487263 499950 12687
496486 503151 6665
484467 503646 19179
499215 505494 6279
481549 505560 24011
488809 506748 17939
492908 508233 15325
498850 508365 9515
500135 510939 10804
493770 510972 17202
496725 511500 14775
489617 511896 22279
494484 512523 18039
488923 513051 24128
498973 514107 15134
506384 514338 7954
493661 515130 21469
508751 517044 8293
499573 517308 17735
512024 518661 6637
513423 520014 6591
506661 520641 13980
514178 520839 6661
505352 520938 15586
511520 524205 12685
506918 524601 17683
520626 526911 6285
517762 528693 10931
522411 528693 6282
522953 529914 6961
515779 530343 14564
522563 531399 8836
515810 531828 16018
525433 531960 6527
525494 532158 6664
529325 535623 6298
526583 536151 9568
525030 536184 11154
528231 538659 10428
526256 538692 12436
522656 539187 16531
528769 540870 12101
531400 542520 11120
536280 542553 6273
529420 545193 15773
540223 546513 6290
541952 548229 6277
538894 550539 11645
536936 550902 13966
538727 553212 14485
542769 553575 10806
544449 555489 11040
549343 555621 6278
549417 555687 6270
542143 556413 14270
540354 556743 16389
545806 558228 12422
552001 558657 6656
543652 558921 15269
554569 560868 6299
549919 561066 11147
552117 565455 13338
553239 565719 12480
549013 566313 17300
555183 566940 11757
557762 568557 10795
558406 568557 10151
558552 569019 10467
562453 569118 6665
557985 569217 11232
559157 570141 10984
562634 570933 8299
556055 572187 16132
555395 572319 16924
562873 573309 10436
560362 573441 13079
560408 574101 13693
568322 574596 6274
562229 574728 12499
558406 575421 17015
564447 578523 14076
565801 579117 13316
568389 579315 10926
570881 581823 10942
568915 585123 16208
573740 585750 12010
576595 587037 10442
576721 587169 10448
576806 587598 10792
576191 587928 11737
577200 588852 11652
585341 591624 6283
575063 592053 16990
586015 592317 6302
576672 592647 15975
587972 600039 12067
596760 603042 6282
587155 603108 15953
594149 604593 10444
590144 604626 14482
596772 607695 10923
600440 610599 10159
600270 610698 10428
600316 611655 11339
600802 614889 14087
603706 618189 14483
608073 619014 10941
612274 619014 6740
609072 620037 10965
610686 620433 9747
615634 622281 6647
607441 622743 15302
614325 625119 10794
608374 626802 18428
609172 627000 17828
618206 629211 11005
616394 632181 15787
617723 632610 14887
621860 632676 10816
616741 633435 16694
628505 634788 6283
629007 635283 6276
617911 635613 17702
628919 638715 9796
632468 638748 6280
632124 638781 6657
623894 640794 16900
625259 641355 16096
626596 641355 14759
627714 642213 14499
622182 642246 20064
619440 643632 24192
625753 644589 18836
626319 645117 18798
623097 645414 22317
623871 646008 22137
635493 646041 10548
632325 647691 15366
634458 648285 13827
639480 648747 9267
634428 649275 14847
643220 649836 6616
643543 649836 6293
633561 649935 16374
629006 650529 21523
643996 650562 6566
629884 651585 21701
628792 651750 22958
634355 652113 17758
628856 652410 23554
640715 652740 12025
641602 653334 11732
642845 654357 11512
634337 655446 21109
634539 656073 21534
650619 657261 6642
644393 658152 13759
640032 658911 18879
643525 659604 16079
651563 660198 8635
636876 660957 24081
653443 661287 7844
640867 661617 20750
653726 661947 8221
655893 662178 6285
645494 663333 17839
653425 664455 11030
659037 665313 6276
659971 666303 6332
647077 666468 19391
656709 667161 10452
652194 668217 16023
652604 669240 16636
657581 669570 11989
664233 670989 6756
665963 672606 6643
670179 676467 6288
663522 677985 14463
671672 678348 6676
673978 680262 6284
667184 680757 13573
670899 683331 12432
677451 683727 6276
670702 685311 14609
677711 685443 7732
675306 685905 10599
680026 686664 6638
675233 689172 13939
683792 690426 6634
673302 692406 19104
686174 692472 6298
689199 695838 6639
679149 696795 17646
691733 698016 6283
687952 698412 10460
688416 699369 10953
690571 699864 9293
691251 700491 9240
694151 701085 6934
687066 701382 14316
696193 702471 6278
697524 704187 6663
692873 704550 11677
698127 706200 8073
695410 706662 11252
701014 707652 6638
697227 709896 12669
695677 710985 15308
696286 711579 15293
697821 712305 14484
695682 712404 16722
705450 716265 10815
703941 717882 13941
699373 718377 19004
705246 719334 14088
709584 720753 11169
708499 721050 12551
709326 721644 12318
703558 721842 18284
707869 722865 14996
702387 723030 20643
703453 725208 21755
706553 726000 19447
716180 732468 16288
720406 733425 13019
726340 733491 7151
724193 736098 11905
723451 736329 12878
720917 736461 15544
726553 737352 10799
731168 738078 6910
723696 738111 14415
732194 738837 6643
723823 739695 15872
726680 740487 13807
734781 741081 6300
726241 741345 15104
733626 744150 10524
732342 745107 12765
727752 745206 17454
735611 746493 10882
732888 746724 13836
731107 747021 15914
736557 747813 11256
729177 748308 19131
737910 748440 10530
743849 750123 6274
742397 751014 8617
745149 751608 6459
739597 752037 12440
736852 752565 15713
735101 753852 18751
737152 754083 16931
737855 755634 17779
742862 756855 13993
741300 757185 15885
745567 757449 11882
743037 757515 14478
744187 757581 13394
744228 758241 14013
749687 760221 10534
749985 760584 10599
754990 761277 6287
755517 765072 9555
741360 768240 26880
749504 768306 18802
749866 768669 18803
756984 769494 12510
758407 771045 12638
750940 771408 20468
752860 771540 18680
762447 771540 9093
763571 772266 8695
759046 772662 13616
761066 772695 11629
761536 774246 12710
765376 774576 9200
766697 775632 8935
758699 775830 17131
769875 776952 7077
750550 778371 27821
767299 779889 12590
769597 780549 10952
768835 781440 12605
770001 781803 11802
765333 782298 16965
772328 782793 10465
776528 783618 7090
778298 784575 6277
774595 784905 10310
776676 785598 8922
775333 785895 10562
773404 787776 14372
782016 788667 6651
771434 790449 19015
780594 791109 10515
782782 793287 10505
784133 794574 10441
780692 795168 14476
785903 796356 10453
790264 796851 6587
784898 799590 14692
784997 800052 15055
784622 800481 15859
794741 801405 6664
787364 804342 16978
796280 805398 9118
790751 805497 14746
798314 807015 8701
787994 807675 19681
787915 808599 20684
795735 809193 13458
800388 810843 10455
801563 811932 10369
800270 812328 12058
800315 812460 12145
791828 813384 21556
798889 815199 16310
795757 815595 19838
799401 816651 17250
808446 819390 10944
804023 820809 16786
815555 821832 6277
807825 822294 14469
812031 827475 15444
813423 827772 14349
809954 828102 18148
814226 829191 14965
821257 831963 10706
816151 832029 15878
820799 832656 11857
823656 834735 11079
825596 836055 10459
827741 837507 9766
827843 838068 10225
828927 838662 9735
828808 839256 10448
824186 839289 15103
825830 840807 14977
832005 842358 10353
837487 843777 6290
839667 845955 6288
830728 846483 15755
840797 847077 6280
834016 848001 13985
834777 848232 13455
841606 848265 6659
839503 849948 10445
845215 851499 6284
845535 851829 6294
848646 854931 6285
851085 857901 6816
848674 860046 11372
851928 860838 8910
857479 863775 6296
853025 863841 10816
851197 865656 14459
852817 865722 12905
860334 868230 7896
854684 868923 14239
862427 869088 6661
857984 872124 14140
862434 875820 13386
860941 875952 15011
866801 879186 12385
863535 879714 16179
861752 881859 20107
861946 882420 20474
868867 882453 13586
869378 882915 13537
871373 883014 11641
866537 883212 16675
869699 883806 14107
862298 884664 22366
878454 884730 6276
866529 885654 19125
875779 886809 11030
876125 888228 12103
866922 889185 22263
878668 889482 10814
868292 890340 22048
884383 890736 6353
872196 892386 20190
874877 893574 18697
873042 893838 20796
868158 893904 25746
881685 894102 12417
887061 894630 7569
885083 895521 10438
891537 898194 6657
888286 898623 10337
893320 900537 7217
883528 901230 17702
880243 901560 21317
882638 902220 19582
896208 902484 6276
894980 904332 9352
895950 907599 11649
896956 908523 11567
902342 908622 6280
899023 909480 10457
893290 910503 17213
904059 910701 6642
896354 911328 14974
902149 911328 9179
894654 911691 17037
901446 913671 12225
906977 913704 6727
907758 916179 8421
900690 916377 15687
902326 916542 14216
902284 916905 14621
906563 917004 10441
904943 917037 12094
895029 918192 23163
908312 920370 12058
914416 923109 8693
915130 925584 10454
915060 925914 10854
921404 927696 6292
915976 929115 13139
910449 929412 18963
919132 929940 10808
916137 930633 14496
922890 932085 9195
915606 932943 17337
924022 933603 9581
919801 934263 14462
920129 936045 15916
929409 936045 6636
921847 936672 14825
922184 936870 14686
919815 936969 17154
925580 938223 12643
923870 938619 14749
918383 939906 21523
931988 941160 9172
929298 941424 12126
929305 944262 14957
930321 944691 14370
930590 945087 14497
933731 946044 12313
940492 947133 6641
929998 947496 17498
934471 947529 13058
940872 947727 6855
941031 949674 8643
942404 950169 7765
939337 950268 10931
932855 950301 17446
935437 950466 15029
945369 951654 6285
936835 953601 16766
926298 954591 28293
935960 955779 19819
945786 956241 10455
945964 957693 11729
943910 958287 14377
944614 958947 14333
952667 960597 7930
953741 960630 6889
950936 963303 12367
953708 964161 10453
951286 965250 13964
952049 968088 16039
961861 968154 6293
955279 968451 13172
953381 968517 15136
958927 969738 10811
964404 970695 6291
961041 971619 10578
954162 973500 19338
967926 974589 6663
960814 974853 14039
961612 975579 13967
964968 975876 10908
967407 976239 8832
972159 978450 6291
964860 978681 13821
960433 980694 20261
963784 980925 17141
972824 983367 10543
977179 983466 6287
978867 985149 6282
977940 985776 7836
973166 986139 12973
980333 986997 6664
980756 987393 6637
977709 988515 10806
978125 988581 10456
982985 990660 7675
973678 991617 17939
985825 992475 6650
981059 994851 13792
984166 995115 10949
989173 995808 6635
991088 997359 6271
982099 998151 16052
987859 998217 10358
981441 998679 17238
992379 999108 6729
992586 999669 7083
985761 999735 13974
988333 1001847 13514
992038 1002870 10832
992692 1002936 10244
997491 1003761 6270
997728 1004025 6297
988051 1006005 17954
1000004 1006302 6298
997520 1007358 9838
994540 1007853 13313
991300 1010229 18929
993980 1010625 16645
994178 1010922 16744
995064 1011516 16452
1000842 1012935 12093
1004294 1014750 10456
1008877 1015179 6302
1009322 1015608 6286
1001648 1016103 14455
997871 1018314 20443
1000132 1020360 20228
1001359 1020393 19034
1001855 1020954 19099
1008581 1024188 15607
1010723 1024848 14125
1014529 1025343 10814
1005244 1025574 20330
1010074 1026960 16886
1021374 1027653 6279
1016808 1027752 10944
1018137 1028445 10308
1019423 1029039 9616
1019639 1029534 9895
1005514 1030128 24614
1022867 1032339 9472
1021836 1032867 11031
1015243 1033230 17987
1017088 1033428 16340
1020198 1034319 14121
1020464 1034913 14449
1020227 1035903 15676
1021700 1035969 14269
1029800 1036101 6301
1027429 1036431 9002
1030961 1037256 6295
1026781 1037718 10937
1022777 1039005 16228
1021559 1039401 17842
1019541 1040490 20949
1017618 1041084 23466
1020938 1042239 21301
1028562 1042272 13710
1034438 1042932 8494
1032634 1045935 13301
1027440 1046397 18957
1021244 1046430 25186
1040357 1046727 6370
1038962 1047057 8095
1041016 1047288 6272
1032307 1047948 15641
1035616 1048839 13223
1038900 1049532 10632
1033841 1049994 16153
1035184 1050390 15206
1033316 1051182 17866
1042394 1053822 11428
1045522 1053921 8399
1035560 1054020 18460
1047932 1054647 6715
1041824 1056297 14473
1031249 1057221 25972
1041238 1057947 16709
1044776 1058970 14194
1048918 1059399 10481
1034999 1059993 24994
1046609 1060587 13978
1050354 1060785 10431
1051380 1060785 9405
1054646 1060917 6271
1056200 1062501 6301
1046588 1062567 15979
1055402 1065834 10432
1055637 1066428 10791
1057268 1068078 10810
1066196 1072467 6271
1059779 1072797 13018
1060921 1074282 13361
1061872 1074744 12872
1059601 1076097 16496
1063033 1077516 14483
1060646 1079331 18685
1061780 1079463 17683
1073414 1079694 6280
1069081 1079991 10910
1065102 1080684 15582
1070885 1081839 10954
1069914 1082367 12453
1071599 1082664 11065
1070488 1082961 12473
1072430 1083027 10597
1077678 1083951 6273
1076121 1085436 9315
1073052 1086129 13077
1068488 1086261 17773
1081259 1087911 6652
1069468 1087944 18476
1072234 1089561 17327
1081097 1092630 11533
1083177 1093455 10278
1084398 1094841 10443
1090532 1096821 6289
1091285 1097943 6658
1073374 1098537 25163
1079613 1099065 19452
1088854 1099296 10442
1082973 1100154 17181
1092979 1101672 8693
1089760 1103817 14057
1094779 1105236 10457
1092767 1107249 14482
1100564 1110054 9490
1102257 1110747 8490
1104486 1110780 6294
1105617 1112265 6648
1108369 1115004 6635
1109600 1121670 12070
1115893 1122165 6272
1108328 1122792 14464
1116791 1123089 6298
1111760 1124145 12385
1115272 1125729 10457
1118481 1126719 8238
1124860 1131141 6281
1120305 1131306 11001
1121973 1132428 10455
1127894 1134540 6646
1120010 1134606 14596
1128422 1134969 6547
1121351 1136949 15598
1124434 1137873 13439
1124601 1138797 14196
1131603 1140777 9174
1125908 1140975 15067
1126554 1141569 15015
1131330 1141569 10239
1128219 1141899 13680
1131313 1142097 10784
1128099 1143516 15417
1136983 1143912 6929
1126182 1144506 18324
1132003 1145001 12998
1135299 1147674 12375
1140813 1151766 10953
1132339 1151898 19559
1137124 1153449 16325
1138317 1154241 15924
1141926 1156287 14361
1151659 1162689 11030
1149579 1163679 14100
1157529 1163811 6282
1147580 1166649 19069
1155648 1169817 14169
1152829 1171170 18341
1161189 1172127 10938
1155349 1173051 17702
1167927 1174569 6642
1164023 1174965 10942
1164311 1175262 10951
1157549 1176285 18736
1162749 1177275 14526
1156724 1177671 20947
1164868 1179486 14618
1168475 1179552 11077
1159943 1180410 20467
1159383 1180806 21423
1167155 1182786 15631
1177237 1183512 6275
1164986 1183941 18955
1177468 1184106 6638
1173740 1184172 10432
1179044 1185327 6283
1179570 1186218 6648
1163158 1188066 24908
1162283 1188297 26014
1168101 1190442 22341
1168285 1191003 22718
1178327 1191267 12940
1169465 1191300 21835
1187183 1193478 6295
1180947 1194006 13059
1174681 1194270 19589
1182452 1194336 11884
1188617 1194897 6280
1182264 1198659 16395
1184822 1199946 15124
1193578 1200243 6665
1185622 1201860 16238
1184428 1202388 17960
1184992 1202949 17957
1190746 1205556 14810
1195812 1206249 10437
1184539 1207536 22997
1201593 1207866 6273
1190349 1209120 18771
1194088 1209714 15626
1193577 1209780 16203
1200317 1210770 10453
1191806 1212915 21109
1202145 1212948 10803
1196799 1213014 16215
1209053 1215423 6370
1207531 1215489 7958
1205480 1216116 10636
1206697 1216710 10013
1210724 1217007 6283
1207723 1219251 11528
1203855 1219317 15462
1199726 1220010 20284
1207518 1220274 12756
1209666 1223475 13809
1217728 1224003 6275
1218445 1225092 6647
1214615 1226379 11764
1211135 1226709 15574
1211973 1227468 15495
1219882 1229118 9236
1216283 1229415 13132
1214762 1231362 16600
1224001 1233375 9374
1214522 1234629 20107
1221271 1235685 14414
1218752 1235751 16999
1219572 1235883 16311
1225259 1236114 10855
1215532 1236906 21374
1227302 1238226 10924
1220425 1239018 18593
1222655 1240008 17353
1228530 1242978 14448
1228976 1243110 14134
1223632 1245849 22217
1234840 1246080 11240
1235166 1246146 10980
1225144 1246344 21200
1237668 1246806 9138
1229289 1247037 17748
1229906 1248126 18220
1237920 1251888 13968
1245879 1252152 6273
1241339 1252284 10945
1242482 1254957 12475
1244066 1255452 11386
1249024 1255683 6659
1241313 1256904 15591
1246493 1257729 11236
1251252 1257894 6642
1249147 1260105 10958
1246299 1260138 13839
1255612 1261887 6275
1250036 1263207 13171
1256961 1263240 6279
1244606 1263339 18733
1259023 1265319 6296
1259087 1265385 6298
1254269 1266375 12106
1258966 1266903 7937
1254789 1267002 12213
1263825 1270104 6279
1252954 1271358 18404
1262347 1273140 10793
1260147 1274625 14478
1269775 1276440 6665
1272745 1279047 6302
1263307 1279443 16136
1269021 1281621 12600
1271042 1281786 10744
1271744 1282545 10801
1276401 1283535 7134
1277265 1283535 6270
1276442 1285647 9205
1269513 1287165 17652
1273941 1288980 15039
1280387 1291323 10936
1279330 1292643 13313
1277626 1293006 15380
1281929 1293006 11077
1284023 1294821 10798
1282299 1296339 14040
1282195 1296438 14243
1281001 1298055 17054
1287654 1299078 11424
1288795 1299441 10646
1293191 1300035 6844
1294749 1301388 6639
1285961 1303236 17275
1289703 1304655 14952
1297901 1308351 10450
1297926 1308879 10953
1292395 1310496 18101
1301657 1312047 10390
1304444 1312575 8131
1305950 1313631 7681
1299428 1313895 14467
1304974 1315776 10802
1309318 1315974 6656
1304793 1316832 12039
1314558 1321221 6663
1306376 1321617 15241
1315503 1321782 6279
1316982 1323267 6285
1312152 1325049 12897
1316171 1325280 9109
1314785 1328778 13993
1322338 1328976 6638
1319870 1329240 9370
1316027 1329537 13510
1323429 1330098 6669
1315750 1331121 15371
1320843 1331880 11037
1314574 1332276 17702
1323958 1333926 9968
1318552 1334586 16034
1323762 1338612 14850
1323616 1338975 15359
1326824 1339800 12976
1327424 1341351 13927
1320718 1342044 21326
1335876 1342176 6300
1326116 1343298 17182
1325473 1345311 19838
1325233 1346136 20903
1331863 1346697 14834
1340814 1347456 6642
1336925 1347852 10927
1326278 1349403 23125
1336309 1349436 13127
1342906 1349931 7025
1339966 1352571 12605
1332936 1352769 19833
1343003 1353957 10954
1339381 1354815 15434
1343226 1354947 11721
1343441 1355079 11638
1344953 1355673 10720
1344923 1356036 11113
1352110 1358412 6302
1346736 1359138 12402
1347614 1359699 12085
1345095 1360161 15066
1355137 1361415 6278
1351121 1361976 10855
1352229 1363032 10803
1352347 1363956 11609
1349836 1365573 15737
1358369 1366101 7732
1353320 1371843 18523
1365811 1372470 6659
1361868 1372668 10800
1366927 1373592 6665
1364674 1375473 10799
1362172 1375539 13367
1361515 1375869 14354
1363218 1377684 14466
1362498 1377717 15219
1373224 1379862 6638
1368525 1380852 12327
1374337 1381116 6779
1375153 1381446 6293
1375133 1381908 6775
1367414 1382106 14692
1367823 1384416 16593
1373611 1384416 10805
1374979 1384878 9899
1379099 1385373 6274
1379459 1385736 6277
1368093 1388244 20151
1381781 1388442 6661
1378639 1389564 10925
1376277 1390653 14376
1373878 1391181 17303
1385034 1391313 6279
1383210 1393326 10116
1384553 1393854 9301
1384027 1394976 10949
1386397 1396857 10460
1382599 1396890 14291
1386706 1397154 10448
1387871 1399200 11329
1389754 1400058 10304
1394197 1400487 6290
1395655 1401939 6284
1396553 1402896 6343
1385440 1404810 19370
1390802 1405272 14470
1391867 1407384 15517
1401921 1408572 6651
1398454 1409034 10580
1399695 1411575 11880
1399691 1412070 12379
1402366 1413819 11453
1402565 1414611 12046
1401757 1415172 13415
1403901 1415931 12030
1410909 1417185 6276
1407902 1417713 9811
1406853 1417779 10926
1404634 1420122 15488
1414488 1420782 6294
1412964 1421673 8709
1410987 1422696 11709
1412857 1423290 10433
1411913 1423356 11443
1411454 1426491 15037
1413195 1426623 13428
1416093 1427250 11157
1421335 1428075 6740
1419412 1429362 9950
1412071 1429395 17324
1413765 1429725 15960
1412562 1430385 17823
1410865 1432332 21467
1420786 1433157 12371
1415757 1433586 17829
1419207 1436259 17052
1417707 1436688 18981
1430474 1436754 6280
1423845 1438272 14427
1415309 1439988 24679
1425933 1440912 14979
1432765 1444179 11414
1437924 1444212 6288
1433989 1444806 10817
1435810 1446258 10448
1441044 1447314 6270
1437274 1448172 10898
1431600 1448304 16704
1433056 1449426 16370
1440053 1450977 10924
1436773 1451241 14468
1445072 1453518 8446
1446100 1453584 7484
1441415 1454970 13555
1448848 1455267 6419
1441045 1456257 15212
1441891 1457280 15389
1442369 1458270 15901
1447571 1458336 10765
1448795 1459062 10267
1441032 1459095 18063
1445174 1459293 14119
1441569 1459854 18285
1443179 1461009 17830
1444871 1461537 16666
1446706 1464606 17900
1446228 1465629 19401
1449769 1468764 18995
1445130 1469061 23931
1455871 1469853 13982
1454050 1471866 17816
1447058 1472427 25369
1466544 1472823 6279
1464006 1474605 10599
1468076 1474638 6562
1452690 1475166 22476
1466663 1477113 10450
1463335 1477872 14537
1466915 1478961 12046
1456067 1479324 23257
1472858 1479522 6664
1451522 1480479 28957
1458898 1482426 23528
1461266 1482855 21589
1472389 1483746 11357
1469292 1483878 14586
1464911 1486089 21178
1467152 1486518 19366
1471307 1486815 15508
1466636 1487739 21103
1472030 1490874 18844
1484508 1491831 7323
1481816 1492755 10939
1473538 1493679 20141
1478753 1497276 18523
1483823 1497837 14014
1481814 1498200 16386
1482210 1499454 17244
1495044 1501335 6291
1476190 1501434 25244
1481978 1501566 19588
1490900 1502028 11128
1479978 1504206 24228
1492732 1504668 11936
1496733 1506021 9288
1487660 1507308 19648
1488406 1507869 19463
1491794 1508595 16801
1489461 1509552 20091
1499691 1510146 10455
1493576 1510212 16636
1496764 1510608 13844
1498601 1511202 12601
1505311 1511598 6287
1497407 1511631 14224
1506372 1513017 6645
1497027 1514304 17277
1509872 1516515 6643
1497038 1517043 20005
1503252 1519254 16002
1504177 1520310 16133
1507416 1522488 15072
1501741 1522653 20912
1512524 1523577 11053
1518168 1524468 6300
1506792 1524600 17808
1507453 1524600 17147
1518042 1524897 6855
1498281 1525227 26946
1501199 1525458 24259
1515933 1525755 9822
1517011 1527471 10460
1512373 1528065 15692
1518494 1528626 10132
1511962 1531068 19106
1509970 1531926 21956
1511741 1532058 20317
1526531 1532817 6286
1510576 1534368 23792
1515712 1534929 19217
1525350 1535655 10305
1527307 1536315 9008
1517309 1538064 20755
1523559 1538493 14934
1520858 1539252 18394
1527090 1540803 13713
1530893 1541826 10933
1524148 1541925 17777
1529716 1544895 15179
1536119 1546578 10459
1530680 1548063 17383
1526429 1548294 21865
1532869 1548624 15755
1543665 1549944 6279
1527899 1551264 23365
1541463 1551462 9999
1546957 1553607 6650
1536848 1554036 17188
1537762 1554531 16769
1537583 1554861 17278
1541715 1556181 14466
1539967 1557534 17567
1545742 1557699 11957
1544798 1557930 13132
1547012 1558293 11281
1540345 1558590 18245
1544388 1560900 16512
1546861 1561824 14963
1551272 1564992 13720
1546822 1565256 18434
1550856 1565289 14433
1547459 1566411 18952
1552288 1566774 14486
1551736 1568226 16490
1557322 1568556 11234
1562703 1568985 6282
1555183 1569315 14132
1556079 1571361 15282
1565599 1571889 6290
1565691 1571988 6297
1563452 1572648 9196
1560976 1573770 12794
1570133 1576410 6277
1556153 1576707 20554
1568788 1579611 10823
1573152 1579809 6657
1573262 1583703 10441
1570652 1584627 13975
1574393 1584825 10432
1580455 1587102 6647
1572038 1587201 15163
1573252 1587729 14477
1575344 1589808 14464
1574743 1591227 16484
1578879 1592118 13239
1585455 1592118 6663
1586203 1592943 6740
1586503 1594626 8123
1591597 1597893 6296
1591854 1598487 6633
1592663 1598949 6286
1593047 1599345 6298
1586016 1600005 13989
1593818 1600104 6286
1589986 1600797 10811
1587362 1602282 14920
1596232 1602876 6644
1597772 1605681 7909
1599642 1605912 6270
1593965 1608420 14455
1597655 1608585 10930
1600553 1609707 9154
1600096 1610631 10535
1596600 1610928 14328
1601550 1611390 9840
1603331 1612083 8752
1601785 1612842 11057
1599881 1615449 15568
1609166 1617066 7900
1610672 1617660 6988
1605903 1617858 11955
1603745 1619937 16192
1608733 1620003 11270
1603339 1620201 16862
1606545 1621323 14778
1608748 1622181 13433
1605605 1622907 17302
1603641 1623072 19431
1619479 1625778 6299
1619559 1625844 6285
1608473 1625877 17404
1604079 1626174 22095
1613237 1629177 15940
1616574 1631916 15342
1625398 1632048 6650
1610936 1632411 21475
1610299 1632840 22541
1616800 1634259 17459
1624122 1635051 10929
1620946 1635975 15029
1623464 1636404 12940
1625958 1636503 10545
1610977 1637097 26120
1626587 1638516 11929
1628256 1638714 10458
1626924 1640199 13275
1617465 1640694 23229
1628342 1640793 12451
1630627 1641090 10463
1632676 1641453 8777
1633357 1642014 8657
1631733 1642179 10446
1632185 1644357 12172
1632798 1645281 12483
1637107 1645974 8867
1634590 1646667 12077
1636252 1650726 14474
1640029 1652706 12677
1638440 1652871 14431
1633317 1653630 20313
1634745 1654059 19314
1646626 1655907 9281
1645650 1656204 10554
1639886 1656369 16483
1639982 1656798 16816
1637522 1659537 22015
1646055 1660065 14010
1646327 1660263 13936
1651944 1660329 8385
1643134 1660428 17294
1649438 1660989 11551
1654598 1661187 6589
1652499 1662936 10437
1646146 1663332 17186
1647326 1663332 16006
1658538 1664817 6279
1659953 1666698 6745
1650299 1667853 17554
1654061 1667886 13825
1661759 1668051 6292
1653810 1668282 14472
1658392 1670262 11870
1662500 1673397 10897
1666453 1678677 12224
1672497 1680129 7632
1673162 1680756 7594
1674233 1683363 9130
1672175 1683792 11617
1678024 1684419 6395
1670670 1686828 16158
1680646 1686927 6281
1673850 1686960 13110
1669403 1687026 17623
1673361 1687752 14391
1673252 1690095 16843
1683532 1690194 6662
1678633 1690293 11660
1673618 1690623 17005
1681433 1692372 10939
1682182 1693890 11708
1685717 1694187 8470
1687610 1694253 6643
1681510 1696893 15383
1692825 1699467 6642
1688674 1699632 10958
1680333 1699764 19431
1680469 1700985 20516
1696249 1703064 6815
1695439 1703163 7724
1683642 1703922 20280
1693736 1703988 10252
1680551 1704087 23536
1684908 1704780 19872
1689275 1707024 17749
1697689 1707585 9896
1692167 1708080 15913
1698297 1709301 11004
1704061 1710357 6296
1693467 1710621 17154
1699906 1711743 11837
1710268 1716561 6293
1698186 1716594 18408
1705108 1717188 12080
1708060 1719399 11339
1707327 1720092 12765
1715929 1722567 6638
1714320 1724778 10458
1714275 1727121 12846
1718213 1729035 10822
1722407 1729464 7057
1718835 1729794 10959
1726063 1732335 6272
1718623 1733094 14471
1728557 1735107 6550
1722445 1736229 13784
1731057 1737351 6294
1722766 1738374 15608
1722208 1739364 17156
1724659 1739529 14870
1721262 1739925 18663
1726150 1740189 14039
1731232 1741113 9881
1731249 1741476 10227
1728213 1743456 15243
1733810 1744248 10438
1728580 1745766 17186
1730658 1746756 16098
1737601 1748043 10442
1741394 1748043 6649
1742112 1748802 6690
1731413 1750155 18742
1736872 1752531 15659
1738362 1752828 14466
1734015 1756557 22542
1745941 1756557 10616
1743752 1757481 13729
1752468 1758834 6366
1752780 1759428 6648
1743586 1759659 16073
1737477 1759791 22314
1755167 1761804 6637
1751562 1762035 10473
1745492 1762530 17038
1756288 1762563 6275
1755986 1762629 6643
1745519 1762959 17440
1758595 1764873 6278
1750821 1765665 14844
1760467 1766754 6287
1752075 1767216 15141
1753160 1768635 15475
1762035 1768668 6633
1757883 1769427 11544
1757292 1770846 13554
1759446 1771935 12489
1767938 1774212 6274
1766529 1774311 7782
1767090 1775235 8145
1762353 1775598 13245
1765251 1776324 11073
1757837 1776390 18553
1755452 1778304 22852
1770087 1779426 9339
1768413 1779822 11409
1770149 1781406 11257
1764866 1781670 16804
1770982 1781967 10985
1771929 1782462 10533
1771999 1784145 12146
1778511 1785630 7119
1779155 1785795 6640
1780195 1786950 6755
1774090 1788567 14477
1779084 1788600 9516
1773434 1789722 16288
1784750 1791042 6292
1776873 1791339 14466
1772957 1792791 19834
1778672 1792956 14284
1781452 1794441 12989
1787768 1794969 7201
1789079 1795728 6649
1789487 1795761 6274
1790960 1797246 6286
1787587 1798038 10451
1783935 1798830 14895
1785344 1801107 15763
1794539 1801173 6634
1791481 1804242 12761
1793504 1804440 10936
1790966 1805331 14365
1794218 1807641 13423
1790985 1807806 16821
1796699 1808631 11932
1795273 1810644 15371
1802015 1811766 9751
1805130 1811766 6636
1806314 1812591 6277
1805601 1814472 8871
1799772 1814901 15129
1793759 1815099 21340
1811495 1817772 6277
1797604 1817970 20366
1809185 1819983 10798
1812490 1823283 10793
1811425 1824801 13376
1811409 1825395 13986
1810812 1826286 15474
1821352 1828002 6650
1814487 1828464 13977
1816445 1831764 15319
1820762 1832391 11629
1826022 1832655 6633
1816481 1834635 18154
1819364 1835229 15865
1815056 1835724 20668
1832045 1838331 6286
1831305 1839024 7719
1825197 1839651 14454
1818458 1842654 24196
1840108 1846746 6638
1828648 1847208 18560
1842007 1848660 6653
1838585 1849386 10801
1843417 1849716 6299
1830102 1851003 20901
1847310 1853610 6300
1845067 1856019 10952
1846172 1856613 10441
1849758 1857900 8142
1848630 1859451 10821
1849251 1860045 10794
1851051 1862124 11073
1849179 1862190 13011
1855903 1862553 6650
1857238 1863807 6569
1859944 1866216 6272
1849550 1866810 17260
1853524 1867008 13484
1857534 1869780 12246
1861859 1872288 10429
1862604 1872882 10278
1862710 1873641 10931
1868675 1874961 6286
1867564 1876380 8816
1869209 1876875 7666
1871475 1877766 6291
1869441 1878690 9249
1868465 1879449 10984
1874106 1880406 6300
1875373 1882023 6650
1867842 1882452 14610
1866163 1882815 16652
1878262 1884927 6665
1875953 1885587 9634
1872647 1887105 14458
1880971 1887633 6662
1880814 1891626 10812
1877946 1892814 14868
1886779 1893441 6662
1888015 1894299 6284
1890569 1897038 6469
1891425 1897698 6273
1885623 1899183 13560
1885111 1900074 14963
1890152 1900602 10450
1883989 1901790 17801
1888176 1901823 13647
1892098 1901922 9824
1897348 1904001 6653
1897705 1904364 6659
1890443 1909050 18607
1891476 1909116 17640
1895670 1911624 15954
1902738 1911690 8952
1902208 1911921 9713
1896745 1914396 17651
1898301 1914429 16128
1899442 1915254 15812
1906961 1917696 10735
1903575 1918752 15177
1899663 1920369 20706
1908125 1920798 12673
1899661 1920930 21269
1909925 1921062 11137
1904942 1921392 16450
1906953 1921425 14472
1897418 1922349 24931
1918042 1924395 6353
1914683 1925385 10702
1914879 1925979 11100
1919945 1926243 6298
1910061 1927332 17271
1908743 1930137 21394
1924643 1930929 6286
1918038 1931292 13254
1904053 1931787 27734
1910857 1931886 21029
1923092 1934031 10939
1918884 1934328 15444
1932555 1938849 6294
1932945 1939707 6762
1927694 1941126 13432
1934868 1941159 6291
1923197 1941390 18193
1932411 1941687 9276
1925615 1944063 18448
1930326 1944624 14298
1932308 1945218 12910
1924556 1945251 20695
1927313 1945581 18268
1926881 1945746 18865
1925812 1945977 20165
1935858 1946307 10449
1936983 1948782 11799
1939193 1949046 9853
1932001 1949211 17210
1938882 1949409 10527
1943761 1950036 6275
1939594 1952313 12719
1930327 1952544 22217
1930976 1952544 21568
1941718 1953468 11750
1947207 1954623 7416
1943487 1954920 11433
1948779 1955052 6273
1947010 1956273 9263
1945132 1956933 11801
1946427 1959771 13344
1943507 1959837 16330
1945506 1960035 14529
1955741 1962015 6274
1952953 1962939 9986
1953891 1964391 10500
1952071 1966239 14168
1945901 1966404 20503
1951705 1966602 14897
1960543 1967196 6653
1956784 1967724 10940
1955208 1973103 17895
1953999 1973499 19500
1956845 1973664 16819
1959036 1973829 14793
1959837 1974126 14289
1960300 1975479 15179
1959797 1976766 16969
1961456 1976931 15475
1971485 1978119 6634
1969016 1978614 9598
1964032 1980000 15968
1966551 1980033 13482
1968221 1980594 12373
1976304 1982574 6270
1960313 1983432 23119
1963377 1986336 22959
1965291 1987029 21738
1962826 1987392 24566
1978203 1987788 9585
1981934 1988613 6679
1967173 1989075 21902
1976853 1989603 12750
1983717 1990362 6645
1975389 1991253 15864
1971343 1991748 20405
1985663 1991946 6283
1968817 1992408 23591
1986574 1992936 6362
1981780 1993563 11783
1972642 1993629 20987
1978852 1995147 16295
1970615 1996962 26347
1972400 1998084 25684
1976951 1999074 22123
1984748 1999701 14953
1994062 2000361 6299
1992660 2000559 7899
1991268 2000889 9621
1990353 2001648 11295
1995705 2001978 6273
1984595 2002374 17779
1989367 2003727 14360
1994680 2007621 12941
1994378 2008974 14596
1998017 2009337 11320
1999177 2010327 11150
1996078 2013264 17186
2004360 2013462 9102
2002920 2013858 10938
2009079 2015475 6396
2004608 2015640 11032
1999866 2017455 17589
2005626 2018247 12621
2012733 2019006 6273
2012494 2019138 6644
2001268 2019930 18662
2016031 2022669 6638
2011517 2023032 11515
2018036 2024319 6283
2004276 2026695 22419
2011113 2026761 15648
2022293 2028576 6283
2023105 2029434 6329
2013198 2029500 16302
2012759 2030490 17731
2025510 2032173 6663
2016686 2032767 16081
2025560 2032767 7207
2016803 2033823 17020
2024355 2034912 10557
2023377 2037981 14604
2026181 2040555 14374
2013486 2040918 27432
2025800 2041017 15217
2027442 2041446 14004
2026845 2042172 15327
2034915 2044185 9270
2036604 2044746 8142
2035453 2046363 10910
2027406 2047782 20376
2037418 2049564 12146
2035761 2049630 13869
2031464 2051016 19552
2045055 2051346 6291
2032441 2051610 19169
2042707 2052765 10058
2042919 2057286 14367
2050915 2057550 6635
2041718 2060091 18373
2046668 2060454 13786
2049428 2063688 14260
2057627 2064282 6655
2047813 2064711 16898
2059649 2065998 6349
2052632 2067285 14653
2048020 2067318 19298
2051722 2068209 16487
2050700 2068341 17641
2058824 2069265 10441
2053064 2070453 17389
2061506 2071014 9508
2054192 2071608 17416
2060312 2074710 14398
2062023 2076492 14469
2070130 2076789 6659
2063626 2077878 14252
2063952 2078010 14058
2067921 2078868 10947
2072816 2079462 6646
2067613 2080551 12938
2073374 2081277 7903
2073037 2081409 8372
2077938 2084214 6276
2073791 2084247 10456
2079677 2086326 6649
2080355 2086656 6301
2078170 2086854 8684
2078268 2087415 9147
2070712 2087811 17099
2078019 2088471 10452
2069632 2088999 19367
2083162 2089461 6299
2080364 2091441 11077
2082794 2091738 8944
2074877 2092134 17257
2082874 2092266 9392
2080522 2094048 13526
2084867 2094609 9742
2085658 2096886 11228
2081154 2098767 17613
2081710 2100747 19037
2085242 2102925 17683
2088097 2103057 14960
2087524 2103849 16325
2090513 2106192 15679
2100165 2106456 6291
2094455 2107644 13189
2094629 2108766 14137
2102541 2108832 6291
2091708 2108964 17256
2095939 2110053 14114
2089998 2110251 20253
2104112 2110383 6271
2093120 2110416 17296
2104585 2110878 6293
2103624 2110977 7353
2106999 2113287 6288
2097887 2113353 15466
2106132 2115069 8937
2096120 2115531 19411
2108970 2115630 6660
2100844 2115795 14951
2109706 2115993 6287
2104654 2118237 13583
2107762 2118699 10937
2103892 2118732 14840
2107822 2120085 12263
2103691 2121702 18011
2115711 2121999 6288
2111139 2122065 10926
2112146 2122593 10447
2105802 2122989 17187
2117127 2123517 6390
2109805 2125200 15395
2113448 2126058 12610
2112688 2127147 14459
2119011 2128302 9291
2117746 2129358 11612
2115774 2130381 14607
2123939 2130579 6640
2125411 2132493 7082
2126813 2133087 6274
2122647 2134638 11991
2129832 2136486 6654
2126292 2136816 10524
2126699 2137212 10513
2131569 2138202 6633
2133640 2139918 6278
2134984 2141634 6650
2131043 2142261 11218
2135930 2146386 10456
2140376 2146650 6274
2137787 2148993 11206
2143242 2149884 6642
2143504 2151039 7535
2140281 2151204 10923
2145757 2152029 6272
2147104 2157903 10799
2147765 2158563 10798
2153225 2159520 6295
2150010 2160444 10434
2156126 2162787 6661
2153439 2163876 10437
2157569 2164206 6637
2157782 2164437 6655
2158841 2165493 6652
2155046 2166747 11701
2160146 2171070 10924
2162922 2171070 8148
2160576 2171598 11022
2161875 2173083 11208
2161885 2174337 12452
2164814 2175756 10942
2169696 2175987 6291
2161288 2176152 14864
2166722 2176185 9463
2165404 2176350 10946
2173227 2179518 6291
2162165 2179980 17815
2173749 2180541 6792
2174016 2180739 6723
2167285 2180871 13586
2175877 2182620 6743
2169571 2183148 13577
2173671 2184105 10434
2175443 2185887 10444
2176665 2186250 9585
2173308 2187768 14460
2173271 2189121 15850
2182968 2189616 6648
2183870 2190144 6274
2183927 2190210 6283
2184570 2191233 6663
2181741 2192190 10449
2186606 2192883 6277
2180447 2194434 13987
2185326 2195292 9966
2185705 2195886 10181
2190820 2197470 6650
2192431 2198724 6293
2188035 2198856 10821
2185938 2199912 13974
2189752 2203344 13592
2193460 2204301 10841
2193087 2204565 11478
2193792 2206380 12588
2195946 2207007 11061
2191147 2207502 16355
2200086 2210538 10452
2199831 2210769 10938
2205842 2212485 6643
2200945 2213706 12761
2202987 2213805 10818
2203875 2214333 10458
2201117 2216082 14965
2208205 2216115 7910
2210261 2216907 6646
2206630 2217072 10442
2207186 2218260 11074
2208422 2219118 10696
2213079 2220471 7392
2211706 2222154 10448
2215578 2222220 6642
2216382 2222682 6300
2211611 2223738 12127
2217653 2223936 6283
2219837 2226114 6277
2209387 2227566 18179
2209475 2227566 18091
2215656 2227731 12075
2217806 2228325 10519
2212881 2231196 18315
2214831 2232153 17322
2216446 2232912 16466
2216260 2233275 17015
2228526 2234826 6300
2226759 2236014 9255
2230686 2236971 6285
2230653 2237301 6648
2222814 2237466 14652
2227185 2237631 10446
2233769 2240040 6271
2231555 2242515 10960
2232661 2243109 10448
2236625 2243274 6649
2230352 2244528 14176
2238448 2245089 6641
2236695 2247663 10968
2242711 2248983 6272
2238538 2249841 11303
2234662 2250006 15344
2240886 2251821 10935
2246171 2252448 6277
2242354 2253306 10952
2242706 2253405 10699
2245541 2254230 8689
2247809 2258751 10942
2250493 2260929 10436
2244627 2261919 17292
2248509 2263041 14532
2257162 2265582 8420
2253202 2267100 13898
2253177 2267166 13989
2256801 2270862 14061
2265859 2272149 6290
2266240 2272512 6272
2264849 2272974 8125
2257119 2273304 16185
2258854 2274228 15374
2259133 2276703 17570
2259468 2278551 19083
2261758 2278683 16925
2262829 2279244 16415
2265091 2280036 14945
2258317 2280597 22280
2269773 2280762 10989
2274847 2281125 6278
2271680 2281488 9808
2267660 2281983 14323
2272201 2282511 10310
2272291 2282742 10451
2276343 2283072 6729
2269642 2283732 14090
2273384 2283831 10447
2274976 2286207 11231
2272932 2288154 15222
2282404 2288682 6278
2284442 2290728 6286
2284686 2291322 6636
2287205 2293500 6295
2287544 2293830 6286
2277932 2295579 17647
2285960 2295843 9883
2276076 2297064 20988
2281677 2297229 15552
2277709 2297757 20048
2285159 2298681 13522
2285282 2300463 15181
2281721 2300958 19237
2286518 2300991 14473
2291687 2303598 11911
2295747 2306568 10821
2295809 2307228 11419
2293590 2308053 14463
2297414 2308581 11167
2299334 2310297 10963
2297444 2311452 14008
2292906 2311980 19074
2301906 2312343 10437
2292962 2312475 19513
2303590 2314026 10436
2296235 2314059 17824
2301882 2314158 12276
2309535 2315808 6273
2309210 2315874 6664
2301871 2316765 14894
2303983 2317128 13145
2304402 2317194 12792
2306152 2317689 11537
2310674 2318151 7477
2314028 2320329 6301
2301360 2320923 19563
2306077 2321781 15704
2305648 2322045 16397
2316233 2322870 6637
2315211 2325345 10134
2317065 2325378 8313
2319046 2325972 6926
2304007 2328183 24176
2307356 2328249 20893
2305655 2328810 23155
2308792 2331450 22658
2316084 2331945 15861
2312624 2332473 19849
2312079 2332935 20856
2315508 2333001 17493
2324372 2333661 9289
2319487 2333826 14339
2316969 2334717 17748
2312080 2335971 23891
2326251 2337192 10941
2310790 2337687 26897
2329420 2339139 9719
2330415 2340294 9879
2329285 2340789 11504
2324949 2341152 16203
2321759 2341251 19492
2327821 2341746 13925
2327577 2342868 15291
2334749 2344089 9340
2327325 2344254 16929
2324538 2344452 19914
2323129 2346696 23567
2336365 2348907 12542
2343060 2349699 6639
2335940 2350689 14749
2337254 2351250 13996
2334291 2351943 17652
2346691 2353329 6638
2343614 2354088 10474
2345406 2354418 9012
2334753 2354880 20127
2349523 2356167 6644
2335462 2357157 21695
2343989 2358114 14125
2336799 2358774 21975
2338251 2358873 20622
2338677 2359467 20790
2340425 2359896 19471
2344478 2360193 15715
2347321 2360721 13400
2345597 2363031 17434
2356756 2366232 9476
2359318 2366760 7442
2345816 2367453 21637
2358384 2369202 10818
2348275 2369664 21389
2353112 2370621 17509
2352068 2370654 18586
2364225 2370918 6693
2359537 2371182 11645
2350301 2372799 22498
2350153 2373162 23009
2354726 2373360 18634
2346691 2373525 26834
2362330 2373987 11657
2365576 2376429 10853
2360530 2377254 16724
2372534 2378871 6337
2368329 2379135 10806
2365523 2379696 14173
2363694 2381610 17916
2367405 2382468 15063
2369932 2384712 14780
2378537 2384844 6307
2372939 2385372 12433
2378077 2386131 8054
2372287 2387154 14867
2375016 2387451 12435
2376807 2387748 10941
2376416 2388639 12223
2373657 2390256 16599
2380644 2390520 9876
2374021 2393028 19007
2372000 2393061 21061
2379753 2395899 16146
2374930 2397813 22883
2378480 2398374 19894
2378030 2399199 21169
2385575 2400288 14713
2394721 2401014 6293
2394669 2401509 6840
2395619 2402268 6649
2395031 2402664 7633
2386012 2406261 20249
2400262 2406921 6659
2386963 2407119 20156
2386546 2409462 22916
2403576 2409858 6282
2399611 2412234 12623
2406430 2412729 6299
2406004 2412762 6758
2396176 2413587 17411
2399783 2415072 15289
2409751 2416029 6278
2404846 2416491 11645
2401387 2416821 15434
2407386 2417877 10491
2407583 2418867 11284
2412549 2419197 6648
2405481 2422002 16521
2412379 2423190 10811
2420078 2426358 6280
2420323 2426985 6662
2421219 2427513 6294
2421332 2428008 6676
2422519 2429163 6644
2419536 2429988 10452
2423824 2430483 6659
2416073 2430549 14476
2425809 2432463 6654
2420556 2433288 12732
2422406 2433783 11377
2423685 2434476 10791
2422417 2435433 13016
2423801 2436390 12589
2423125 2436885 13760
2431441 2437743 6302
2433010 2439294 6284
2426594 2439756 13162
2422763 2439954 17191
2429920 2440350 10430
2425552 2442000 16448
2423297 2442033 18736
2433123 2443089 9966
2438448 2444739 6291
2438131 2444772 6641
2438486 2444871 6385
2434668 2445894 11226
2440217 2446488 6271
2435840 2446653 10813
2427712 2447247 19535
2438384 2448633 10249
2439605 2450217 10612
2443659 2450316 6657
2436320 2453088 16768
2434084 2453121 19037
2443076 2455695 12619
2434933 2455893 20960
2439115 2456256 17141
2441270 2458665 17395
2441703 2460975 19272
2449048 2460975 11927
2451441 2462262 10821
2451550 2463054 11504
2441369 2464011 22642
2462097 2468367 6270
2460574 2471502 10928
2468450 2474736 6286
2469330 2475627 6297
2461738 2476089 14351
2469836 2480280 10444
2466710 2481171 14461
2471482 2483877 12395
2477961 2486484 8523
2476064 2487012 10948
2477442 2487870 10428
2477617 2488563 10946
2482625 2488926 6301
2481928 2491005 9077
2483073 2491137 8064
2486105 2492391 6286
2488155 2494800 6645
2485872 2496318 10446
2489940 2499387 9447
2493305 2499585 6280
2491224 2501664 10440
2483317 2502687 19370
2492976 2504238 11262
2488823 2505987 17164
2489031 2505987 16956
2502551 2508825 6274
2492405 2509221 16816
2491316 2509650 18334
2498199 2509749 11550
2499097 2511102 12005
2499652 2511366 11714
2502568 2513511 10943
2503405 2514105 10700
2505062 2515491 10429
2510466 2517273 6807
2511381 2517669 6288
2506062 2519220 13158
2505374 2520672 15298
2510407 2520903 10496
2508734 2522388 13654
2506106 2523048 16942
2513508 2523972 10464
2517859 2524170 6311
2518329 2526711 8382
2515249 2527074 11825
2512781 2527767 14986
2513804 2528064 14260
2522705 2529351 6646
2523073 2529945 6872
2521666 2532618 10952
2522504 2532618 10114
2511021 2534004 22983
2516027 2535819 19792
2524139 2536611 12472
2522793 2538558 15765
2515136 2538822 23686
2524452 2539119 14667
2520624 2539383 18759
2526459 2540142 13683
2530115 2540571 10456
2522126 2540604 18478
2534074 2541363 7289
2534425 2541528 7103
2527451 2542089 14638
2524860 2542485 17625
2530960 2543607 12647
2524862 2544234 19372
2527409 2545389 17980
2539295 2545950 6655
2539929 2546214 6285
2533618 2546511 12893
2536534 2547039 10505
2541695 2547996 6301
2541375 2548029 6654
2538386 2548821 10435
2543964 2550933 6969
2546053 2552352 6299
2537736 2553045 15309
2536436 2553408 16972
2548240 2554893 6653
2538828 2555322 16494
2540588 2557203 16615
2546020 2558424 12404
2553013 2559678 6665
2554817 2561097 6280
2548516 2561559 13043
2554991 2561625 6634
2552238 2563803 11565
2555135 2564694 9559
2550744 2565123 14379
2554915 2565816 10901
2555201 2567070 11869
2553478 2567532 14054
2562432 2568720 6288
2562434 2569083 6649
2560292 2569974 9682
2559627 2573373 13746
2556684 2574429 17745
2568189 2574825 6636
2560126 2575485 15359
2555625 2577168 21543
2559659 2577663 18004
2563761 2577927 14166
2571768 2578059 6291
2573426 2579709 6283
2569281 2580468 11187
2560089 2580864 20775
2562484 2581029 18545
2574717 2581359 6642
2567941 2581491 13550
2572373 2583207 10834
2564302 2584692 20390
2570553 2584758 14205
2571489 2587431 15942
2578759 2587596 8837
2580552 2588124 7572
2569815 2588289 18474
2582711 2591061 8350
2582038 2591391 9353
2583415 2591556 8141
2570125 2592645 22520
2578161 2593404 15243
2587252 2593536 6284
2577668 2595681 18013
2590580 2596869 6289
2581584 2599443 17859
2590069 2600499 10430
2595050 2601324 6274
2591206 2602512 11306
2582673 2603007 20334
2589853 2604195 14342
2589481 2605482 16001
2594772 2605779 11007
2595453 2605911 10458
2599443 2606901 7458
2590900 2608914 18014
2597971 2609442 11471
2592485 2609772 17287
2605009 2611290 6281
2606859 2613501 6642
2596964 2613633 16669
2603925 2614854 10929
2608320 2614953 6633
2600948 2614986 14038
2608620 2617527 8907
2601823 2618088 16265
2603914 2618220 14306
2607967 2619870 11903
2611887 2622345 10458
2614171 2624985 10814
2605046 2625018 19972
2614471 2625282 10811
2619959 2626437 6478
2616023 2628384 12361
2612844 2628615 15771
2618832 2629770 10938
2609739 2631057 21318
2618135 2631750 13615
2621820 2632773 10953
2627070 2633367 6297
2619084 2633961 14877
2624384 2634357 9973
2615685 2634522 18837
2623856 2635215 11359
2618870 2636073 17203
2631682 2637954 6272
2627986 2638416 10430
2623574 2638812 15238
2630771 2641716 10945
2619991 2641980 21989
2632983 2644983 12000
2638964 2645247 6283
2639812 2647095 7283
2643878 2650527 6649
2644598 2650890 6292
2638592 2652012 13420
2641955 2652903 10948
2648151 2654421 6270
2645255 2655180 9925
2641028 2655411 14383
2642265 2655708 13443
2647009 2657028 10019
2651604 2658249 6645
2640715 2658480 17765
2653228 2659503 6275
2648387 2661153 12766
2647286 2661648 14362
2644527 2661714 17187
2645295 2662374 17079
2656344 2663925 7581
2658295 2664585 6290
2645634 2665608 19974
2661268 2667555 6287
2653825 2668413 14588
2653172 2668644 15472
2661386 2671746 10360
2668077 2674353 6276
2664255 2676399 12144
2672440 2679237 6797
2672616 2679270 6654
2666848 2681448 14600
2671321 2682933 11612
2669589 2684055 14466
2674972 2684616 9644
2677975 2685672 7697
2673221 2687355 14134
2671314 2687817 16503
2681747 2688048 6301
2670078 2688213 18135
2676197 2690655 14458
2676587 2691480 14893
2686316 2692602 6286
2682334 2692866 10532
2686917 2693559 6642
2682798 2693592 10794
2689225 2695506 6281
2685098 2695968 10870
2690760 2697420 6660
2690975 2701413 10438
2692381 2701743 9362
2695695 2702337 6642
2696049 2702931 6882
2697851 2704152 6301
2691286 2704581 13295
2692180 2704779 12599
2691429 2705472 14043
2692486 2708013 15527
2700065 2708805 8740
2704469 2710917 6448
2694729 2712171 17442
2696940 2712798 15858
2701456 2713194 11738
2704766 2713887 9121
2703258 2714250 10992
2706040 2715933 9893
2700348 2717187 16839
2701912 2717253 15341
2704811 2717913 13102
2712119 2718771 6652
2695964 2719035 23071
2705417 2719332 13915
2713682 2719959 6277
2713720 2721840 8120
2705109 2722335 17226
2706174 2723259 17085
2709295 2725503 16208
2712333 2726493 14160
2712200 2728242 16042
2718413 2729232 10819
2718574 2729661 11087
2715884 2730783 14899
2720381 2730816 10435
2712594 2732961 20367
2720516 2733258 12742
2715405 2733522 18117
2719498 2735931 16433
2720377 2737119 16742
2730959 2737251 6292
2725652 2738175 12523
2728636 2738406 9770
2728581 2739330 10749
2726057 2740320 14263
2728525 2740716 12191
2735046 2741706 6660
2728285 2742135 13850
2731347 2742168 10821
2723101 2742729 19628
2736797 2743092 6295
2734377 2743455 9078
2726758 2743785 17027
2737728 2744082 6354
2728307 2744313 16006
2730037 2744313 14276
2734812 2746623 11811
2736342 2747283 10941
2735704 2749758 14054
2744308 2750583 6275
2742437 2750946 8509
2737499 2752728 15229
2739335 2752992 13657
2738967 2753388 14421
2740594 2754180 13586
2741017 2754510 13493
2743915 2754642 10727
2743356 2754708 11352
2740971 2754807 13836
2741793 2757084 15291
2744221 2758437 14216
2747779 2758734 10955
2747625 2759427 11802
2748491 2759493 11002
2749901 2760879 10978
2750488 2760945 10457
2751837 2763519 11682
2742930 2763585 20655
2750396 2763948 13552
2746252 2764113 17861
2752452 2765796 13344
2758173 2766225 8052
2757223 2766720 9497
2753566 2769459 15893
2762825 2769459 6634
2756519 2770482 13963
2755347 2771670 16323
2757987 2772825 14838
2759346 2773287 13941
2757486 2773584 16098
2756731 2773914 17183
2758887 2775927 17040
2760758 2776488 15730
2767431 2777082 9651
2764511 2779095 14584
2764519 2779161 14642
2770387 2779623 9236
2758717 2780283 21566
2766929 2780382 13453
2765159 2782065 16906
2770858 2783022 12164
2769236 2783649 14413
2758442 2784144 25702
2779123 2785464 6341
2771538 2787840 16302
2775898 2788434 12536
2779549 2790249 10700
2773019 2790678 17659
2775347 2791008 15661
2760985 2791371 30386
2763098 2791965 28867
2778433 2792889 14456
2783515 2794704 11189
2777083 2795067 17984
2774939 2796552 21613
2784356 2797179 12823
2791251 2797542 6291
2775671 2797938 22267
2784532 2799060 14528
2782554 2799654 17100
2777093 2799753 22660
2794627 2800908 6281
2782611 2801634 19023
2794948 2801667 6719
2795419 2801766 6347
2794537 2802096 7559
2793250 2802591 9341
2797478 2803779 6301
2797981 2804373 6392
2788646 2805363 16717
2788746 2805957 17211
2789318 2806254 16936
2800164 2808498 8334
2794775 2808894 14119
2791015 2809356 18341
2803332 2809620 6288
2784046 2809983 25937
2800602 2811039 10437
2790438 2811171 20733
2794897 2812524 17627
2786010 2812854 26844
2809769 2816352 6583
2809890 2816550 6660
2811336 2817606 6270
2812811 2820081 7270
2809291 2820114 10823
2807930 2820411 12481
2810791 2822424 11633
2810184 2822721 12537
2798450 2822952 24502
2805657 2823513 17856
2815003 2824569 9566
2818282 2824569 6287
2811196 2826219 15023
2811744 2827308 15564
2813467 2828628 15161
2822818 2829090 6272
2813429 2829321 15892
2814151 2829915 15764
2815943 2830476 14533
2814262 2833776 19514
2823512 2834436 10924
2829549 2836185 6636
2819511 2836878 17367
2830638 2837274 6636
2820144 2837439 17295
2832067 2838726 6659
2828420 2841729 13309
2835836 2842191 6355
2830370 2844897 14527
2835126 2845920 10794
2833104 2847669 14565
2836736 2847702 10966
2831837 2850342 18505
2841875 2851035 9160
2842017 2852949 10932
2843360 2854236 10876
2838881 2854599 15718
2837307 2854665 17358
2839834 2854995 15161
2841964 2856282 14318
2845723 2857701 11978
2843809 2857767 13958
2849241 2859021 9780
2847813 2859384 11571
2849762 2859582 9820
2844761 2861628 16867
2842738 2864301 21563
2845320 2865192 19872
2859946 2866611 6665
2852512 2867832 15320
2861738 2868030 6292
2858138 2868294 10156
2854798 2868954 14156
2858410 2869350 10940
2864768 2871132 6364
2865226 2871528 6302
2863377 2872452 9075
2862825 2875026 12201
2858496 2875257 16761
2862276 2875389 13113
2865472 2876742 11270
2865964 2877765 11801
2872317 2878656 6339
2870846 2879580 8734
2869051 2880009 10958
2873765 2880174 6409
2864042 2882154 18112
2867899 2882682 14783
2872992 2883540 10548
2871081 2883870 12789
2874707 2885322 10615
2876490 2885685 9195
2874882 2885916 11034
2871169 2886609 15440
2874171 2889810 15639
2876076 2890437 14361
2876502 2890701 14199
2879794 2890734 10940
2884687 2890965 6278
2885843 2892120 6277
2879993 2893473 13480
2883076 2894265 11189
2882337 2896707 14370
2882334 2897697 15363
2886351 2897829 11478
2886958 2900568 13610
2882766 2901426 18660
2892814 2904165 11351
2889804 2904264 14460
2889455 2905221 15766
2901148 2907432 6284
2901257 2907894 6637
2898186 2911458 13272
2893891 2912019 18128
2905886 2912184 6298
2903006 2913438 10432
2902962 2913768 10806
2904714 2915154 10440
2904978 2915418 10440
2907016 2916606 9590
2910842 2917233 6391
2909234 2918421 9187
2909688 2918949 9261
2914427 2920698 6271
2908146 2922117 13971
2916082 2922744 6662
2913085 2924559 11474
2920087 2926374 6287
2920462 2927100 6638
2924353 2930631 6278
2912726 2931093 18367
2926781 2933073 6292
2917128 2933271 16143
2926306 2933370 7064
2924231 2933832 9601
2917092 2934327 17235
2929438 2936076 6638
2926142 2936571 10429
2918797 2936835 18038
2930639 2937363 6724
2925008 2938980 13972
2930103 2939574 9471
2919563 2939937 20374
2933898 2940168 6270
2925271 2940498 15227
2931401 2942907 11506
2936969 2943468 6499
2929793 2943600 13807
2930484 2946768 16284
2936574 2947527 10953
2939873 2949870 9997
2937063 2951652 14589
2937807 2952114 14307
2936906 2952147 15241
2942294 2953830 11536
2939888 2954721 14833
2941746 2955150 13404
2939790 2955381 15591
2941958 2956899 14941
2945885 2958549 12664
2939647 2958780 19133
2940540 2959407 18867
2947301 2961618 14317
2950018 2964984 14966
2943560 2965083 21523
2947236 2965941 18705
2959248 2967261 8013
2949650 2967888 18238
2958710 2968746 10036
2952896 2968878 15982
2961524 2972013 10489
2965736 2972013 6277
2960827 2974818 13991
2971360 2977689 6329
2972505 2979141 6636
2969935 2980395 10460
2968173 2982507 14334
2973399 2982738 9339
2972916 2983365 10449
2970397 2984751 14354
2972469 2985378 12909
2978606 2985411 6805
2975418 2987457 12039
2980845 2987556 6711
2977483 2989008 11525
2982833 2989503 6670
2977620 2990493 12873
2979982 2992572 12590
2982969 2993298 10329
2983470 2993925 10455
2983600 2995476 11876
2989068 2995707 6639
2981841 2996301 14460
2984158 2996895 12737
2983948 2998743 14795
2988654 2999469 10815
2995533 3002175 6642
2991854 3002307 10453
2993071 3002604 9533
2992629 3003660 11031
2998029 3004320 6291
2990471 3004914 14443
2994842 3005838 10996
2996441 3010920 14479
3002003 3012438 10435
2995908 3012471 16563
2995050 3012603 17553
2996514 3013263 16749
3004662 3013560 8898
3004472 3015276 10804
2999555 3016596 17041
3003038 3016695 13657
3007166 3018114 10948
3008019 3019863 11844
3005520 3019995 14475
3010432 3022503 12071
3010398 3023163 12765
3020801 3027453 6652
3009764 3027684 17920
3014792 3029499 14707
3012489 3031512 19023
3025482 3032139 6657
3020652 3032337 11685
3026724 3032997 6273
3015650 3034086 18436
3021406 3035769 14363
3022988 3036330 13342
3021088 3036825 15737
3023980 3036891 12911
3022020 3037320 15300
3026322 3037848 11526
3032291 3038574 6283
3026985 3038739 11754
3030891 3040587 9696
3025893 3040950 15057
3036918 3043194 6276
3032548 3043986 11438
3030287 3044250 13963
3039871 3046164 6293
3040037 3046758 6721
3032509 3047583 15074
3038680 3049134 10454
3039145 3050025 10880
3038524 3050685 12161
3044886 3051180 6294
3043749 3051213 7464
3038974 3052302 13328
3046818 3053094 6276
3042260 3054513 12253
3048478 3054777 6299
3043466 3055041 11575
3042444 3055404 12960
3048927 3055569 6642
3048989 3055635 6646
3046160 3055965 9805
3049865 3056592 6727
3040566 3057417 16851
3050909 3057582 6673
3042002 3058110 16108
3045396 3059859 14463
3054236 3060519 6283
3051817 3060783 8966
3045173 3064380 19207
3053792 3064941 11149
3059771 3066426 6655
3057157 3067977 10820
3051123 3068208 17085
3047457 3068604 21147
3053143 3069099 15956
3061514 3072630 11116
3067072 3073719 6647
3063649 3074082 10433
3063661 3074478 10817
3064101 3076293 12192
3067107 3078042 10935
3068654 3079461 10807
3073974 3080253 6279
3069075 3081210 12135
3072085 3081771 9686
3073269 3082101 8832
3071509 3082464 10955
3076240 3082893 6653
3073802 3086061 12259
3080338 3088338 8000
3077932 3088734 10802
3078747 3090681 11934
3085112 3091407 6295
3078399 3092958 14559
3082032 3093024 10992
3087648 3094014 6366
3084592 3095532 10940
3079212 3095598 16386
3089534 3095829 6295
3085872 3096324 10452
3089922 3096555 6633
3084700 3098436 13736
3084616 3098865 14249
3094840 3101505 6665
3089163 3103815 14652
3093354 3104277 10923
3093963 3104772 10809
3099094 3105894 6800
3091395 3106026 14631
3096575 3106620 10045
3101743 3108402 6659
3093973 3108567 14594
3102348 3108633 6285
3094304 3109326 15022
3104364 3111075 6711
3094443 3111636 17193
3097342 3111834 14492
3094911 3112923 18012
3096467 3113847 17380
3100407 3115662 15255
3106885 3115992 9107
3100681 3116223 15542
3103513 3116784 13271
3103727 3116784 13057
3102744 3117477 14733
3100985 3120018 19033
3116575 3123846 7271
3106035 3124176 18141
3118239 3124902 6663
3120043 3126684 6641
3120459 3127014 6555
3120769 3127047 6278
3113847 3127113 13266
3104446 3127278 22832
3107691 3127476 19785
3123085 3129357 6272
3107067 3129654 22587
3123462 3130116 6654
3114073 3130215 16142
3112861 3131799 18938
3125228 3132327 7099
3109221 3133713 24492
3113576 3135924 22348
3132766 3139059 6293
3133400 3139686 6286
3123259 3139917 16658
3126922 3140247 13325
3115303 3140511 25208
3134753 3141039 6286
3124843 3142788 17945
3132235 3143184 10949
3117548 3143217 25669
3118844 3143910 25066
3127244 3145659 18415
3135157 3145824 10667
3122024 3146220 24196
3125094 3146319 21225
3132479 3147210 14731
3118031 3147771 29740
3129216 3149784 20568
3144808 3151104 6296
3127044 3152622 25578
3145969 3152622 6653
3128636 3153282 24646
3144023 3154470 10447
3131800 3155163 23363
3127160 3155460 28300
3126964 3156978 30014
3147901 3157572 9671
3128710 3158199 29489
3129783 3158265 28482
3149080 3159321 10241
3152541 3160608 8067
3152226 3160905 8679
3141496 3160938 19442
3134808 3162291 27483
3133877 3163149 29272
3134628 3163182 28554
3140033 3164832 24799
3141450 3165096 23646
3148785 3165591 16806
3148485 3166383 17898
3148919 3166416 17497
3149089 3166812 17723
3156860 3167835 10975
3152352 3168066 15714
3157653 3168792 11139
3148133 3169551 21418
3160062 3169650 9588
3153068 3171531 18463
3153880 3171795 17915
3157560 3172554 14994
3156022 3172686 16664
3158995 3172719 13724
3147938 3173148 25210
3162845 3173280 10435
3149188 3173973 24785
3150124 3176250 26126
3150438 3176778 26340
3143264 3177042 33778
3151640 3177075 25435
3152754 3177834 25080
3172955 3179253 6298
3173755 3180111 6356
3157230 3180540 23310
3173957 3180606 6649
3168892 3181101 12209
3151326 3181332 30006
3160964 3184236 23272
3168044 3184632 16588
3164568 3184830 20262
3160112 3185226 25114
3176457 3187008 10551
3174220 3187800 13580
3162051 3187932 25881
3173829 3188394 14565
3167775 3188592 20817
3169955 3191925 21970
3176286 3192717 16431
3187394 3193674 6280
3180378 3194994 14616
3172517 3195027 22510
3179993 3195984 15991
3181789 3196545 14756
3182085 3196545 14460
3178020 3196941 18921
3182880 3197733 14853
3176818 3198327 21509
3175898 3198888 22990
3184492 3200010 15518
3181977 3202122 20145
3183933 3202155 18222
3196627 3202914 6287
3182110 3203310 21200
3191501 3204894 13393
3188046 3205257 17211
3194106 3205554 11448
3190032 3206412 16380
3196673 3207699 11026
3188931 3208425 19494
3188949 3209217 20268
3204096 3210735 6639
3191927 3211725 19798
3198572 3212979 14407
3199676 3213837 14161
3204178 3214662 10484
3200318 3214695 14377
3208837 3215124 6287
3195188 3216246 21058
3207252 3218061 10809
3208850 3219645 10795
3212162 3221658 9496
3215456 3221757 6301
3201595 3222285 20690
3212953 3223869 10916
3207513 3224364 16851
3210080 3225123 15043
3211686 3225288 13602
3219576 3226080 6504
3215336 3226146 10810
3210231 3230007 19776
3220812 3232053 11241
3218644 3232086 13442
3216266 3234891 18625
3218596 3236310 17714
3218806 3236805 17999
3214728 3236838 22110
3230638 3236937 6299
3230815 3237102 6287
3226928 3237366 10438
3227379 3239841 12462
3230105 3240105 10000
3228067 3242250 14183
3230159 3243537 13378
3222031 3244461 22430
3235385 3246309 10924
3226462 3247332 20870
3239143 3247662 8519
3242039 3248322 6283
3232760 3250566 17806
3232369 3250929 18560
3235062 3251094 16032
3236416 3251391 14975
3239075 3251523 12448
3246559 3252843 6284
3246625 3253074 6449
3242009 3253371 11362
3243856 3255417 11561
3245349 3256275 10926
3243033 3257628 14595
3250560 3260928 10368
3250413 3261357 10944
3254889 3261489 6600
3247250 3263898 16648
3259012 3265647 6635
3250510 3268551 18041
3262029 3268683 6654
3254662 3268947 14285
3262693 3269442 6749
3259536 3270696 11160
3250716 3271818 21102
3265561 3272214 6653
3254831 3273105 18274
3267893 3274194 6301
3261880 3276372 14492
3269837 3276471 6634
3269542 3279111 9569
3271962 3282411 10449
3271225 3282543 11318
3276627 3282972 6345
3272934 3283401 10467
3270431 3285084 14653
3269648 3285447 15799
3275777 3286206 10429
3273314 3286503 13189
3277681 3286668 8987
3277145 3287592 10447
3276720 3289209 12489
3276683 3290331 13648
3284318 3291057 6739
3279257 3292179 12922
3287322 3293598 6276
3284790 3293994 9204
3279896 3295413 15517
3283391 3296040 12649
3281750 3296337 14587
3290088 3296370 6282
3281810 3296667 14857
3290969 3297261 6292
3291252 3297525 6273
3288456 3298911 10455
3282082 3299274 17192
3293001 3299637 6636
3293067 3299703 6636
3294180 3300462 6282
3291621 3302706 11085
3294142 3303267 9125
3283410 3303432 20022
3297546 3304191 6645
3292500 3306270 13770
3301192 3307854 6662
3302638 3308910 6272
3288264 3309867 21603
3285359 3312276 26917
3292812 3313101 20289
3308753 3315048 6295
3306436 3316929 10493
3302700 3317160 14460
3303914 3318942 15028
3309142 3320295 11153
3314498 3320790 6292
3314397 3321054 6657
3309081 3322605 13524
3309085 3323562 14477
3307118 3323595 16477
3319822 3326103 6281
3317193 3326268 9075
3316054 3326664 10610
3321628 3328281 6653
3315646 3329964 14318
3312761 3330987 18226
3320613 3331053 10440
3325823 3332109 6286
3326373 3332670 6297
3326447 3333099 6652
3325334 3333165 7831
3325750 3333264 7514
3316443 3335178 18735
3323886 3335805 11919
3326659 3336333 9674
3323988 3336861 12873
3322647 3339402 16755
3335068 3346002 10934
3335219 3346035 10816
3337660 3348609 10949
3340087 3348906 8819
3342934 3349236 6302
3340290 3349434 9144
3344082 3350358 6276
3338748 3351216 12468
3340281 3351546 11265
3345930 3352206 6276
3343609 3354054 10445
3343010 3354780 11770
3343327 3355770 12443
3347511 3357948 10437
3346043 3358971 12928
3350978 3359532 8554
3353293 3359928 6635
3348498 3360819 12321
3345559 3363987 18428
3354590 3366231 11641
3360549 3366825 6276
3355906 3366924 11018
3362092 3368541 6449
3354651 3369267 14616
3357955 3369399 11444
3360759 3369993 9234
3365759 3372402 6643
3366687 3372963 6276
3363243 3373722 10479
3368088 3374745 6657
3365340 3378507 13167
3366572 3379563 12991
3369431 3380355 10924
3374271 3381477 7206
3369156 3383127 13971
3376986 3383259 6273
3366763 3385272 18509
3379120 3385503 6383
3379625 3386262 6637
3375519 3386394 10875
3376615 3388704 12089
3372814 3389694 16880
3377062 3392499 15437
3377799 3393687 15888
3389069 3395370 6301
3385356 3395667 10311
3389421 3395700 6279
3381029 3397515 16486
3382014 3398142 16128
3380999 3399627 18628
3389363 3399792 10429
3386486 3400650 14164
3383085 3400683 17598
3390610 3402795 12185
3393382 3402894 9512
3391779 3404379 12600
3393634 3404973 11339
3393514 3407481 13967
3391564 3408240 16676
3393515 3408768 15253
3392410 3409329 16919
3397605 3409890 12285
3403829 3410550 6721
3402905 3410715 7810
3390289 3411969 21680
3390965 3414048 23083
3400819 3414906 14087
3394537 3417150 22613
3403309 3418008 14699
3398111 3418932 20821
3399941 3419625 19684
3403814 3420054 16240
3402698 3420318 17620
3408734 3420714 11980
3410437 3423123 12686
3399847 3423519 23672
3409772 3426390 16618
3413405 3426951 13546
3420569 3427512 6943
3421172 3428172 7000
3406890 3429789 22899
3414730 3430020 15290
3405333 3430977 25644
3425679 3431967 6288
3421967 3436257 14290
3423335 3436785 13450
3430747 3437412 6665
3433919 3440217 6298
3429427 3440382 10955
3421155 3440712 19557
3431059 3442758 11699
3433665 3443550 9885
3431001 3443781 12780
3432917 3447378 14461
3441582 3447873 6291
3433640 3448236 14596
3434094 3449952 15858
3434505 3451932 17427
3447238 3453516 6278
3443341 3454275 10934
3441301 3455067 13766
3445365 3456288 10923
3444531 3458301 13770
3442005 3459423 17418
3448827 3460578 11751
3448753 3461733 12980
3455853 3462129 6276
3446226 3462228 16002
3458376 3465033 6657
3456091 3466551 10460
3460733 3467013 6280
3449936 3468168 18232
3451790 3469059 17269
3463625 3469917 6292
3455073 3470049 14976
3452681 3471666 18985
3466790 3473085 6295
3454906 3473349 18443
3468102 3474372 6270
3461839 3475329 13490
3459748 3476088 16340
3472111 3478398 6287
3472273 3478926 6653
3473382 3480015 6633
3471684 3482259 10575
3473399 3484206 10807
3473677 3485460 11783
3476400 3486582 10182
3477850 3488661 10811
3478769 3489750 10981
3479979 3490410 10431
3485815 3492093 6278
3481174 3492126 10952
3486051 3492324 6273
3481238 3492885 11647
3474560 3494733 20173
3485395 3496218 10823
3486802 3497241 10439
3491101 3497769 6668
3492220 3498627 6407
3490948 3499914 8966
3487500 3500409 12909
3490035 3501399 11364
3490884 3501828 10944
3491192 3501927 10735
3483475 3503973 20498
3493906 3504204 10298
3490778 3504699 13921
3487847 3504765 16918
3487921 3505260 17339
3499349 3506019 6670
3488861 3506415 17554
3497507 3507966 10459
3495134 3509385 14251
3497691 3509979 12288
3492000 3511959 19959
3491441 3512223 20782
3494435 3512883 18448
3507191 3513477 6286
3507504 3514071 6567
3501958 3514830 12872
3504085 3515358 11273
3509501 3515787 6286
3505778 3516711 10933
3510964 3517239 6275
3512218 3518493 6275
3502441 3518757 16316
3491475 3519582 28107
3508941 3519879 10938
3513668 3519945 6277
3509196 3527073 17877
3518822 3527997 9175
3518487 3528921 10434
3518099 3529053 10954
3515980 3531792 15812
3528648 3535290 6642
3528897 3536808 7911
3526729 3537666 10937
3533209 3539481 6272
3529468 3539910 10442
3526788 3540471 13683
3526114 3543078 16964
3532226 3543573 11347
3531608 3543606 11998
3533830 3544167 10337
3532546 3546840 14294
3536769 3547203 10434
3525415 3547401 21986
3538042 3549975 11933
3540481 3550932 10451
3540754 3551196 10442
3536314 3551295 14981
3536929 3552153 15224
3538342 3552681 14339
3537576 3552945 15369
3536962 3553011 16049
3539035 3553110 14075
3539751 3556344 16593
3545768 3557598 11830
3544035 3558654 14619
3552985 3559281 6296
3547028 3559347 12319
3548870 3559446 10576
3542526 3562020 19494
3547053 3562548 15495
3551078 3564924 13846
3554604 3565320 10716
3560184 3566475 6291
3560635 3566937 6302
3561402 3568059 6657
3555838 3568257 12419
3557683 3568785 11102
3552521 3569181 16660
3554694 3570006 15312
3558530 3570534 12004
3553048 3570633 17585
3556539 3570897 14358
3552265 3572283 20018
3566092 3572382 6290
3567043 3573702 6659
3567332 3573966 6634
3560539 3575385 14846
3565154 3579312 14158
3565126 3579741 14615
3572273 3579840 7567
3572393 3580401 8008
3563087 3583008 19921
3570593 3583239 12646
3577170 3584229 7059
3565179 3585945 20766
3568876 3586275 17399
3562788 3586374 23586
3571569 3587595 16026
3574410 3589641 15231
3581089 3590730 9641
3584667 3590961 6294
3573725 3591852 18127
3578045 3592380 14335
3587609 3593898 6289
3585305 3595020 9715
3579363 3595977 16614
3590677 3596967 6290
3587932 3598716 10784
3576639 3599046 22407
3579703 3599079 19376
3589273 3599739 10466
3585684 3600234 14550
3580474 3602346 21872
3580193 3603831 23638
3589067 3604986 15919
3596426 3608583 12157
3598287 3608814 10527
3590144 3609078 18934
3590655 3609639 18984
3599320 3611322 12002
3592809 3611883 19074
3590148 3612246 22098
3594084 3612378 18294
3599932 3613269 13337
3589008 3614127 25119
3597116 3615546 18430
