2702 9339 6637
4851 11121 6270
1594 12540 10946
6313 16764 10451
10541 16830 6289
11296 17655 6359
12455 18744 6289
8014 18810 10796
10851 19668 8817
9826 20625 10799
12300 21978 9678
10138 24123 13985
13453 27390 13937
24130 30426 6296
25323 31614 6291
26639 32934 6295
30555 36828 6273
28099 38544 10445
33031 39666 6635
29252 40062 10810
26349 40128 13779
34363 40656 6293
28922 40689 11767
28959 41019 12060
26670 42372 15702
32513 43461 10948
38200 44484 6284
30431 44979 14548
34059 45903 11844
36786 46266 9480
38754 46827 8073
31125 47091 15966
42038 48312 6274
38026 49071 11045
35764 51447 15683
45530 51810 6280
41259 53493 12234
30992 55374 24382
42635 56595 13960
36109 57651 21542
34674 58080 23406
44200 58806 14606
45629 60027 14398
46915 60687 13772
41364 60885 19521
49088 61182 12094
44754 61776 17022
57382 63657 6275
57462 63756 6294
57553 64218 6665
46727 64515 17788
59567 66231 6664
55085 66429 11344
59249 68244 8995
50721 68574 17853
57228 75438 18210
58618 75603 16985
62815 76296 13481
71694 78342 6648
72997 79299 6302
69716 80157 10441
73636 80289 6653
75567 81840 6273
71468 82401 10933
81624 88275 6651
83185 89463 6278
76027 89694 13667
83619 90255 6636
84340 90618 6278
84041 94479 10438
84863 95964 11101
84438 99000 14562
85566 99165 13599
92804 99462 6658
90201 100650 10449
94604 100881 6277
93036 101574 8538
91017 101871 10854
90808 102102 11294
93818 102102 8284
88355 104247 15892
95174 105633 10459
88731 105864 17133
98400 108735 10335
101983 109494 7511
105008 111309 6301
101785 112233 10448
99142 113223 14081
106727 113388 6661
99958 114741 14783
104903 114972 10069
101501 115863 14362
101565 118140 16575
110345 118404 8059
113342 119625 6283
111973 121176 9203
115118 121407 6289
105190 127545 22355
117004 127809 10805
116052 130845 14793
126349 132627 6278
113948 135036 21088
128925 135564 6639
119676 137181 17505
118629 138237 19608
128310 138765 10455
124842 140283 15441
130279 141075 10796
128799 141570 12771
123071 142725 19654
138169 144441 6272
138431 144705 6274
134267 144969 10702
131259 145662 14403
134915 146916 12001
136233 148071 11838
134811 148929 14118
138769 149226 10457
141861 151965 10104
142949 152229 9280
146018 153186 7168
140059 154077 14018
139243 155331 16088
143583 155463 11880
144531 156849 12318
136853 157575 20722
151214 157872 6658
138951 157938 18987
148251 158202 9951
144452 158697 14245
140842 159060 18218
150165 161865 11700
144400 162327 17927
156275 165363 9088
160183 166485 6302
158653 167211 8558
152903 167409 14506
161396 168366 6970
162638 168927 6289
154777 169389 14612
163740 170049 6309
152442 170214 17772
154715 170214 15499
160868 171303 10435
165733 172029 6296
161017 172260 11243
157849 174768 16919
167056 177870 10814
164608 182127 17519
171676 182622 10946
169259 183744 14485
170664 184833 14169
165109 187902 22793
181281 187935 6654
176317 190641 14324
177448 191037 13589
179551 191565 12014
181394 192357 10963
176557 192489 15932
188209 194502 6293
183607 194898 11291
186638 195624 8986
185240 196086 10846
181126 198891 17765
184649 199749 15100
183348 199782 16434
191965 202026 10061
194298 203511 9213
187552 203874 16322
190202 204633 14431
198581 204864 6283
196012 206646 10634
204208 210507 6299
190810 211167 20357
200870 211299 10429
196361 212091 15730
192647 212619 19972
199325 213510 14185
202525 213906 11381
205921 216348 10427
208108 218493 10385
203927 218526 14599
208604 219054 10450
210226 219153 8927
205428 221463 16035
216267 222915 6648
211896 223905 12009
218155 224796 6641
214940 227634 12694
222419 228690 6271
214505 228987 14482
222754 229680 6926
223421 229746 6325
222109 232914 10805
222754 233739 10985
228052 234333 6281
224315 236313 11998
230359 237072 6713
230515 237666 7151
233398 239679 6281
229439 240240 10801
234747 241032 6285
231133 242088 10955
233537 244332 10795
235089 245520 10431
240299 246576 6277
236245 246972 10727
236584 247038 10454
239882 247632 7750
242005 248358 6353
243425 250074 6649
235979 250437 14458
246284 253077 6793
248139 254430 6291
251195 257466 6271
245445 259908 14463
245543 260931 15388
247694 261063 13369
247605 262086 14481
255876 262614 6738
259838 266112 6274
254195 266574 12379
256421 267366 10945
255180 269544 14364
254082 269676 15594
259604 270534 10930
260965 271425 10460
265554 271854 6300
265175 273372 8197
256948 274164 17216
268479 274758 6279
253647 275913 22266
265757 276243 10486
257079 277134 20055
270948 277233 6285
271839 278190 6351
265718 279576 13858
262617 279708 17091
261364 282777 21413
274509 283899 9390
278478 285120 6642
270248 285945 15697
272303 287265 14962
272879 288519 15640
280195 289278 9083
276821 291456 14635
272083 292611 20528
273286 293139 19853
279407 293403 13996
277276 293634 16358
288557 294855 6298
278517 295020 16503
275675 295218 19543
285316 297462 12146
282409 298485 16076
279282 299046 19764
292060 299409 7349
287941 300564 12623
279841 301356 21515
285644 301950 16306
277667 302049 24382
285048 304722 19674
298880 305514 6634
287044 306207 19163
293008 306999 13991
289229 307329 18100
291042 310365 19323
304285 310926 6641
305931 312576 6645
300311 313434 13123
307148 313797 6649
307913 314193 6280
308209 319011 10802
312739 319011 6272
308630 319077 10447
315807 322443 6636
316955 323235 6280
314105 324555 10450
315150 326073 10923
321827 328119 6292
317221 328152 10931
322645 328944 6299
322940 329604 6664
319634 330792 11158
322301 332739 10438
327321 333960 6639
323656 334488 10832
328455 335115 6660
326098 335874 9776
330595 336897 6302
333094 339372 6278
337258 343530 6272
330663 345543 14880
339041 345675 6634
339230 345873 6643
339508 350328 10820
347575 353859 6284
344365 355311 10946
342165 356631 14466
352372 358644 6272
350495 358809 8314
353665 359964 6299
349929 360855 10926
354533 361680 7147
355379 362208 6829
349207 363066 13859
357055 363330 6275
350623 366366 15743
361532 367818 6286
352907 369303 16396
357613 371580 13967
363146 371976 8830
365895 372537 6642
367415 373692 6277
367821 374484 6663
364068 376068 12000
364169 376695 12526
364566 377718 13152
365438 380952 15514
374188 383757 9569
371812 384120 12308
378331 384615 6284
371821 384879 13058
368352 384978 16626
380363 386661 6298
376074 386892 10818
373349 387816 14467
381445 392304 10859
377767 392337 14570
382606 393063 10457
386784 393426 6642
387336 401313 13977
390459 401313 10854
387698 403194 15496
385158 403425 18267
390694 404580 13886
399553 405834 6281
399160 410553 11393
400384 411246 10862
401828 411246 9418
392758 411906 19148
402920 413358 10438
401650 415173 13523
411709 418011 6302
404740 418275 13535
414884 421179 6295
401518 421938 20420
417539 423819 6280
417695 423984 6289
418251 424908 6657
419235 425898 6663
406322 426063 19741
421594 428241 6647
423483 429759 6276
415309 429924 14615
417191 431805 14614
426033 436491 10458
427039 437976 10937
428739 439197 10458
429042 439593 10551
433039 439692 6653
429660 440682 11022
429071 443916 14845
437988 444642 6654
435008 445830 10822
440814 447084 6270
442225 448866 6641
438260 449229 10969
442853 453651 10798
443436 454245 10809
445797 456720 10923
451318 457974 6656
446154 459954 13800
446867 462825 15958
449381 464343 14962
448172 465630 17458
456207 465993 9786
448208 466356 18148
463393 469689 6296
458678 473253 14575
460135 474606 14471
467210 476388 9178
461963 476421 14458
464368 479193 14825
472875 479622 6747
470326 480777 10451
472253 482691 10438
467017 483384 16367
471456 484770 13314
474000 484935 10935
475472 485925 10453
474685 488103 13418
473280 488532 15252
477749 489258 11509
483598 490248 6650
479418 490347 10929
478154 491304 13150
485282 491568 6286
481563 491997 10434
476061 492294 16233
482331 493614 11283
483770 494076 10306
491813 498102 6289
492300 498597 6297
493662 500049 6387
494968 501270 6302
493868 503052 9184
497099 503745 6646
499862 506154 6292
494624 506418 11794
493176 508365 15189
502937 509223 6286
497144 510114 12970
499638 511731 12093
503690 513249 9559
502876 513315 10439
504030 514833 10803
502656 515955 13299
503176 517506 14330
503010 518859 15849
500817 519354 18537
509607 522951 13344
517380 525129 7749
515878 526086 10208
519829 526119 6290
517178 528000 10822
513581 529386 15805
512210 529749 17539
528754 535029 6275
529169 535623 6454
518832 536778 17946
527239 537669 10430
529382 539814 10432
525643 540606 14963
528612 541134 12522
524267 543312 19045
530092 545820 15728
530938 547899 16961
533710 549054 15344
534919 550539 15620
536277 552024 15747
534846 552090 17244
536838 552849 16011
542740 553773 11033
545267 555720 10453
550301 556578 6277
535836 558162 22326
552235 558888 6653
543711 561429 17718
555336 561990 6654
547806 562287 14481
555884 562617 6733
556493 563343 6850
541208 564861 23653
556159 564993 8834
552610 565422 12812
554543 566511 11968
558848 567039 8191
547877 568029 20152
563616 570207 6591
559975 570372 10397
561756 571032 9276
564879 571164 6285
565073 571758 6685
561072 572715 11643
553495 573870 20375
559663 576906 17243
556613 577137 20524
560174 578160 17986
565698 578952 13254
562899 579876 16977
564311 580404 16093
566506 581130 14624
575273 581559 6286
573273 582582 9309
567721 582912 15191
576845 583143 6298
566069 583671 17602
578446 585090 6644
580435 586707 6272
564834 586872 22038
570581 588918 18337
581348 589083 7735
579801 589380 9579
569653 590172 20519
583769 591030 7261
578262 592581 14319
576379 593373 16994
579555 594594 15039
582635 596838 14203
579143 597630 18487
591654 597927 6273
581457 598257 16800
584838 599544 14706
593442 599742 6300
588861 600336 11475
594015 600666 6651
590114 600732 10618
601655 607926 6271
593003 608157 15154
601911 608520 6609
601909 608553 6644
598944 609378 10434
600115 611061 10946
601420 612348 10928
603926 614724 10798
605622 616572 10950
603390 617991 14601
607513 618222 10709
602609 618684 16075
612501 618783 6282
604535 620664 16129
604076 623238 19162
617139 623436 6297
612825 623502 10677
609636 625548 15912
605760 626406 20646
610101 628650 18549
610624 629244 18620
621523 629838 8315
624582 630894 6312
610522 632478 21956
626795 633138 6343
611755 634029 22274
619675 635580 15905
625912 636735 10823
630593 636867 6274
627724 637296 9572
632331 638616 6285
620198 638880 18682
618904 639837 20933
624931 641355 16424
620821 642180 21359
635515 642180 6665
631773 642708 10935
619705 643038 23333
614934 644754 29820
637761 644919 7158
627307 645282 17975
639316 645612 6296
631751 648021 16270
632107 648021 15914
643171 649473 6302
643884 650298 6414
639375 651486 12111
642499 653334 10835
645389 654588 9199
649201 655479 6278
650324 656601 6277
643258 657888 14630
645407 659769 14362
647161 661617 14456
655153 661815 6662
657667 663960 6293
652383 664455 12072
655056 666105 11049
661485 667755 6270
657691 672177 14486
658134 672606 14472
666918 674058 7140
662288 674916 12628
664702 675147 10445
672935 679206 6271
669135 683100 13965
677059 683694 6635
673257 685938 12681
676727 686070 9343
676353 690921 14568
681041 692340 11299
687060 693330 6270
682089 694782 12693
684406 694848 10442
678939 695574 16635
689332 696993 7661
682448 697686 15238
683428 697785 14357
688116 698544 10428
692356 701184 8828
685254 703131 17877
696843 703626 6783
697457 704121 6664
699796 706101 6305
700160 706794 6634
698947 709764 10817
697793 710325 12532
700026 710820 10794
696730 713856 17126
703882 714318 10436
702053 716496 14443
712259 718542 6283
709392 719829 10437
704036 721116 17080
714473 722172 7699
704934 722832 17898
710457 723327 12870
702365 723360 20995
718075 724713 6638
711048 726099 15051
713827 726462 12635
716358 727617 11259
707668 729630 21962
708769 730158 21389
712965 732369 19404
726784 734910 8126
728651 734943 6292
728798 735537 6739
728923 735537 6614
722335 737154 14819
724981 739497 14516
719479 741807 22328
717830 742038 24208
727280 742071 14791
729581 742335 12754
728664 742500 13836
729982 745173 15191
740250 746526 6276
740339 746625 6286
732721 747681 14960
741799 748077 6278
734400 749925 15525
739769 750816 11047
742981 753093 10112
740974 753456 12482
747906 754644 6738
741150 755139 13989
741972 756195 14223
751173 757449 6276
747389 758208 10819
747895 758703 10808
748521 759792 11271
747894 760452 12558
748791 761475 12684
742179 762465 20286
747578 763191 15613
749725 763785 14060
748667 763851 15184
755013 766095 11082
758791 768075 9284
758343 769164 10821
762994 769296 6302
749323 771408 22085
764837 771474 6637
757855 773025 15170
767840 774114 6274
764478 774510 10032
757969 775005 17036
763074 776325 13251
764145 777051 12906
768938 777777 8839
766276 777810 11534
766396 778173 11777
764950 780450 15500
771751 780945 9194
776662 783321 6659
769943 784344 14401
773217 785631 12414
774985 786291 11306
777316 788040 10724
778260 788700 10440
782058 788700 6642
782431 790746 8315
785469 791769 6300
783648 793089 9441
783174 794112 10938
780932 796026 15094
783964 798138 14174
784212 799326 15114
789610 800547 10937
790716 801669 10953
788869 802461 13592
792444 807378 14934
788941 807906 18965
802156 808434 6278
797495 809127 11632
802921 809193 6272
798783 809589 10806
795314 809787 14473
800673 812295 11622
799223 812526 13303
806179 812922 6743
807375 814044 6669
794366 814176 19810
805950 817443 11493
814223 820545 6322
810238 821040 10802
813217 824142 10925
813477 824274 10797
816543 824340 7797
815138 825627 10489
815946 826386 10440
815387 827508 12121
814508 828531 14023
817606 831402 13796
825524 831798 6274
827119 833778 6659
822288 833910 11622
823777 834207 10430
828623 834900 6277
817884 836979 19095
827788 836979 9191
820883 837111 16228
831690 840873 9183
827862 841698 13836
831514 844998 13484
833623 845229 11606
834847 845295 10448
832934 845724 12790
836328 847143 10815
841533 848232 6699
842094 848430 6336
838885 849684 10799
835336 850509 15173
838447 851961 13514
840780 852786 12006
843571 854370 10799
844549 855030 10481
846570 857373 10803
850513 861465 10952
855635 862323 6688
857678 863973 6295
857705 864369 6664
859067 865722 6655
850721 866382 15661
853584 870243 16659
860483 871431 10948
862707 873642 10935
865162 875622 10460
869364 875655 6291
868308 875886 7578
868316 876414 8098
870402 877866 7464
868351 882816 14465
877345 884004 6659
878342 884994 6652
874273 886809 12536
872809 887733 14924
876178 888096 11918
871627 889614 17987
882300 890208 7908
870575 890340 19765
873794 890604 16810
884534 890835 6301
880384 893904 13520
890348 897006 6658
890694 897336 6642
896207 902484 6277
892138 902583 10445
889206 903804 14598
898700 905355 6655
901028 907302 6274
898268 909777 11509
896132 910107 13975
904257 914694 10437
898362 915849 17487
907580 918522 10942
910163 920964 10801
910548 922251 11703
905332 922812 17480
907024 924660 17636
915421 929412 13991
918558 929511 10953
923472 930105 6633
924436 930732 6296
925048 931326 6278
924937 931590 6653
920800 931755 10955
921429 932877 11448
929232 940038 10806
932081 942513 10432
933620 944064 10444
938911 945714 6803
933903 947859 13956
941579 948222 6643
937614 948750 11136
938473 950268 11795
938405 951027 12622
940015 951588 11573
936373 952215 15842
941146 952281 11135
944382 955614 11232
942413 957561 15148
952541 959178 6637
953044 959343 6299
949345 959805 10460
956677 967131 10454
958199 968649 10450
958868 969309 10441
955987 970893 14906
964886 971520 6634
965592 976404 10812
960845 977196 16351
959475 978516 19041
972029 978681 6652
966093 980958 14865
971904 982839 10935
973673 984621 10948
979588 986238 6650
977115 987789 10674
979071 988350 9279
980153 989505 9352
975678 990033 14355
985618 991914 6296
981122 992046 10924
977207 992772 15565
979169 993201 14032
979593 996006 16413
980907 996534 15627
989180 1002903 13723
986358 1003431 17073
990762 1003893 13131
990133 1004487 14354
994501 1004949 10448
990242 1007127 16885
984360 1007358 22998
1003072 1009734 6662
992642 1010295 17653
993262 1010889 17627
1001171 1011978 10807
1002097 1013067 10970
993772 1014651 20879
996633 1015674 19041
1006704 1017159 10455
1004989 1018116 13127
998260 1018809 20549
1005278 1018875 13597
1002994 1022109 19115
1017353 1023627 6274
1009008 1023825 14817
1018082 1024419 6337
1016158 1026597 10439
1015365 1026960 11595
1016891 1027521 10630
1019922 1029732 9810
1006689 1030788 24099
1025569 1031844 6275
1021615 1033032 11417
1025429 1036365 10936
1026084 1039566 13482
1034117 1040754 6637
1027126 1041414 14288
1028185 1042140 13955
1026350 1042569 16219
1030863 1042998 12135
1032599 1043790 11191
1030979 1045308 14329
1037966 1046265 8299
1032408 1047024 14616
1035023 1050126 15103
1036973 1051446 14473
1044953 1051611 6658
1036501 1052469 15968
1043683 1054119 10436
1043763 1054581 10818
1049427 1057386 7959
1041835 1057617 15782
1051868 1058145 6277
1040140 1058706 18566
1045124 1061379 16255
1051695 1061808 10113
1055625 1061907 6282
1052792 1062402 9610
1044482 1064118 19636
1048734 1064481 15747
1047776 1065075 17299
1051167 1065108 13941
1055083 1065537 10454
1060145 1067220 7075
1061624 1068276 6652
1062334 1068606 6272
1053360 1070718 17358
1055538 1071312 15774
1055229 1071741 16512
1065985 1072269 6284
1067578 1074216 6638
1065875 1077021 11146
1063839 1079595 15756
1070515 1080948 10433
1069086 1081278 12192
1069816 1081938 12122
1074122 1084050 9928
1073826 1084314 10488
1080753 1087053 6300
1072903 1087383 14480
1070400 1088670 18270
1084201 1090848 6647
1084324 1090980 6656
1084537 1091442 6905
1074949 1091475 16526
1074444 1091508 17064
1075412 1092135 16723
1079540 1095798 16258
1076341 1097382 21041
1087575 1098009 10434
1077855 1104378 26523
1090804 1105533 14729
1089449 1106787 17338
1098269 1108701 10432
1104232 1110879 6647
1092469 1110945 18476
1097024 1113750 16726
1096123 1114938 18815
1110475 1116753 6278
1105997 1116951 10954
1094320 1120251 25931
1105730 1120317 14587
1109178 1120878 11700
1107957 1122198 14241
1108865 1123386 14521
1104553 1123683 19130
1118091 1124739 6648
1118982 1125267 6285
1111704 1125498 13794
1120119 1126818 6699
1112623 1128732 16109
1113018 1130019 17001
1119388 1130547 11159
1116305 1132395 16090
1104648 1132527 27879
1118560 1133517 14957
1121705 1136322 14617
1123661 1138137 14476
1131951 1138236 6285
1129577 1140018 10441
1124355 1140315 15960
1135291 1141569 6278
1131368 1141800 10432
1130908 1143450 12542
1129653 1144242 14589
1133332 1146024 12692
1132657 1147014 14357
1136340 1147278 10938
1139577 1152789 13212
1138739 1153251 14512
1151850 1158135 6285
1151684 1162623 10939
1156671 1162953 6282
1143210 1163877 20667
1157192 1165032 7840
1162812 1169454 6642
1163052 1169685 6633
1163645 1169916 6271
1163426 1174371 10945
1164121 1175064 10943
1169317 1175592 6275
1167990 1178430 10440
1165455 1180047 14592
1173684 1180344 6660
1169862 1181037 11175
1172553 1183347 10794
1178224 1185558 7334
1175524 1185954 10430
1179694 1185987 6293
1173792 1187274 13482
1174043 1187472 13429
1176236 1187835 11599
1180535 1189287 8752
1177676 1191102 13426
1180494 1192224 11730
1178619 1193214 14595
1187114 1193775 6661
1186485 1196382 9897
1189982 1196646 6664
1187631 1196910 9279
1187092 1198032 10940
1188853 1203081 14228
1190253 1203576 13323
1193761 1204566 10805
1198360 1204632 6272
1199450 1205721 6271
1200005 1206282 6277
1195379 1206381 11002
1188128 1207932 19804
1193555 1210473 16918
1189924 1210935 21011
1203087 1214202 11115
1207942 1214301 6359
1203374 1214928 11554
1208854 1215489 6635
1211763 1218063 6300
1203204 1218327 15123
1207953 1218756 10803
1209176 1220307 11131
1214680 1220967 6287
1208580 1221726 13146
1208122 1222188 14066
1211061 1223244 12183
1212833 1223343 10510
1211888 1226214 14326
1216483 1227303 10820
1218449 1229382 10933
1223614 1229910 6296
1220319 1230075 9756
1224184 1230471 6287
1219452 1232682 13230
1226792 1235124 8332
1229878 1236180 6302
1219856 1236378 16522
1231959 1238622 6663
1226111 1239117 13006
1225086 1239942 14856
1233641 1239942 6301
1228265 1242945 14680
1231034 1244067 13033
1226352 1244232 17880
1233219 1245222 12003
1234376 1245717 11341
1236494 1246344 9850
1231263 1247499 16236
1232985 1247895 14910
1227767 1247928 20161
1242184 1249743 7559
1239730 1250700 10970
1240395 1251063 10668
1248519 1254792 6273
1249303 1255584 6281
1248036 1258851 10815
1244750 1259214 14464
1254150 1260501 6351
1254645 1261293 6648
1248411 1263108 14697
1248643 1263240 14597
1258359 1269411 11052
1259324 1270005 10681
1257216 1270467 13251
1260720 1271160 10440
1260841 1271787 10946
1263237 1273569 10332
1259569 1274328 14759
1265537 1274823 9286
1268013 1274889 6876
1265464 1277991 12527
1266700 1278882 12182
1265854 1279839 13985
1273866 1280664 6798
1270786 1281126 10340
1273271 1284195 10924
1278641 1285284 6643
1282610 1288881 6271
1280498 1289574 9076
1283931 1290201 6270
1279828 1290828 11000
1274895 1292181 17286
1286095 1292379 6284
1277831 1293006 15175
1287455 1293897 6442
1284115 1293930 9815
1288793 1295448 6655
1279536 1296273 16737
1282471 1296702 14231
1290719 1296999 6280
1290854 1299177 8323
1288819 1299804 10985
1290616 1301421 10805
1294913 1301553 6640
1283810 1304655 20845
1288267 1305282 17015
1299918 1307196 7278
1295628 1308549 12921
1304802 1311816 7014
1293435 1312113 18678
1305956 1312245 6289
1294887 1312839 17952
1306224 1312872 6648
1307511 1314159 6648
1307381 1314522 7141
1302349 1315578 13229
1300189 1316766 16577
1307040 1317492 10452
1307290 1318053 10763
1307684 1318548 10864
1308770 1319802 11032
1311804 1320099 8295
1311924 1321287 9363
1305218 1322805 17587
1316158 1323234 7076
1301611 1323267 21656
1317073 1323927 6854
1309860 1326039 16179
1311173 1326402 15229
1316001 1326930 10929
1317309 1328943 11634
1319905 1329009 9104
1320868 1329669 8801
1322192 1330164 7972
1316789 1330659 13870
1317789 1331121 13332
1320823 1334223 13400
1323667 1334784 11117
1325314 1335279 9965
1330073 1336368 6295
1323409 1338084 14675
1329600 1340097 10497
1335326 1341615 6289
1335279 1341912 6633
1331003 1342341 11338
1331838 1342704 10866
1328155 1344684 16529
1338501 1344783 6282
1338633 1344915 6282
1327276 1345542 18266
1339293 1345938 6645
1331352 1346268 14916
1332931 1349040 16109
1332996 1349865 16869
1338181 1352274 14093
1343216 1353660 10444
1347060 1353693 6633
1340699 1356300 15601
1351086 1357356 6270
1343404 1358016 14612
1348170 1358610 10440
1350147 1361151 11004
1347453 1361976 14523
1349960 1362933 12973
1348689 1363032 14343
1343919 1363131 19212
1358093 1364550 6457
1348667 1365111 16444
1356093 1366035 9942
1350248 1366101 15853
1346208 1366365 20157
1354213 1369368 15155
1349296 1371579 22283
1362735 1372272 9537
1359586 1372569 12983
1360181 1372668 12487
1358636 1372800 14164
1366436 1373229 6793
1354788 1373625 18837
1358836 1379367 20531
1368635 1379433 10798
1365103 1379862 14759
1363290 1380621 17331
1362308 1381083 18775
1375703 1382337 6634
1370734 1382535 11801
1376428 1383063 6635
1377000 1383294 6294
1377332 1383624 6292
1377035 1383888 6853
1377506 1384152 6646
1373065 1385142 12077
1371931 1386396 14465
1378472 1388970 10498
1374140 1389993 15853
1380895 1391841 10946
1385547 1392204 6657
1382973 1393821 10848
1388038 1394679 6641
1388078 1394712 6634
1388770 1397220 8450
1391157 1401906 10749
1390072 1402005 11933
1388408 1403094 14686
1385225 1405635 20410
1395917 1405866 9949
1396709 1407153 10444
1392459 1407483 15024
1399568 1410750 11182
1392876 1410849 17973
1400199 1411674 11475
1393041 1412466 19425
1407313 1413588 6275
1406667 1415304 8637
1410395 1416690 6295
1396175 1418406 22231
1413928 1420584 6656
1411404 1421574 10170
1412023 1422168 10145
1411797 1422432 10635
1413669 1422531 8862
1417652 1423950 6298
1409905 1424973 15068
1418903 1425567 6664
1412602 1425666 13064
1412342 1425732 13390
1411420 1428174 16754
1407946 1428537 20591
1419569 1430022 10453
1416360 1431276 14916
1425410 1431705 6295
1423625 1434081 10456
1426156 1434312 8156
1428094 1434741 6647
1416802 1436721 19919
1419385 1436886 17501
1416948 1437018 20070
1425620 1437447 11827
1419923 1439229 19306
1420215 1439658 19443
1421097 1440087 18990
1429284 1440351 11067
1429949 1440912 10963
1423748 1440945 17197
1427596 1443981 16385
1424209 1444212 20003
1427799 1444245 16446
1434289 1444740 10451
1421943 1444773 22830
1432528 1446489 13961
1435758 1446687 10929
1429456 1448832 19376
1442460 1449096 6636
1440047 1449591 9544
1440967 1450185 9218
1439844 1450647 10803
1437299 1451340 14041
1441031 1452957 11926
1447261 1453551 6290
1443775 1453782 10007
1441791 1454277 12486
1446474 1454310 7836
1444453 1454508 10055
1438322 1456488 18166
1443718 1461999 18281
1447591 1462956 15365
1456692 1462989 6297
1451282 1463088 11806
1447312 1463418 16106
1455540 1466058 10518
1460569 1467213 6644
1452168 1469391 17223
1455608 1470084 14476
1462475 1473285 10810
1466294 1477113 10819
1470971 1477245 6274
1472451 1479291 6840
1467529 1479951 12422
1476245 1482888 6643
1472422 1483350 10928
1476032 1486980 10948
1476791 1487739 10948
1482521 1488795 6274
1482402 1489059 6657
1476539 1489785 13246
1485016 1491831 6815
1481833 1492656 10823
1491832 1498497 6665
1492768 1499487 6719
1489775 1502193 12418
1479849 1502325 22476
1489598 1502919 13321
1497391 1504239 6848
1491083 1505328 14245
1488411 1506153 17742
1495570 1506516 10946
1496284 1506714 10430
1495975 1509816 13841
1505663 1511961 6298
1501888 1512324 10436
1500457 1514535 14078
1504911 1517208 12297
1499111 1517373 18262
1508027 1518957 10930
1497390 1520211 22821
1505996 1521168 15172
1508902 1523940 15038
1512678 1524039 11361
1514962 1525986 11024
1509482 1526976 17494
1513832 1528725 14893
1515519 1528923 13404
1518656 1529055 10399
1508150 1531035 22885
1513895 1531299 17404
1511500 1531695 20195
1517331 1532652 15321
1511116 1534302 23186
1523490 1534467 10977
1516997 1537635 20638
1531571 1537866 6295
1519692 1538130 18438
1517446 1539582 22136
1528837 1539648 10811
1534861 1541496 6635
1535265 1541562 6297
1535280 1541925 6645
1529812 1542783 12971
1528428 1544433 16005
1539137 1545423 6286
1517540 1545489 27949
1529415 1545522 16107
1537574 1547700 10126
1537419 1547733 10314
1532877 1548756 15879
1543981 1550274 6293
1535133 1550868 15735
1537286 1551990 14704
1521529 1552056 30527
1532399 1554003 21604
1537244 1554795 17551
1541586 1555224 13638
1537115 1555686 18571
1540763 1555884 15121
1540527 1556313 15786
1544381 1558986 14605
1537272 1559349 22077
1550916 1559580 8664
1544800 1562550 17750
1558232 1566081 7849
1556935 1567368 10433
1560801 1567434 6633
1550980 1567500 16520
1562625 1568919 6294
1554625 1569612 14987
1561770 1572714 10944
1563150 1574100 10950
1564024 1574529 10505
1565738 1575849 10111
1562569 1575948 13379
1559911 1576542 16631
1566508 1577994 11486
1569055 1579875 10820
1575342 1581624 6282
1560523 1582614 22091
1572848 1583307 10459
1570330 1583769 13439
1570028 1583835 13807
1569062 1583934 14872
1573006 1585947 12941
1582420 1588719 6299
1569271 1588917 19646
1571897 1588950 17053
1570666 1589511 18845
1577298 1591161 13863
1585662 1592316 6654
1581749 1595022 13273
1582095 1595517 13422
1577652 1597926 20274
1588169 1598982 10813
1593065 1599345 6280
1594040 1600368 6328
1582192 1601391 19199
1591504 1601952 10448
1597079 1603371 6292
1594696 1604163 9467
1598654 1604955 6301
1587302 1605219 17917
1599327 1605978 6651
1600302 1607001 6699
1589478 1608453 18975
1602619 1608915 6296
1602985 1609575 6590
1599577 1610532 10955
1604965 1611390 6425
1605927 1612215 6288
1601670 1613304 11634
1603391 1613667 10276
1603190 1613700 10510
1604518 1615449 10931
1611052 1617330 6278
1603384 1618320 14936
1611970 1618617 6647
1608663 1619607 10944
1608691 1620993 12302
1614896 1621554 6658
1615558 1621851 6293
1615062 1622148 7086
1613586 1622676 9090
1611802 1625415 13613
1613099 1625580 12481
1611357 1626603 15246
1621220 1627857 6637
1617583 1629375 11792
1618114 1629738 11624
1613605 1631157 17552
1624523 1631157 6634
1622784 1631322 8538
1626729 1633368 6639
1620207 1634292 14085
1627894 1634556 6662
1623812 1634754 10942
1621640 1635084 13444
1630122 1636767 6645
1625720 1637163 11443
1630326 1637361 7035
1627922 1640298 12376
1633193 1640859 7666
1634400 1641057 6657
1626966 1643334 16368
1629567 1643565 13998
1634169 1645116 10947
1632798 1645644 12846
1631574 1646304 14730
1638066 1646733 8667
1642266 1648548 6282
1627650 1649142 21492
1635776 1649307 13531
1639591 1650396 10805
1630736 1651221 20485
1639990 1651485 11495
1636744 1653960 17216
1645532 1654521 8989
1648136 1654785 6649
1648647 1654950 6303
1649174 1655445 6271
1649515 1656534 7019
1643057 1657821 14764
1647815 1658613 10798
1644450 1661088 16638
1654081 1664883 10802
1658239 1669173 10934
1662057 1669305 7248
1665403 1671681 6278
1665660 1671945 6285
1663767 1674222 10455
1660397 1674882 14485
1664070 1676664 12594
1672292 1678941 6649
1662027 1679964 17937
1668423 1684485 16062
1674034 1684485 10451
1680230 1686894 6664
1674476 1687587 13111
1674677 1689534 14857
1679297 1690755 11458
1677128 1691712 14584
1679374 1692768 13394
1681726 1692867 11141
1679729 1693989 14260
1688022 1694319 6297
1678132 1694913 16781
1689045 1695705 6660
1683432 1696068 12636
1691033 1701975 10942
1687982 1702371 14389
1697866 1704516 6650
1690778 1705671 14893
1695095 1706859 11764
1691974 1708872 16898
1697149 1708905 11756
1702372 1709433 7061
1695548 1709763 14215
1697007 1712865 15858
1706620 1712898 6278
1707510 1713789 6279
1698216 1714350 16134
1709445 1715736 6291
1705741 1716198 10457
1707033 1718013 10980
1709571 1720026 10455
1714645 1720917 6272
1711218 1722072 10854
1712744 1723557 10813
1714037 1724844 10807
1711107 1727418 16311
1717775 1728210 10435
1714080 1729035 14955
1724051 1730685 6634
1725135 1734513 9378
1720067 1734711 14644
1728559 1734843 6284
1729164 1735800 6636
1722351 1736823 14472
1725362 1736856 11494
1731481 1737780 6299
1723270 1737846 14576
1724261 1738011 13750
1729313 1739958 10645
1735747 1742037 6290
1724725 1742466 17741
1723229 1742763 19534
1724988 1743720 18732
1732426 1745040 12614
1738499 1745898 7399
1743128 1749429 6301
1743612 1750254 6642
1734638 1752300 17662
1738150 1752630 14480
1742010 1752960 10950
1746462 1755699 9237
1750438 1756722 6284
1747842 1758273 10431
1750280 1763685 13405
1757890 1764543 6653
1751230 1765698 14468
1746743 1766160 19417
1753070 1768008 14938
1755536 1769196 13660
1760339 1771143 10804
1761663 1772331 10668
1765875 1772529 6654
1761265 1775532 14267
1756445 1775697 19252
1773611 1779888 6277
1769793 1780746 10953
1767874 1782330 14456
1774233 1784673 10440
1775847 1785168 9321
1777670 1785729 8059
1782912 1789194 6282
1779530 1789986 10456
1784119 1792857 8738
1780277 1794837 14560
1784202 1795002 10800
1788219 1797939 9720
1791881 1798269 6388
1788997 1801899 12902
1796141 1802790 6649
1787436 1805001 17565
1788756 1805925 17169
1791360 1808268 16908
1803271 1809555 6284
1805161 1811436 6275
1805953 1812591 6638
1798245 1812624 14379
1792051 1813053 21002
1806531 1813812 7281
1807630 1813911 6281
1803682 1815627 11945
1809561 1815891 6330
1810053 1816353 6300
1805977 1817442 11465
1802299 1817607 15308
1803653 1818333 14680
1807023 1821072 14049
1814788 1821072 6284
1816436 1823085 6649
1811281 1823580 12299
1815228 1824603 9375
1816739 1826484 9745
1814798 1829751 14953
1816124 1829784 13660
1819547 1830510 10963
1816562 1830576 14014
1819402 1831071 11669
1823009 1832556 9547
1823969 1832655 8686
1825853 1833315 7462
1830837 1837176 6339
1819019 1837473 18454
1827133 1838166 11033
1831571 1838232 6661
1832226 1838496 6270
1828107 1839024 10917
1826466 1840707 14241
1830263 1841202 10939
1830280 1846317 16037
1830253 1847472 17219
1834513 1849716 15203
1836030 1851927 15897
1841883 1852686 10803
1838519 1852983 14464
1842595 1853544 10949
1848865 1855161 6296
1846356 1858362 12006
1844362 1858824 14462
1843918 1858857 14939
1847317 1861662 14345
1852419 1863345 10926
1850932 1865391 14459
1851103 1867866 16763
1862241 1868889 6648
1862235 1870473 8238
1859275 1871034 11759
1857945 1873608 15663
1860735 1875192 14457
1860751 1875225 14474
1873438 1880076 6638
1869599 1880538 10939
1870742 1882287 11545
1870893 1882419 11526
1870674 1883475 12801
1879530 1885818 6288
1876896 1886643 9747
1877665 1887171 9506
1881249 1888029 6780
1880060 1890999 10939
1885758 1892055 6297
1885802 1892088 6286
1875937 1893144 17207
1880337 1894299 13962
1888049 1897335 9286
1891174 1897467 6293
1892782 1899084 6302
1896769 1903044 6275
1897240 1903638 6398
1895443 1904496 9053
1893296 1904925 11629
1893773 1904925 11152
1894987 1905816 10829
1901248 1907532 6284
1894753 1907994 13241
1898311 1908093 9782
1892843 1910238 17395
1894302 1910733 16431
1902022 1910733 8711
1902375 1913307 10932
1898352 1913472 15120
1896014 1914429 18415
1908290 1914561 6271
1900919 1915716 14797
1902003 1916277 14274
1906155 1916607 10452
1903047 1916640 13593
1908859 1919676 10817
1912748 1920831 8083
1906238 1920963 14725
1910186 1924428 14242
1919318 1925616 6298
1912865 1927233 14368
1916768 1930467 13699
1914263 1930830 16567
1915403 1931424 16021
1914759 1931589 16830
1919520 1931853 12333
1921900 1932348 10448
1927097 1933371 6274
1920898 1934196 13298
1925040 1935483 10443
1916349 1935615 19266
1929570 1937133 7563
1919944 1937166 17222
1923650 1938948 15298
1927954 1939014 11060
1928457 1939806 11349
1926006 1940466 14460
1935021 1941852 6831
1927763 1942083 14320
1936153 1942446 6293
1939425 1945713 6288
1939761 1946406 6645
1936009 1946439 10430
1942159 1948815 6656
1932621 1949145 16524
1944259 1950960 6701
1942170 1952610 10440
1939421 1953402 13981
1947758 1954029 6271
1946181 1955745 9564
1939785 1956669 16884
1943669 1958517 14848
1946971 1961487 14516
1950793 1961586 10793
1948628 1964061 15433
1946427 1964094 17667
1960519 1967163 6644
1961461 1968120 6659
1961035 1972047 11012
1965299 1973070 7771
1958657 1973136 14479
1963931 1975413 11482
1966693 1975908 9215
1965201 1979406 14205
1962515 1982112 19597
1975550 1982211 6661
1977102 1983399 6297
1972311 1984158 11847
1973001 1984752 11751
1974188 1985115 10927
1970837 1985445 14608
1974883 1985808 10925
1977366 1987821 10455
1977286 1988547 11261
1978503 1989141 10638
1981999 1992474 10475
1985018 1993002 7984
1986985 1993266 6281
1983873 1993332 9459
1979487 1993827 14340
1982757 1993959 11202
1980005 1994553 14548
1988796 1995444 6648
1979340 1995543 16203
1989399 1995675 6276
1988690 1997523 8833
1986427 1997754 11327
1991167 1998513 7346
1992690 1999503 6813
1977560 2000130 22570
1994688 2000955 6267
1991153 2001945 10792
1990122 2002275 12153
1990126 2003067 12941
1989223 2003364 14141
1993468 2004057 10589
1994835 2005047 10212
1991699 2007093 15394
1993840 2007159 13319
1991837 2007720 15883
1994322 2007753 13431
1986977 2007852 20875
1992979 2008083 15104
1995018 2008380 13362
2002399 2009667 7268
1998755 2014947 16192
2005067 2015871 10804
2006801 2017752 10951
2012057 2018346 6289
2001988 2018511 16523
1998132 2018544 20412
2016267 2022900 6633
2007211 2025144 17933
2013752 2025243 11491
2012255 2027223 14968
2020365 2027289 6924
2005828 2028642 22814
2022079 2028939 6860
2018413 2030325 11912
2019918 2031381 11463
2021956 2032767 10811
2019382 2033658 14276
2026366 2039136 12770
2029097 2039532 10435
2023490 2039697 16207
2030553 2040984 10431
2033355 2042370 9015
2028091 2042931 14840
2030567 2043591 13024
2027942 2044218 16276
2034892 2046726 11834
2036007 2046957 10950
2031806 2047518 15712
2031679 2047617 15938
2033753 2048838 15085
2043971 2050257 6286
2037853 2051676 13823
2042453 2053392 10939
2036675 2054580 17905
2034308 2054679 20371
2048689 2055834 7145
2045682 2056626 10944
2050440 2057517 7077
2034654 2057781 23127
2035744 2058540 22796
2052730 2059002 6272
2038147 2059662 21515
2054323 2060652 6329
2050279 2061444 11165
2058235 2064513 6278
2055006 2065932 10926
2042879 2066889 24010
2060376 2067021 6645
2051168 2068572 17404
2054093 2069133 15040
2055519 2069694 14175
2060281 2070750 10469
2046399 2070981 24582
2060614 2071047 10433
2062178 2073093 10915
2065535 2076327 10792
2067312 2078241 10929
2065407 2078604 13197
2069462 2079660 10198
2073558 2080221 6663
2074739 2081541 6802
2076429 2083290 6861
2068731 2083752 15021
2068800 2084676 15876
2069176 2085237 16061
2073692 2085501 11809
2078076 2087778 9702
2072785 2088009 15224
2075270 2090088 14818
2077043 2090583 13540
2079565 2094543 14978
2088182 2094840 6658
2084576 2099526 14950
2090952 2100813 9861
2092270 2101374 9104
2088578 2102067 13489
2096127 2102760 6633
2096670 2103354 6684
2083942 2104575 20633
2094119 2104971 10852
2084030 2105169 21139
2094898 2105202 10304
2095723 2107578 11855
2097720 2107908 10188
2091843 2108436 16593
2093137 2108799 15662
2103444 2109723 6279
2103311 2109954 6643
2104737 2111010 6273
2091111 2111934 20823
2108482 2114772 6290
2100725 2115828 15103
2102109 2116356 14247
2099910 2118600 18690
2104479 2119623 15144
2111234 2120877 9643
2106970 2121438 14468
2115407 2121801 6394
2110972 2121900 10928
2116475 2123121 6646
2114808 2124639 9831
2114160 2124870 10710
2109484 2125002 15518
2121562 2127840 6278
2122124 2129490 7366
2111100 2129523 18423
2119320 2132691 13371
2119480 2133945 14465
2119168 2135463 16295
2120374 2136387 16013
2126274 2137080 10806
2132241 2138895 6654
2132761 2139060 6299
2130042 2139918 9876
2135694 2141964 6270
2125282 2142855 17573
2125498 2143515 18017
2136731 2143713 6982
2133917 2145264 11347
2134070 2145363 11293
2132927 2146815 13888
2137956 2147541 9585
2139987 2150808 10821
2145030 2151435 6405
2137750 2152128 14378
2138537 2153580 15043
2147223 2154207 6984
2144558 2154999 10441
2149398 2160345 10947
2152825 2163777 10952
2156899 2163975 7076
2154372 2165295 10923
2154533 2165328 10795
2163523 2170971 7448
2156720 2171202 14482
2157192 2171796 14604
2166304 2172885 6581
2166662 2172951 6289
2167615 2173908 6293
2163954 2174337 10383
2165076 2175558 10482
2160991 2175723 14732
2163954 2175822 11868
2170479 2177604 7125
2162929 2177637 14708
2171397 2177670 6273
2162377 2177901 15524
2157659 2178792 21133
2172828 2179353 6525
2174335 2180607 6272
2166804 2180805 14001
2174467 2181201 6734
2171773 2181597 9824
2173389 2186382 12993
2178200 2189154 10954
2178817 2189781 10964
2183855 2191002 7147
2183146 2192586 9440
2184413 2195226 10813
2186210 2197008 10798
2183768 2198229 14461
2195421 2202156 6735
2197899 2204532 6633
2191726 2205885 14159
2192923 2207271 14348
2202019 2208657 6638
2191450 2209251 17801
2199767 2210340 10573
2201267 2212089 10822
2202814 2213244 10430
2197330 2215092 17762
2211801 2218095 6294
2203350 2219349 15999
2204880 2220471 15591
2203293 2221692 18399
2208898 2222517 13619
2216076 2222715 6639
2211979 2223804 11825
2215164 2225982 10818
2220246 2226543 6297
2213005 2226840 13835
2216915 2227797 10882
2215555 2229117 13562
2224378 2231031 6653
2217067 2231064 13997
2222463 2232285 9822
2224914 2234001 9087
2216507 2234298 17791
2219510 2234694 15184
2223570 2237037 13467
2231442 2238093 6651
2232333 2238654 6321
2222778 2239116 16338
2223433 2240436 17003
2223778 2241162 17384
2222759 2241492 18733
2226959 2242614 15655
2237281 2243571 6290
2225725 2245650 19925
2231038 2247696 16658
2242499 2248785 6286
2243895 2250600 6705
2241175 2252118 10943
2243202 2254131 10929
2248179 2254824 6645
2241204 2255583 14379
2249958 2256243 6285
2246054 2256507 10453
2242633 2257101 14468
2250829 2257101 6272
2250447 2257464 7017
2251580 2257860 6280
2248922 2259378 10456
2252808 2259444 6636
2245383 2259840 14457
2254867 2261160 6293
2247507 2261919 14412
2256837 2263107 6270
2250220 2263338 13118
2246755 2264460 17705
2253734 2264559 10825
2255429 2266242 10813
2252230 2267694 15464
2260544 2268552 8008
2258362 2268816 10454
2258557 2272083 13526
2265596 2272248 6652
2259451 2272512 13061
2266821 2273469 6648
2261989 2274459 12470
2260030 2275317 15287
2259542 2275845 16303
2264681 2276934 12253
2262388 2276967 14579
2270715 2277000 6285
2268935 2278320 9385
2264308 2279244 14936
2264671 2280036 15365
2259855 2280663 20808
2267200 2281455 14255
2264361 2282775 18414
2277049 2283336 6287
2269282 2283765 14483
2263541 2284062 20521
2277879 2284194 6315
2274160 2284326 10166
2268529 2286900 18371
2281142 2287428 6286
2277155 2287593 10438
2269129 2287923 18794
2282588 2289870 7282
2276558 2290827 14269
2277727 2292213 14486
2287137 2293434 6297
2275120 2293830 18710
2282842 2294028 11186
2280081 2294160 14079
2281687 2294589 12902
2286790 2296899 10109
2287151 2297262 10111
2289993 2297790 7797
2287304 2297856 10552
2285653 2301024 15371
2286666 2301123 14457
2283318 2301486 18168
2288130 2302740 14610
2291310 2305347 14037
2292934 2306997 14063
2293225 2307822 14597
2287056 2309208 22152
2295198 2309571 14373
2293642 2310099 16457
2302383 2310231 7848
2292956 2310561 17605
2305357 2312013 6656
2308986 2315280 6294
2306112 2316930 10818
2310833 2317128 6295
2307362 2319372 12010
2313622 2319900 6278
2310763 2321715 10952
2315898 2322177 6279
2316097 2322738 6641
2314843 2329437 14594
2323571 2329866 6295
2319653 2330526 10873
2324548 2330823 6275
2326032 2332308 6276
2318807 2332572 13765
2329158 2335443 6285
2331287 2337951 6664
2327057 2337984 10927
2324883 2340030 15147
2334212 2340492 6280
2335037 2341317 6280
2327478 2342373 14895
2334666 2345475 10809
2335707 2346498 10791
2340456 2346729 6273
2336815 2347620 10805
2341925 2348808 6883
2342472 2351349 8877
2347095 2353395 6300
2339150 2353626 14476
2343259 2354055 10796
2342836 2356233 13397
2341382 2356926 15544
2341267 2358675 17408
2349749 2359698 9949
2353894 2360754 6860
2350048 2360853 10805
2355989 2362272 6283
2346348 2363559 17211
2350821 2364879 14058
2353906 2366199 12293
2359724 2366364 6640
2351915 2367717 15802
2353280 2370951 17671
2361649 2373756 12107
2360717 2373789 13072
2367610 2373888 6278
2356275 2375571 19296
2362385 2376858 14473
2371369 2378145 6776
2363913 2378508 14595
2366429 2380653 14224
2372003 2382435 10432
2367758 2383755 15997
2370263 2384316 14053
2368432 2385141 16709
2379886 2386164 6278
2379587 2386230 6643
2380323 2387022 6699
2371360 2391576 20216
2386736 2393028 6292
2386911 2393622 6711
2386227 2393919 7692
2387843 2397186 9343
2387920 2398374 10454
2385963 2399925 13962
2394681 2401014 6333
2390742 2401179 10437
2387419 2401608 14189
2391735 2402565 10830
2392497 2402961 10464
2395551 2403687 8136
2391628 2404116 12488
2397883 2404215 6332
2393751 2404677 10926
2396044 2407152 11108
2401544 2407845 6301
2402167 2408505 6338
2397088 2410287 13199
2403917 2410551 6634
2404540 2412762 8222
2403333 2414280 10947
2399324 2414709 15385
2397013 2415171 18158
2397711 2415402 17691
2406357 2417646 11289
2407262 2421672 14410
2405605 2423949 18344
2406911 2424312 17401
2418926 2425203 6277
2416234 2427117 10883
2413327 2427579 14252
2421630 2427909 6279
2422394 2428668 6274
2415873 2430351 14478
2424662 2435103 10441
2429349 2435631 6282
2428018 2438832 10814
2427959 2438898 10939
2425904 2440977 15073
2434789 2441076 6287
2434790 2441439 6649
2432552 2441571 9019
2434091 2444541 10450
2435925 2447412 11487
2438348 2449161 10813
2437060 2449392 12332
2436873 2449425 12552
2439810 2450745 10935
2446943 2453583 6640
2437738 2456652 18914
2446320 2456751 10431
2447315 2457774 10459
2443982 2458863 14881
2447537 2459094 11557
2449547 2459193 9646
2448258 2459688 11430
2449832 2459787 9955
2451548 2460381 8833
2455555 2461833 6278
2443054 2462757 19703
2456753 2463417 6664
2461381 2467674 6293
2459091 2469885 10794
2463358 2470017 6659
2455446 2470050 14604
2458027 2470116 12089
2461194 2472426 11232
2460137 2472822 12685
2460714 2475165 14451
2459699 2476650 16951
2472164 2478465 6301
2472380 2479026 6646
2472743 2479455 6712
2469588 2482425 12837
2472137 2482953 10816
2478094 2484735 6641
2468585 2485527 16942
2471384 2486220 14836
2474304 2486814 12510
2482630 2489289 6659
2476479 2490246 13767
2486802 2493084 6282
2478606 2493216 14610
2489135 2495790 6655
2492248 2498892 6644
2486976 2500509 13533
2485785 2503149 17364
2493703 2505624 11921
2495161 2505954 10793
2500449 2506746 6297
2496492 2508693 12201
2499292 2510112 10820
2496719 2511399 14680
2494141 2511465 17324
2502680 2514534 11854
2505355 2517900 12545
2506020 2520078 14058
2513762 2520408 6646
2508575 2522157 13582
2506385 2522454 16069
2505558 2523213 17655
2508399 2523213 14814
2510975 2524335 13360
2510279 2525985 15706
2516388 2526843 10455
2517601 2527107 9506
2513563 2527338 13775
2513357 2528493 15136
2523703 2529978 6275
2520200 2531067 10867
2518590 2532585 13995
2527874 2534169 6295
2527887 2534532 6645
2527606 2534730 7124
2528348 2534994 6646
2521149 2537337 16188
2529455 2539911 10456
2534025 2540307 6282
2525605 2540571 14966
2531419 2542221 10802
2527590 2543079 15489
2528081 2543376 15295
2535217 2545653 10436
2541940 2548590 6650
2539065 2552550 13485
2546612 2552913 6301
2543200 2555190 11990
2548491 2560635 12144
2551177 2561988 10811
2548502 2562450 13948
2553578 2563407 9829
2551702 2563770 12068
2557146 2563803 6657
2556950 2564067 7117
2562722 2569017 6295
2562358 2569446 7088
2557339 2570601 13262
2564348 2571030 6682
2565689 2571987 6298
2561952 2572878 10926
2563726 2574660 10934
2562554 2575419 12865
2560524 2577069 16545
2570561 2580996 10435
2574530 2581194 6664
2570510 2581458 10948
2578862 2589675 10813
2574177 2590599 16422
2580782 2591721 10939
2578852 2593239 14387
2586863 2597661 10798
2591653 2602578 10925
2591754 2603106 11352
2593966 2603799 9833
2593897 2604822 10925
2588759 2605284 16525
2595267 2606274 11007
2599748 2610531 10783
2599756 2611059 11303
2606682 2612973 6291
2598193 2613567 15374
2599502 2613963 14461
2607785 2614062 6277
2597763 2614557 16794
2608393 2615877 7484
2610287 2616570 6283
2603040 2616801 13761
2607408 2617329 9921
2602567 2620464 17897
2610350 2621949 11599
2608404 2623566 15162
2614250 2624688 10438
2610564 2626866 16302
2617174 2628120 10946
2622301 2628945 6644
2623579 2630232 6653
2619976 2631486 11510
2626256 2632905 6649
2623571 2634654 11083
2628662 2634951 6289
2618966 2635809 16843
2630129 2636403 6274
2629406 2638020 8614
2633184 2639967 6783
2633353 2640000 6647
2634778 2641023 6245
2630276 2641089 10813
2633681 2642970 9289
2633071 2643531 10460
2634964 2645412 10448
2639127 2645412 6285
2640743 2647062 6319
2637031 2647491 10460
2642033 2648316 6283
2626219 2649471 23252
2635958 2649834 13876
2644998 2651649 6651
2635276 2652276 17000
2646342 2652639 6297
2640568 2655378 14810
2649179 2655477 6298
2638258 2656467 18209
2651114 2657391 6277
2641299 2659305 18006
2642251 2660196 17945
2646926 2660493 13567
2656223 2662869 6646
2645140 2662968 17828
2651532 2663265 11733
2649053 2665311 16258
2649983 2666433 16450
2655671 2666598 10927
2645901 2669271 23370
2663441 2670096 6655
2650622 2670327 19705
2650789 2671020 20231
2660948 2672538 11590
2652822 2672802 19980
2654710 2672868 18158
2663408 2673726 10318
2655013 2674782 19769
2668838 2675112 6274
2660778 2675475 14697
2671115 2677389 6274
2655334 2679072 23738
2673637 2679930 6293
2666095 2680161 14066
2669522 2680326 10804
2667567 2682438 14871
2671780 2682504 10724
2673513 2685243 11730
2672183 2685342 13159
2661551 2685870 24319
2674879 2688015 13136
2675705 2689170 13465
2685051 2691711 6660
2682332 2692437 10105
2676223 2692734 16511
2686600 2692899 6299
2678645 2693922 15277
2688185 2694483 6298
2680859 2695506 14647
2685282 2697024 11742
2691985 2698278 6293
2681201 2698773 17572
2692868 2699235 6367
2686137 2701842 15705
2692961 2703393 10432
2688931 2703525 14594
2700306 2707023 6717
2696825 2707749 10924
2697649 2708079 10430
2701949 2708244 6295
2698331 2710884 12553
2702492 2712930 10438
2699882 2714151 14269
2705395 2716197 10802
2695937 2717253 21316
2711289 2717583 6294
2708577 2719530 10953
2714911 2721213 6302
2707376 2721345 13969
2717294 2723589 6295
2713356 2724150 10794
2713663 2724612 10949
2714939 2725866 10927
2718789 2726427 7638
2723283 2729562 6279
2719068 2729859 10791
2722130 2733060 10930
2719691 2733852 14161
2729073 2735370 6297
2729545 2735832 6287
2731661 2738307 6646
2733272 2739561 6289
2734393 2741046 6653
2734696 2741343 6647
2731929 2743158 11229
2738263 2744907 6644
2736496 2746953 10457
2742397 2748669 6272
2738673 2749131 10458
2741015 2751969 10954
2739221 2753817 14596
2748024 2754312 6288
2746296 2754609 8313
2748799 2755071 6272
2748451 2755104 6653
2748666 2755698 7032
2746134 2757381 11247
2752238 2758899 6661
2754846 2761572 6726
2748274 2762859 14585
2752817 2763750 10933
2754624 2765433 10809
2752783 2766027 13244
2762824 2769459 6635
2764400 2771043 6643
2765176 2771835 6659
2758287 2771868 13581
2761244 2772066 10822
2758021 2773188 15167
2767877 2775102 7225
2765505 2775960 10455
2769526 2776191 6665
2772254 2778897 6643
2773670 2780481 6811
2775586 2782230 6644
2775280 2782461 7181
2773236 2784375 11139
2778818 2785101 6283
2778239 2789226 10987
2780850 2791008 10158
2779785 2791074 11289
2775221 2791338 16117
2776793 2791965 15172
2777799 2792757 14958
2779393 2793879 14486
2783025 2793945 10920
2789142 2800215 11073
2778272 2800776 22504
2794237 2800875 6638
2793544 2803977 10433
2795113 2806749 11636
2800830 2807112 6282
2797876 2809455 11579
2793827 2810709 16882
2801760 2812986 11226
2807324 2813613 6289
2804407 2814867 10460
2797391 2815527 18136
2806023 2816154 10131
2803324 2816253 12929
2801213 2817012 15799
2809044 2819454 10410
2801104 2819553 18449
2809656 2820609 10953
2812290 2823084 10794
2810514 2823447 12933
2807877 2823546 15669
2813921 2824371 10450
2813478 2824668 11190
2814236 2825592 11356
2811899 2827605 15706
2816933 2827737 10804
2816009 2830707 14698
2818336 2831598 13262
2822894 2833413 10519
2828290 2834931 6641
2831148 2837439 6291
2831532 2837802 6270
2832665 2838957 6292
2828625 2839650 11025
2834884 2841168 6284
2830745 2841696 10951
2837660 2844303 6643
2835587 2846019 10432
2839533 2846184 6651
2842012 2848659 6647
2840609 2851431 10822
2839052 2852025 12973
2846337 2852982 6645
2842337 2853147 10810
2846900 2853642 6742
2847859 2855424 7565
2849939 2856216 6277
2850130 2856414 6284
2851557 2857833 6276
2842523 2858526 16003
2844020 2859054 15034
2843147 2862288 19141
2857158 2864136 6978
2858193 2864829 6636
2851325 2865918 14593
2856753 2867700 10947
2856842 2868162 11320
2854415 2870340 15925
2855901 2870373 14472
2864280 2873112 8832
2856498 2873574 17076
2867642 2873937 6295
2858392 2874102 15710
2860087 2876676 16589
2870601 2876874 6273
2859354 2877171 17817
2864919 2877204 12285
2866390 2877204 10814
2865417 2879448 14031
2863999 2880438 16439
2876227 2882880 6653
2876757 2883045 6288
2868524 2884002 15478
2877566 2884332 6766
2866926 2884992 18066
2868409 2887203 18794
2875846 2887731 11885
2878223 2888655 10432
2882112 2888754 6642
2874257 2891031 16774
2864784 2891064 26280
2887160 2893440 6280
2876953 2894199 17246
2873105 2894628 21523
2883541 2898159 14618
2886898 2901822 14924
2895335 2901987 6652
2896764 2903406 6642
2882537 2905419 22882
2898428 2905617 7189
2881417 2905914 24497
2893416 2907894 14478
2896645 2908026 11381
2888635 2908719 20084
2894662 2909148 14486
2893488 2910171 16683
2901990 2910897 8907
2900316 2911161 10845
2900410 2911359 10949
2900411 2913273 12862
2901666 2913570 11904
2907691 2916012 8321
2903192 2918718 15526
2900640 2922579 21939
2916744 2923041 6297
2914975 2929443 14468
2919685 2931456 11771
2923726 2934162 10436
2923765 2934690 10925
2928851 2935152 6301
2929403 2935779 6376
2929449 2936406 6957
2929421 2936934 7513
2922097 2937066 14969
2930503 2941587 11084
2937495 2944128 6633
2933220 2947593 14373
2936512 2947923 11411
2938590 2949045 10455
2939094 2949573 10479
2944176 2950464 6288
2941153 2951058 9905
2945197 2951850 6653
2947047 2953335 6288
2943985 2954952 10967
2940267 2955480 15213
2948933 2955579 6646
2945088 2957856 12768
2950945 2962146 11201
2949533 2962773 13240
2950536 2965017 14481
2955589 2965248 9659
2960316 2967030 6714
2955713 2967657 11944
2953529 2968119 14590
2963816 2970099 6283
2964534 2971386 6852
2966377 2972673 6296
2963053 2973498 10445
2958954 2973993 15039
2965163 2975049 9886
2964104 2975544 11440
2965142 2975577 10435
2971275 2977920 6645
2964552 2979141 14589
2973338 2979636 6298
2970228 2981022 10794
2969751 2982012 12261
2974145 2983794 9649
2975529 2986335 10806
2973008 2989074 16066
2979568 2989503 9935
2979512 2989965 10453
2976797 2992242 15445
2983660 2992671 9011
2987336 2993628 6292
2977431 2994156 16725
2986181 2997126 10945
2991433 2997720 6287
2987515 2998314 10799
2988074 2999073 10999
2990354 2999898 9544
2994017 3000756 6739
2995416 3001713 6297
2995399 3002241 6842
2993525 3004320 10795
2995361 3006300 10939
3001200 3007851 6651
2997795 3008742 10947
2999299 3010095 10796
2999721 3010161 10440
2994362 3010260 15898
3000101 3011613 11512
3006001 3014220 8219
3010130 3016431 6301
3004264 3016761 12497
3003795 3017421 13626
3010624 3020226 9602
3012529 3020820 8291
3006103 3021579 15476
3013710 3024714 11004
3013427 3027387 13960
3015346 3029730 14384
3021610 3029994 8384
3015675 3030456 14781
3016144 3031974 15830
3020807 3032106 11299
3019975 3033591 13616
3023794 3034251 10457
3026246 3034482 8236
3014543 3034878 20335
3027983 3038805 10822
3029195 3040488 11293
3028438 3042600 14162
3028018 3042996 14978
3031519 3046263 14744
3034045 3047781 13736
3036056 3048111 12055
3041124 3048639 7515
3034157 3048771 14614
3041170 3049134 7964
3042376 3049728 7352
3044467 3050751 6284
3044761 3051411 6650
3039540 3052962 13422
3043017 3054051 11034
3048959 3055239 6280
3038183 3055536 17353
3039588 3056955 17367
3050114 3057648 7534
3048970 3059430 10460
3053659 3060321 6662
3047266 3060915 13649
3044026 3061509 17483
3055298 3061938 6640
3047123 3062598 15475
3057435 3063720 6285
3059344 3065997 6653
3062232 3068868 6636
3053042 3071673 18631
3048782 3071706 22924
3059051 3073521 14470
3070077 3076359 6282
3063136 3078735 15599
3069112 3079923 10811
3065000 3080913 15913
3070098 3080913 10815
3075937 3082233 6296
3066648 3082365 15717
3073664 3084048 10384
3071121 3085170 14049
3071736 3085731 13995
3077692 3088701 11009
3082482 3093420 10938
3088164 3094443 6279
3088786 3099228 10442
3085284 3099624 14340
3090855 3101670 10815
3082679 3101736 19057
3095257 3102330 7073
3088864 3102957 14093
3089516 3103485 13969
3088070 3106620 18550
3093588 3106950 13362
3093237 3110646 17409
3101258 3112857 11599
3095830 3115101 19271
3104811 3115629 10818
3105087 3116289 11202
3109879 3116520 6641
3096063 3117312 21249
3103049 3118401 15352
3100399 3119325 18926
3113639 3120282 6643
3110657 3121503 10846
3116089 3122460 6371
3107028 3122493 15465
3115832 3122493 6661
3117485 3123780 6295
3117265 3123912 6647
3118548 3124836 6288
3119190 3125463 6273
3104251 3125727 21476
3115502 3125991 10489
3111300 3127047 15747
3115281 3128268 12987
3123184 3129456 6272
3124588 3130908 6320
3113342 3131106 17764
3120295 3131700 11405
3115272 3132063 16791
3118742 3134868 16126
3128808 3135099 6291
3121061 3135429 14368
3120826 3136749 15923
3117897 3137145 19248
3131132 3141930 10798
3135293 3141930 6637
3132074 3143019 10945
3121146 3144042 22896
3127775 3145791 18016
3132662 3146847 14185
3141037 3147870 6833
3144396 3151038 6642
3137500 3153678 16178
3143654 3156483 12829
3141222 3158661 17439
3144116 3161202 17086
3148011 3161994 13983
3151220 3164073 12853
3151628 3164337 12709
3151467 3166086 14619
3149510 3166812 17302
3161876 3168528 6652
3165777 3172422 6645
3166016 3172653 6637
3163340 3174138 10798
3168260 3174534 6274
3164774 3175227 10453
3169726 3177636 7910
3166867 3177801 10934
3172146 3178428 6282
3174330 3180606 6276
3170765 3181200 10435
3176185 3182850 6665
3172158 3183444 11286
3173097 3184038 10941
3175462 3186579 11117
3177438 3187338 9900
3181490 3187767 6277
3176760 3189747 12987
3184755 3191034 6279
3176677 3191298 14621
3176268 3193278 17010
3184605 3195060 10455
3188652 3195291 6639
3185223 3195654 10431
3191347 3197634 6287
3192571 3198855 6284
3192245 3198888 6643
3192649 3198921 6272
3195596 3201891 6295
3189299 3204135 14836
3199472 3205752 6280
3190005 3205917 15912
3190844 3206511 15667
3196458 3206907 10449
3192718 3207237 14519
3200774 3207435 6661
3193556 3208161 14605
3194484 3208458 13974
3199741 3210273 10532
3196477 3211725 15248
3203524 3213045 9521
3200580 3213441 12861
3206779 3213573 6794
3203635 3215058 11423
3202744 3216543 13799
3206224 3216675 10451
3209077 3217797 8720
3212420 3218721 6301
3201802 3219051 17249
3199538 3220173 20635
3215012 3221295 6283
3217446 3223737 6291
3204821 3227070 22249
3213189 3227664 14475
3221825 3229248 7423
3208418 3230370 21952
3216766 3230898 14132
3217575 3231426 13851
3225481 3231756 6275
3221990 3232449 10459
3213494 3232779 19285
3219444 3233472 14028
3219768 3233703 13935
3220426 3235518 15092
3229047 3235683 6636
3223653 3236211 12558
3219770 3236574 16804
3230405 3236805 6400
3221938 3237135 15197
3223826 3238521 14695
3227489 3241425 13936
3237466 3244131 6665
3231437 3246210 14773
3233359 3246441 13082
3234987 3248784 13797
3231745 3249444 17699
3235661 3249675 14014
3237447 3251919 14472
3241751 3252183 10432
3236051 3252843 16792
3241228 3256770 15542
3240990 3259245 18255
3252745 3259410 6665
3240935 3259740 18805
3253486 3259773 6287
3243574 3259839 16265
3245391 3260598 15207
3247895 3261324 13429
3254309 3264789 10480
3259365 3265746 6381
3260040 3266340 6300
3261498 3268155 6657
3259250 3268617 9367
3262071 3269376 7305
3258820 3269640 10820
3254591 3270498 15907
3254363 3271257 16894
3246730 3271356 24626
3248334 3271686 23352
3254623 3271752 17129
3261601 3273006 11405
3264254 3274128 9874
3264752 3274953 10201
3254749 3274986 20237
3268068 3275052 6984
3263162 3275085 11923
3265009 3275613 10604
3248890 3277395 28505
3263657 3278715 15058
3266530 3280497 13967
3262109 3280629 18520
3262627 3281157 18530
3266596 3284292 17696
3280375 3286668 6293
3271529 3287559 16030
3274155 3288615 14460
3274373 3289110 14737
3280946 3291882 10936
3281503 3292311 10808
3282344 3294192 11848
3283893 3294819 10926
3286530 3296997 10467
3292311 3298581 6270
3286890 3298944 12054
3287068 3299571 12503
3291588 3302739 11151
3296586 3302871 6285
3298529 3304818 6289
3289650 3305082 15432
3290445 3305874 15429
3295446 3305874 10428
3293511 3307821 14310
3300590 3310956 10366
3296177 3314190 18013
3303623 3314784 11161
3305292 3316236 10944
3300918 3316368 15450
3310377 3317028 6651
3310661 3318414 7753
3307474 3319536 12062
3307471 3319668 12197
3308855 3320229 11374
3313109 3324057 10948
3319569 3326202 6633
3322464 3329106 6642
3321862 3329502 7640
3322000 3330030 8030
3317907 3330888 12981
3326824 3333198 6374
3321845 3335805 13960
3329313 3335970 6657
3330129 3340557 10428
3323236 3341019 17783
3334948 3341250 6302
3332541 3343494 10953
3337362 3343659 6297
3332671 3347157 14486
3342700 3348972 6272
3341382 3350094 8712
3339631 3351876 12245
3341165 3352404 11239
3342245 3353196 10951
3337596 3353922 16326
3343674 3354615 10941
3350809 3357453 6644
3352672 3359334 6662
3350504 3360951 10447
3350362 3361545 11183
3354044 3364482 10438
3354930 3367056 12126
3352174 3368013 15839
3357477 3371940 14463
3365633 3372270 6637
3366664 3375075 8411
3365749 3378639 12890
3364924 3379398 14474
3368939 3379398 10459
3370211 3380652 10441
3377834 3384480 6646
3375409 3386361 10952
3381060 3387714 6654
3381794 3388440 6646
3382566 3389199 6633
3383472 3390156 6684
3384891 3391542 6651
3382428 3395271 12843
3392784 3399066 6282
3385387 3399858 14471
3395136 3401409 6273
3391452 3401673 10221
3392092 3402531 10439
3387549 3402597 15048
3390554 3404544 13990
3393606 3404709 11103
3390171 3405765 15594
3400251 3406524 6273
3400821 3407481 6660
3400185 3407910 7725
3402379 3409032 6653
3399846 3410781 10935
3404125 3410781 6656
3400887 3411837 10950
3399396 3414609 15213
3402433 3416325 13892
3401862 3416457 14595
3402019 3417051 15032
3411244 3417909 6665
3409237 3418437 9200
3411650 3419262 7612
3407533 3419526 11993
3409902 3420351 10449
3412149 3422595 10446
3413236 3423684 10448
3417360 3424014 6654
3418490 3424773 6283
3414623 3426720 12097
3416045 3426852 10807
3416533 3426984 10451
3415152 3427248 12096
3422155 3428568 6413
3422015 3428997 6982
3422258 3429492 7234
3420764 3430053 9289
3426556 3433221 6665
3414311 3434442 20131
3429177 3435465 6288
3428951 3435597 6646
3426959 3437544 10585
3431694 3438369 6675
3429241 3440514 11273
3417861 3440712 22851
3436197 3442494 6297
3432688 3443121 10433
3426493 3444012 17519
3431896 3446751 14855
3427640 3448038 20398
3431970 3449061 17091
3437440 3449523 12083
3437005 3451437 14432
3444464 3451701 7237
3437517 3452229 14712
3447694 3453978 6284
3444326 3454770 10444
3445718 3456354 10636
3454552 3461469 6917
3452626 3463086 10460
3450830 3465297 14467
3454638 3466122 11484
3451340 3466320 14980
3452524 3466353 13829
3456412 3467739 11327
3457778 3470775 12997
3466389 3475131 8742
3465453 3475890 10437
3470083 3476748 6665
3460290 3477210 16920
3462709 3478794 16085
3464487 3480444 15957
3473744 3480477 6733
3467440 3481797 14357
3465897 3482655 16758
3466753 3482688 15935
3477701 3483975 6274
3466679 3485097 18418
3480196 3486483 6287
3475689 3487539 11850
3484192 3490839 6647
3484472 3491202 6730
3474265 3492555 18290
3483772 3494205 10433
3483417 3494370 10953
3488294 3494568 6274
3490029 3496317 6288
3490447 3496746 6299
3490035 3497868 7833
3488711 3499650 10939
3497121 3503775 6654
3497517 3503808 6291
3495188 3505986 10798
3498958 3509418 10460
3499554 3510012 10458
3500126 3510936 10810
3505516 3512157 6641
3503271 3512223 8952
3497574 3512487 14913
3502925 3518922 15997
3514774 3521430 6656
3504029 3521463 17434
3507722 3522222 14500
3509306 3522783 13477
3510646 3523674 13028
3511995 3523707 11712
3512274 3524565 12291
3511965 3526116 14151
3513889 3526644 12755
3517012 3533508 16496
3517423 3534069 16646
3520533 3535983 15450
3530030 3536742 6712
3520902 3536775 15873
3525676 3537798 12122
3529141 3539943 10802
3519453 3540768 21315
3535503 3542154 6651
3535223 3543342 8119
3524592 3543408 18816
3534900 3545355 10455
3538186 3549843 11657
3541333 3552285 10952
3542967 3553902 10935
3543427 3554232 10805
3540820 3555189 14369
3544993 3555816 10823
3546318 3556773 10455
3546708 3557136 10428
3552450 3558720 6270
3549006 3558951 9945
3549006 3560931 11925
3550034 3561261 11227
3551097 3562119 11022
3551800 3562251 10451
3556757 3563043 6286
3548871 3563538 14667
3553864 3564363 10499
3552243 3567267 15024
3559767 3567564 7797
3550568 3567597 17029
3557432 3570501 13069
3559769 3570699 10930
3556432 3571029 14597
3566599 3572877 6278
3558211 3573273 15062
3566712 3573372 6660
3563920 3573867 9947
3565087 3574164 9077
3562586 3576837 14251
3553943 3576969 23026
3562108 3577728 15620
3572578 3578850 6272
3560735 3578982 18247
3565439 3580500 15061
3575714 3581985 6271
3572903 3583569 10666
3577578 3583866 6288
3577954 3586242 8288
3568709 3586638 17929
3582057 3588354 6297
3569668 3588948 19280
3576211 3589377 13166
3575360 3589443 14083
3576643 3591258 14615
3582385 3592842 10457
3576623 3596406 19783
3580442 3596505 16063
3582198 3597066 14868
3583246 3597231 13985
3592556 3599211 6655
3591210 3599937 8727
3588805 3602511 13706
3588535 3603006 14471
3599990 3606801 6811
3592503 3607362 14859
3598107 3608913 10806
3597403 3609672 12269
3598351 3611322 12971
3596703 3614028 17325
3595606 3616899 21293
3599808 3617658 17850
