2615 9273 6658
9851 20790 10939
15061 26004 10943
12150 26763 14613
19204 33792 14588
26495 36927 10432
25982 38577 12595
29019 39963 10944
35562 42207 6645
32414 45111 12697
36147 46596 10449
36046 49599 13553
38753 49896 11143
40026 50952 10926
40857 51909 11052
38486 53460 14974
43752 59301 15549
50128 61083 10955
49156 62436 13280
48658 62568 13910
51277 63096 11819
52506 65340 12834
54717 65670 10953
61857 68145 6288
57400 68343 10943
60845 71775 10930
62278 73227 10949
65466 76395 10929
67299 78540 11241
71163 81972 10809
75688 86625 10937
80331 86625 6294
78234 88671 10437
76752 90024 13272
75706 92796 17090
83125 95634 12509
87250 98175 10925
87109 99858 12749
88071 100980 12909
84339 101772 17433
93942 104577 10635
90737 105006 14269
91192 106095 14903
91227 108108 16881
97084 109923 12839
103882 110154 6272
100061 111012 10951
111671 117942 6271
100243 118305 18062
109432 120384 10952
111887 123156 11269
107774 124806 17032
111680 125730 14050
121745 132693 10948
122610 133056 10446
118889 133155 14266
123351 135828 12477
128298 139227 10929
134905 141570 6665
134065 145002 10937
138322 152262 13940
155696 168993 13297
162743 169389 6646
156031 169686 13655
159067 170016 10949
156503 172326 15823
161353 175560 14207
159426 177144 17718
168176 178992 10816
165006 179718 14712
163468 180378 16910
168768 183645 14877
177276 183909 6633
173717 184536 10819
178296 184965 6669
175573 186516 10943
179732 190179 10447
175612 192555 16943
179251 193083 13832
177742 193479 15737
185777 196713 10936
187978 198924 10946
192160 205194 13034
193979 205722 11743
191482 206349 14867
192095 206712 14617
195378 208890 13512
204014 210309 6295
200034 214632 14598
204705 215160 10455
205979 216909 10930
203732 217305 13573
199968 218262 18294
208955 219384 10429
207513 221001 13488
216203 222849 6646
208451 223212 14761
210211 225192 14981
219437 230373 10936
225247 236082 10835
227092 238029 10937
227254 238194 10940
228770 238854 10084
225267 239415 14148
226417 239976 13559
228942 243243 14301
229815 243375 13560
237839 244530 6691
236895 247335 10440
239174 250107 10933
235115 250503 15388
240076 251031 10955
239942 254760 14818
240952 255981 15029
244528 257400 12872
245977 258984 13007
248865 259809 10944
250176 264825 14649
259077 270006 10929
254585 270996 16411
263541 273174 9633
261338 276408 15070
274231 280896 6665
272558 283008 10450
273902 284856 10954
276499 287430 10931
277580 289575 11995
279438 290367 10929
284453 291093 6640
288752 301191 12439
289538 301323 11785
285557 302610 17053
289890 302907 13017
292198 303138 10940
293242 306108 12866
295468 306603 11135
303045 309342 6297
298498 309441 10943
299772 311817 12045
293053 312246 19193
307271 313566 6295
306203 314985 8782
301106 315480 14374
304643 315711 11068
304256 316074 11818
305046 318054 13008
305838 318219 12381
308119 319077 10958
303346 320694 17348
307806 323037 15231
313543 324357 10814
310444 324423 13979
315076 326007 10931
321758 328053 6295
319709 330660 10951
320915 331353 10438
317817 331815 13998
320909 331848 10939
322976 333993 11017
325917 336369 10452
326462 338382 11920
324943 338811 13868
325938 339240 13302
332186 343134 10948
333458 344256 10798
340948 351879 10931
342111 352539 10428
336886 352737 15851
342744 353694 10950
336883 353925 17042
337723 353958 16235
339709 354783 15074
343923 354849 10926
347020 357456 10436
347216 357654 10438
352308 358578 6270
353096 359733 6637
344072 362142 18070
358024 364320 6296
354016 364980 10964
355534 366465 10931
358318 369270 10952
372131 378411 6280
369573 380523 10950
370212 381282 11070
370469 381282 10813
376183 387123 10940
375829 388014 12185
378970 389763 10793
379750 390687 10937
385463 396396 10933
385624 396561 10937
385124 400323 15199
386241 401214 14973
395444 401742 6298
392652 405306 12654
392051 406527 14476
397559 408903 11344
403413 409695 6282
399559 410487 10928
399884 410817 10933
400396 411345 10949
403999 414447 10448
403316 415701 12385
401311 415899 14588
406142 418539 12397
410327 422730 12403
414955 423225 8270
417111 423390 6279
409156 423753 14597
409365 426987 17622
415716 428043 12327
418771 429726 10955
421430 432366 10936
426894 434247 7353
425397 436194 10797
426904 438471 11567
421567 439164 17597
433362 444312 10950
436717 448107 11390
436862 451605 14743
440843 451770 10927
441745 452760 11015
439156 453750 14594
449749 460680 10931
450844 461769 10925
456432 466884 10452
457195 467643 10448
454042 468105 14063
457507 469095 11588
463237 469524 6287
462447 474078 11631
463152 474078 10926
464838 475266 10428
470532 477180 6648
467998 479919 11921
474828 485760 10932
475115 486057 10942
479554 492954 13400
486251 497277 11026
487400 498333 10933
488671 499620 10949
490501 500940 10439
493154 504108 10954
497403 508431 11028
499855 510312 10457
499505 510444 10939
497788 512952 15164
499715 513447 13732
500273 513579 13306
502416 514305 11889
503698 517341 13643
507651 520476 12825
509631 520509 10878
510821 525987 15166
516410 527340 10930
517063 528000 10937
516630 528231 11601
522337 528990 6653
527101 537537 10436
527783 538791 11008
528895 539847 10952
525806 540771 14965
534782 543873 9091
537453 548394 10941
540129 550572 10443
540536 551463 10927
538671 553641 14970
539101 553806 14705
545301 556248 10947
547634 559020 11386
550807 564366 13559
549969 564927 14958
555456 567369 11913
563941 574398 10457
565245 575685 10440
568188 579117 10929
569899 580833 10934
571347 583209 11862
578634 589578 10944
586519 593175 6656
583458 594396 10938
590488 596772 6284
593565 604362 10797
589821 604428 14607
590376 606639 16263
596879 607827 10948
598860 609807 10947
600678 615219 14541
605609 616539 10930
604091 618519 14428
610002 621786 11784
612136 622941 10805
612715 623667 10952
610076 626208 16132
611628 626736 15108
611158 629607 18449
619232 630168 10936
619483 630432 10949
617286 633831 16545
620796 634128 13332
619788 635151 15363
625188 636141 10953
625189 636801 11612
626529 641223 14694
627414 644490 17076
640101 646833 6732
636844 649704 12860
639207 650859 11652
646301 652575 6274
642967 653895 10928
641372 656337 14965
650752 661683 10931
656418 663069 6651
657198 667656 10458
662224 672672 10448
662824 673761 10937
671256 682209 10953
670191 682935 12744
673247 684387 11140
674297 685245 10948
672693 686730 14037
670939 690195 19256
680798 691251 10453
682148 693099 10951
682796 693726 10930
689831 696465 6634
684947 696729 11782
688277 699072 10795
687068 700986 13918
691590 702537 10947
693477 704418 10941
694329 705375 11046
699980 710919 10939
698627 711579 12952
707294 713955 6661
700524 714846 14322
709463 716100 6637
709839 720786 10947
711456 722403 10947
711681 722634 10953
713859 724647 10788
714024 727881 13857
713614 728211 14597
715013 728343 13330
714849 729234 14385
717804 730686 12882
716430 732468 16038
718290 732996 14706
715602 735240 19638
721578 737319 15741
727685 738144 10459
727762 738705 10943
726660 740619 13959
722652 741543 18891
731838 742764 10926
730511 744777 14266
734759 745701 10942
730915 747549 16634
731072 749100 18028
729274 750519 21245
738393 754050 15657
747949 758769 10820
744819 759792 14973
748279 760353 12074
749569 760518 10949
751160 761970 10810
748891 764676 15785
749339 764676 15337
746697 765336 18639
751963 767481 15518
755555 769527 13972
760256 770715 10459
756441 772332 15891
758155 772332 14177
759175 773652 14477
768318 774972 6654
764230 776160 11930
767305 777744 10439
759302 777909 18607
772645 778932 6287
764442 779394 14952
767173 780021 12848
771742 782694 10952
768643 783321 14678
773207 786456 13249
770270 786984 16714
777941 788865 10924
778931 789195 10264
779727 791307 11580
778429 792000 13571
771109 792561 21452
778030 793848 15818
784753 798270 13517
786234 801372 15138
784513 802791 18278
783801 805101 21300
790892 805299 14407
788654 806190 17536
797817 812724 14907
803772 814704 10932
804694 821700 17006
809689 824934 15245
815377 826320 10943
811531 826485 14954
819514 830445 10931
827841 838794 10953
829749 840180 10431
834672 842655 7983
832880 844074 11194
835103 846054 10951
836332 847275 10943
835512 849354 13842
841221 851664 10443
840937 851862 10925
841328 852522 11194
835192 852885 17693
846163 857109 10946
838673 858759 20086
840488 859419 18931
853054 859716 6662
848922 859848 10926
848987 863148 14161
839889 863379 23490
842135 865458 23323
852841 866811 13970
843485 869451 25966
845950 871827 25877
849325 872421 23096
855406 876480 21074
865777 876711 10934
863230 876777 13547
867694 878889 11195
864738 879714 14976
864510 880968 16458
868997 881661 12664
871923 887007 15084
877540 888492 10952
878348 889284 10936
876128 890307 14179
879730 890670 10940
878541 890835 12294
880674 891627 10953
882806 893772 10966
883818 894795 10977
882196 896676 14480
883537 900768 17231
882357 901923 19566
892215 903144 10929
891018 905157 14139
894523 905454 10931
892197 908457 16260
894900 909018 14118
904553 910833 6280
896226 912351 16125
898452 912879 14427
907416 913704 6288
897836 914892 17056
904987 915915 10928
903651 918126 14475
907496 919611 12115
912662 920931 8269
909984 922119 12135
916402 926838 10436
917117 928059 10942
912150 929082 16932
907697 929577 21880
919524 929973 10449
923762 934560 10798
921762 937926 16164
927437 938256 10819
927017 939180 12163
924643 942579 17936
932888 943833 10945
933595 946869 13274
937682 954261 16579
939185 954921 15736
942110 958254 16144
945247 960201 14954
947554 961356 13802
947620 961983 14363
953391 966372 12981
948843 967461 18618
952857 967626 14769
957841 970431 12590
967104 973401 6297
951139 973665 22526
964705 975645 10940
971025 977295 6270
970434 981420 10986
961043 981618 20575
963449 983136 19687
972503 983796 11293
973126 984060 10934
973932 986601 12669
983399 994323 10924
984973 995907 10934
986357 997293 10936
987304 998250 10946
990545 1001484 10939
992229 1003728 11499
996145 1007094 10949
998795 1010130 11335
996579 1010361 13782
999512 1010757 11245
1010172 1016466 6294
1006855 1017786 10931
1008597 1019535 10938
1015687 1021977 6290
1013442 1024386 10944
1020743 1027389 6646
1020414 1031349 10935
1018307 1031679 13372
1024495 1033032 8537
1022326 1033263 10937
1021861 1035870 14009
1028538 1039467 10929
1030201 1040655 10454
1030332 1040787 10455
1037081 1043361 6280
1036776 1043427 6651
1028656 1043790 15134
1035823 1046628 10805
1037041 1047981 10940
1042921 1050522 7601
1040607 1051545 10938
1042639 1053591 10952
1042656 1054515 11859
1041808 1056825 15017
1048915 1059861 10946
1050981 1061907 10926
1053797 1064745 10948
1054520 1064976 10456
1049387 1065207 15820
1051342 1066923 15581
1055409 1067187 11778
1048485 1068936 20451
1059374 1070025 10651
1051962 1070355 18393
1052982 1073391 20409
1057924 1075767 17843
1061636 1076625 14989
1053535 1076823 23288
1070671 1080288 9617
1059539 1087680 28141
1084243 1090518 6275
1080798 1091739 10941
1082469 1093422 10953
1080050 1094643 14593
1085604 1096788 11184
1088961 1099890 10929
1090751 1101705 10954
1092379 1102926 10547
1094031 1104972 10941
1095995 1107282 11287
1095576 1109064 13488
1097664 1109988 12324
1103015 1113948 10933
1103718 1116951 13233
1108742 1119690 10948
1112739 1123188 10449
1114705 1125630 10925
1112192 1128468 16276
1124151 1130448 6297
1120034 1130976 10942
1121892 1132824 10932
1122210 1133022 10812
1124074 1135002 10928
1125051 1135992 10941
1122103 1136289 14186
1125401 1139226 13825
1129575 1143384 13809
1128984 1146618 17634
1133765 1148763 14998
1139695 1150644 10949
1140921 1151865 10944
1141776 1152591 10815
1138888 1153911 15023
1139964 1154802 14838
1144085 1155033 10948
1140234 1155495 15261
1148947 1157772 8825
1145770 1160016 14246
1152927 1163382 10455
1149089 1164306 15217
1159874 1168497 8623
1158862 1169817 10955
1163248 1174173 10925
1163806 1174833 11027
1165951 1176879 10928
1168070 1178892 10822
1168643 1179585 10942
1171150 1181961 10811
1172258 1182687 10429
1179465 1186119 6654
1177752 1188693 10941
1186051 1192323 6272
1182824 1193280 10456
1183707 1198659 14952
1188945 1199880 10935
1191949 1202883 10934
1192660 1203609 10949
1194189 1205127 10938
1196228 1207173 10945
1201518 1207800 6282
1202308 1208658 6350
1195296 1210308 15012
1202596 1213410 10814
1210360 1221297 10937
1207469 1221924 14455
1215467 1226412 10945
1216682 1227633 10951
1219646 1230570 10924
1219950 1231230 11280
1228484 1235190 6706
1231169 1237467 6298
1227083 1238028 10945
1227890 1239084 11194
1227982 1241031 13049
1235162 1241460 6298
1228070 1241691 13621
1231399 1242351 10952
1233983 1244430 10447
1230494 1245090 14596
1234026 1247598 13572
1237631 1248555 10924
1234450 1248918 14468
1234302 1253109 18807
1243683 1254132 10449
1247525 1259907 12382
1254222 1260864 6642
1249988 1260930 10942
1251737 1262679 10942
1250692 1264065 13373
1257462 1268388 10926
1260794 1275252 14458
1261704 1276308 14604
1266014 1276968 10954
1264914 1279575 14661
1268750 1279740 10990
1268647 1282809 14162
1273014 1291158 18144
1281960 1292907 10947
1283562 1296240 12678
1285351 1296306 10955
1287324 1300398 13074
1286654 1301124 14470
1297444 1303731 6287
1291103 1305777 14674
1292777 1306635 13858
1292469 1307427 14958
1295609 1309011 13402
1290203 1311948 21745
1302513 1313334 10821
1297644 1313895 16251
1302949 1313895 10946
1303940 1314885 10945
1304983 1315809 10826
1301751 1315908 14157
1309221 1320165 10944
1309740 1320693 10953
1309315 1320825 11510
1310750 1321683 10933
1308554 1323201 14647
1311687 1323300 11613
1314773 1329075 14302
1317929 1329306 11377
1311655 1330032 18377
1316141 1333233 17092
1320016 1336368 16352
1319078 1336500 17422
1327140 1339998 12858
1331619 1342572 10953
1326440 1342902 16462
1331128 1343133 12005
1330242 1343595 13353
1335108 1346037 10929
1328408 1346235 17827
1336636 1347588 10952
1339724 1350657 10933
1340176 1350822 10646
1344579 1350855 6276
1336568 1354947 18379
1345567 1356498 10931
1347147 1358082 10935
1343769 1358115 14346
1349701 1360656 10955
1350530 1361448 10918
1353281 1368873 15592
1360178 1370985 10807
1359254 1371612 12358
1354088 1372173 18085
1358171 1372305 14134
1362199 1372668 10469
1365383 1376331 10948
1364846 1379202 14356
1365218 1379565 14347
1364862 1379631 14769
1367473 1380192 12719
1365356 1380291 14935
1369679 1380621 10942
1369188 1382007 12819
1370328 1382997 12669
1372123 1383063 10940
1367801 1383855 16054
1372323 1386891 14568
1372898 1387188 14290
1383280 1389927 6647
1374360 1390026 15666
1376839 1390554 13715
1377257 1390818 13561
1374273 1391973 17700
1381089 1392039 10950
1377252 1393887 16635
1371648 1394283 22635
1384051 1394976 10925
1384021 1394976 10955
1382317 1398540 16223
1390876 1401675 10799
1396451 1402731 6280
1391956 1402896 10940
1393777 1404711 10934
1393350 1407813 14463
1403922 1414875 10953
1403557 1415007 11450
1403952 1415733 11781
1404812 1415766 10954
1403402 1418373 14971
1407772 1421640 13868
1412633 1423620 10987
1410542 1425138 14596
1415819 1426623 10804
1414698 1428273 13575
1415757 1431078 15321
1421919 1437282 15363
1429032 1439955 10923
1429952 1440945 10993
1432105 1443057 10952
1428971 1443585 14614
1433533 1444476 10943
1439555 1450482 10927
1439728 1450548 10820
1441747 1452825 11078
1444276 1457874 13598
1444037 1458501 14464
1448716 1460118 11402
1455056 1461702 6646
1455505 1466454 10949
1457604 1468566 10962
1458851 1469787 10936
1459323 1470447 11124
1464963 1475892 10929
1464986 1475925 10939
1461995 1479159 17164
1471144 1481601 10457
1467838 1482459 14621
1471952 1482888 10936
1470851 1482987 12136
1474823 1485627 10804
1475426 1486518 11092
1473763 1493481 19718
1479995 1493910 13915
1476140 1494075 17935
1482926 1494669 11743
1472758 1496946 24188
1488163 1498596 10433
1487953 1499355 11402
1490377 1505328 14951
1493674 1507638 13964
1493951 1508430 14479
1494559 1509156 14597
1499752 1510707 10955
1502135 1513215 11080
1504320 1514766 10446
1510207 1521135 10928
1510239 1521168 10929
1513262 1524204 10942
1518612 1524897 6285
1517980 1528923 10943
1522625 1533081 10456
1524821 1535754 10933
1525227 1536414 11187
1527350 1538856 11506
1528317 1542156 13839
1532008 1542981 10973
1534040 1544499 10459
1530813 1545390 14577
1535009 1549977 14968
1540448 1551396 10948
1536556 1551528 14972
1542728 1553673 10945
1541812 1553871 12059
1546173 1556973 10800
1560113 1566411 6298
1556685 1567632 10947
1562472 1568754 6282
1558375 1569348 10973
1556812 1574067 17255
1561244 1574991 13747
1564677 1575981 11304
1564472 1577070 12598
1569197 1580007 10810
1572360 1583307 10947
1569423 1583406 13983
1581175 1592118 10943
1583138 1594494 11356
1582851 1597464 14613
1592294 1598586 6292
1588710 1599510 10800
1590385 1601325 10940
1595508 1601787 6279
1596574 1607562 10988
1595488 1608420 12932
1595498 1611192 15694
1593266 1611588 18322
1595693 1611819 16126
1597636 1613733 16097
1596501 1615350 18849
1606601 1617792 11191
1607268 1618353 11085
1608877 1619805 10928
1604528 1621125 16597
1615249 1621521 6272
1612928 1623864 10936
1613717 1624689 10972
1610989 1625778 14789
1615452 1625910 10458
1616110 1629936 13826
1620909 1631718 10809
1621436 1631883 10447
1626728 1633005 6277
1620728 1635183 14455
1622295 1635777 13482
1633864 1644819 10955
1635234 1647294 12060
1637604 1648416 10812
1639281 1650231 10950
1638662 1651254 12592
1639408 1651881 12473
1644341 1655280 10939
1648943 1659867 10924
1650817 1661616 10799
1648573 1663167 14594
1649423 1664190 14767
1655064 1666005 10941
1657061 1668117 11056
1656414 1670625 14211
1659100 1673397 14297
1660019 1673430 13411
1661561 1676664 15103
1666018 1677027 11009
1660284 1677588 17304
1662656 1678017 15361
1661720 1678182 16462
1672150 1679931 7781
1658497 1680063 21566
1674194 1680888 6694
1673294 1684518 11224
1668232 1685277 17045
1679474 1690425 10951
1685274 1691547 6273
1673371 1692471 19100
1683110 1694847 11737
1680697 1695771 15074
1680424 1699137 18713
1684487 1699170 14683
1690138 1705110 14972
1696531 1707486 10955
1696740 1707684 10944
1698448 1709400 10952
1702308 1712502 10194
1699446 1714416 14970
1704390 1717320 12930
1707995 1719069 11074
1710168 1720620 10452
1718304 1724580 6276
1714066 1725009 10943
1718188 1728177 9989
1717844 1728771 10927
1718787 1729662 10875
1715425 1729893 14468
1717978 1732566 14588
1717981 1732599 14618
1722367 1736163 13796
1722787 1737087 14300
1727196 1738143 10947
1729115 1740057 10942
1735529 1742169 6640
1732492 1743291 10799
1728340 1743456 15116
1737736 1744446 6710
1733833 1745700 11867
1731843 1747449 15606
1737011 1747449 10438
1739273 1750221 10948
1738248 1751244 12996
1746702 1757646 10944
1747203 1757712 10509
1752833 1759131 6298
1751580 1762530 10950
1756326 1762596 6270
1757448 1763916 6468
1751589 1765632 14043
1755375 1766325 10950
1757058 1766853 9795
1756422 1767810 11388
1755019 1770087 15068
1760830 1771803 10973
1760389 1774707 14318
1769249 1775895 6646
1769868 1776621 6753
1766840 1778172 11332
1767333 1779888 12555
1770424 1781373 10949
1774526 1785465 10939
1776921 1791537 14616
1782519 1792956 10437
1782605 1793682 11077
1783570 1794606 11036
1785248 1796322 11074
1785769 1796718 10949
1786262 1797378 11116
1786976 1797906 10930
1787998 1798896 10898
1792332 1805859 13527
1791034 1806156 15122
1796015 1806453 10438
1794939 1806915 11976
1796895 1809390 12495
1799900 1811106 11206
1806865 1813152 6287
1802389 1813185 10796
1808362 1814637 6275
1804464 1815396 10932
1809228 1815528 6300
1809329 1820280 10951
1809615 1820544 10929
1810959 1821897 10938
1804750 1822326 17576
1817516 1828464 10948
1822487 1828761 6274
1817326 1832292 14966
1819500 1834701 15201
1822406 1835229 12823
1820835 1835559 14724
1819864 1837440 17576
1827126 1838067 10941
1826799 1842687 15888
1829236 1842918 13682
1838188 1844469 6281
1842891 1849188 6297
1846661 1852950 6289
1847168 1858098 10930
1848760 1859715 10955
1848918 1859748 10830
1850487 1861398 10911
1853685 1864137 10452
1863078 1869747 6669
1861689 1872123 10434
1862120 1873047 10927
1867989 1878921 10932
1869285 1880208 10923
1871502 1885290 13788
1872177 1885851 13674
1879747 1890702 10955
1880323 1891461 11138
1878735 1893705 14970
1890463 1897104 6641
1884774 1899381 14607
1893207 1899843 6636
1891637 1902450 10813
1885669 1905057 19388
1895213 1906146 10933
1898110 1907862 9752
1900314 1911129 10815
1903957 1914891 10934
1906405 1917465 11060
1913387 1919676 6289
1907148 1920171 13023
1914492 1922613 8121
1917428 1924065 6637
1913563 1924494 10931
1914202 1929180 14978
1919914 1930863 10949
1917644 1931919 14275
1924756 1935681 10925
1925824 1936770 10946
1927307 1937760 10453
1926804 1937793 10989
1929707 1940631 10924
1934938 1941786 6848
1930953 1941885 10932
1931700 1942149 10449
1929662 1945779 16117
1932223 1946703 14480
1934913 1949046 14133
1935862 1949970 14108
1936200 1950333 14133
1934652 1950927 16275
1935871 1953666 17795
1943234 1953666 10432
1944717 1955646 10929
1944050 1962015 17965
1951231 1962048 10817
1944122 1964490 20368
1951046 1965249 14203
1954920 1965843 10923
1955855 1966668 10813
1960401 1971354 10953
1963519 1977855 14336
1969061 1980000 10939
1964616 1982772 18156
1966352 1983036 16684
1975478 1986402 10924
1976002 1986930 10928
1975648 1987062 11414
1973733 1987359 13626
1982586 1989834 7248
1976343 1990164 13821
1974341 1990626 16285
1976178 1991253 15075
1978868 1991253 12385
1981483 1993563 12080
1985469 1996401 10932
1986179 1997127 10948
1993708 2008776 15068
2001745 2012670 10925
1998211 2013132 14921
2000866 2013726 12860
1999824 2014089 14265
2009485 2017389 7904
2000426 2017620 17194
2001618 2019039 17421
2009511 2020458 10947
2004606 2020623 16017
2006156 2021184 15028
2013673 2024616 10943
2011882 2026431 14549
2012473 2026464 13991
2015846 2026794 10948
2018256 2028708 10452
2013335 2028972 15637
2018212 2029137 10925
2020223 2031150 10927
2022033 2031810 9777
2025263 2039103 13840
2031243 2041677 10434
2031329 2047485 16156
2038250 2049894 11644
2040845 2051775 10930
2043440 2054382 10942
2044709 2055141 10432
2044804 2055735 10931
2047626 2057187 9561
2044494 2058375 13881
2048068 2059068 11000
2049530 2061576 12046
2049249 2062632 13383
2052117 2063061 10944
2052900 2063853 10953
2053335 2064513 11178
2050274 2065239 14965
2054293 2065239 10946
2056988 2068605 11617
2063575 2069859 6284
2059617 2070057 10440
2056102 2070453 14351
2062630 2073423 10793
2069598 2075898 6300
2067966 2078406 10440
2074028 2084973 10945
2076609 2087118 10509
2074593 2089197 14604
2078249 2089197 10948
2082314 2093256 10942
2083942 2094873 10931
2085234 2097480 12246
2085445 2097942 12497
2084480 2099592 15112
2089938 2100879 10941
2088685 2104113 15428
2094161 2104839 10678
2094908 2105367 10459
2096951 2107875 10924
2099558 2110482 10924
2100051 2110482 10431
2099932 2112330 12398
2098739 2113353 14614
2102687 2117016 14329
2108646 2119590 10944
2112093 2123022 10929
2112199 2123121 10922
2117145 2128071 10926
2122892 2133714 10822
2123068 2134407 11339
2130385 2136684 6299
2128391 2143350 14959
2135154 2146089 10935
2137158 2148102 10944
2142151 2152590 10439
2144115 2156814 12699
2146990 2157936 10946
2147177 2158101 10924
2144008 2158596 14588
2147617 2161137 13520
2148698 2164239 15541
2155888 2166813 10925
2164333 2170608 6275
2164544 2175492 10948
2165271 2176218 10947
2166526 2177472 10946
2166711 2177637 10926
2169818 2184105 14287
2170463 2185029 14566
2174413 2185359 10946
2174897 2185887 10990
2177812 2187174 9362
2183042 2189319 6277
2179537 2189979 10442
2180727 2192157 11430
2182340 2193279 10939
2183445 2194236 10791
2185001 2195952 10951
2193774 2204697 10923
2194261 2204697 10436
2197051 2207865 10814
2197866 2208789 10923
2200122 2211066 10944
2200148 2214333 14185
2215807 2222088 6281
2216721 2223045 6324
2213425 2224365 10940
2213713 2225487 11774
2217714 2228655 10941
2218831 2230173 11342
2219880 2230833 10953
2223543 2234496 10953
2221174 2236179 15005
2224134 2237598 13464
2222014 2239479 17465
2223005 2240007 17002
2229661 2240469 10808
2232714 2243142 10428
2233754 2245518 11764
2235466 2245914 10448
2248641 2259576 10935
2248911 2260236 11325
2250472 2261424 10952
2252043 2263800 11757
2253394 2264328 10934
2253711 2264691 10980
2259131 2270070 10939
2261906 2272842 10936
2262667 2273700 11033
2263319 2274261 10942
2267680 2278617 10937
2273896 2280531 6635
2271076 2283072 11996
2272793 2283270 10477
2270663 2285118 14455
2271063 2286042 14979
2274264 2288385 14121
2274939 2289045 14106
2277394 2290068 12674
2286607 2292906 6299
2291573 2302377 10804
2291560 2304654 13094
2294492 2305446 10954
2294761 2305710 10949
2291975 2311287 19312
2305003 2311287 6284
2300920 2311947 11027
2301718 2312904 11186
2300682 2315280 14598
2303988 2318943 14955
2313267 2319537 6270
2310920 2321352 10432
2312407 2323629 11222
2313303 2325576 12273
2320729 2327028 6299
2324135 2332440 8305
2322448 2333397 10949
2322697 2333562 10865
2327527 2334189 6662
2326853 2339238 12385
2328916 2340789 11873
2331679 2343000 11321
2333803 2344749 10946
2335433 2346366 10933
2333395 2346993 13598
2342287 2353230 10943
2343787 2354715 10928
2350280 2356926 6646
2351156 2362140 10984
2351653 2362833 11180
2352242 2363196 10954
2354870 2369466 14596
2352182 2370093 17911
2356387 2371314 14927
2358583 2372700 14117
2354844 2375967 21123
2364087 2383293 19206
2372590 2384943 12353
2373908 2386032 12124
2365157 2386395 21238
2375732 2389695 13963
2374268 2392962 18694
2385395 2396328 10933
2385033 2399991 14958
2397570 2403852 6282
2396354 2406789 10435
2397951 2413125 15174
2407543 2413818 6275
2402586 2416425 13839
2412933 2423751 10818
2422830 2429493 6663
2418793 2433783 14990
2426654 2436918 10264
2430789 2441736 10947
2436474 2442759 6285
2431846 2442792 10946
2432422 2445993 13571
2436844 2447280 10436
2432420 2449227 16807
2441115 2456685 15570
2450915 2457279 6364
2444486 2457345 12859
2449112 2460183 11071
2446955 2460480 13525
2450230 2461041 10811
2446981 2461173 14192
2451242 2462790 11548
2452468 2463417 10949
2458497 2464770 6273
2450196 2465826 15630
2454799 2465925 11126
2451436 2467575 16139
2452072 2469357 17285
2462824 2469555 6731
2458363 2469819 11456
2460246 2472294 12048
2463172 2474109 10937
2463453 2474769 11316
2467621 2478564 10943
2469566 2480511 10945
2477935 2484207 6272
2473655 2484603 10948
2477442 2488365 10923
2480600 2491401 10801
2481299 2492226 10927
2482593 2495361 12768
2495501 2502159 6658
2494157 2504601 10444
2499646 2506713 7067
2500607 2511036 10429
2508784 2515062 6278
2504614 2515557 10943
2511615 2517900 6285
2513751 2520045 6294
2511203 2522190 10987
2513718 2524170 10452
2510188 2524797 14609
2510957 2525457 14500
2513995 2528097 14102
2516334 2528625 12291
2518174 2531892 13718
2522746 2535489 12743
2529351 2535621 6270
2525834 2536776 10942
2532302 2538591 6289
2527363 2538855 11492
2529578 2540769 11191
2533574 2544003 10429
2534942 2545389 10447
2537012 2547963 10951
2533318 2548293 14975
2545824 2552121 6297
2540529 2553606 13077
2542183 2553738 11555
2543148 2554101 10953
2543803 2554728 10925
2544405 2556345 11940
2549030 2560008 10978
2557831 2568786 10955
2562279 2568918 6639
2558056 2569446 11390
2554987 2571954 16967
2563713 2574528 10815
2567085 2578026 10941
2567469 2578422 10953
2570415 2581359 10944
2573353 2584329 10976
2571229 2584461 13232
2579897 2590830 10933
2580081 2591028 10947
2580235 2594064 13829
2583259 2594196 10937
2584255 2596770 12515
2583875 2597364 13489
2588121 2598915 10794
2594138 2605218 11080
2595892 2606340 10448
2596509 2606967 10458
2593944 2608914 14970
2601463 2609013 7550
2595387 2609046 13659
2597044 2611950 14906
2598862 2613270 14408
2604759 2615712 10953
2606030 2616966 10936
2609376 2620167 10791
2614534 2622774 8240
2618716 2625381 6665
2631661 2642607 10946
2635707 2646633 10926
2642146 2648448 6302
2633284 2649339 16055
2640265 2651220 10955
2642052 2653464 11412
2648805 2655081 6276
2643700 2656137 12437
2646068 2656995 10927
2649520 2660493 10973
2644901 2662704 17803
2648873 2663760 14887
2649032 2665938 16906
2655266 2666466 11200
2656845 2667291 10446
2660152 2669172 9020
2654849 2669832 14983
2652409 2670096 17687
2655399 2670360 14961
2653140 2670756 17616
2661192 2673528 12336
2665101 2675541 10440
2665454 2678247 12793
2667567 2678511 10944
2667347 2679039 11692
2671564 2682504 10940
2674086 2685012 10926
2675736 2686662 10926
2676028 2686959 10931
2678411 2689335 10924
2685153 2691447 6294
2680666 2691612 10946
2682250 2693196 10946
2683405 2696001 12596
2687281 2698773 11492
2688004 2698938 10934
2693344 2704284 10940
2697896 2708838 10942
2694925 2709564 14639
2695736 2710686 14950
2701219 2712864 11645
2702921 2713854 10933
2700661 2715273 14612
2699654 2716890 17236
2703647 2719629 15982
2714514 2721147 6633
2711694 2722797 11103
2713501 2724447 10946
2708803 2726592 17789
2714106 2729034 14928
2719673 2730123 10450
2705429 2730387 24958
2708732 2731047 22315
2722359 2733291 10932
2723734 2734677 10943
2722659 2736558 13899
2729767 2740716 10949
2733948 2744874 10926
2735649 2746590 10941
2736751 2747184 10433
2748398 2759328 10930
2759290 2770218 10928
2762029 2772957 10928
2759690 2776983 17293
2775362 2781999 6637
2771712 2782659 10947
2772811 2784342 11531
2776468 2788863 12395
2781372 2792295 10923
2782826 2793780 10954
2783768 2794704 10936
2785391 2796321 10930
2784068 2796486 12418
2787002 2796585 9583
2785161 2797806 12645
2785976 2799720 13744
2794242 2800908 6666
2787851 2801964 14113
2788951 2803449 14498
2796752 2804109 7357
2798221 2804934 6713
2790611 2805198 14587
2796051 2807079 11028
2795470 2810940 15470
2796126 2811600 15474
2801131 2812062 10931
2800504 2814834 14330
2803548 2818992 15444
2808404 2819652 11248
2809884 2820312 10428
2818836 2829651 10815
2820303 2831235 10932
2824034 2835096 11062
2819447 2836185 16738
2823140 2837043 13903
2832282 2839023 6741
2829151 2839584 10433
2825309 2840343 15034
2832159 2843082 10923
2832596 2843445 10849
2827086 2843610 16524
2835797 2846745 10948
2835584 2849550 13966
2839311 2850276 10965
2836873 2850408 13535
2839887 2850870 10983
2840905 2851860 10955
2848078 2854731 6653
2838208 2855160 16952
2847370 2857800 10430
2847735 2858658 10923
2852165 2863113 10948
2844480 2864631 20151
2854836 2865786 10950
2851982 2867007 15025
2864421 2870703 6282
2860995 2871924 10929
2863308 2874531 11223
2866438 2877369 10931
2862917 2877402 14485
2869587 2880537 10950
2872721 2883672 10951
2870145 2884629 14484
2873782 2884728 10946
2875127 2887335 12208
2882351 2893275 10924
2881763 2896377 14614
2881911 2896872 14961
2887912 2898852 10940
2885670 2899644 13974
2889136 2900073 10937
2892923 2903868 10945
2896940 2907399 10459
2899131 2910138 11007
2903186 2914131 10945
2904206 2917332 13126
2907370 2918355 10985
2904602 2920632 16030
2915355 2926737 11382
2913756 2928024 14268
2914656 2928420 13764
2921849 2932776 10927
2921952 2932875 10923
2923492 2934426 10934
2924835 2936967 12132
2927900 2939211 11311
2930924 2941851 10927
2926976 2942478 15502
2931237 2943006 11769
2935387 2949507 14120
2939425 2950365 10940
2934719 2950431 15712
2939089 2952741 13652
2942107 2953335 11228
2943884 2956470 12586
2945695 2956635 10940
2949492 2964093 14601
2951419 2964192 12773
2957885 2968812 10927
2963513 2974455 10942
2962839 2975115 12276
2965645 2977854 12209
2964415 2978415 14000
2968524 2979471 10947
2965893 2982573 16680
2971577 2983200 11623
2973908 2984355 10447
2969724 2990031 20307
2980083 2993001 12918
2986305 2997126 10821
2988186 2999139 10953
2985747 3001713 15966
2986713 3002241 15528
2993144 3004089 10945
3010553 3016827 6274
3006484 3017421 10937
3010448 3021381 10933
3015237 3026166 10929
3016064 3028377 12313
3018616 3029565 10949
3015718 3029730 14012
3019629 3030060 10431
3020324 3031776 11452
3015947 3031908 15961
3021817 3032766 10949
3025801 3036726 10925
3026672 3038145 11473
3026861 3038772 11911
3027156 3039630 12474
3031863 3046164 14301
3034921 3049431 14510
3039462 3052467 13005
3042704 3053655 10951
3046801 3057648 10847
3048103 3059034 10931
3048382 3059694 11312
3045793 3062928 17135
3052227 3063027 10800
3048362 3063522 15160
3051032 3066393 15361
3052974 3066591 13617
3051917 3069297 17380
3058850 3069792 10942
3057109 3070287 13178
3062061 3077019 14958
3067717 3082332 14615
3073627 3084576 10949
3078653 3089592 10939
3079952 3090879 10927
3077922 3092001 14079
3079754 3094410 14656
3081469 3095763 14294
3086780 3097215 10435
3090315 3098139 7824
3095253 3102099 6846
3096277 3102924 6647
3092587 3103518 10931
3094872 3105795 10923
3093855 3107181 13326
3096028 3108468 12440
3096286 3108996 12710
3098117 3114606 16489
3103943 3114870 10927
3100851 3115761 14910
3112593 3119226 6633
3113656 3119952 6296
3111157 3122097 10940
3108844 3125694 16850
3120757 3127047 6290
3115333 3128895 13562
3122348 3133284 10936
3123184 3134802 11618
3121567 3135066 13499
3123556 3136122 12566
3126107 3137046 10939
3127243 3138168 10925
3127672 3140313 12641
3126106 3141072 14966
3128468 3144372 15904
3141099 3147738 6639
3140970 3151896 10926
3141651 3153579 11928
3141969 3154734 12765
3143717 3155328 11611
3145635 3159189 13554
3147724 3162324 14600
3152326 3163281 10955
3150004 3164172 14168
3158763 3165228 6465
3156202 3165393 9191
3154201 3168561 14360
3149373 3168693 19320
3157662 3169617 11955
3157637 3171762 14125
3162070 3172917 10847
3165733 3176679 10946
3157643 3177042 19399
3164490 3177603 13113
3164777 3178758 13981
3169263 3179748 10485
3166905 3181926 15021
3171918 3184533 12615
3178362 3184632 6270
3176546 3187470 10924
3175769 3189252 13483
3178544 3189582 11038
3179022 3190209 11187
3185111 3191760 6649
3178465 3193344 14879
3176368 3193443 17075
3180912 3194862 13950
3181426 3195258 13832
3186136 3197073 10937
3188730 3198393 9663
3177242 3198492 21250
3186797 3201726 14929
3188593 3203442 14849
3192627 3203574 10947
3193292 3204234 10942
3189622 3204333 14711
3189020 3205884 16864
3202954 3209613 6659
3199855 3210306 10451
3195811 3212682 16871
3196852 3212781 15929
3195783 3213474 17691
3198738 3214530 15792
3201520 3216477 14957
3197914 3217929 20015
3209072 3220008 10936
3209566 3220503 10937
3209145 3220668 11523
3210748 3221691 10943
3210964 3223275 12311
3212936 3223374 10438
3211562 3223902 12340
3213578 3224760 11182
3216754 3227697 10943
3217580 3227862 10282
3224444 3235386 10942
3221248 3235881 14633
3225350 3236277 10927
3226176 3236970 10794
3221702 3238257 16555
3231279 3242217 10938
3235199 3246144 10945
3236392 3246837 10445
3235577 3249378 13801
3238726 3249675 10949
3242032 3252975 10943
3244822 3255747 10925
3240356 3256209 15853
3242835 3258024 15189
3247792 3258717 10925
3243367 3260697 17330
3248757 3262545 13788
3248035 3263535 15500
3251963 3266472 14509
3249985 3267231 17246
3261516 3272445 10929
3261840 3272775 10935
3268162 3274458 6296
3268006 3274656 6650
3268624 3275283 6659
3267037 3277494 10457
3265319 3278352 13033
3268915 3280794 11879
3270262 3281190 10928
3273706 3284655 10949
3274932 3285876 10944
3274114 3288120 14006
3276294 3288153 11859
3278981 3291585 12604
3280511 3292212 11701
3283125 3293565 10440
3291202 3302145 10943
3296831 3303102 6271
3293514 3304455 10941
3290373 3305379 15006
3298363 3310296 11933
3299846 3310791 10945
3301114 3313464 12350
3303554 3314487 10933
3304026 3314949 10923
3305763 3316566 10803
3310500 3316797 6297
3310610 3317259 6649
3316211 3322506 6295
3319712 3330657 10945
3322992 3333396 10404
3327403 3333693 6290
3322983 3333924 10941
3321942 3336399 14457
3325701 3336861 11160
3326495 3337422 10927
3335709 3342372 6663
3330238 3344550 14312
3331987 3345738 13751
3335608 3346563 10955
3330290 3348708 18418
3339176 3350127 10951
3339995 3351843 11848
3342581 3353526 10945
3341024 3362766 21742
3352482 3365505 13023
3353257 3366627 13370
3360888 3367188 6300
3363557 3369828 6271
3361082 3372006 10924
3365855 3376791 10936
3366821 3377748 10927
3368129 3378573 10444
3367245 3378771 11526
3369268 3380817 11549
3375993 3382269 6276
3372255 3383061 10806
3372506 3383457 10951
3375751 3383655 7904
3373021 3385338 12317
3380291 3386955 6664
3380090 3391014 10924
3377572 3392169 14597
3383013 3394380 11367
3386360 3397152 10792
3393280 3399627 6347
3389627 3400419 10792
3390364 3401310 10946
3388846 3403488 14642
3389399 3406095 16696
3396600 3412629 16029
3396841 3413487 16646
3406348 3418338 11990
3401502 3419526 18024
3415118 3426060 10942
3415309 3426258 10949
3415705 3426819 11114
3417389 3429261 11872
3415965 3429459 13494
3414163 3429492 15329
3417156 3430086 12930
3418744 3431868 13124
3415677 3432561 16884
3422574 3433518 10944
3426960 3433617 6657
3426968 3436653 9685
3426444 3439854 13410
3434221 3444672 10451
3438745 3449556 10811
3439910 3452196 12286
3438600 3453186 14586
3443681 3454605 10924
3441226 3457410 16184
3447929 3458862 10933
3448210 3459258 11048
3446681 3460512 13831
3448205 3460776 12571
3447217 3462393 15176
3450039 3462459 12420
3453347 3463779 10432
3459473 3466122 6649
3453301 3469917 16616
3458380 3473184 14804
3463957 3474900 10943
3465778 3480576 14798
3475106 3487242 12136
3475552 3487902 12350
3476788 3488496 11708
3482139 3493611 11472
3486668 3497604 10936
3494713 3509682 14969
3504369 3515292 10923
3507104 3518031 10927
3506742 3518295 11553
3508394 3519318 10924
3509150 3520176 11026
3510993 3521430 10437
3511211 3522222 11011
3510018 3523971 13953
3515045 3525852 10807
3516083 3527040 10957
3522167 3528459 6292
3512307 3529119 16812
3514347 3530241 15894
3524332 3530604 6272
3521393 3532320 10927
3518936 3533244 14308
3522851 3533673 10822
3523955 3534894 10939
3518225 3536577 18352
3521687 3537039 15352
3522346 3537666 15320
3527202 3538128 10926
3527664 3538590 10926
3529133 3540768 11635
3530677 3541626 10949
3530576 3544002 13426
3534678 3545619 10941
3530392 3547302 16910
3535289 3548853 13564
3538762 3550569 11807
3539591 3551988 12397
3544720 3553407 8687
3549194 3555585 6391
3543702 3556047 12345
3538701 3559314 20613
3548680 3559611 10931
3549954 3561723 11769
3551437 3564891 13454
3549527 3567036 17509
3559698 3570633 10935
3556258 3576309 20051
3567768 3579477 11709
3570377 3581325 10948
3572358 3582810 10452
3575969 3586407 10438
3575531 3586473 10942
3582478 3588750 6272
3578154 3589080 10926
3578410 3589344 10934
3584136 3595086 10950
3582973 3595251 12278
3585840 3596769 10929
3587523 3600102 12579
3589923 3602115 12192
3592909 3603864 10955
3593083 3604029 10946
3599758 3610695 10937
