136 11088 10952
1306 12243 10937
1325 12903 11578
7359 13992 6633
2066 15675 13609
1450 16203 14753
1666 16203 14537
6056 16500 10444
8266 19206 10940
3087 19965 16878
6336 23298 16962
7642 23826 16184
7257 24222 16965
12013 24321 12308
10926 24717 13791
15126 26136 11010
12250 27456 15206
13052 27621 14569
16726 29469 12743
19774 30591 10817
17730 32010 14280
23289 34815 11526
19105 35145 16040
16563 35211 18648
19870 35772 15902
21319 37158 15839
22690 38907 16217
26958 40359 13401
17610 42042 24432
23265 42108 18843
28938 43659 14721
29594 43989 14395
31075 44220 13145
31527 45210 13683
35627 46959 11332
33263 47322 14059
25425 49203 23778
37789 49632 11843
38795 50259 11464
32434 52866 20432
42703 53394 10691
36713 53658 16945
37711 54219 16508
28397 54252 25855
40845 56331 15486
42254 56859 14605
43614 57387 13773
47083 57552 10469
35035 57585 22550
39432 57750 18318
35746 58113 22367
47955 58146 10191
47527 58443 10916
42201 58509 16308
37746 58608 20862
42947 61347 18400
46470 61644 15174
42445 61776 19331
35739 61875 26136
46376 64911 18535
42774 65109 22335
49562 65406 15844
46827 65670 18843
54346 65670 11324
51632 67650 16018
49766 68937 19171
54433 70026 15593
53060 70686 17626
55259 71247 15988
53414 71412 17998
58544 72765 14221
53921 73128 19207
56922 73227 16305
58038 73260 15222
58062 74250 16188
59660 74415 14755
61514 76428 14914
55064 77121 22057
56007 77682 21675
58970 78045 19075
57482 78078 20596
63148 78276 15128
63943 78804 14861
55880 79662 23782
59773 81015 21242
62207 81312 19105
73778 82236 8458
65970 82269 16299
66561 82896 16335
60064 83424 23360
59715 84579 24864
63484 85602 22118
65728 86328 20600
68013 86328 18315
62041 86526 24485
70035 89067 19032
66693 89562 22869
63290 89628 26338
74921 89661 14740
67145 90156 23011
70793 90189 19396
70063 90783 20720
77798 91344 13546
82000 92433 10433
73680 94248 20568
77810 94413 16603
75417 94578 19161
75083 95667 20584
75750 97548 21798
81503 97680 16177
73864 99033 25169
74862 99561 24699
76882 99594 22712
82780 99891 17111
79224 100716 21492
79783 100980 21197
86328 101376 15048
86034 101508 15474
87064 104115 17051
98109 104940 6831
89874 105402 15528
80231 106953 26722
98798 107481 8683
84243 107976 23733
88141 108702 20561
86587 109230 22643
84188 109659 25471
84299 111276 26977
81237 111507 30270
88915 111837 22922
90745 112464 21719
94235 112893 18658
95006 113454 18448
96397 114048 17651
90321 114906 24585
101830 115203 13373
100894 117051 16157
108643 119757 11114
102889 120285 17396
106770 120384 13614
114304 120582 6278
107320 120945 13625
104587 121275 16688
103618 121539 17921
111222 123387 12165
104609 124476 19867
107037 124839 17802
109515 124905 15390
109589 126258 16669
111454 127149 15695
117143 127578 10435
118620 129360 10740
112626 130185 17559
116063 130944 14881
120223 131406 11183
120408 134409 14001
120241 135333 15092
122059 137676 15617
123088 138204 15116
122458 138237 15779
123892 141537 17645
127066 141603 14537
123397 142494 19097
129168 142692 13524
128658 142857 14199
128148 143055 14907
134468 144903 10435
127868 145959 18091
129537 146091 16554
123992 146619 22627
128679 146982 18303
132185 148203 16018
126021 148764 22743
132684 149193 16509
134676 149292 14616
136239 150348 14109
133266 152889 19623
139851 153318 13467
137769 153450 15681
141371 153978 12607
135282 156156 20874
137350 156552 19202
136389 156684 20295
141149 157278 16129
143776 157278 13502
146286 158268 11982
143604 159885 16281
147387 160644 13257
144075 160842 16767
148981 160875 11894
145629 160974 15345
150004 161205 11201
145773 162096 16323
145550 165363 19813
155838 166815 10977
149288 167343 18055
154362 167904 13542
148668 168168 19500
153474 169092 15618
149091 170709 21618
157345 171336 13991
157519 172689 15170
157813 173382 15569
161729 175593 13864
163259 176583 13324
163717 178398 14681
160317 178728 18411
163357 178860 15503
158205 179817 21612
170352 181302 10950
161960 183249 21289
172613 183546 10933
167900 183744 15844
174311 185130 10819
168098 186648 18550
171794 186846 15052
176092 187407 11315
176457 187407 10950
173708 190311 16603
182450 190509 8059
181309 192720 11411
179090 196251 17161
185676 196746 11070
182838 197703 14865
182161 199353 17192
183644 199518 15874
185978 200277 14299
187588 200310 12722
188098 201102 13004
185699 201201 15502
186642 204435 17793
194507 206811 12304
190287 207570 17283
187078 208362 21284
189363 209022 19659
193760 209682 15922
191084 209781 18697
200448 210903 10455
200671 211728 11057
196610 212883 16273
198991 213972 14981
192153 214335 22182
201112 216084 14972
202309 216117 13808
208532 219483 10951
201492 220275 18783
210353 221694 11341
211445 222519 11074
211000 222618 11618
207035 222783 15748
208254 223443 15189
212993 223938 10945
212717 226182 13465
216075 227007 10932
213271 227733 14462
216161 228327 12166
223066 229350 6284
218683 229614 10931
217901 230241 12340
213635 232254 18619
226938 233574 6636
219771 234399 14628
224607 235059 10452
223431 235488 12057
226323 237270 10947
224681 240504 15823
228175 241098 12923
228749 242154 13405
226298 242352 16054
230635 242484 11849
228849 243441 14592
231697 245190 13493
230645 245421 14776
229112 245718 16606
228457 246246 17789
228599 246609 18010
230952 247170 16218
235662 248589 12927
235236 249744 14508
238091 250140 12049
234205 250503 16298
234356 252648 18292
238861 253374 14513
238848 253803 14955
238426 254991 16565
239078 255882 16804
240155 256410 16255
240704 256608 15904
238265 257037 18772
241892 257598 15706
242008 258060 16052
244611 259545 14934
242960 260469 17509
244375 260535 16160
245997 261162 15165
238606 262317 23711
243806 262317 18511
245886 262845 16959
248492 264627 16135
246087 265122 19035
251674 265254 13580
249716 265287 15571
249858 265551 15693
246934 267894 20960
252248 269478 17230
251883 270006 18123
251085 271161 20076
252527 271722 19195
258174 272283 14109
256503 272646 16143
253902 272877 18975
257726 273042 15316
257809 273768 15959
256234 275385 19151
256421 276177 19756
258322 276738 18416
256101 279939 23838
263767 280632 16865
264844 281292 16448
269787 282777 12990
272185 283404 11219
265610 284592 18982
268717 285120 16403
263097 286341 23244
279265 286539 7274
269782 286902 17120
270054 287100 17046
282573 288849 6276
260126 289608 29482
271132 290136 19004
277155 290565 13410
267662 290664 23002
267024 291126 24102
273504 291687 18183
274846 293931 19085
272815 294063 21248
282831 294195 11364
276169 294492 18323
279711 294591 14880
273620 297726 24106
285638 297858 12220
291741 298023 6282
286339 298419 12080
280983 299211 18228
281581 300927 19346
277222 301026 23804
281700 301521 19821
282466 302346 19880
278095 303897 25802
288967 304689 15722
278991 304854 25863
286034 306273 20239
291965 306801 14836
290723 307131 16408
289613 308022 18409
282821 308451 25630
285979 309177 23198
289984 309408 19424
293409 309903 16494
288666 311322 22656
293419 314259 20840
298145 314952 16807
294966 315348 20382
299563 315480 15917
292034 317361 25327
294510 318483 23973
292460 318813 26353
307854 319539 11685
294074 319572 25498
295377 320595 25218
294736 322377 27641
300059 323895 23836
311014 323994 12980
302392 324555 22163
301289 324753 23464
299572 325017 25445
301118 325578 24460
306791 326139 19348
314205 326667 12462
306403 328449 22046
311613 328845 17232
298510 329241 30731
301688 329868 28180
319073 330396 11323
310454 330528 20074
319695 330627 10932
320088 331452 11364
326462 333201 6739
322693 333630 10937
317423 334917 17494
319236 335940 16704
309444 336138 26694
310976 336534 25558
311053 336798 25745
311110 338052 26942
325423 338085 12662
316274 338481 22207
320567 338712 18145
318868 339801 20933
328892 340131 11239
319130 341946 22816
329141 342507 13366
336433 342903 6470
332682 344289 11607
325864 344784 18920
326201 345180 18979
324966 347193 22227
323992 347787 23795
330167 348315 18148
335413 348447 13034
328152 349701 21549
330141 351120 20979
324590 351681 27091
335944 351714 15770
329689 352242 22553
330902 352275 21373
346062 352704 6642
338083 352770 14687
339195 353430 14235
339102 355839 16737
342605 356400 13795
332372 356664 24292
345879 356829 10950
334469 357456 22987
346429 357522 11093
348469 359667 11198
341339 360525 19186
351455 361911 10456
353154 364089 10935
351448 364914 13466
355114 366069 10955
351550 367158 15608
352843 367818 14975
361624 367917 6293
359595 370557 10962
360470 370986 10516
355565 371052 15487
359380 371778 12398
361210 372438 11228
362349 373395 11046
356370 373527 17157
359536 374055 14519
363757 374682 10925
370129 376464 6335
362257 377949 15692
365270 379071 13801
360062 380820 20758
361829 381942 20113
372688 383625 10937
373874 384813 10939
365800 385935 20135
366004 385935 19931
374336 385968 11632
369257 389202 19945
375268 389400 14132
374050 389829 15779
369785 390159 20374
374554 390522 15968
376286 391083 14797
379129 391644 12515
377296 393558 16262
381427 393624 12197
374309 393756 19447
374958 394284 19326
382088 394911 12823
385972 396924 10952
379998 397452 17454
387672 399729 12057
388829 399861 11032
380758 402138 21380
383296 402831 19535
389659 402864 13205
385755 404118 18363
387186 404646 17460
385483 404943 19460
389440 405570 16130
395517 405636 10119
392737 405735 12998
390479 405801 15322
390619 406131 15512
399117 408375 9258
395369 409101 13732
398750 412566 13816
399053 413127 14074
392665 415668 23003
390395 415965 25570
402994 416262 13268
396385 416295 19910
399244 419199 19955
403206 419595 16389
400655 419661 19006
404053 420156 16103
401751 420420 18669
400843 420519 19676
400884 421113 20229
403101 421443 18342
401331 421740 20409
401656 421839 20183
404035 422367 18332
402877 423588 20711
406163 426393 20230
415562 428538 12976
421942 429330 7388
415058 430815 15757
406779 431211 24432
407621 431574 23953
416314 431739 15425
408400 432234 23834
417429 432993 15564
419526 435369 15843
419076 438207 19131
428043 438471 10428
432367 438669 6302
410050 438867 28817
415845 439131 23286
422197 440385 18188
429898 440847 10949
432546 442233 9687
427453 443124 15671
420433 443487 23054
427999 443619 15620
440172 446457 6285
433853 447249 13396
427190 448074 20884
436890 451044 14154
422297 451077 28780
429548 451539 21991
437211 452892 15681
435287 453849 18562
433413 454476 21063
442550 454641 12091
440008 454707 14699
438447 457710 19263
431764 457875 26111
444327 457941 13614
447263 457974 10711
438892 461043 22151
455265 461538 6273
446539 462099 15560
440343 464409 24066
448088 464838 16750
441529 465003 23474
450641 467775 17134
461934 468204 6270
454120 468270 14150
457382 468831 11449
450295 469821 19526
455667 471306 15639
455460 471801 16341
457592 471801 14209
457865 472296 14431
450911 474903 23992
463487 475365 11878
455953 475629 19676
461307 476157 14850
462200 477906 15706
465990 477906 11916
465755 479259 13504
462048 479391 17343
472496 479919 7423
466459 480249 13790
470147 480579 10432
465783 483516 17733
466063 484044 17981
470616 484242 13626
467791 487179 19388
469406 488070 18664
476069 489456 13387
478206 490050 11844
471647 490413 18766
475350 490974 15624
485371 492030 6659
485964 492261 6297
473780 492624 18844
482438 495792 13354
482714 495825 13111
480707 499026 18319
485343 499026 13683
493237 499521 6284
482410 499587 17177
485694 500181 14487
489310 500247 10937
488602 500478 11876
491245 502194 10949
489704 503349 13645
492768 504636 11868
493526 505230 11704
483807 507606 23799
491728 509586 17858
495998 510840 14842
498650 512688 14038
501857 512787 10930
498110 514998 16888
500428 516021 15593
500668 516087 15419
505251 516186 10935
507830 518760 10930
512313 519585 7272
511889 522324 10435
508320 522456 14136
509547 523116 13569
510448 523314 12866
506306 523578 17272
512838 523611 10773
512969 523908 10939
513242 524304 11062
513542 524667 11125
512377 524865 12488
514392 529188 14796
515283 530970 15687
519742 531465 11723
517780 532554 14774
516967 533907 16940
523140 534534 11394
518168 534600 16432
522243 535161 12918
525361 536778 11417
523470 537207 13737
529680 540606 10926
521675 540870 19195
525738 541398 15660
531553 542355 10802
527413 543411 15998
539241 545523 6282
532252 545655 13403
522936 545721 22785
530659 546513 15854
536404 547239 10835
535561 548526 12965
538760 549714 10954
537070 553080 16010
539669 553311 13642
533316 553905 20589
540968 554136 13168
537871 554532 16661
542912 554664 11752
548710 556446 7736
542494 557304 14810
541490 557898 16408
543101 558426 15325
546299 559713 13414
547140 560274 13134
550581 560670 10089
544529 561627 17098
544955 562056 17101
547740 562287 14547
546529 562452 15923
548241 563343 15102
550461 564630 14169
548039 566379 18340
553236 566610 13374
554571 567138 12567
556197 569712 13515
556258 570273 14015
560800 572121 11321
561494 572418 10924
561834 573111 11277
555418 573606 18188
561761 574596 12835
564340 575289 10949
556557 575982 19425
569769 576312 6543
560956 576675 15719
563087 577137 14050
566788 578787 11999
563204 580371 17167
569941 580866 10925
561779 580932 19153
563533 581427 17894
570901 583605 12704
570573 584067 13494
571489 584397 12908
565499 584529 19030
572558 585156 12598
577957 585684 7727
576710 587169 10459
578287 588786 10499
581436 589611 8175
571230 591624 20394
572517 591921 19404
564891 592086 27195
573538 592383 18845
572334 592680 20346
579759 592845 13086
569780 595188 25408
581662 595584 13922
578381 595980 17599
580156 596046 15890
577535 598422 20887
583562 598818 15256
583763 599049 15286
584752 599346 14594
584572 599808 15236
590991 601161 10170
587366 603108 15742
591369 603603 12234
588311 603636 15325
591262 606408 15146
592786 606474 13688
600251 606903 6652
587319 607068 19749
596193 607266 11073
590013 609939 19926
603623 610269 6646
587245 610302 23057
589202 610962 21760
592260 612876 20616
589638 613173 23535
593139 613668 20529
599234 615252 16018
599735 615252 15517
601215 616341 15126
602173 616902 14729
597617 617232 19615
600000 619278 19278
605762 621060 15298
604723 621192 16469
604931 622050 17119
608825 622677 13852
606195 624294 18099
607009 624855 17846
609209 625383 16174
610873 626043 15170
615404 626274 10870
603451 626472 23021
617106 628089 10983
613609 629145 15536
609924 629310 19386
610414 629838 19424
619133 630234 11101
612023 630696 18673
614037 631191 17154
617798 636339 18541
618003 636438 18435
608468 636834 28366
620803 638352 17549
622156 638847 16691
621757 639012 17255
625497 639375 13878
628629 640035 11406
620288 640134 19846
624431 640695 16264
621841 641157 19316
622626 641685 19059
625661 642114 16453
629076 643731 14655
628073 645381 17308
630589 646272 15683
640712 646998 6286
630983 647031 16048
640924 647559 6635
634423 651420 16997
636550 653532 16982
647740 654027 6287
634171 654588 20417
641253 655908 14655
641412 659076 17664
639395 659208 19813
642092 659769 17677
645578 660363 14785
641121 660924 19803
646834 661452 14618
647503 662376 14873
655288 665676 10388
661100 667392 6292
646048 667854 21806
653295 669636 16341
663397 670032 6635
654114 670527 16413
658344 670824 12480
659375 671517 12142
652995 672408 19413
660388 675642 15254
658625 675840 17215
653959 678942 24983
665284 679140 13856
658789 679173 20384
657612 679503 21891
657652 680130 22478
666231 680196 13965
665023 682275 17252
666038 682374 16336
665049 682935 17886
666955 683430 16475
670587 683463 12876
665982 685641 19659
670492 686631 16139
662966 687225 24259
666743 687456 20713
669791 688248 18457
669467 689931 20464
669129 690459 21330
677539 691449 13910
685929 692571 6642
682476 693429 10953
673239 694254 21015
682913 695343 12430
671829 695409 23580
674106 695937 21831
677572 698148 20576
681684 698412 16728
680549 698676 18127
675946 698775 22829
687810 698808 10998
680791 698874 18083
686876 700260 13384
673363 701019 27656
686413 702108 15695
691190 702141 10951
689741 704385 14644
692744 704550 11806
677819 704748 26929
684346 705408 21062
691272 705672 14400
684431 708048 23617
698385 708840 10455
687370 709566 22196
688614 710160 21546
689507 711282 21775
698212 711612 13400
699386 711810 12424
698173 713361 15188
693917 714252 20335
703312 714318 11006
698202 716133 17931
702514 716199 13685
710701 716991 6290
700467 719433 18966
713625 719895 6270
701449 719928 18479
704424 719994 15570
702681 720753 18072
706015 721281 15266
704133 724020 19887
712420 724548 12128
709455 726825 17370
708730 727782 19052
703529 728178 24649
713929 728310 14381
716209 729630 13421
720606 731544 10938
714424 731577 17153
715442 732138 16696
718184 732699 14515
719880 735735 15855
729920 736197 6277
725428 736362 10934
722622 737451 14829
726181 739431 13250
725431 739596 14165
726007 739662 13655
733596 741939 8343
728638 744711 16073
729254 745404 16150
730930 745833 14903
734906 746559 11653
739900 747087 7187
736003 747450 11447
741140 747879 6739
734227 749397 15170
735544 749628 14084
735366 750189 14823
735401 750717 15316
738801 750750 11949
739652 751377 11725
744182 751641 7459
739540 754050 14510
739990 754413 14423
743271 754578 11307
739548 754611 15063
748339 754611 6272
742148 756723 14575
747587 757515 9928
745670 757911 12241
742551 760782 18231
754611 760914 6303
751454 762333 10879
752320 763389 11069
740695 764940 24245
758886 765171 6285
758002 765699 7697
748637 766293 17656
751970 766821 14851
744893 767976 23083
756477 768042 11565
754335 768174 13839
756574 768504 11930
759755 770682 10927
748966 770946 21980
753145 773586 20441
762063 774312 12249
764116 775335 11219
768366 778107 9741
761410 779955 18545
763518 781407 17889
770893 781836 10943
764120 783057 18937
770042 783981 13939
771833 784509 12676
771375 784905 13530
772082 785037 12955
778854 785136 6282
764778 787380 22602
773822 788139 14317
771497 790086 18589
765866 790317 24451
773491 790482 16991
778846 790614 11768
772937 791439 18502
777490 792462 14972
770680 794640 23960
782778 796950 14172
776651 797874 21223
780158 798534 18376
781563 798699 17136
780796 800184 19388
779260 801966 22706
782062 802527 20465
794728 803550 8822
781308 803748 22440
781579 803748 22169
781711 804408 22697
786928 804639 17711
792870 804903 12033
784801 805101 20300
783096 806982 23886
793582 807378 13796
797018 807972 10954
783660 808335 24675
799895 808500 8605
786815 809754 22939
783306 810447 27141
786604 810744 24140
798182 811008 12826
789079 811635 22556
797090 812559 15469
786166 813054 26888
790480 813846 23366
793529 814572 21043
794430 815199 20769
798786 815793 17007
800946 816057 15111
798215 816222 18007
802667 816453 13786
798413 819159 20746
812886 819159 6273
800035 820380 20345
802649 820875 18226
798458 821898 23440
808759 823680 14921
808736 826683 17947
799504 826914 27410
811583 827310 15727
808955 827541 18586
801605 827838 26233
801890 830148 28258
810538 830148 19610
814868 830742 15874
808784 831072 22288
818495 831369 12874
820471 832029 11558
823327 834273 10946
814627 834306 19679
818674 834306 15632
817385 834933 17548
822586 835593 13007
822757 836253 13496
816902 837276 20374
822671 837507 14836
823016 838068 15052
811550 838365 26815
822336 838860 16524
828373 839256 10883
822940 840675 17735
831259 842556 11297
824598 842622 18024
827519 844833 17314
828685 844998 16313
828924 845361 16437
833184 845592 12408
827346 846120 18774
830832 847935 17103
827574 848100 20526
826707 848991 22284
835788 848991 13203
829907 849024 19117
829337 851928 22591
838293 854700 16407
833599 855162 21563
843259 855228 11969
840269 855327 15058
837957 855789 17832
843691 855855 12164
844931 855987 11056
845570 856383 10813
838733 858429 19696
840830 858957 18127
843019 859089 16070
851497 862686 11189
846928 863841 16913
854748 865689 10941
847319 865755 18436
851829 866547 14718
856806 867735 10929
858957 868560 9603
855722 870111 14389
855047 871233 16186
851950 871695 19745
857443 871761 14318
852602 872256 19654
861811 872751 10940
862905 873840 10935
854942 875490 20548
859002 876051 17049
862028 878460 16432
862261 879417 17156
869071 880011 10940
857980 882651 24671
863721 882651 18930
868580 883179 14599
865635 883212 17577
867562 884235 16673
867630 884895 17265
868475 885456 16981
880208 886479 6271
872126 886809 14683
869854 887073 17219
870051 887568 17517
870360 888096 17736
865023 888129 23106
874434 888756 14322
874783 890043 15260
870397 890373 19976
871721 890703 18982
881131 891561 10430
874339 892287 17948
877393 892914 15521
882802 893739 10937
883610 894069 10459
885200 896148 10948
881213 896247 15034
883925 896841 12916
886581 897765 11184
884009 898953 14944
888861 899811 10950
889812 900735 10923
887938 902154 14216
882723 902253 19530
885688 902781 17093
896809 903111 6302
892732 903672 10940
891767 905388 13621
891091 908622 17531
898599 909414 10815
886314 909645 23331
899286 910272 10986
898402 912318 13916
897787 913506 15719
899628 914034 14406
902066 916839 14773
907196 918126 10930
904516 918390 13874
907277 919281 12004
909297 920238 10941
911799 922053 10254
910520 922416 11896
911664 925617 13953
916876 927828 10952
917023 928587 11564
919648 930468 10820
918136 930567 12431
919039 933603 14564
920986 934890 13904
921628 935187 13559
924883 936573 11690
919960 938025 18065
922882 938124 15242
923512 938322 14810
927394 938322 10928
923907 943305 19398
932844 945912 13068
927682 946044 18362
927939 946836 18897
942387 948684 6297
932625 949047 16422
928954 949146 20192
932249 949344 17095
926408 949806 23398
936765 950004 13239
937505 950037 12532
928679 950367 21688
938667 951060 12393
937545 951951 14406
940579 952017 11438
939411 953106 13695
937704 955185 17481
936888 956472 19584
944706 956472 11766
942772 957000 14228
940558 957528 16970
940520 959079 18559
936300 959475 23175
944537 959772 15235
953683 960333 6650
939634 960630 20996
944162 960696 16534
945069 962709 17640
945781 963930 18149
957492 964128 6636
946907 964491 17584
948251 968088 19837
952003 968253 16250
953938 969342 15404
956676 971883 15207
962286 972741 10455
952141 972939 20798
964040 975084 11044
963026 975117 12091
964540 976074 11534
958809 978285 19476
962635 978384 15749
964252 978813 14561
965343 979374 14031
966983 981651 14668
967479 982080 14601
963630 982674 19044
966534 983697 17163
966324 984588 18264
970465 985809 15344
972321 986964 14643
974736 989901 15165
969014 990264 21250
977252 990825 13573
973310 991122 17812
980482 993003 12521
978522 993498 14976
975678 993828 18150
981969 996930 14961
974529 996963 22434
980675 997854 17179
981439 1000197 18758
982021 1001649 19628
984786 1002375 17589
984918 1003068 18150
984327 1003497 19170
988156 1003794 15638
987470 1004025 16555
989400 1004553 15153
989995 1004553 14558
990797 1005048 14251
980794 1005279 24485
992061 1005939 13878
999951 1006302 6351
991888 1008183 16295
992112 1008414 16302
992830 1009173 16343
998971 1009899 10928
995609 1010295 14686
999251 1010394 11143
1005936 1012209 6273
995437 1013331 17894
1001790 1013958 12168
997707 1016235 18528
999235 1016730 17495
1002467 1017324 14857
1001861 1018512 16651
1008795 1020591 11796
1006894 1021845 14951
1009384 1022472 13088
1008704 1022967 14263
1015792 1023132 7340
1010110 1023627 13517
1012821 1024947 12126
1014215 1025145 10930
1013282 1026135 12853
1010448 1027191 16743
1010829 1027719 16890
1014295 1028280 13985
1010081 1029072 18991
1011787 1029435 17648
1010868 1029501 18633
1013020 1030128 17108
1015759 1031547 15788
1020691 1031646 10955
1016914 1032174 15260
1016714 1033527 16813
1014513 1035837 21324
1017938 1035936 17998
1015159 1036464 21305
1021014 1036695 15681
1017312 1036959 19647
1017912 1037190 19278
1015890 1038939 23049
1017531 1039929 22398
1020234 1041810 21576
1035891 1042173 6282
1021622 1042437 20815
1029084 1043196 14112
1021790 1043526 21736
1017683 1044054 26371
1017825 1044318 26493
1019705 1044846 25141
1029828 1045473 15645
1033862 1045572 11710
1022982 1047321 24339
1018238 1048806 30568
1023564 1048905 25341
1022731 1049334 26603
1039355 1050291 10936
1032869 1050423 17554
1029013 1050489 21476
1026552 1052436 25884
1036193 1053657 17464
1038362 1054845 16483
1028840 1055175 26335
1042882 1055505 12623
1033553 1055736 22183
1030661 1058475 27814
1031217 1059003 27786
1035630 1059333 23703
1035918 1060125 24207
1044613 1061181 16568
1045887 1061742 15855
1039163 1062006 22843
1034160 1062270 28110
1046111 1062270 16159
1044408 1062534 18126
1046867 1062633 15766
1047948 1063095 15147
1047081 1063128 16047
1040544 1065504 24960
1042156 1066230 24074
1053094 1066230 13136
1049056 1066824 17768
1053911 1069233 15322
1048553 1070091 21538
1056861 1070421 13560
1049230 1073391 24161
1062778 1073721 10943
1055536 1074480 18944
1055871 1074678 18807
1057292 1075008 17716
1059422 1075239 15817
1059063 1075602 16539
1060080 1075800 15720
1058903 1076493 17590
1060475 1076625 16150
1061295 1078110 16815
1062093 1078836 16743
1061369 1079925 18556
1070187 1081113 10926
1064122 1082994 18872
1071398 1083654 12256
1070004 1084314 14310
1073370 1084314 10944
1068782 1087383 18601
1070277 1087680 17403
1073145 1088538 15393
1071519 1089132 17613
1076692 1090452 13760
1065507 1090881 25374
1082690 1091541 8851
1073996 1094181 20185
1077318 1095138 17820
1084412 1095336 10924
1077224 1096194 18970
1077660 1097118 19458
1078251 1097316 19065
1083803 1098867 15064
1085490 1098999 13509
1085463 1099395 13932
1079243 1100352 21109
1085430 1100979 15549
1086955 1102695 15740
1096845 1103124 6279
1089769 1103586 13817
1091015 1104510 13495
1091343 1106853 15510
1090417 1107447 17030
1093024 1108239 15215
1093901 1108437 14536
1097550 1110549 12999
1099926 1110879 10953
1098216 1111242 13026
1104180 1115103 10923
1095413 1117017 21604
1106148 1117083 10935
1101626 1117545 15919
1102361 1118205 15844
1098319 1118964 20645
1107917 1119063 11146
1102001 1119954 17953
1112061 1122792 10731
1110821 1126323 15502
1107856 1126389 18533
1110737 1126851 16114
1111493 1126950 15457
1105176 1127676 22500
1115598 1129623 14025
1111543 1130085 18542
1115450 1132230 16780
1105322 1133154 27832
1113352 1133253 19901
1124250 1135200 10950
1120041 1135431 15390
1127037 1135860 8823
1114293 1136487 22194
1123003 1136520 13517
1119665 1138929 19264
1125799 1139523 13724
1121631 1139589 17958
1126174 1139820 13646
1115365 1140579 25214
1119200 1142526 23326
1123518 1142757 19239
1122936 1143120 20184
1133971 1143120 9149
1126422 1143681 17259
1127387 1145859 18472
1136627 1145859 9232
1127935 1146453 18518
1128134 1146981 18847
1131102 1147146 16044
1133409 1148400 14991
1130822 1148697 17875
1140568 1151205 10637
1134760 1151436 16676
1133675 1153680 20005
1136888 1154208 17320
1141158 1154538 13380
1135112 1154670 19558
1140978 1154769 13791
1141515 1155462 13947
1143703 1158894 15191
1143609 1161303 17694
1146088 1163250 17162
1146095 1163778 17683
1147023 1164438 17415
1143211 1164537 21326
1153815 1164570 10755
1138658 1165065 26407
1158810 1165098 6288
1147869 1165230 17361
1143855 1165593 21738
1150549 1168464 17915
1150819 1168695 17876
1151540 1169124 17584
1159379 1170774 11395
1158158 1171764 13606
1148194 1172688 24494
1153411 1173315 19904
1163450 1173810 10360
1157383 1174173 16790
1146632 1174635 28003
1147461 1175724 28263
1164182 1176021 11839
1165135 1176087 10952
1160031 1178331 18300
1161877 1178892 17015
1163387 1179387 16000
1161692 1179849 18157
1162997 1180410 17413
1158019 1180971 22952
1165638 1181037 15399
1169242 1182984 13742
1171295 1183149 11854
1173198 1184139 10941
1174262 1185195 10933
1172291 1186416 14125
1173282 1186944 13662
1172604 1187241 14637
1176214 1187373 11159
1171520 1187472 15952
1175025 1188198 13173
1178711 1189155 10444
1178368 1189518 11150
1172605 1191465 18860
1179683 1191993 12310
1184391 1194831 10440
1181799 1195623 13824
1177327 1196547 19220
1185015 1196712 11697
1180569 1197174 16605
1185231 1197339 12108
1186404 1197999 11595
1187479 1198131 10652
1189177 1199913 10736
1186197 1200969 14772
1185801 1201860 16059
1189824 1205325 15501
1194100 1206084 11984
1200122 1208229 8107
1197910 1208856 10946
1194262 1210044 15782
1194232 1210110 15878
1199723 1210671 10948
1195363 1210737 15374
1196355 1211298 14943
1199850 1211331 11481
1196847 1211562 14715
1199950 1212057 12107
1195692 1212420 16728
1195221 1213740 18519
1203425 1214631 11206
1202158 1215654 13496
1201555 1216017 14462
1197172 1216974 19802
1201200 1217502 16302
1202853 1217535 14682
1203508 1218624 15116
1210166 1221099 10933
1204448 1221264 16816
1203713 1221363 17650
1210469 1221924 11455
1204172 1224465 20293
1209005 1225587 16582
1214448 1228524 14076
1214473 1229349 14876
1214538 1230372 15834
1208258 1230867 22609
1211425 1231395 19970
1213038 1231956 18918
1220686 1231989 11303
1209511 1232451 22940
1217430 1232649 15219
1222613 1234893 12280
1210318 1235190 24872
1210434 1235718 25284
1214532 1235949 21417
1227749 1236015 8266
1205281 1236345 31064
1224724 1238490 13766
1218142 1238754 20612
1232277 1238919 6642
1226111 1240074 13963
1228904 1240668 11764
1225134 1241130 15996
1220427 1241988 21561
1217349 1242846 25497
1221750 1243275 21525
1228006 1244067 16061
1229527 1244727 15200
1223397 1245090 21693
1222869 1245453 22584
1230811 1246377 15566
1224751 1246509 21758
1230816 1247070 16254
1211249 1247598 36349
1234299 1249347 15048
1228035 1252548 24513
1228612 1252878 24266
1229133 1253043 23910
1230671 1253571 22900
1232871 1253604 20733
1237155 1254627 17472
1237228 1255254 18026
1243374 1255749 12375
1237358 1256046 18688
1234194 1256871 22677
1234362 1257465 23103
1244585 1257993 13408
1229728 1258125 28397
1243155 1258488 15333
1231106 1258653 27547
1244539 1259082 14543
1238519 1260204 21685
1245610 1260732 15122
1245176 1261887 16711
1249184 1262085 12901
1243628 1263438 19810
1245058 1264032 18974
1253656 1264296 10640
1247605 1267167 19562
1253356 1267365 14009
1241786 1267728 25942
1254119 1267794 13675
1257622 1268223 10601
1256399 1269708 13309
1251451 1270467 19016
1253271 1270995 17724
1251599 1271523 19924
1253635 1272975 19340
1258349 1273008 14659
1252450 1274262 21812
1254966 1274625 19659
1258037 1274790 16753
1260464 1275351 14887
1259702 1275912 16210
1269524 1276341 6817
1272951 1279245 6294
1258251 1279377 21126
1260252 1280433 20181
1263437 1281060 17623
1259544 1283172 23628
1263006 1283469 20463
1260400 1283964 23564
1269539 1283997 14458
1265549 1284393 18844
1268229 1285053 16824
1272761 1286769 14008
1274221 1287462 13241
1274590 1287957 13367
1270701 1288353 17652
1275008 1288485 13477
1272788 1288881 16093
1277181 1291323 14142
1279064 1291950 12886
1279012 1293237 14225
1281519 1293402 11883
1280636 1293897 13261
1276250 1294821 18571
1278152 1296471 18319
1290832 1297989 7157
1285001 1299606 14605
1281333 1300266 18933
1283420 1300695 17275
1281820 1300926 19106
1287438 1301190 13752
1285010 1301586 16576
1287671 1303632 15961
1292714 1303665 10951
1286146 1304259 18113
1288007 1304754 16747
1283449 1304820 21371
1282876 1306668 23792
1287384 1307196 19812
1290986 1307790 16804
1285597 1308087 22490
1294198 1308417 14219
1291033 1310760 19727
1292240 1311387 19147
1295499 1311651 16152
1293939 1311948 18009
1295561 1311981 16420
1298676 1312179 13503
1297704 1312905 15201
1293860 1314423 20563
1294541 1315281 20740
1294549 1315875 21326
1307074 1317888 10814
1311393 1318218 6825
1305738 1319142 13404
1308383 1319670 11287
1309296 1320099 10803
1309408 1320363 10955
1310441 1321386 10945
1309926 1322409 12483
1313250 1323498 10248
1318154 1326567 8413
1321542 1327821 6279
1316863 1328745 11882
1319675 1330626 10951
1317570 1330692 13122
1321009 1331946 10937
1318429 1332507 14078
1316704 1332936 16232
1327874 1334157 6283
1323296 1334223 10927
1323478 1334883 11405
1325645 1336599 10954
1327243 1338183 10940
1327757 1338711 10954
1323054 1341549 18495
1327145 1341945 14800
1328660 1342473 13813
1330304 1342638 12334
1327769 1342935 15166
1333316 1345080 11764
1331552 1345971 14419
1332032 1346169 14137
1332659 1346169 13510
1334274 1347192 12918
1336381 1348413 12032
1339300 1348941 9641
1336430 1350327 13897
1335178 1350459 15281
1344676 1351317 6641
1337129 1351515 14386
1341599 1352439 10840
1342246 1353561 11315
1345190 1356201 11011
1338419 1356399 17980
1341470 1357158 15688
1346536 1357422 10886
1341596 1357818 16222
1352466 1359666 7200
1344848 1361349 16501
1343393 1362405 19012
1349254 1363593 14339
1346637 1365276 18639
1346050 1365672 19622
1349130 1366167 17037
1349941 1368972 19031
1357399 1370886 13487
1360069 1371546 11477
1353462 1372272 18810
1362393 1372338 9945
1363208 1373658 10450
1361583 1374450 12867
1364241 1375209 10968
1361560 1376430 14870
1362668 1376595 13927
1362947 1377552 14605
1362918 1378443 15525
1363105 1378641 15536
1365347 1379565 14218
1360783 1380093 19310
1365575 1380357 14782
1367753 1381116 13363
1362543 1382403 19860
1362531 1383327 20796
1366151 1384350 18199
1375320 1385769 10449
1370729 1386561 15832
1368202 1386660 18458
1371842 1387650 15808
1375470 1389135 13665
1381523 1390389 8866
1373400 1390455 17055
1374963 1392303 17340
1380700 1392798 12098
1369434 1393689 24255
1380464 1394019 13555
1377539 1394217 16678
1375492 1397253 21761
1375290 1397517 22227
1381312 1398672 17360
1383348 1399200 15852
1386002 1399695 13693
1387063 1400322 13259
1384997 1400487 15490
1378292 1400751 22459
1385380 1401444 16064
1390664 1401510 10846
1385380 1401972 16592
1387225 1404645 17420
1385513 1405206 19693
1385789 1405734 19945
1387274 1406328 19054
1397163 1407747 10584
1390616 1407813 17197
1391416 1408407 16991
1388449 1410981 22532
1391474 1411509 20035
1390023 1412664 22641
1390678 1412829 22151
1385685 1413588 27903
1401280 1415139 13859
1402569 1415898 13329
1410165 1416492 6327
1401340 1416822 15482
1405322 1419396 14074
1405961 1419924 13963
1403283 1420419 17136
1404028 1420980 16952
1393853 1422696 28843
1405504 1422861 17357
1415640 1423323 7683
1395414 1423752 28338
1397833 1423818 25985
1404047 1424247 20200
1407717 1425072 17355
1418240 1425897 7657
1409627 1426590 16963
1415209 1427184 11975
1413144 1427382 14238
1407097 1427547 20450
1409162 1428108 18946
1413873 1428702 14829
1410088 1430088 20000
1418596 1431243 12647
1411370 1432002 20632
1421744 1432365 10621
1419415 1433355 13940
1421345 1435005 13660
1412867 1435830 22963
1417827 1436358 18531
1420904 1436886 15982
1418753 1438371 19618
1424535 1439394 14859
1423830 1440813 16983
1427813 1442496 14683
1432131 1442694 10563
1431279 1444278 12999
1427757 1445301 17544
1434034 1445433 11399
1434931 1446192 11261
1428890 1447083 18193
1435072 1447908 12836
1428489 1448337 19848
1430650 1448898 18248
1437616 1451142 13526
1436705 1453584 16879
1433205 1456191 22986
1442243 1456851 14608
1441456 1458534 17078
1440155 1458567 18412
1440418 1459128 18710
1447792 1459656 11864
1443665 1460448 16783
1442138 1461636 19498
1447129 1462890 15761
1454375 1463187 8812
1451927 1463715 11788
1447482 1463748 16266
1446801 1464870 18069
1450807 1466685 15878
1460919 1467213 6294
1456411 1467345 10934
1457113 1468170 11057
1448909 1471338 22429
1454933 1471470 16537
1444970 1471965 26995
1452830 1471965 19135
1454877 1472328 17451
1455684 1472394 16710
1454051 1474011 19960
1462749 1474275 11526
1454890 1477806 22916
1458048 1478334 20286
1460697 1478895 18198
1468489 1478961 10472
1463137 1479192 16055
1461869 1479423 17554
1466580 1482162 15582
1467001 1482657 15656
1464928 1483713 18785
1463452 1483911 20459
1473359 1485858 12499
1462757 1485924 23167
1468587 1486287 17700
1459928 1486485 26557
1480025 1488366 8341
1471386 1488564 17178
1474522 1488597 14075
1475051 1489158 14107
1480595 1489851 9256
1476282 1492755 16473
1475116 1493085 17969
1477120 1493448 16328
1469213 1493844 24631
1484293 1495494 11201
1483396 1495791 12395
1472787 1496319 23532
1474852 1496880 22028
1487115 1501104 13989
1489350 1501698 12348
1471797 1503876 32079
1491511 1504899 13388
1477324 1506549 29225
1488293 1507044 18751
1490447 1507077 16630
1493625 1507605 13980
1489726 1508859 19133
1498413 1509816 11403
1492701 1510905 18204
1495451 1511433 15982
1499627 1511961 12334
1497594 1513116 15522
1499873 1513182 13309
1501991 1513644 11653
1496121 1513908 17787
1497744 1514403 16659
1500428 1515096 14668
1500957 1517868 16911
1499276 1518627 19351
1501803 1519188 17385
1495812 1519287 23475
1505628 1519617 13989
1505938 1519683 13745
1508946 1522125 13179
1509293 1522323 13030
1499289 1522917 23628
1505445 1523016 17571
1508927 1525260 16333
1511714 1525392 13678
1513219 1526019 12800
1514335 1526151 11816
1511150 1527174 16024
1519163 1528329 9166
1516792 1528725 11933
1515403 1529385 13982
1510921 1530408 19487
1518481 1532784 14303
1515210 1533312 18102
1514987 1533708 18721
1519281 1536414 17133
1523414 1536810 13396
1523180 1536975 13795
1521069 1537008 15939
1525680 1539219 13539
1526650 1539747 13097
1524811 1540209 15398
1522033 1540704 18671
1523110 1540836 17726
1525689 1540902 15213
1528924 1543014 14090
1525362 1544103 18741
1527092 1546974 19882
1535792 1547370 11578
1538590 1549713 11123
1533120 1550802 17682
1538174 1551429 13255
1536106 1551627 15521
1542258 1553211 10953
1538849 1554894 16045
1528454 1555554 27100
1538307 1556676 18369
1540613 1557237 16624
1540854 1557534 16680
1548558 1558293 9735
1541102 1561131 20029
1545261 1561527 16266
1555628 1561923 6295
1552337 1564398 12061
1551246 1564629 13383
1548908 1566807 17899
1555711 1567335 11624
1555803 1567863 12060
1545478 1568853 23375
1554146 1568853 14707
1554658 1570470 15812
1560024 1571064 11040
1554150 1572120 17970
1561257 1572252 10995
1566190 1574958 8768
1565803 1577862 12059
1565954 1579083 13129
1568411 1579380 10969
1561258 1579545 18287
1570027 1580634 10607
1563305 1581921 18616
1568926 1582779 13853
1570487 1585221 14734
1574680 1585386 10706
1572726 1588455 15729
1582624 1588917 6293
1574789 1589379 14590
1575319 1589940 14621
1577743 1589973 12230
1577646 1592349 14703
1575041 1592712 17671
1574019 1592976 18957
1571634 1593042 21408
1580279 1596210 15931
1582567 1596210 13643
1584100 1597134 13034
1588604 1599906 11302
1581947 1600368 18421
1583416 1600368 16952
1587453 1600896 13443
1584919 1600995 16076
1590725 1601787 11062
1585641 1605516 19875
1588003 1606044 18041
1592272 1606572 14300
1593629 1607892 14263
1597382 1608189 10807
1598125 1609080 10955
1590241 1609806 19565
1595685 1611159 15474
1600299 1612611 12312
1593324 1614393 21069
1603645 1614954 11309
1592578 1617132 24554
1597869 1617627 19758
1600549 1619442 18893
1604210 1620234 16024
1603429 1621290 17861
1603483 1621851 18368
1607940 1623600 15660
1606773 1625778 19005
1609002 1625976 16974
1601583 1626009 24426
1599000 1626372 27372
1606700 1626768 20068
1618360 1629573 11213
1612546 1630497 17951
1613844 1630992 17148
1617781 1631124 13343
1616476 1632939 16463
1626686 1632972 6286
1607485 1633467 25982
1607751 1633863 26112
1624363 1635315 10952
1620645 1635711 15066
1629699 1635975 6276
1622787 1638054 15267
1632391 1638681 6290
1628002 1638945 10943
1608031 1640859 32828
1630066 1640991 10925
1621461 1641420 19959
1636397 1643631 7234
1623140 1643697 20557
1631262 1644258 12996
1628645 1647855 19210
1619936 1648878 28942
1638664 1650528 11864
1644371 1650660 6289
1639930 1650858 10928
1644561 1651221 6660
1637445 1651419 13974
1646771 1653069 6298
1642428 1653366 10938
1638884 1653828 14944
1630956 1653993 23037
1640678 1654455 13777
1631467 1654686 23219
1635655 1655082 19427
1637086 1656204 19118
1638803 1656831 18028
1644982 1657491 12509
1646794 1657722 10928
1645995 1659405 13410
1648542 1659966 11424
1649350 1660164 10814
1649855 1660593 10738
1648346 1662177 13831
1652737 1663167 10430
1656953 1663233 6280
1654573 1665015 10442
1651336 1666434 15098
1651556 1666533 14977
1652148 1666962 14814
1649641 1667556 17915
1653284 1667556 14272
1655830 1669668 13838
1655980 1670295 14315
1658684 1670922 12238
1658589 1671615 13026
1653981 1672176 18195
1661554 1672473 10919
1657679 1672737 15058
1656810 1674156 17346
1654800 1674816 20016
1655545 1675377 19832
1658700 1675905 17205
1661868 1677324 15456
1663741 1679073 15332
1665548 1680129 14581
1663983 1680756 16773
1668655 1680888 12233
1662823 1682307 19484
1666682 1682835 16153
1671188 1683264 12076
1671305 1683594 12289
1668676 1686168 17492
1672404 1686762 14358
1668917 1689798 20881
1673520 1690029 16509
1671026 1690326 19300
1675927 1690557 14630
1682764 1692966 10202
1674049 1693560 19511
1675782 1693857 18075
1676359 1693857 17498
1680296 1693923 13627
1676546 1694418 17872
1679870 1694418 14548
1677334 1694715 17381
1680255 1695573 15318
1680616 1695969 15353
1686839 1697553 10714
1683383 1697685 14302
1690893 1697718 6825
1680157 1698015 17858
1688575 1699500 10925
1690961 1700754 9793
1672934 1700787 27853
1679198 1703592 24394
1687077 1705275 18198
1687305 1705836 18531
1687792 1706760 18968
1685435 1706826 21391
1690993 1707387 16394
1692275 1707882 15607
1693300 1707948 14648
1696317 1708146 11829
1694754 1709169 14415
1694792 1709796 15004
1699899 1710852 10953
1688776 1710951 22175
1696138 1711116 14978
1699237 1711809 12572
1694755 1714218 19463
1698970 1714779 15809
1702347 1715406 13059
1705308 1718145 12837
1703932 1718211 14279
1700136 1718244 18108
1701343 1718574 17231
1703909 1721478 17569
1699925 1721742 21817
1704079 1722006 17927
1706406 1722270 15864
1705146 1722864 17718
1706594 1723392 16798
1707945 1725174 17229
1706578 1725636 19058
1708225 1725735 17510
1708199 1728672 20473
1709679 1728936 19257
1711964 1729002 17038
1709191 1729233 20042
1704171 1729530 25359
1713896 1729563 15667
1724249 1731774 7525
1717689 1732236 14547
1713510 1732599 19089
1718302 1732698 14396
1718250 1732764 14514
1723988 1734414 10426
1717950 1735668 17718
1716921 1736031 19110
1711884 1736592 24708
1730231 1736889 6658
1720385 1739232 18847
1720749 1739595 18846
1715971 1739958 23987
1716496 1740486 23990
1723282 1742466 19184
1719485 1743060 23575
1730730 1743258 12528
1727606 1743291 15685
1721670 1743687 22017
1723854 1744314 20460
1733255 1744512 11257
1730971 1745403 14432
1726564 1747515 20951
1733516 1748076 14560
1733667 1748076 14409
1723574 1750419 26845
1735297 1750452 15155
1729360 1751013 21653
1732004 1751244 19240
1733274 1751871 18597
1736117 1753092 16975
1742017 1753653 11636
1741885 1754148 12263
1734821 1755204 20383
1743248 1755699 12451
1749421 1755699 6278
1736254 1755963 19709
1728378 1757019 28641
1746176 1757778 11602
1738135 1758438 20303
1738698 1758966 20268
1754457 1760748 6291
1742907 1762299 19392
1756263 1762563 6300
1747622 1762596 14974
1745310 1764411 19101
1755084 1765533 10449
1750034 1766457 16423
1752885 1767084 14199
1753320 1767711 14391
1754668 1767777 13109
1754244 1769988 15744
1753951 1770087 16136
1755067 1770813 15746
1753972 1771011 17039
1765186 1771473 6287
1757638 1773684 16046
1762595 1774212 11617
1764675 1775598 10923
1754250 1776885 22635
1762950 1777611 14661
1764690 1778304 13614
1767469 1778403 10934
1767322 1778964 11642
1768138 1779657 11519
1775815 1782099 6284
1773607 1783815 10208
1771153 1784277 13124
1773340 1787709 14369
1765344 1788072 22728
1774542 1788336 13794
1775459 1788765 13306
1777321 1788864 11543
1770264 1789326 19062
1776567 1789392 12825
1770718 1789557 18839
1778828 1789821 10993
1778875 1789953 11078
1766750 1792494 25744
1777597 1792494 14897
1770691 1794474 23783
1770743 1795068 24325
1781798 1795068 13270
1782655 1795629 12974
1770829 1795761 24932
1784641 1796355 11714
1779143 1797642 18499
1785312 1799457 14145
1788689 1799820 11131
1788769 1800744 11975
1781837 1801998 20161
1786119 1804110 17991
1799560 1805859 6299
1785613 1807047 21434
1803429 1809720 6291
1798969 1809918 10949
1795587 1812987 17400
1793960 1813911 19951
1801900 1813911 12011
1798326 1814472 16146
1797907 1814637 16730
1799996 1815033 15037
1805008 1816782 11774
1805029 1817310 12281
1803405 1818597 15192
1802468 1822425 19957
1806036 1823019 16983
1811776 1823151 11375
1806037 1823745 17708
1809536 1824405 14869
1815502 1826451 10949
1812519 1827507 14988
1812619 1827540 14921
1812658 1828035 15377
1817965 1828398 10433
1819953 1833414 13461
1818694 1833843 15149
1819429 1834371 14942
1820621 1835097 14476
1824024 1835724 11700
1822220 1837638 15418
1823426 1838166 14740
1828116 1838463 10347
1827758 1838859 11101
1828837 1839783 10946
1829684 1841598 11914
1829091 1841829 12738
1832904 1843710 10806
1831064 1844073 13009
1828063 1846284 18221
1837367 1848165 10798
1837660 1848594 10934
1831891 1850244 18353
1839765 1850805 11040
1840076 1851300 11224
1842544 1854930 12386
1841752 1857306 15554
1850879 1857372 6493
1836304 1857801 21497
1849250 1858395 9145
1845397 1858560 13163
1844480 1860606 16126
1849815 1861431 11616
1846691 1861695 15004
1844750 1861827 17077
1850246 1861926 11680
1844962 1862025 17063
1857100 1863741 6641
1847988 1865061 17073
1849148 1865193 16045
1852504 1865292 12788
1851628 1865787 14159
1857072 1868262 11190
1850628 1868691 18063
1852222 1869021 16799
1849650 1871364 21714
1852787 1871760 18973
1852966 1872123 19157
1854680 1872651 17971
1862198 1872651 10453
1856721 1875885 19164
1855576 1876512 20936
1862934 1876875 13941
1864726 1877601 12875
1870469 1879746 9277
1866227 1882947 16720
1860553 1883277 22724
1866439 1883508 17069
1860658 1883937 23279
1869923 1884069 14146
1871698 1887105 15407
1867564 1887171 19607
1872653 1887171 14518
1875559 1887699 12140
1871587 1887864 16277
1872100 1888392 16292
1876998 1888788 11790
1879274 1891593 12319
1880854 1891791 10937
1878905 1894893 15988
1881601 1894893 13292
1877309 1895949 18640
1872777 1896609 23832
1876929 1896774 19845
1876184 1897137 20953
1875604 1897467 21863
1879224 1897665 18441
1891342 1898820 7478
1885185 1900866 15681
1882819 1903836 21017
1882126 1904760 22634
1885724 1905453 19729
1886683 1906113 19430
1888736 1906575 17839
1884874 1907136 22262
1886480 1907664 21184
1896979 1907928 10949
1888667 1910931 22264
1887647 1911294 23647
1902500 1911492 8992
1896587 1912053 15466
1894840 1913505 18665
1900071 1915122 15051
1893978 1915155 21177
1891400 1915848 24448
1906198 1917696 11498
1896886 1918389 21503
1898061 1918422 20361
1900663 1918488 17825
1897656 1920105 22449
1902026 1920699 18673
1903899 1920930 17031
1905294 1921392 16098
1897199 1921623 24424
1901130 1921788 20658
1902729 1922184 19455
1915846 1923900 8054
1909523 1925088 15565
1900470 1925451 24981
1908618 1925814 17196
1910027 1925946 15919
1916213 1927167 10954
1910749 1929147 18398
1915028 1929609 14581
1911865 1929675 17810
1903598 1930170 26572
1921875 1932810 10935
1916758 1932843 16085
1914936 1932942 18006
1904179 1933437 29258
1922402 1933503 11101
1918910 1934427 15517
1918211 1936011 17800
1915124 1938156 23032
1916525 1938816 22291
1916747 1939476 22729
1921462 1940103 18641
1918107 1940202 22095
1932133 1943073 10940
1932277 1943337 11060
1933172 1944327 11155
1935233 1946175 10942
1918114 1946571 28457
1921681 1947099 25418
1926664 1947627 20963
1932289 1948023 15734
1928538 1948287 19749
1933250 1948551 15301
1928797 1951554 22757
1940962 1951917 10955
1933343 1953138 19795
1928655 1954722 26067
1942866 1955910 13044
1947263 1957461 10198
1947729 1957758 10029
1943820 1958484 14664
1936392 1959672 23280
1937629 1960233 22604
1938165 1960530 22365
1944505 1961784 17279
1946300 1962312 16012
1938772 1963368 24596
1945578 1963764 18186
1944986 1964061 19075
1952708 1964391 11683
1943613 1967328 23715
1952167 1967922 15755
1956408 1968087 11679
1946531 1970430 23899
1952115 1970793 18678
1954146 1971189 17043
1955128 1972146 17018
1958798 1972278 13480
1959616 1972740 13124
1950068 1973730 23662
1952459 1974258 21799
1962745 1975050 12305
1964132 1975182 11050
1952840 1975248 22408
1962780 1975545 12765
1954484 1975908 21424
1954546 1977921 23375
1955847 1978515 22668
1961878 1979142 17264
1955878 1979373 23495
1962082 1979406 17324
1963780 1979703 15923
1954398 1982079 27681
1957495 1982706 25211
1968873 1983300 14427
1971934 1983927 11993
1962424 1985808 23384
1962663 1986072 23409
1968335 1988976 20641
1965526 1989042 23516
1970082 1989042 18960
1971120 1989504 18384
1972609 1989702 17093
1967862 1990098 22236
1971168 1990659 19491
1972265 1992276 20011
1971035 1992639 21604
1965199 1992936 27737
1972858 1993794 20936
1973890 1994520 20630
1977906 1995015 17109
1977884 1995147 17263
1979947 1995378 15431
1973404 1996170 22766
1974691 1996764 22073
1984261 1996764 12503
1976985 1998381 21396
1979655 1998942 19287
1976103 1999041 22938
1982205 1999503 17298
1987022 1999536 12514
1990874 1999668 8794
1983688 2000856 17168
1981075 2001714 20639
1986929 2001978 15049
1982401 2003793 21392
1980950 2004090 23140
1985135 2005212 20077
1984511 2006829 22318
1987114 2007093 19979
1990686 2007654 16968
1994554 2009106 14552
1988292 2010822 22530
1988334 2011251 22917
1990683 2011317 20634
2000983 2011779 10796
1995689 2013627 17938
2006451 2013726 7275
1989783 2014551 24768
2004469 2015409 10940
1991721 2017785 26064
1999197 2018148 18951
1999353 2018346 18993
2000748 2019138 18390
2005653 2019534 13881
1996430 2021613 25183
1996469 2021844 25375
2007581 2022438 14857
2011629 2022570 10941
2011958 2022900 10942
2005549 2025177 19628
2009323 2025210 15887
2006316 2025771 19455
2010677 2025771 15094
2006939 2026431 19492
2009747 2026926 17179
2015915 2027190 11275
2013658 2027553 13895
2013156 2028510 15354
2011969 2029731 17762
2018020 2029731 11711
2014808 2030226 15418
2009964 2031150 21186
2017616 2031645 14029
2018668 2031711 13043
2015790 2034483 18693
2019667 2034516 14849
2012936 2034648 21712
2020021 2035044 15023
2021096 2035968 14872
2023398 2036661 13263
2020360 2036892 16532
2024412 2036892 12480
2019873 2037948 18075
2020305 2038014 17709
2026941 2038146 11205
2017053 2038278 21225
2022431 2038839 16408
2027139 2039796 12657
2034201 2040489 6288
2021059 2041974 20915
2025161 2042436 17275
2025308 2042436 17128
2030295 2042997 12702
2031186 2043690 12504
2027690 2044647 16957
2025274 2045274 20000
2029078 2045835 16757
2030482 2047914 17432
2037643 2048739 11096
2022960 2049366 26406
2038848 2049795 10947
2039068 2050455 11387
2035632 2051676 16044
2028594 2052534 23940
2043215 2054151 10936
2044938 2055372 10434
2040122 2055504 15382
2034046 2055834 21788
2038343 2056329 17986
2039717 2056461 16744
2052747 2063688 10941
2051961 2064810 12849
2049607 2064975 15368
2053592 2065338 11746
2053616 2065833 12217
2049793 2065899 16106
2054366 2066394 12028
2056401 2067351 10950
2050799 2067747 16948
2054285 2067747 13462
2064045 2070684 6639
2056486 2072796 16310
2054884 2073654 18770
2063228 2075733 12505
2062087 2076888 14801
2057251 2080188 22937
2065491 2080188 14697
2068879 2083290 14411
2073105 2083554 10449
2068924 2083851 14927
2068744 2086524 17780
2075569 2087250 11681
2081653 2088669 7016
2072956 2090649 17693
2085129 2091771 6642
2086121 2092398 6277
2074716 2092959 18243
2074899 2093520 18621
2081995 2093916 11921
2077677 2093982 16305
2077363 2094081 16718
2079854 2094642 14788
2081412 2100351 18939
2087132 2100879 13747
2087907 2101275 13368
2088009 2102199 14190
2096622 2102892 6270
2089200 2105169 15969
2086496 2105433 18937
2101406 2107677 6271
2094938 2108436 13498
2090432 2108964 18532
2095840 2109921 14081
2096332 2112000 15668
2094224 2112231 18007
2096516 2112528 16012
2098381 2112759 14378
2097116 2113320 16204
2095775 2113551 17776
2097842 2113881 16039
2098061 2114079 16018
2095967 2114541 18574
2102546 2116257 13711
2098079 2116521 18442
2103811 2117247 13436
2100356 2117313 16957
2101901 2117841 15940
2098557 2118237 19680
2107533 2118930 11397
2105223 2120514 15291
2100838 2121801 20963
2105796 2122197 16401
2115610 2122263 6653
2097513 2124804 27291
2105689 2125035 19346
2105338 2127048 21710
2103781 2127906 24125
2114974 2130216 15242
2116847 2132328 15481
2118493 2132361 13868
2115466 2132724 17258
2120031 2133318 13287
2118434 2133384 14950
2117574 2135562 17988
2116080 2135595 19515
2120078 2136090 16012
2120131 2136684 16553
2120867 2137278 16411
2110052 2137410 27358
2122069 2137971 15902
2114976 2138895 23919
2120498 2139258 18760
2122227 2139753 17526
2129538 2140710 11172
2118599 2142756 24157
2124436 2143020 18584
2118614 2143350 24736
2124712 2143680 18968
2122699 2143911 21212
2125060 2144571 19511
2130868 2145363 14495
2127830 2146914 19084
2129404 2147079 17675
2140946 2147244 6298
2130884 2147871 16987
2131329 2148432 17103
2137421 2149719 12298
2138580 2150082 11502
2139245 2150313 11068
2138123 2151633 13510
2137356 2152029 14673
2140794 2153415 12621
2143229 2153679 10450
2145551 2156352 10801
2146491 2158233 11742
2140874 2158893 18019
2147991 2161500 13509
2142229 2161830 19601
2143349 2162193 18844
2147673 2162688 15015
2148001 2164305 16304
2149546 2164701 15155
2155391 2166318 10927
2154278 2167902 13624
2153530 2169288 15758
2152639 2169849 17210
2152700 2172093 19393
2156138 2172489 16351
2156696 2172522 15826
2159243 2174898 15655
2163889 2175327 11438
2156961 2175690 18729
2157559 2175822 18263
2160187 2176284 16097
2163086 2176449 13363
2166514 2177076 10562
2161924 2177142 15218
2156189 2177241 21052
2165267 2180112 14845
2161984 2180409 18425
2166992 2181465 14473
2167894 2183643 15749
2177524 2183808 6284
2166786 2184369 17583
2164507 2184699 20192
2164850 2185227 20377
2166990 2186151 19161
2184630 2190903 6273
2171408 2192553 21145
2177245 2192850 15605
2168072 2193939 25867
2171645 2195787 24142
2190166 2196447 6281
2173134 2197239 24105
2176232 2197800 21568
2177411 2198427 21016
2175268 2199021 23753
2184987 2199219 14232
2182298 2199549 17251
2188360 2200704 12344
2188803 2201463 12660
2183419 2203179 19760
2181786 2203971 22185
2191763 2204664 12901
2186836 2205126 18290
2198717 2206974 8257
2187113 2207238 20125
2193253 2207766 14513
2186673 2208261 21588
2182332 2210241 27909
2185792 2211033 25241
2190001 2211066 21065
2193856 2211396 17540
2194472 2212122 17650
2201951 2213706 11755
2194723 2214696 19973
2194172 2215389 21217
2195370 2215785 20415
2197191 2215818 18627
2193605 2215917 22312
2188892 2216742 27850
2200307 2219184 18877
2197339 2221098 23759
2199699 2224332 24633
2211515 2224794 13279
2201348 2224926 23578
2209802 2225586 15784
2205862 2228094 22232
2202788 2228193 25405
2206834 2228721 21887
2207157 2228820 21663
2203235 2229051 25816
2209217 2229282 20065
2211615 2229348 17733
2200166 2229381 29215
2211705 2231328 19623
2205155 2232351 27196
2208701 2232582 23881
2210681 2232681 22000
2205598 2232912 27314
2208910 2233440 24530
2212322 2233572 21250
2215973 2233770 17797
2217214 2235816 18602
2219084 2236542 17458
2215877 2237004 21127
2219495 2237202 17707
2223815 2237796 13981
2223702 2237829 14127
2226645 2238555 11910
2224547 2239743 15196
2215634 2240568 24934
2221080 2240865 19785
2219065 2240898 21833
2219890 2241393 21503
2223277 2241492 18215
2217547 2243802 26255
2223655 2243934 20279
2227474 2244363 16889
2222259 2244990 22731
2226420 2247630 21210
2225297 2248224 22927
2228785 2248455 19670
2229293 2248851 19558
2233718 2249445 15727
2226597 2251689 25092
2235675 2251788 16113
2238439 2252580 14141
2231454 2252745 21291
2241552 2253273 11721
2243289 2254725 11436
2227888 2254857 26969
2230128 2255946 25818
2230522 2256540 26018
2229643 2258982 29339
2241032 2259114 18082
2235268 2259807 24539
2244263 2260038 15775
2253433 2261424 7991
2248285 2262216 13931
2249658 2263008 13350
2252394 2263338 10944
2235500 2264526 29026
2252762 2265021 12259
2253709 2265417 11708
2254577 2265516 10939
2261728 2268387 6659
2260313 2271258 10945
2266139 2272479 6340
2262832 2273766 10934
2263358 2274294 10936
2263708 2274954 11246
2265220 2276043 10823
2265255 2276835 11580
2265927 2276868 10941
2267881 2278815 10934
2271859 2281587 9728
2269586 2282016 12430
2265496 2282049 16553
2265525 2282412 16887
2271519 2283501 11982
2277483 2285745 8262
2272866 2286042 13176
2268641 2286735 18094
2276674 2289375 12701
2272626 2289441 16815
2283188 2289474 6286
2267112 2292378 25266
2286016 2292675 6659
2273576 2295381 21805
2271355 2295711 24356
2274870 2296338 21468
2274349 2298549 24200
2287734 2299044 11310
2277701 2300364 22663
2283940 2300991 17051
2285794 2301783 15989
2290554 2302311 11757
2281832 2304291 22459
2285857 2304819 18962
2291084 2305446 14362
2281252 2305611 24359
2289594 2305941 16347
2283212 2306139 22927
2290151 2306469 16318
2292556 2307261 14705
2281702 2307954 26252
2284154 2308581 24427
2288310 2309505 21195
2289023 2310066 21043
2295603 2310363 14760
2295206 2310660 15454
2297341 2311287 13946
2301777 2312706 10929
2304819 2312871 8052
2292974 2313927 20953
2307858 2314224 6366
2305171 2317326 12155
2303681 2319009 15328
2308909 2319834 10925
2307277 2321418 14141
2307375 2322309 14934
2311168 2322606 11438
2307638 2323530 15892
2304123 2324685 20562
2313417 2325213 11796
2312831 2325708 12877
2312392 2327226 14834
2313017 2327886 14869
2317764 2328348 10584
2322806 2329107 6301
2308734 2329503 20769
2313215 2330559 17344
2316601 2331219 14618
2313315 2332803 19488
2322465 2333397 10932
2325069 2335872 10803
2326455 2337456 11001
2328622 2338644 10022
2328536 2341416 12880
2331666 2342604 10938
2337425 2343726 6301
2334766 2345706 10940
2334958 2345904 10946
2339712 2346003 6291
2335542 2346663 11121
2337676 2348610 10934
2336773 2349732 12959
2340242 2353461 13219
2341272 2353956 12684
2339053 2354055 15002
2348148 2354418 6270
2339866 2354451 14585
2342591 2354484 11893
2343311 2355078 11767
2343304 2355177 11873
2342888 2357718 14830
2340483 2358180 17697
2346565 2358246 11681
2348094 2359104 11010
2349877 2360820 10943
2345261 2361480 16219
2346642 2361546 14904
2348517 2361711 13194
2351456 2363031 11575
2351346 2363262 11916
2351904 2363526 11622
2347574 2364846 17272
2350957 2365374 14417
2354175 2366628 12453
2353571 2368113 14542
2355539 2371413 15874
2355347 2372007 16660
2358973 2372667 13694
2348939 2372898 23959
2360554 2374020 13466
2365328 2375142 9814
2361310 2375934 14624
2366827 2376165 9338
2366661 2377452 10791
2364250 2378376 14126
2364285 2378937 14652
2362795 2380290 17495
2369449 2382039 12590
2367242 2382204 14962
2365348 2382732 17384
2373795 2384613 10818
2372029 2385834 13805
2372635 2389134 16499
2383150 2389662 6512
2378145 2390190 12045
2380473 2391411 10938
2377644 2392104 14460
2379802 2392632 12830
2383407 2394744 11337
2373579 2395602 22023
2381138 2395866 14728
2385648 2396592 10944
2390362 2396658 6296
2386549 2397483 10934
2382792 2397978 15186
2386074 2399859 13785
2386605 2401212 14607
2386829 2401773 14944
2387586 2402268 14682
2389671 2402400 12729
2386731 2405502 18771
2387841 2406426 18585
2394132 2407317 13185
2397975 2408670 10695
2392512 2408736 16224
2388763 2411937 23174
2397426 2413686 16260
2392662 2415039 22377
2402696 2415864 13168
2393990 2415930 21940
2406494 2416953 10459
2395900 2417844 21944
2398944 2419098 20154
2396659 2419362 22703
2395743 2419857 24114
2397300 2420517 23217
2398328 2421573 23245
2404493 2422332 17839
2408340 2423817 15477
2410888 2424279 13391
2400270 2425830 25560
2399599 2426754 27155
2410746 2427975 17229
2399727 2429328 29601
2406193 2429988 23795
2402577 2430549 27972
2395862 2430681 34819
2409655 2432298 22643
2413508 2432793 19285
2401836 2433156 31320
2413651 2433321 19670
2415915 2433816 17901
2415260 2433915 18655
2416853 2433981 17128
2415261 2434476 19215
2418485 2434509 16024
2417524 2434707 17183
2429095 2435796 6701
2410536 2437116 26580
2412280 2437248 24968
2412282 2437677 25395
2414978 2437875 22897
2410892 2438535 27643
2411359 2439096 27737
2426401 2439162 12761
2413736 2440779 27043
2423298 2441175 17877
2408320 2441340 33020
2427166 2442495 15329
2426741 2444046 17305
2427563 2444046 16483
2422594 2444178 21584
2402956 2444607 41651
2414117 2444970 30853
2424351 2445003 20652
2424858 2446125 21267
2416889 2447874 30985
2422129 2448171 26042
2429028 2448237 19209
2416725 2448567 31842
2416802 2450184 33382
2437027 2451339 14312
2427780 2451405 23625
2428693 2452758 24065
2426871 2453319 26448
2429865 2453319 23454
2433237 2454573 21336
2434423 2454705 20282
2430670 2456553 25883
2430928 2457114 26186
2430490 2457675 27185
2437442 2457774 20332
2443484 2460744 17260
2428688 2461041 32353
2442496 2461107 18611
2439154 2461965 22811
2440081 2462064 21983
2443108 2462691 19583
2439791 2463351 23560
2444731 2463417 18686
2444435 2463879 19444
2441710 2464770 23060
2439706 2465397 25691
2443201 2466651 23450
2447680 2467179 19499
2446862 2467740 20878
2444912 2468136 23224
2429784 2468499 38715
2452715 2469357 16642
2446295 2469489 23194
2449139 2469918 20779
2450499 2470809 20310
2441866 2471601 29735
2440523 2471733 31210
2441207 2472294 31087
2451081 2473218 22137
2445634 2473416 27782
2444676 2473977 29301
2445135 2474505 29370
2462499 2474670 12171
2453399 2476320 22921
2447178 2476650 29472
2449665 2477211 27546
2460776 2478465 17689
2454059 2479983 25924
2457032 2481006 23974
2455868 2481105 25237
2457478 2481963 24485
2459526 2482623 23097
2452329 2484009 31680
2458428 2484834 26406
2459039 2485758 26719
2462174 2488068 25894
2469060 2488134 19074
2456178 2488299 32121
2471846 2488563 16717
2457758 2489223 31465
2458187 2489751 31564
2481763 2491368 9605
2467447 2491434 23987
2484272 2491665 7393
2460998 2492721 31723
2480318 2494668 14350
2468240 2495823 27583
2464534 2495955 31421
2470912 2496186 25274
2472580 2496747 24167
2482017 2496813 14796
2483300 2497770 14470
2472023 2499090 27067
2473241 2499651 26410
2476934 2501400 24466
2473666 2502786 29120
2484352 2503248 18896
2481161 2503776 22615
2480870 2504469 23599
2480663 2505954 25291
2496412 2506416 10004
2486091 2507406 21315
2486556 2508033 21477
2493621 2508660 15039
2481701 2509188 27487
2481543 2509485 27942
2485211 2510277 25066
2504501 2510805 6304
2492320 2511993 19673
2496237 2512092 15855
2483451 2512488 29037
2491636 2513016 21380
2492296 2514831 22535
2505254 2515095 9841
2508893 2515557 6664
2504016 2518164 14148
2493950 2518395 24445
2494328 2519055 24727
2494344 2519781 25437
2497157 2520639 23482
2508211 2522553 14342
2515999 2522652 6653
2489907 2522982 33075
2495219 2523609 28390
2497771 2524137 26366
2493612 2524698 31086
2497571 2527404 29833
2500816 2527965 27149
2501345 2528394 27049
2510475 2528823 18348
2498701 2531397 32696
2506760 2532519 25759
2510774 2533080 22306
2501871 2534994 33123
2528720 2534994 6274
2504138 2535390 31252
2502658 2535555 32897
2502207 2536182 33975
2509328 2536314 26986
2501757 2536842 35085
2513924 2537964 24040
2514202 2540868 26666
2516850 2541495 24645
2531340 2542287 10947
2515870 2544828 28958
2525408 2544894 19486
2520669 2545026 24357
2535189 2545620 10431
2517295 2545917 28622
2519562 2547600 28038
2526196 2548062 21866
2540255 2548260 8005
2519437 2548524 29087
2525851 2549217 23366
2528699 2549712 21013
2538202 2549877 11675
2535052 2550108 15056
2539964 2550141 10177
2532678 2550339 17661
2538916 2550504 11588
2539000 2553408 14408
2528992 2555355 26363
2526972 2555520 28548
2525650 2555784 30134
2529818 2556180 26362
2540832 2558787 17955
2546337 2559084 12747
2548739 2559183 10444
2551162 2561592 10430
2533668 2562384 28716
2551998 2562549 10551
2539373 2562747 23374
2550061 2562912 12851
2538483 2563011 24528
2536097 2563803 27706
2549132 2564859 15727
2549517 2565387 15870
2545739 2565849 20110
2548844 2566905 18061
2547205 2567070 19865
2556889 2569545 12656
2546341 2571228 24887
2550419 2573241 22822
2551562 2575188 23626
2564282 2575485 11203
2553811 2576178 22367
2557146 2576541 19395
2554073 2577300 23227
2553903 2577564 23661
2553198 2580204 27006
2567787 2582943 15156
2571111 2583570 12459
2549210 2583867 34657
2570056 2584725 14669
2554616 2584956 30340
2559385 2588454 29069
2573993 2590401 16408
2567050 2590566 23516
2575999 2591358 15359
2575786 2592579 16793
2574251 2593866 19615
2562587 2594658 32071
2586096 2595450 9354
2578570 2595516 16946
2571219 2597694 26475
2576714 2597991 21277
2570454 2598024 27570
2571847 2598222 26375
2575789 2598288 22499
2582088 2598684 16596
2573393 2598849 25456
2579744 2598915 19171
2583341 2601357 18016
2581791 2601918 20127
2579636 2602083 22447
2584161 2602479 18318
2579893 2602644 22751
2589464 2603106 13642
2593076 2603535 10459
2583570 2606076 22506
2583812 2606439 22627
2586999 2606439 19440
2600582 2606868 6286
2584286 2607165 22879
2585692 2607792 22100
2593852 2609079 15227
2594446 2609673 15227
2585536 2610366 24830
2583491 2610927 27436
2595040 2611488 16448
2582642 2612907 30265
2598751 2614062 15311
2608166 2615151 6985
2586919 2618319 31400
2608893 2618517 9624
2590266 2618550 28284
2587023 2618979 31956
2596782 2619111 22329
2596448 2620926 24478
2605127 2621025 15898
2604420 2621553 17133
2601243 2622345 21102
2590965 2622906 31941
2601974 2624655 22681
2608615 2625051 16436
2602474 2625645 23171
2611896 2625975 14079
2607407 2626173 18766
2595610 2626503 30893
2609485 2626734 17249
2607805 2629539 21734
2609867 2629737 19870
2620660 2629737 9077
2614340 2630001 15661
2611426 2630265 18839
2623476 2630298 6822
2617183 2630496 13313
2618642 2630529 11887
2617880 2631123 13243
2614530 2631651 17121
2626397 2632674 6277
2614564 2633631 19067
2619835 2634126 14291
2608205 2634918 26713
2611519 2635677 24158
2612532 2637558 25026
2619092 2637657 18565
2618780 2640099 21319
2623018 2640561 17543
2615821 2641485 25664
2630425 2642409 11984
2632365 2643762 11397
2614663 2643795 29132
2629906 2644422 14516
2631417 2645049 13632
2627344 2645841 18497
2635602 2647788 12186
2629417 2648019 18602
2635147 2648184 13037
2631798 2649273 17475
2643304 2649966 6662
2632375 2650560 18185
2630431 2650857 20426
2632396 2652507 20111
2636607 2653068 16461
2641891 2653728 11837
2648602 2655246 6644
2640396 2657787 17391
2643117 2660361 17244
2644800 2660493 15693
2643129 2660922 17793
2645558 2661153 15595
2650551 2661945 11394
2648623 2663397 14774
2649960 2663925 13965
2650587 2664321 13734
2649239 2664387 15148
2649237 2664981 15744
2652976 2665509 12533
2656843 2667654 10811
2653027 2668050 15023
2653530 2669205 15675
2654313 2669865 15552
2656319 2671317 14998
2661042 2672010 10968
2658329 2672043 13714
2659416 2672571 13155
2666164 2674485 8321
2668338 2674617 6279
2668697 2675343 6646
2661075 2676861 15786
2663237 2677257 14020
2666430 2677356 10926
2664422 2677917 13495
2671862 2678940 7078
2671816 2681019 9203
2662832 2683626 20794
2671239 2683725 12486
2670537 2685012 14475
2679177 2685936 6759
2673044 2686365 13321
2673458 2686926 13468
2668086 2687388 19302
2677899 2689764 11865
2678629 2692140 13511
2675876 2692437 16561
2676275 2693097 16822
2684872 2695803 10931
2674172 2696331 22159
2681343 2696331 14988
2685978 2696925 10947
2683954 2696958 13004
2690407 2699697 9290
2693956 2700621 6665
2693171 2700786 7615
2685541 2702733 17192
2690226 2703624 13398
2689778 2703723 13945
2693139 2704086 10947
2687853 2704152 16299
2688515 2706726 18211
2686967 2706891 19924
2686044 2707452 21408
2686082 2707980 21898
2693488 2708112 14624
2693172 2710026 16854
2696769 2711280 14511
2695023 2711346 16323
2695696 2711412 15716
2698971 2711841 12870
2697329 2712006 14677
2695227 2712303 17076
2703014 2714712 11698
2699019 2715174 16155
2702888 2718111 15223
2699723 2718738 19015
2703577 2719332 15755
2700607 2719398 18791
2703925 2720058 16133
2708736 2720718 11982
2706481 2722137 15656
2700642 2722632 21990
2712234 2724381 12147
2704174 2725866 21692
2705605 2726163 20558
2713153 2726196 13043
2706574 2726394 19820
2712879 2727747 14868
2710573 2727813 17240
2712484 2728143 15659
2713499 2728803 15304
2722856 2729133 6277
2713912 2730948 17036
2724734 2731377 6643
2721720 2731608 9888
2716278 2733786 17508
2718808 2734017 15209
2716630 2734314 17684
2729029 2735304 6275
2721778 2736195 14417
2719063 2736558 17495
2723198 2737119 13921
2729310 2739330 10020
2722901 2739825 16924
2733693 2741442 7749
2726109 2742069 15960
2729540 2742531 12991
2722388 2742564 20176
2731513 2744379 12866
2733720 2744940 11220
2725517 2745666 20149
2727476 2746194 18718
2728042 2746227 18185
2726488 2748702 22214
2731294 2749461 18167
2734850 2749461 14611
2730323 2751012 20689
2737823 2751969 14146
2734958 2752629 17671
2737224 2752695 15471
2733388 2755929 22541
2735385 2756457 21072
2737334 2757018 19684
2739550 2757579 18029
2740774 2757777 17003
2746098 2758470 12372
2745554 2759427 13873
2752944 2759823 6879
2747052 2760054 13002
2729585 2760384 30799
2740289 2761011 20722
2734936 2763288 28352
2751067 2763651 12584
2752041 2764278 12237
2738458 2764971 26513
2747477 2765235 17758
2745996 2765598 19602
2747016 2765796 18780
2742683 2766588 23905
2749536 2766621 17085
2745890 2767347 21457
2752613 2767710 15097
2754376 2768238 13862
2759034 2769987 10953
2754196 2770647 16451
2754357 2772627 18270
2760109 2773353 13244
2767073 2773353 6280
2757433 2774310 16877
2763446 2774376 10930
2759226 2774805 15579
2761428 2775432 14004
2762921 2775729 12808
2769422 2780349 10927
2769274 2780844 11570
2763738 2782593 18855
2763975 2782824 18849
2768429 2783022 14593
2769550 2783319 13769
2768688 2784111 15423
2769067 2784771 15704
2769440 2785761 16321
2767493 2786652 19159
2770999 2788962 17963
2774996 2789556 14560
2777980 2790051 12071
2777202 2794110 16908
2787819 2794209 6390
2781747 2794473 12726
2781191 2795265 14074
2768057 2795364 27307
2779915 2795430 15515
2785864 2797575 11711
2777928 2798664 20736
2779706 2799192 19486
2777530 2799720 22190
2772331 2799885 27554
2790843 2801766 10923
2791518 2802723 11205
2780670 2802888 22218
2781413 2802954 21541
2788606 2803119 14513
2794933 2805693 10760
2786313 2805792 19479
2786216 2806056 19840
2795281 2807343 12062
2797406 2809158 11752
2787943 2809356 21413
2790060 2811171 21111
2794312 2812326 18014
2790625 2812590 21965
2791992 2813118 21126
2795602 2813679 18077
2794320 2813976 19656
2797725 2814603 16878
2794556 2814702 20146
2797134 2814834 17700
2792800 2815560 22760
2800656 2816088 15432
2796630 2816121 19491
2794941 2817573 22632
2807167 2817606 10439
2800867 2819916 19049
2813741 2820378 6637
2802078 2822589 20511
2802222 2824206 21984
2808726 2824734 16008
2798375 2825658 27283
2804905 2826714 21809
2811569 2827836 16267
2801530 2828265 26735
2806538 2828793 22255
2817559 2828925 11366
2816113 2829090 12977
2806930 2829321 22391
2822993 2829420 6427
2816864 2829783 12919
2813749 2831070 17321
2822093 2832522 10429
2809170 2834106 24936
2810111 2834733 24622
2813785 2835360 21575
2815224 2835393 20169
2819595 2835921 16326
2823695 2836086 12391
2816722 2836284 19562
2821050 2836515 15465
2827361 2838297 10936
2821424 2838627 17203
2823579 2839584 16005
2824083 2840112 16029
2829251 2840178 10927
2816033 2840508 24475
2825487 2840640 15153
2826806 2842818 16012
2828373 2843346 14973
2826570 2843412 16842
2835517 2847438 11921
2832878 2847570 14692
2830034 2849682 19648
2830101 2850243 20142
2830310 2850837 20527
2829972 2851068 21096
2836529 2851398 14869
2831541 2851761 20220
2834517 2852289 17772
2841958 2852883 10925
2833866 2854137 20271
2847877 2854170 6293
2837973 2854863 16890
2836141 2856084 19943
2850718 2857371 6653
2837211 2857536 20325
2833813 2857767 23954
2844978 2858823 13845
2838774 2858955 20181
2845271 2859945 14674
2840125 2861496 21371
2850503 2863806 13303
2848833 2864235 15402
2853370 2864400 11030
2846494 2864730 18236
2854231 2866413 12182
2845149 2866743 21594
2843423 2867205 23782
2845249 2867799 22550
2845432 2868525 23093
2855454 2869317 13863
2848508 2870010 21502
2857539 2871165 13626
2860490 2871297 10807
2860944 2872452 11508
2868012 2874300 6288
2854880 2874366 19486
2858636 2875983 17347
2865156 2876610 11454
2861479 2877303 15824
2862628 2877963 15335
2863477 2878194 14717
2867663 2879580 11917
2866713 2881296 14583
2870475 2881329 10854
2875293 2881593 6300
2870628 2881857 11229
2868937 2882055 13118
2859291 2882286 22995
2862654 2884200 21546
2874924 2884926 10002
2857450 2885289 27839
2873404 2888622 15218
2871057 2889744 18687
2876491 2890569 14078
2875782 2890833 15051
2879608 2891097 11489
2880435 2891592 11157
2862900 2892087 29187
2881521 2892978 11457
2880675 2893275 12600
2873783 2895816 22033
2878986 2896014 17028
2876925 2896443 19518
2882272 2896542 14270
2879185 2897136 17951
2878591 2900172 21581
2885712 2900271 14559
2880728 2900799 20071
2890250 2901195 10945
2888757 2901294 12537
2896065 2902383 6318
2887984 2903076 15092
2888673 2904396 15723
2882030 2907267 25237
2884510 2907366 22856
2882111 2907795 25684
2879873 2907828 27955
2890775 2907927 17152
2891119 2908191 17072
2882296 2908455 26159
2889725 2911128 21403
2888077 2911194 23117
2891622 2911722 20100
2893096 2914362 21266
2893995 2914989 20994
2895468 2915286 19818
2889303 2915352 26049
2899956 2915913 15957
2896642 2916441 19799
2910351 2918025 7674
2911449 2918553 7104
2905392 2918817 13425
2905906 2918916 13010
2912685 2919279 6594
2895358 2919675 24317
2902675 2919741 17066
2899411 2921391 21980
2894375 2922249 27874
2908923 2922909 13986
2909723 2923503 13780
2910967 2923668 12701
2900384 2924625 24241
2903212 2925186 21974
2903490 2925747 22257
2904052 2927034 22982
2907559 2928981 21422
2911176 2929245 18069
2923917 2930202 6285
2919842 2930796 10954
2915343 2930829 15486
2920118 2933436 13318
2919987 2934063 14076
2915339 2937198 21859
2916766 2937363 20597
2923301 2937891 14590
2923508 2939904 16396
2925677 2940564 14887
2927085 2941224 14139
2919835 2941356 21521
2920916 2942577 21661
2920638 2942808 22170
2928835 2944392 15557
2927543 2945811 18268
2933855 2947230 13375
2932466 2948550 16084
2926351 2950464 24113
2931937 2950530 18593
2927048 2951124 24076
2933928 2951223 17295
2936813 2951652 14839
2929993 2951784 21791
2940371 2954292 13921
2932554 2954556 22002
2939084 2954919 15835
2935176 2955084 19908
2935501 2955150 19649
2937139 2957229 20090
2937481 2957592 20111
2942661 2957757 15096
2939938 2958252 18314
2936968 2958384 21416
2940449 2961123 20674
2951764 2961288 9524
2946467 2961354 14887
2945807 2961684 15877
2948251 2962344 14093
2942463 2964093 21630
2941610 2965182 23572
2954250 2965215 10965
2942076 2965842 23766
2947153 2966502 19349
2952023 2968746 16723
2952129 2969406 17277
2947833 2969571 21738
2956063 2969736 13673
2955388 2970594 15206
2959496 2971188 11692
2956363 2972640 16277
2957028 2972673 15645
2953316 2972805 19489
2957219 2973366 16147
2957038 2973762 16724
2961255 2974587 13332
2968762 2975049 6287
2958069 2976996 18927
2958877 2977128 18251
2959330 2980032 20702
2962933 2980098 17165
2964184 2980758 16574
2970086 2981022 10936
2968561 2981418 12857
2968288 2984454 16166
2968882 2985246 16364
2975535 2986467 10932
2972093 2988414 16321
2974939 2988414 13475
2972273 2988480 16207
2984463 2995410 10947
2977738 2995872 18134
2979810 2996499 16689
2987224 2998149 10925
2988497 2998941 10444
2990779 3000525 9746
2987815 3001383 13568
2990969 3001416 10447
2988927 3001944 13017
2991018 3001944 10926
2989669 3002934 13265
2992628 3003594 10966
2992375 3005112 12737
2989647 3006168 16521
2989215 3006366 17151
2997530 3007983 10453
3000253 3008313 8060
2997517 3008544 11027
2995342 3010326 14984
2997056 3011580 14524
2992870 3012075 19205
2998243 3013824 15581
2999459 3013824 14365
3001318 3016035 14717
2996711 3016992 20281
2997528 3017223 19695
3003931 3018642 14711
3000748 3018873 18125
3012618 3018906 6288
3005553 3019038 13485
3005483 3021480 15997
3005625 3022107 16482
3006708 3022635 15927
3006706 3023328 16622
3012958 3023889 10931
3005050 3025902 20852
3017368 3027090 9722
3014787 3027156 12369
3017653 3028674 11021
3006919 3029202 22283
3021679 3029598 7919
3013928 3029763 15835
3006516 3033162 26646
3027484 3033756 6272
3013019 3034779 21760
3021579 3035010 13431
3015541 3035274 19733
3015594 3035307 19713
3022126 3036165 14039
3021077 3038937 17860
3022087 3039399 17312
3023008 3039432 16424
3015176 3039762 24586
3023090 3040191 17101
3030779 3041577 10798
3020342 3045273 24931
3024292 3045999 21707
3034742 3046197 11455
3031461 3046659 15198
3026594 3046923 20329
3028259 3049299 21040
3024861 3049827 24966
3036909 3050025 13116
3044661 3050949 6288
3029013 3051411 22398
3026082 3052962 26880
3039929 3053424 13495
3029241 3053457 24216
3031782 3054084 22302
3032412 3055668 23256
3049687 3055965 6278
3039106 3056295 17189
3034846 3057120 22274
3041744 3057318 15574
3040946 3057384 16438
3039110 3057879 18769
3043466 3057912 14446
3048403 3060090 11687
3040181 3060453 20272
3042145 3061146 19001
3044493 3061707 17214
3050638 3062598 11960
3042271 3063258 20987
3046664 3063786 17122
3053627 3064083 10456
3052245 3064479 12234
3048939 3065007 16068
3054759 3067416 12657
3046856 3067713 20857
3055112 3067911 12799
3042782 3068241 25459
3047223 3068406 21183
3057616 3068835 11219
3048567 3068868 20301
3047265 3069033 21768
3053868 3069726 15858
3055076 3071475 16399
3056446 3072234 15788
3055781 3073125 17344
3058720 3073653 14933
3057368 3077547 20179
3067313 3077778 10465
3056631 3078372 21741
3056881 3078405 21524
3058996 3079461 20465
3060737 3080649 19912
3059888 3081177 21289
3063407 3081639 18232
3070348 3082563 12215
3064963 3082695 17732
3068722 3083916 15194
3078346 3084642 6296
3055110 3084807 29697
3078822 3085467 6645
3063769 3086490 22721
3066993 3086853 19860
3069104 3087018 17914
3069504 3087513 18009
3072566 3089097 16531
3065532 3090087 24555
3067496 3090648 23152
3073861 3090648 16787
3072265 3091209 18944
3071214 3094311 23097
3070357 3094509 24152
3080404 3094608 14204
3086768 3095202 8434
3078148 3095235 17087
3079570 3095862 16292
3080012 3097050 17038
3074238 3097908 23670
3074037 3099393 25356
3074858 3099954 25096
3086098 3101208 15110
3089304 3102066 12762
3088280 3104112 15832
3081265 3105102 23837
3076680 3105201 28521
3081650 3105663 24013
3079976 3106191 26215
3101186 3107478 6292
3093737 3107940 14203
3091409 3108435 17026
3091520 3109029 17509
3084459 3111240 26781
3087124 3111801 24677
3091432 3114771 23339
3091844 3114903 23059
3088341 3115002 26661
3093664 3115332 21668
3096859 3115893 19034
3102232 3117411 15179
3087592 3118302 30710
3096762 3118434 21672
3089073 3118764 29691
3086877 3119061 32184
3097063 3119556 22493
3097229 3120249 23020
3110082 3121008 10926
3105764 3123945 18181
3110670 3124110 13440
3107090 3124242 17152
3098030 3124638 26608
3108921 3125166 16245
3103322 3127212 23890
3111333 3128301 16968
3108901 3128334 19433
3108292 3128532 20240
3108171 3128565 20394
3108918 3129126 20208
3110167 3129159 18992
3112959 3131403 18444
3110295 3131568 21273
3116584 3131832 15248
3117032 3132393 15361
3111757 3133317 21560
3114932 3136551 21619
3115058 3137079 22021
3130143 3137211 7068
3116977 3137607 20630
3128411 3140478 12067
3115384 3140709 25325
3130610 3143349 12739
3121120 3144768 23648
3133989 3144933 10944
3131483 3144966 13483
3122479 3145329 22850
3123243 3145923 22680
3116310 3146781 30471
3131115 3147111 15996
3137535 3148464 10929
3135192 3148860 13668
3128272 3149157 20885
3134719 3149355 14636
3133154 3149685 16531
3139894 3150840 10946
3126245 3152622 26377
3128057 3152952 24895
3124494 3153414 28920
3131025 3153513 22488
3147262 3153546 6284
3135171 3156714 21543
3142275 3156813 14538
3139540 3157242 17702
3141721 3157770 16049
3151458 3158166 6708
3135054 3160839 25785
3139189 3161037 21848
3143673 3161598 17925
3140076 3164106 24030
3154578 3164799 10221
3138842 3167439 28597
3150609 3168033 17424
3144577 3170673 26096
3155939 3170706 14767
3156047 3172191 16144
3147639 3173907 26268
3166642 3174303 7661
3165499 3175161 9662
3157273 3175425 18152
3150709 3177207 26498
3162006 3177669 15663
3160977 3179253 18276
3154707 3180441 25734
3163056 3180903 17847
3155533 3181101 25568
3163167 3181365 18198
3160098 3181431 21333
3157389 3181992 24603
3160759 3184368 23609
3171296 3185226 13930
3168673 3186117 17444
3166709 3187503 20794
3169796 3188295 18499
3173122 3188394 15272
3179189 3190143 10954
3168777 3191430 22653
3180541 3191496 10955
3180689 3198954 18265
3192805 3199086 6281
3186390 3199647 13257
3188705 3199647 10942
3192439 3202782 10343
3188034 3202881 14847
3193705 3204630 10925
3194600 3206973 12373
3197498 3208425 10927
3197684 3208623 10939
3203040 3209316 6276
3196061 3211890 15829
3199823 3212022 12199
3200556 3212286 11730
3206461 3212748 6287
3202641 3214200 11559
3203397 3214332 10935
3198957 3214563 15606
3205148 3215157 10009
3204828 3215751 10923
3203149 3218523 15374
3206895 3218853 11958
3206078 3221724 15646
3209496 3222780 13284
3207965 3223704 15739
3212858 3223803 10945
3216721 3226476 9755
3209756 3226542 16786
3216300 3226872 10572
3216514 3229380 12866
3215297 3230172 14875
3216308 3231426 15118
3217332 3231591 14259
3218925 3232416 13491
3218140 3234990 16850
3223568 3235518 11950
3226604 3237531 10927
3227141 3238290 11149
3227904 3238851 10947
3222836 3241260 18424
3236046 3242316 6270
3225625 3243141 17516
3226450 3243471 17021
3229662 3248322 18660
3228841 3248652 19811
3237994 3250203 12209
3229369 3251985 22616
3229625 3252480 22855
3229100 3252546 23446
3242399 3252843 10444
3231926 3253107 21181
3229847 3253140 23293
3243052 3258189 15137
3243641 3258717 15076
3248332 3259311 10979
3248778 3260367 11589
3244586 3261060 16474
3253762 3261258 7496
3253996 3261786 7790
3236599 3261951 25352
3241674 3262512 20838
3245398 3263007 17609
3249552 3263733 14181
3255256 3264360 9104
3246084 3266010 19926
3249547 3266340 16793
3255833 3266769 10936
3261675 3268518 6843
3256160 3269508 13348
3259244 3270168 10924
3258444 3273468 15024
3256357 3274227 17870
3259758 3276273 16515
3266013 3277725 11712
3261835 3277824 15989
3268750 3280926 12176
3266281 3281454 15173
3264687 3281751 17064
3270677 3281883 11206
3269032 3284226 15194
3264922 3284358 19436
3269805 3284919 15114
3269060 3287658 18598
3270285 3287658 17373
3276901 3288219 11318
3281024 3288219 7195
3280493 3289341 8848
3276254 3289737 13483
3279285 3290496 11211
3275640 3290793 15153
3270132 3291123 20991
3273446 3292245 18799
3277931 3292608 14677
3274810 3292872 18062
3280277 3293598 13321
3274527 3293664 19137
3276014 3293829 17815
3279071 3294027 14956
3279963 3294093 14130
3278226 3296601 18375
3278193 3296832 18639
3280614 3297492 16878
3282066 3297855 15789
3281044 3300726 19682
3282506 3301584 19078
3280842 3301848 21006
3284733 3302145 17412
3285560 3302838 17278
3280067 3304026 23959
3291915 3304851 12936
3294149 3305346 11197
3285233 3305940 20707
3291475 3308613 17138
3295541 3312408 16867
3289301 3312969 23668
3297421 3313530 16109
3306545 3313629 7084
3287425 3314718 27293
3290693 3315246 24553
3301928 3315576 13648
3292802 3317127 24325
3293264 3317820 24556
3293144 3318513 25369
3303624 3318711 15087
3295282 3319107 23825
3298719 3319932 21213
3301351 3320592 19241
3315379 3322110 6731
3305963 3323628 17665
3303426 3323760 20334
3309047 3324420 15373
3313760 3325014 11254
3309658 3325212 15554
3307539 3326862 19323
3311807 3326928 15121
3314937 3327423 12486
3318477 3328050 9573
3316454 3328083 11629
3323407 3329700 6293
3305272 3329733 24461
3308404 3330624 22220
3310792 3331020 20228
3314973 3332142 17169
3322085 3333033 10948
3322209 3333693 11484
3329441 3335739 6298
3323755 3336465 12710
3322756 3336861 14105
3313739 3339501 25762
3324003 3339567 15564
3330944 3341877 10933
3331779 3342273 10494
3330333 3344187 13854
3327132 3344550 17418
3330484 3345045 14561
3332274 3345573 13299
3335446 3346398 10952
3330074 3347289 17215
3332608 3347949 15341
3336136 3347949 11813
3329588 3348345 18757
3332633 3348411 15778
3333779 3348807 15028
3333276 3351711 18435
3335744 3354813 19069
3347821 3354846 7025
3344332 3355275 10943
3339842 3355935 16093
3337925 3357288 19363
3337953 3358245 20292
3347561 3358542 10981
3339819 3359235 19416
3338663 3359631 20968
3346597 3359763 13166
3343639 3362898 19259
3351327 3365670 14343
3354317 3365802 11485
3354854 3365802 10948
3357958 3368541 10583
3355375 3368574 13199
3344457 3370818 26361
3346994 3371313 24319
3350869 3371874 21005
3350987 3371907 20920
3350891 3372039 21148
3357663 3372138 14475
3365659 3372501 6842
3353679 3373227 19548
3367258 3374448 7190
3356551 3374646 18095
3361659 3375735 14076
3353372 3376065 22693
3356107 3376296 20189
3355193 3377253 22060
3367211 3378144 10933
3362356 3378408 16052
3359371 3379530 20159
3353964 3380256 26292
3360033 3380355 20322
3363738 3382764 19026
3376768 3383061 6293
3368598 3383589 14991
3359608 3383688 24080
3367561 3385734 18173
3362517 3388374 25857
3370955 3390684 19729
3366828 3390717 23889
3370041 3391509 21468
3364690 3392928 28238
3371295 3393885 22590
3383690 3394149 10459
3384243 3394677 10434
3375543 3397119 21576
3386742 3397878 11136
3387059 3397911 10852
3385275 3399429 14154
3372895 3400353 27458
3388910 3403422 14512
3397168 3403455 6287
3381549 3404346 22797
3393572 3404511 10939
3377990 3407250 29260
3385240 3407580 22340
3392156 3407910 15754
3393592 3408207 14615
3387089 3408339 21250
3389724 3408471 18747
3395966 3410484 14518
3396947 3411606 14659
3396640 3412959 16319
3399722 3413784 14062
3386202 3414345 28143
3389198 3414543 25345
3406330 3416787 10457
3401641 3417546 15905
3401164 3417942 16778
3399720 3418107 18387
3401677 3418107 16430
3402061 3419262 17201
3414066 3420714 6648
3390061 3420780 30719
3400089 3420912 20823
3398711 3422265 23554
3410648 3422298 11650
3407910 3425433 17523
3411831 3425565 13734
3420672 3427314 6642
3414355 3428040 13685
3414377 3428799 14422
3417617 3429327 11710
3422934 3430548 7614
3411041 3432891 21850
3418068 3432957 14889
3417529 3433518 15989
3419539 3433617 14078
3420310 3434145 13835
3418568 3436884 18316
3423901 3437841 13940
3422593 3439656 17063
3421838 3440085 18247
3429400 3440844 11444
3435560 3441834 6274
3430049 3443253 13204
3432604 3443550 10946
3430962 3443913 12951
3434289 3445233 10944
3421927 3446487 24560
3426282 3447015 20733
3428670 3447048 18378
3435427 3450249 14822
3437921 3450282 12361
3435535 3450645 15110
3430529 3451371 20842
3431725 3452493 20768
3435287 3453153 17866
3438212 3457146 18934
3440008 3457641 17633
3441119 3457806 16687
3444334 3458235 13901
3443952 3458268 14316
3437010 3458433 21423
3449796 3460611 10815
3448920 3460908 11988
3444385 3461370 16985
3436866 3461700 24834
3434817 3462591 27774
3449722 3463086 13364
3439054 3463317 24263
3452617 3464670 12053
3441421 3464769 23348
3441713 3466188 24475
3450681 3468630 17949
3455563 3468894 13331
3452345 3468960 16615
3451304 3469092 17788
3456196 3470049 13853
3452462 3471270 18808
3458729 3471798 13069
3463800 3473184 9384
3457402 3473877 16475
3457434 3474240 16806
3454527 3476055 21528
3454957 3476154 21197
3460799 3476418 15619
3459357 3476517 17160
3467624 3479289 11665
3456141 3479751 23610
3453377 3480774 27397
3465925 3481698 15773
3462947 3483513 20566
3473569 3483579 10010
3470469 3483876 13407
3465453 3484074 18621
3471377 3486846 15469
3458387 3487077 28690
3464095 3487836 23741
3474805 3488496 13691
3467664 3490245 22581
3469819 3490971 21152
3481018 3491466 10448
3477788 3492258 14470
3481569 3492720 11151
3476885 3494337 17452
3490578 3497241 6663
3472509 3498330 25821
3489435 3500376 10941
3484878 3500640 15762
3491322 3501069 9747
3480415 3503115 22700
3480691 3503940 23249
3480671 3504798 24127
3491239 3507768 16529
3493256 3508032 14776
3491951 3508296 16345
3502237 3508527 6290
3497011 3510540 13529
3492425 3510639 18214
3502958 3510738 7780
3497059 3511167 14108
3492750 3511200 18450
3491342 3511431 20089
3498711 3511794 13083
3492019 3513543 21524
3497817 3514038 16221
3499551 3514731 15180
3498106 3516315 18209
3504745 3517239 12494
3500252 3517305 17053
3506463 3518361 11898
3505032 3521529 16497
3509344 3521661 12317
3511835 3522783 10948
3513795 3524730 10935
3505362 3524829 19467
3509765 3525357 15592
3511791 3525852 14061
3517297 3527733 10436
3512445 3529614 17169
3512153 3529647 17494
3510983 3530043 19060
3520571 3532485 11914
3509324 3533145 23821
3523034 3533805 10771
3529051 3535686 6635
3515149 3539184 24035
3516493 3539811 23318
3527318 3540438 13120
3521617 3541131 19514
3523216 3541758 18542
3531669 3542715 11046
3531854 3542781 10927
3529685 3543705 14020
3530208 3545982 15774
3533029 3546114 13085
3530986 3547269 16283
3531335 3547929 16594
3536067 3549216 13149
3535048 3549315 14267
3539401 3549843 10442
3545074 3551724 6650
3534829 3551823 16994
3541710 3552648 10938
3542207 3554133 11926
3543515 3554463 10948
3536868 3555189 18321
3544768 3555717 10949
3551011 3558423 7412
3548544 3560436 11892
3548106 3562482 14376
3548458 3563109 14651
3553116 3563934 10818
3553581 3564396 10815
3553647 3564594 10947
3563779 3570072 6293
3559641 3570567 10926
3557808 3571854 14046
3561415 3572547 11132
3557479 3572745 15266
3562737 3575286 12549
3565452 3576408 10956
3566469 3577431 10962
3561927 3577992 16065
3564703 3579312 14609
3561075 3579477 18402
3567843 3579972 12129
3565596 3580038 14442
3569494 3581028 11534
3562497 3581787 19290
3570302 3581787 11485
3567838 3582315 14477
3567246 3582711 15465
3568059 3584031 15972
3572193 3584955 12762
3570402 3585450 15048
3570654 3586440 15786
3571055 3587562 16507
3578865 3589179 10314
3577040 3591357 14317
3577051 3592446 15395
3571706 3592842 21136
3576424 3593469 17045
3577643 3594096 16453
3589819 3596109 6290
3579349 3596571 17222
3578606 3596769 18163
3583937 3597330 13393
3576883 3597363 20480
3581970 3597561 15591
3584812 3597858 13046
3581086 3597891 16805
3580128 3599343 19215
3582669 3599673 17004
3581991 3601224 19233
3587215 3601521 14306
3585625 3602775 17150
3589748 3604326 14578
3589576 3606075 16499
3584463 3606537 22074
3592829 3606768 13939
3590846 3607593 16747
3583063 3607626 24563
3594365 3608253 13888
3590005 3609177 19172
3597038 3609837 12799
3587337 3610728 23391
3596006 3610992 14986
3591812 3611421 19609
3596688 3612972 16284
3599161 3617790 18629
3594063 3618186 24123
3599872 3618450 18578
