1019 7656 6637
1265 7920 6655
3782 10065 6283
4166 10659 6493
4471 10758 6287
7178 13827 6649
7680 15048 7368
1867 17424 15557
12221 18876 6655
7554 19239 11685
14475 20856 6381
10299 21120 10821
16553 22836 6283
18498 24783 6285
7622 26004 18382
20788 27423 6635
19497 30327 10830
16368 30822 14454
15854 31251 15397
22719 33165 10446
28248 35409 7161
26590 37026 10436
28160 39171 11011
34408 40689 6281
33546 44484 10938
38890 45177 6287
40066 51018 10952
55114 61413 6299
55983 62271 6288
48302 62766 14464
63311 69960 6649
59569 70389 10820
68091 74745 6654
61427 75900 14473
64443 78903 14460
69095 83556 14461
77903 84183 6280
72987 86031 13044
80124 86394 6270
82520 89166 6646
86913 93192 6279
85667 96096 10429
84742 98703 13961
90849 101772 10923
88234 102828 14594
92740 103191 10451
97308 103587 6279
100740 107019 6279
104124 110418 6294
101195 111639 10444
103822 114774 10952
104132 114939 10807
111486 118140 6654
113216 119856 6640
115442 121737 6295
116881 127677 10796
117610 128040 10430
121601 132528 10927
118767 133815 15048
117681 135003 17322
131024 137676 6652
125988 140943 14955
127091 141570 14479
139800 146091 6291
145722 151998 6276
137686 152163 14477
148746 155034 6288
140968 155430 14462
150717 157047 6330
155367 161667 6300
151068 162129 11061
149720 164076 14356
162368 168663 6295
162556 169257 6701
158914 169356 10442
155638 172854 17216
163473 178002 14529
168032 178464 10432
168409 179223 10814
171017 183579 12562
174112 184932 10820
175910 186384 10474
181971 188628 6657
184710 191004 6294
186356 193017 6661
178442 195162 16720
193098 199848 6750
192307 203247 10940
202753 209055 6302
195497 209979 14482
193994 210342 16348
204008 210672 6664
209995 216645 6650
207699 222156 14457
213705 224631 10926
215409 226215 10806
216330 226776 10446
223779 230439 6660
224834 231594 6760
218255 232716 14461
224180 234993 10813
230149 236445 6296
230335 237039 6704
233154 239448 6294
234559 240834 6275
234957 241230 6273
231773 242583 10810
240006 246642 6636
240330 254298 13968
249256 255552 6296
243385 257862 14477
253439 260073 6634
249610 260403 10793
247883 260733 12850
249320 263802 14482
259180 265452 6272
259545 273900 14355
267297 278091 10794
271828 282282 10454
281714 287991 6277
282049 288321 6272
273152 288486 15334
279837 290268 10431
284980 291621 6641
286289 292941 6652
287723 298518 10795
292260 298551 6291
289837 300630 10793
293284 304227 10943
298069 304722 6653
301116 307395 6279
300657 311091 10434
298136 312609 14473
309720 316008 6288
305461 316272 10811
309061 319506 10445
309449 323268 13819
317166 323466 6300
316961 323598 6637
314542 325479 10937
315342 326271 10929
325457 332112 6655
317932 332409 14477
328111 334752 6641
320753 335709 14956
331168 337821 6653
330034 341088 11054
329332 342639 13307
336771 343431 6660
329445 343926 14481
333533 343992 10459
335984 346434 10450
342803 349437 6634
340697 351516 10819
345331 351648 6317
346498 353661 7163
345507 356301 10794
344349 359535 15186
349984 360789 10805
347797 362769 14972
350865 363165 12300
345781 363627 17846
353088 367554 14466
361145 367785 6640
356466 369897 13431
358358 372108 13750
358093 372570 14477
367133 373428 6295
361704 374187 12483
353659 374418 20759
360829 374715 13886
365030 376431 11401
365481 376959 11478
365207 377619 12412
370330 380358 10028
374027 380688 6661
365435 383922 18487
368817 383922 15105
369303 384450 15147
374614 385407 10793
369893 387255 17362
379630 390060 10430
384648 391281 6633
377265 391743 14478
378766 393129 14363
377394 394911 17517
384483 395802 11319
381655 396429 14774
387930 399531 11601
386042 401577 15535
397529 403821 6292
391429 405405 13976
395588 408936 13348
395023 410850 15827
401235 412038 10803
404944 413688 8744
402956 416922 13966
411297 417582 6285
412668 418968 6300
410218 420651 10433
405696 423522 17826
417713 423984 6271
415963 426756 10793
422790 429429 6639
421788 432729 10941
429544 436194 6650
423463 437943 14480
432078 438372 6294
431063 442002 10939
438039 444312 6273
438080 444378 6298
431823 444675 12852
433937 447777 13840
448499 455136 6637
445957 456753 10796
449734 460680 10946
453088 463518 10430
454322 465267 10945
455889 466818 10929
462982 469260 6278
463546 469821 6275
457639 472098 14459
467630 474276 6646
464477 474936 10459
466499 478071 11572
468409 478863 10454
475753 482031 6278
476000 482658 6658
466321 482757 16436
477399 483681 6282
474629 485562 10933
474826 485595 10769
479466 486255 6789
475762 486585 10823
479387 489819 10432
483604 489885 6281
479313 492492 13179
479901 493515 13614
479274 496353 17079
481858 496815 14957
482535 497310 14775
490718 499917 9199
502539 513348 10809
508508 519321 10813
512866 519519 6653
513320 519618 6298
507180 521565 14385
510610 521565 10955
517167 523809 6642
518583 529386 10803
517414 531894 14480
522378 532818 10440
522392 532851 10459
522824 533775 10951
529857 536514 6657
530458 537108 6650
522696 540276 17580
524824 541035 16211
531065 545523 14458
539960 546612 6652
540494 546777 6283
533131 547470 14339
538573 549384 10811
543616 549912 6296
535915 552123 16208
543416 554235 10819
543922 554367 10445
545309 556248 10939
550485 561297 10812
554940 561594 6654
554570 564102 9532
558191 564828 6637
559278 565554 6276
556223 567666 11443
562612 569844 7232
563388 574200 10812
569679 575949 6270
572500 578787 6287
569629 580569 10940
576271 586707 10436
580552 586839 6287
580991 591921 10930
581859 594363 12504
591254 597894 6640
587427 598356 10929
587450 598389 10939
587976 599115 11139
587738 601689 13951
592995 601821 8826
597940 604593 6653
585054 604923 19869
587913 607002 19089
600230 611160 10930
606712 613008 6296
605321 616275 10954
606179 617001 10822
613863 620136 6273
610821 621258 10437
617765 624063 6298
619452 625746 6294
610177 627198 17021
621588 632016 10428
628493 634788 6295
628670 635316 6646
621994 635481 13487
621378 635844 14466
627670 638616 10946
625414 639375 13961
635854 642510 6656
638891 645546 6655
637601 648054 10453
642087 650793 8706
645080 651354 6274
638404 652872 14468
638560 653037 14477
647821 658746 10925
651606 662409 10803
654618 665544 10926
660798 667458 6660
656715 667656 10941
664654 671319 6665
662308 672738 10430
664454 678414 13960
667673 682176 14503
676600 683265 6665
671824 683397 11573
675581 685311 9730
679863 686136 6273
668195 688545 20350
681992 688644 6652
672108 690195 18087
682863 691152 8289
679096 693825 14729
691409 697686 6277
691825 698478 6653
688884 699336 10452
689566 702240 12674
692179 702636 10457
696451 702735 6284
693551 704847 11296
700373 708081 7708
698887 709698 10811
703499 709797 6298
697373 712107 14734
701056 713229 12173
706439 716001 9562
707809 718608 10799
713069 723525 10456
710312 723921 13609
718560 725208 6648
710224 726066 15842
713875 727485 13610
722078 728739 6661
718380 729333 10953
721337 730224 8887
720491 730686 10195
724305 731280 6975
724842 731478 6636
727950 734250 6300
718923 734481 15558
721222 735834 14612
727618 737253 9635
733812 740454 6642
730376 740817 10441
736367 742665 6298
734220 747549 13329
737525 747978 10453
734521 749595 15074
736948 750849 13901
734760 753555 18795
740336 754710 14374
737595 756624 19029
746695 757647 10952
743376 758868 15492
740381 759858 19477
752101 763026 10925
742503 763092 20589
758549 766326 7777
749518 770352 20834
760364 774840 14476
768966 775236 6270
767625 778437 10812
769710 780714 11004
766586 781044 14458
771876 782364 10488
776373 782727 6354
776812 783090 6278
773156 783948 10792
781045 787710 6665
774987 788964 13977
785165 791439 6274
784876 795696 10820
786513 796950 10437
781738 798468 16730
784543 799029 14486
795958 802593 6635
790725 805200 14475
796737 809589 12852
794510 812196 17686
808816 815463 6647
805663 816123 10460
802512 818631 16119
802860 820578 17718
806240 821535 15295
811468 821898 10430
816529 823614 7085
816770 824109 7339
817860 824505 6645
814002 826188 12186
810080 826848 16768
822304 828960 6656
817244 830115 12871
817577 830775 13198
825138 831798 6660
819779 834240 14461
825366 836187 10821
820629 836814 16185
826979 837903 10924
833657 840312 6655
827835 841995 14160
830011 842853 12842
832666 843480 10814
829054 843579 14525
828714 845295 16581
827370 845922 18552
841012 847308 6296
838628 849057 10429
843020 849321 6301
836647 851565 14918
841044 855525 14481
840341 855723 15382
849246 855888 6642
855615 861894 6279
847700 862059 14359
849845 863313 13468
862425 869088 6663
862765 869418 6653
864452 870738 6286
865432 871728 6296
859858 872190 12332
868758 875028 6270
860672 875127 14455
864486 875457 10971
865732 877404 11672
861677 878196 16519
869317 879747 10430
873900 880176 6276
864103 883113 19010
874144 884961 10817
874734 886017 11283
879545 886182 6637
875390 886644 11254
881183 891627 10444
886114 900702 14588
890339 901263 10924
887255 903771 16516
889441 906444 17003
908287 914562 6275
918311 924594 6283
920131 926409 6278
926885 933174 6289
923262 934065 10803
924565 935385 10820
925946 936870 10924
932919 939576 6657
931025 939708 8683
933547 940203 6656
941298 947595 6297
948333 954987 6654
941117 955581 14464
948807 955581 6774
949787 956439 6652
952657 958947 6290
953623 962709 9086
956187 962841 6654
957162 963831 6669
949268 965877 16609
959418 966075 6657
954130 966504 12374
953017 967395 14378
960011 968352 8341
959127 970002 10875
963900 970200 6300
964967 971256 6289
967489 973764 6275
966539 977361 10822
971081 978120 7039
965486 979935 14449
977788 984423 6635
970874 986469 15595
974095 986964 12869
981881 988515 6634
973675 988845 15170
983233 989505 6272
980388 989571 9183
983451 994389 10938
983454 994785 11331
985197 996468 11271
987977 997887 9910
991831 998118 6287
986460 1000824 14364
995611 1001913 6302
997512 1003794 6282
1003908 1014354 10446
1011126 1017423 6297
1011425 1018017 6592
1009881 1020822 10941
1016929 1023594 6665
1022137 1028775 6638
1025446 1032108 6662
1022480 1037157 14677
1027974 1038906 10932
1028094 1039038 10944
1036368 1042668 6300
1036983 1043262 6279
1025373 1044384 19011
1029702 1044582 14880
1039317 1045605 6288
1039654 1046298 6644
1034136 1048245 14109
1032048 1049367 17319
1039716 1050819 11103
1042066 1052865 10799
1047185 1053459 6274
1044716 1055538 10822
1049158 1055802 6644
1041880 1056627 14747
1055032 1061676 6644
1050764 1065372 14608
1059176 1065834 6658
1060382 1067022 6640
1063201 1069497 6296
1063384 1070091 6707
1058310 1072698 14388
1074232 1080519 6287
1071127 1082829 11702
1076026 1085931 9905
1078651 1086459 7808
1084358 1090650 6292
1091312 1097976 6664
1093950 1100583 6633
1092288 1103091 10803
1096790 1103454 6664
1093840 1105203 11363
1091166 1106358 15192
1096848 1107348 10500
1094996 1109427 14431
1093730 1110186 16456
1107077 1113354 6277
1102657 1115004 12347
1105219 1116522 11303
1110608 1117248 6640
1111268 1117545 6277
1105697 1119261 13564
1103837 1119756 15919
1117285 1128105 10820
1118907 1129359 10452
1124324 1130613 6289
1123326 1137708 14382
1123713 1138401 14688
1129288 1141041 11753
1138506 1144803 6297
1136290 1147245 10955
1136511 1147443 10932
1143958 1150248 6290
1144105 1150743 6638
1145116 1151799 6683
1139055 1153515 14460
1135331 1154241 18910
1137575 1155264 17689
1148619 1155264 6645
1152225 1163019 10794
1154703 1165329 10626
1153079 1165857 12778
1166931 1173216 6285
1165476 1175922 10446
1170530 1176813 6283
1166395 1177209 10814
1173443 1180080 6637
1172280 1182720 10440
1176906 1185228 8322
1179888 1186185 6297
1185210 1191861 6651
1187708 1194369 6661
1188840 1195491 6651
1185576 1196382 10806
1186980 1197801 10821
1187780 1198230 10450
1192955 1199847 6892
1193844 1200639 6795
1188855 1202454 13599
1188521 1204500 15979
1197196 1204698 7502
1201638 1208295 6657
1194182 1208790 14608
1198748 1209285 10537
1203620 1209912 6292
1204714 1211001 6287
1205913 1216347 10434
1204382 1219317 14935
1201887 1219713 17826
1209430 1220241 10811
1215760 1222419 6659
1216800 1223475 6675
1218155 1224795 6640
1222551 1228821 6270
1220715 1231527 10812
1221248 1231824 10576
1221915 1232847 10932
1226147 1233837 7690
1225155 1234959 9804
1223344 1235355 12011
1229750 1236048 6298
1231864 1238160 6296
1230935 1238589 7654
1227438 1242285 14847
1233134 1244463 11329
1235894 1246707 10813
1237462 1248258 10796
1241241 1249083 7842
1247099 1253736 6637
1254528 1260798 6270
1250304 1261095 10791
1247875 1261359 13484
1247191 1262151 14960
1257695 1263966 6271
1254200 1265352 11152
1253640 1268256 14616
1257862 1268817 10955
1261652 1272084 10432
1266620 1272909 6289
1266308 1276737 10429
1267276 1278222 10946
1267305 1278816 11511
1273031 1279674 6643
1268909 1279872 10963
1268245 1282842 14597
1277796 1284459 6663
1274447 1284888 10441
1272524 1286043 13519
1271932 1286505 14573
1284546 1290828 6282
1286662 1292940 6278
1278299 1293501 15202
1282689 1294161 11472
1290500 1296801 6301
1292702 1298979 6277
1283048 1300926 17878
1290509 1301454 10945
1295450 1309935 14485
1303473 1310133 6660
1301546 1310727 9181
1300833 1312410 11577
1306847 1313499 6652
1307607 1314126 6519
1306795 1317228 10433
1307387 1318482 11095
1308096 1318548 10452
1312823 1323762 10939
1310154 1324752 14598
1317599 1328052 10453
1323907 1330197 6290
1321509 1332441 10932
1317741 1334289 16548
1328764 1335048 6284
1324414 1335345 10931
1332079 1338744 6665
1333591 1340229 6638
1327261 1341681 14420
1325915 1341747 15832
1338016 1344288 6272
1334198 1344651 10453
1335756 1346202 10446
1337969 1348413 10444
1336210 1352076 15866
1345694 1354782 9088
1344988 1355442 10454
1341323 1355706 14383
1350056 1358280 8224
1345069 1359534 14465
1353446 1359732 6286
1355207 1361481 6274
1352610 1363758 11148
1358480 1364781 6301
1362509 1370160 7651
1363948 1370226 6278
1363774 1370424 6650
1365029 1371315 6286
1361107 1372437 11330
1359246 1374219 14973
1369920 1376562 6642
1375650 1382370 6720
1379042 1385340 6298
1379393 1385670 6277
1376227 1387155 10928
1381403 1388046 6643
1381941 1389399 7458
1383180 1389828 6648
1383225 1390422 7197
1383794 1390488 6694
1374717 1390554 15837
1382577 1397055 14478
1396816 1403094 6278
1392403 1403226 10823
1397757 1405602 7845
1401077 1407351 6274
1405755 1412400 6645
1403912 1414842 10930
1409013 1419957 10944
1410101 1421046 10945
1411743 1422201 10458
1416613 1423257 6644
1420197 1426491 6294
1421059 1427712 6653
1418481 1429428 10947
1424200 1434642 10442
1428386 1434675 6289
1427971 1437810 9839
1431949 1438239 6290
1430271 1440714 10443
1426084 1440912 14828
1431574 1443684 12110
1438469 1445103 6634
1438498 1445136 6638
1432501 1446951 14450
1435850 1447875 12025
1442480 1448766 6286
1445651 1451934 6283
1448330 1454970 6640
1438788 1459293 20505
1454413 1460712 6299
1462627 1468929 6302
1456934 1471305 14371
1463040 1473483 10443
1464749 1474473 9724
1460925 1475298 14373
1461820 1477575 15755
1471373 1478037 6664
1457984 1478136 20152
1473507 1481403 7896
1465880 1483482 17602
1474026 1484967 10941
1469479 1485561 16082
1472905 1487376 14471
1473675 1490709 17034
1483990 1493844 9854
1478321 1496517 18196
1485570 1496517 10947
1480514 1497111 16597
1479309 1497639 18330
1483221 1500180 16959
1494884 1501533 6649
1483559 1503282 19723
1484487 1503909 19422
1499719 1506384 6665
1503592 1510245 6653
1504506 1515327 10821
1510066 1516350 6284
1503295 1518264 14969
1509811 1521993 12182
1508214 1523478 15264
1516066 1524996 8930
1514181 1526613 12432
1510538 1527669 17131
1512026 1530837 18811
1524343 1531002 6659
1525227 1531926 6699
1519683 1534104 14421
1520615 1535094 14479
1526302 1536744 10442
1530545 1536843 6298
1531390 1538031 6641
1527065 1541661 14596
1532794 1543608 10814
1532317 1543971 11654
1538926 1549383 10457
1545353 1551627 6274
1539232 1552122 12890
1547262 1553541 6279
1543995 1554927 10932
1548264 1554927 6663
1545175 1556841 11666
1547711 1558656 10945
1555382 1562022 6640
1553863 1564299 10436
1548805 1565586 16781
1554593 1566477 11884
1556674 1567104 10430
1560550 1570998 10448
1561638 1572450 10812
1560403 1574232 13829
1566047 1576971 10924
1570596 1581030 10434
1575080 1585881 10801
1577364 1588290 10926
1581654 1588290 6636
1584361 1590633 6272
1587628 1594263 6635
1593860 1600137 6277
1597033 1603305 6272
1596275 1607067 10792
1602151 1608453 6302
1601946 1609278 7332
1603280 1610037 6757
1597586 1611555 13969
1609706 1615977 6271
1609763 1616406 6643
1612649 1618947 6298
1605159 1619640 14481
1606247 1620729 14482
1606816 1621290 14474
1609489 1624029 14540
1610762 1628583 17821
1622866 1629507 6641
1615691 1630068 14377
1619744 1633731 13987
1627787 1634061 6274
1629544 1636206 6662
1631190 1645149 13959
1635147 1645578 10431
1639367 1645644 6277
1637625 1648548 10923
1636215 1650792 14577
1638389 1651551 13162
1638506 1652970 14464
1644143 1653960 9817
1647062 1657986 10924
1653166 1659438 6272
1644245 1661088 16843
1649866 1661649 11783
1655608 1661880 6272
1644511 1662474 17963
1659137 1670064 10927
1661171 1671615 10444
1665566 1671846 6280
1662154 1676631 14477
1671906 1678182 6276
1672363 1678644 6281
1667870 1678677 10807
1669024 1680789 11765
1675622 1682274 6652
1677596 1684254 6658
1678662 1684947 6285
1674728 1685673 10945
1675140 1686300 11160
1676008 1686993 10985
1673725 1688181 14456
1673968 1689897 15929
1681786 1696992 15206
1687146 1697982 10836
1685611 1700028 14417
1683358 1700259 16901
1689778 1700259 10481
1688602 1705242 16640
1692461 1706661 14200
1693058 1707519 14461
1697535 1712007 14472
1702611 1712931 10320
1696166 1713987 17821
1703633 1716033 12400
1709927 1716561 6634
1706629 1717089 10460
1715963 1722600 6637
1716688 1723326 6638
1709679 1724910 15231
1710356 1725702 15346
1711822 1726296 14474
1715310 1729431 14121
1721783 1732236 10453
1723160 1733589 10429
1727626 1733919 6293
1727627 1734282 6655
1728750 1735404 6654
1729024 1735668 6644
1723773 1736460 12687
1726937 1739595 12658
1735245 1741542 6297
1737108 1743951 6843
1741138 1747779 6641
1737080 1751442 14362
1742069 1753983 11914
1749284 1759725 10441
1750651 1761606 10955
1755197 1761837 6640
1746012 1762002 15990
1756899 1763190 6291
1756015 1766622 10607
1757691 1768140 10449
1762193 1768470 6277
1756818 1771275 14457
1766842 1777281 10439
1773151 1779789 6638
1773763 1780053 6290
1766624 1781505 14881
1765651 1781571 15920
1777579 1785069 7490
1776128 1786950 10822
1773095 1789293 16198
1783238 1789887 6649
1783593 1790481 6888
1781341 1792692 11351
1786154 1792791 6637
1779566 1794540 14974
1784664 1798632 13968
1789528 1800348 10820
1787279 1803120 15841
1790133 1803120 12987
1797861 1804143 6282
1796201 1804506 8305
1790526 1806024 15498
1791956 1811271 19315
1802056 1812855 10799
1804049 1814571 10522
1806761 1815957 9196
1799062 1818564 19502
1809765 1822524 12759
1810582 1823085 12503
1814065 1824999 10934
1807226 1826385 19159
1819980 1826715 6735
1807095 1827144 20049
1821795 1828398 6603
1822888 1829190 6302
1822791 1829454 6663
1814219 1831566 17347
1821511 1832457 10946
1816693 1832622 15929
1818826 1833843 15017
1822110 1835592 13482
1822037 1837044 15007
1832268 1838562 6294
1825155 1838694 13539
1835315 1841961 6646
1838047 1845294 7247
1830825 1846680 15855
1834071 1847307 13236
1830247 1849551 19304
1836718 1849782 13064
1841951 1852752 10801
1841320 1852917 11597
1843010 1857471 14461
1853036 1859682 6646
1859620 1870572 10952
1856585 1871067 14482
1866013 1872651 6638
1860736 1873410 12674
1878562 1884861 6299
1878028 1889250 11222
1882669 1889316 6647
1876242 1890702 14460
1886150 1892814 6664
1890820 1897467 6647
1890832 1897467 6635
1891969 1898622 6653
1893827 1900107 6280
1882521 1900206 17685
1894208 1901361 7153
1897665 1903935 6270
1894130 1905057 10927
1886058 1906311 20253
1889706 1907268 17562
1897528 1907961 10433
1901303 1910304 9001
1899732 1910667 10935
1899625 1915221 15596
1899996 1918488 18492
1912208 1919148 6940
1912014 1921227 9213
1916009 1922283 6274
1911899 1922844 10945
1910432 1925022 14590
1921195 1927860 6665
1914612 1928256 13644
1917690 1928487 10797
1917989 1934625 16636
1928706 1934988 6282
1929783 1936077 6294
1919625 1936242 16617
1924520 1938981 14461
1919614 1939245 19631
1924778 1939377 14599
1935917 1942215 6298
1932172 1942611 10439
1939374 1950300 10926
1942817 1953633 10816
1939288 1953765 14477
1941458 1956504 15046
1950979 1957263 6284
1945937 1959639 13702
1948721 1959903 11182
1947831 1961817 13986
1952884 1963005 10121
1950605 1965084 14479
1956167 1967097 10930
1953506 1970529 17023
1964762 1971057 6295
1959938 1973796 13858
1963227 1974027 10800
1963756 1976964 13208
1970685 1977327 6642
1967895 1978086 10191
1964395 1980726 16331
1964508 1982607 18099
1976374 1982673 6299
1973347 1987689 14342
1981472 1993398 11926
1982628 1993926 11298
1984376 1994817 10441
1980978 1995147 14169
1990463 2001417 10954
1995971 2002242 6271
1990383 2004849 14466
1999249 2005905 6656
1990871 2008182 17311
1997731 2008182 10451
2001149 2015739 14590
2005208 2016003 10795
2006241 2017059 10818
2009465 2020260 10795
2014427 2021085 6658
2011284 2023758 12474
2021714 2028015 6301
2021877 2028378 6501
2021509 2032437 10928
2025101 2035539 10438
2029975 2036628 6653
2031299 2037585 6286
2027648 2038245 10597
2031695 2038344 6649
2033528 2039829 6301
2033423 2040324 6901
2033077 2043888 10811
2033795 2047122 13327
2035726 2050092 14366
2043447 2052831 9384
2051992 2058276 6284
2049407 2060223 10816
2054637 2060916 6279
2055325 2061972 6647
2051537 2062467 10930
2060890 2067186 6296
2064578 2071047 6469
2061764 2072202 10438
2064159 2075106 10947
2068733 2075370 6637
2071505 2077779 6274
2068502 2078274 9772
2070241 2078934 8693
2064297 2079264 14967
2076138 2082795 6657
2078521 2087712 9191
2072419 2088603 16184
2074990 2089461 14471
2078029 2091837 13808
2082936 2093388 10452
2080782 2096094 15312
2086496 2096127 9631
2080034 2096457 16423
2083786 2099427 15641
2090397 2099592 9195
2086246 2100087 13841
2089039 2102166 13127
2091681 2102232 10551
2095796 2102430 6634
2095835 2106786 10951
2092783 2106852 14069
2094378 2108997 14619
2095867 2109888 14021
2105346 2112000 6654
2108306 2114607 6301
2104590 2115531 10941
2104675 2119029 14354
2110287 2120745 10458
2111890 2122329 10439
2119516 2126157 6641
2117422 2128236 10814
2119776 2130216 10440
2121500 2135958 14458
2130801 2137773 6972
2128644 2139456 10812
2133594 2140248 6654
2129909 2140347 10438
2129649 2142096 12447
2136593 2142888 6295
2137435 2148300 10865
2143452 2150346 6894
2141376 2152326 10950
2148229 2154504 6275
2145577 2156022 10445
2151103 2162028 10925
2157558 2164206 6648
2153715 2164536 10821
2160221 2166879 6658
2158525 2169354 10829
2160668 2171466 10798
2163673 2178132 14459
2173408 2180046 6638
2167642 2181399 13757
2178007 2184666 6659
2175668 2186910 11242
2178923 2190210 11287
2181075 2191530 10455
2186351 2192652 6301
2184078 2193279 9201
2186562 2193807 7245
2189565 2195853 6288
2183399 2197866 14467
2187426 2198493 11067
2192125 2201661 9536
2192438 2207403 14965
2198393 2208822 10429
2200546 2211000 10454
2207603 2213904 6301
2200142 2214663 14521
2205851 2216643 10792
2213138 2219415 6277
2207004 2221461 14457
2209084 2221494 12410
2215375 2221659 6284
2209098 2221989 12891
2211072 2222022 10950
2211997 2223375 11378
2209713 2224167 14454
2213333 2228358 15025
2213518 2228952 15434
2213007 2229447 16440
2220621 2236773 16152
2223726 2238192 14466
2227197 2241657 14460
2237830 2244561 6731
2234466 2246079 11613
2232970 2247432 14462
2237085 2248026 10941
2242491 2248785 6294
2240489 2251293 10804
2238337 2251392 13055
2250749 2257035 6286
2244757 2259213 14456
2257711 2263998 6287
2255677 2266110 10433
2253036 2267496 14460
2260562 2270697 10135
2260562 2271291 10729
2259734 2273469 13735
2259366 2274327 14961
2265304 2276505 11201
2265982 2281323 15341
2272160 2283105 10945
2283305 2289606 6301
2295437 2301717 6280
2294865 2305677 10812
2300948 2307591 6643
2303515 2309802 6287
2299121 2310066 10945
2304726 2311386 6660
2306027 2312673 6646
2302154 2316138 13984
2301827 2316468 14641
2308047 2318844 10797
2313801 2320461 6660
2312193 2321946 9753
2313357 2324289 10932
2324713 2335509 10796
2330535 2337126 6591
2330243 2341185 10942
2330730 2341185 10455
2331828 2342637 10809
2336123 2347092 10969
2341210 2347488 6278
2343594 2349864 6270
2340161 2350194 10033
2340231 2350689 10458
2345564 2356497 10933
2347870 2358807 10937
2354433 2360787 6354
2359625 2366265 6640
2360184 2366463 6279
2357399 2367849 10450
2353828 2368806 14978
2363214 2369499 6285
2354596 2369565 14969
2367348 2374020 6672
2368062 2374713 6651
2370185 2376462 6277
2361812 2376660 14848
2371749 2382204 10455
2381635 2387913 6278
2379558 2390487 10929
2383897 2390553 6656
2379848 2391114 11266
2379730 2393721 13991
2384851 2397615 12764
2384962 2397945 12983
2388520 2398968 10448
2393339 2399991 6652
2388826 2400717 11891
2392413 2401344 8931
2397185 2403456 6271
2388887 2403852 14965
2394365 2405304 10939
2400586 2406888 6302
2400361 2407020 6659
2401816 2408208 6392
2394495 2408241 13746
2402083 2408835 6752
2398455 2409396 10941
2401206 2411343 10137
2401161 2412102 10941
2402550 2413587 11037
2405694 2420055 14361
2412593 2423025 10432
2419243 2425896 6653
2416822 2428074 11252
2416687 2430648 13961
2422526 2433321 10795
2425045 2435499 10454
2425506 2436654 11148
2431238 2437512 6274
2423827 2438304 14477
2431652 2438733 7081
2433502 2440152 6650
2428113 2442099 13986
2436566 2443221 6655
2429051 2443650 14599
2444332 2450976 6644
2444719 2451075 6356
2444044 2454969 10925
2445559 2456355 10796
2449013 2459820 10807
2454177 2460447 6270
2447148 2461602 14454
2457133 2463780 6647
2462120 2468763 6643
2462592 2468862 6270
2458576 2469027 10451
2466346 2472987 6641
2469020 2475660 6640
2473948 2480610 6662
2471431 2482821 11390
2469485 2484438 14953
2478693 2486748 8055
2475794 2487540 11746
2473896 2487573 13677
2477001 2487936 10935
2484585 2490873 6288
2484037 2494470 10433
2482490 2494602 12112
2484458 2495394 10936
2487759 2497374 9615
2484208 2497770 13562
2495844 2506284 10440
2502215 2508858 6643
2494416 2508891 14475
2497325 2511795 14470
2500626 2515260 14634
2501236 2516151 14915
2509094 2520045 10951
2517464 2523741 6277
2520764 2527041 6277
2513037 2527404 14367
2525992 2532651 6659
2526529 2536974 10445
2526550 2537502 10952
2524117 2539119 15002
2527462 2541924 14462
2545971 2552682 6711
2542283 2552715 10432
2539538 2555256 15718
2542980 2555850 12870
2545228 2556081 10853
2545906 2556708 10802
2551799 2558094 6295
2541293 2559084 17791
2545633 2560041 14408
2546349 2562186 15837
2546872 2562747 15875
2543105 2565915 22810
2556594 2566179 9585
2548736 2566674 17938
2547086 2568456 21370
2552698 2569776 17078
2560055 2572482 12427
2566260 2572548 6288
2554835 2575254 20419
2566942 2575320 8378
2569526 2576178 6652
2570405 2576706 6301
2566481 2576937 10456
2571394 2577729 6335
2571974 2578257 6283
2558583 2579049 20466
2574232 2580897 6665
2577398 2584032 6634
2580620 2586903 6283
2583084 2589378 6294
2580843 2592018 11175
2588239 2599905 11666
2584800 2602941 18141
2598248 2604888 6640
2595497 2610465 14968
2605100 2611389 6289
2597451 2612973 15522
2609054 2615349 6295
2601444 2616207 14763
2609815 2616471 6656
2603681 2618154 14473
2611865 2618154 6289
2609726 2620266 10540
2607835 2621355 13520
2617043 2623335 6292
2601102 2623500 22398
2617952 2624226 6274
2618341 2625249 6908
2613330 2626503 13173
2612118 2627064 14946
2617247 2630298 13051
2624524 2630826 6302
2618049 2632641 14592
2622646 2633103 10457
2623665 2635380 11715
2625568 2636007 10439
2634609 2641254 6645
2630560 2642112 11552
2636949 2643597 6648
2634090 2645247 11157
2635278 2645808 10530
2639878 2646171 6293
2633021 2647986 14965
2637472 2651121 13649
2646319 2657259 10940
2651814 2658447 6633
2658912 2665212 6300
2659495 2666136 6641
2661427 2667720 6293
2674981 2681646 6665
2676237 2682537 6300
2675656 2686101 10445
2682685 2689335 6650
2683670 2690325 6655
2687349 2693625 6276
2684940 2695374 10434
2686732 2700720 13988
2691287 2705769 14482
2698662 2709597 10935
2705837 2712501 6664
2702830 2717286 14456
2708856 2719794 10938
2714400 2720685 6285
2715321 2721774 6453
2708914 2723523 14609
2714885 2725338 10453
2715559 2726526 10967
2727233 2733885 6652
2725453 2736261 10808
2725102 2739693 14591
2733472 2740122 6650
2736418 2742696 6278
2737292 2743950 6658
2741774 2748438 6664
2743102 2749758 6656
2740748 2751540 10792
2746888 2753553 6665
2744942 2755896 10954
2747101 2758107 11006
2749193 2760120 10927
2760636 2766918 6282
2754918 2769525 14607
2764659 2771307 6648
2763812 2774244 10432
2773896 2780184 6288
2774839 2781141 6302
2767675 2781636 13961
2775378 2781669 6291
2768817 2784309 15492
2779871 2786520 6649
2781138 2787774 6636
2779103 2789919 10816
2779862 2790513 10651
2779312 2793285 13973
2783588 2793648 10060
2779765 2794440 14675
2789204 2796717 7513
2792588 2798862 6274
2784835 2799819 14984
2786144 2801601 15457
2783382 2801898 18516
2788874 2803482 14608
2794616 2805099 10483
2795089 2805528 10439
2794300 2806056 11756
2786816 2806782 19966
2800773 2807574 6801
2803372 2810016 6644
2800945 2811897 10952
2801649 2812656 11007
2806748 2813382 6634
2794766 2814537 19771
2808231 2818662 10431
2808830 2819652 10822
2809876 2821104 11228
2815902 2822193 6291
2809697 2822556 12859
2811056 2823117 12061
2816275 2823183 6908
2817138 2823876 6738
2813796 2825922 12126
2812510 2826879 14369
2813505 2827473 13968
2818645 2829024 10379
2818591 2829387 10796
2822750 2829387 6637
2834396 2840673 6277
2826781 2841762 14981
2838702 2844996 6294
2831805 2845755 13950
2831646 2846118 14472
2835532 2846481 10949
2838746 2848890 10144
2836669 2851134 14465
2838298 2852784 14486
2841175 2853576 12401
2846579 2857371 10792
2850401 2860836 10435
2852747 2863542 10795
2857602 2863872 6270
2863875 2870538 6663
2860309 2871132 10823
2866490 2876940 10450
2869007 2879448 10441
2874061 2880702 6641
2872060 2882517 10457
2871067 2882913 11846
2870247 2883870 13623
2876807 2887236 10429
2877391 2890173 12782
2885338 2891625 6287
2881181 2892120 10939
2873844 2893473 19629
2888488 2895156 6668
2881530 2896014 14484
2883606 2897499 13893
2884073 2897697 13624
2891972 2898258 6286
2892850 2899215 6365
2893801 2900535 6734
2891587 2902383 10796
2899519 2905815 6296
2902147 2908422 6275
2892992 2908785 15793
2904556 2910831 6275
2895959 2910930 14971
2903477 2913933 10456
2909788 2916441 6653
2903155 2917134 13979
2906282 2920797 14515
2907287 2921259 13972
2908068 2921457 13389
2910399 2922348 11949
2906981 2923998 17017
2910550 2924031 13481
2907975 2925021 17046
2914743 2925681 10938
2920575 2926869 6294
2921066 2931522 10456
2917928 2932314 14386
2923025 2933964 10939
2929916 2936208 6292
2930923 2937561 6638
2931808 2938452 6644
2932315 2940036 7721
2934211 2944689 10478
2930938 2945415 14477
2935352 2952279 16927
2942187 2952873 10686
2946328 2952972 6644
2942610 2953533 10923
2949997 2956272 6275
2943086 2956503 13417
2946260 2956635 10375
2950824 2957460 6636
2952231 2958516 6285
2953817 2960100 6283
2956149 2962443 6294
2956206 2963037 6831
2954050 2964984 10934
2959842 2970792 10950
2958572 2972310 13738
2960492 2972937 12445
2968477 2978910 10433
2968767 2979702 10935
2966922 2980164 13242
2978680 2984982 6302
2971411 2987259 15848
2969528 2987490 17962
2971620 2988249 16629
2973713 2991483 17770
2972818 2993529 20711
2987492 2993793 6301
2974603 2994618 20015
2990314 2996961 6647
2983079 2997555 14476
2978362 2999238 20876
2979009 3000426 21417
2979497 3001581 22084
2995230 3001878 6648
2987648 3002109 14461
2999871 3006168 6297
3001515 3007818 6303
2999137 3010062 10925
3003842 3014781 10939
3008323 3014979 6656
3010890 3017553 6663
3006894 3021480 14586
3007278 3021744 14466
3007323 3022206 14883
3011801 3022602 10801
3015617 3030093 14476
3019296 3030093 10797
3020445 3032634 12189
3020230 3032898 12668
3028686 3035340 6654
3022444 3035571 13127
3023091 3037551 14460
3031544 3037815 6271
3033123 3039399 6276
3027013 3041115 14102
3024245 3041643 17398
3031509 3048375 16866
3038374 3048804 10430
3041122 3051510 10388
3044276 3052038 7762
3044468 3052533 8065
3039231 3054150 14919
3048641 3055305 6664
3041656 3055635 13979
3049060 3055701 6641
3045008 3056130 11122
3041229 3056196 14967
3045668 3058440 12772
3046320 3059298 12978
3050226 3063390 13164
3052964 3066591 13627
3053318 3066657 13339
3061369 3068637 7268
3060599 3069594 8995
3057891 3072762 14871
3062432 3073785 11353
3065529 3076326 10797
3071328 3077613 6285
3069425 3080352 10927
3075948 3082596 6648
3076301 3082596 6295
3078011 3084312 6301
3070734 3085203 14469
3073186 3087645 14459
3074570 3088899 14329
3084040 3090318 6278
3079461 3090384 10923
3090721 3097017 6296
3087593 3102066 14473
3093084 3103881 10797
3098170 3104805 6635
3091589 3105135 13546
3105352 3111636 6284
3100024 3114507 14483
3103400 3117642 14242
3116755 3123054 6299
3108265 3125331 17066
3123179 3129456 6277
3115118 3129588 14470
3118758 3136419 17661
3129690 3138234 8544
3126265 3139620 13355
3130009 3144471 14462
3138496 3144768 6272
3130710 3145263 14553
3138134 3149058 10924
3143818 3150477 6659
3145994 3152655 6661
3146924 3153216 6292
3147030 3153711 6681
3139086 3156153 17067
3151547 3158199 6652
3147882 3158694 10812
3151904 3158793 6889
3150068 3160872 10804
3156187 3162489 6302
3147615 3162621 15006
3150071 3164535 14464
3154646 3165591 10945
3158934 3168924 9990
3156704 3171168 14464
3158458 3174435 15977
3164940 3177504 12564
3163943 3178923 14980
3172697 3179352 6655
3180652 3187305 6653
3178114 3188922 10808
3182257 3192717 10460
3187971 3194796 6825
3185347 3197106 11759
3186525 3197535 11010
3183908 3198393 14485
3192259 3198921 6662
3188734 3199185 10451
3190634 3201495 10861
3188142 3203079 14937
3190699 3205851 15152
3190978 3205950 14972
3192507 3208095 15588
3187907 3208161 20254
3189931 3210834 20903
3205420 3211692 6272
3199503 3211791 12288
3201899 3212352 10453
3208339 3214629 6290
3209975 3216609 6634
3207410 3218688 11278
3209085 3223671 14586
3214571 3225387 10816
3213954 3226839 12885
3215011 3229974 14963
3221752 3232185 10433
3228767 3235056 6289
3233292 3239940 6648
3225933 3240897 14964
3235310 3243438 8128
3232024 3243900 11876
3234771 3245715 10944
3237898 3248850 10952
3242908 3249180 6272
3236042 3251358 15316
3238442 3251952 13510
3243758 3254460 10702
3247027 3257463 10436
3251935 3258222 6287
3248126 3260004 11878
3244582 3261720 17138
3248297 3261885 13588
3256529 3263172 6643
3254725 3265548 10823
3266201 3272841 6640
3271395 3281850 10455
3277323 3283599 6276
3276673 3287658 10985
3275834 3290298 14464
3280571 3290793 10222
3279748 3294357 14609
3292181 3298482 6301
3295025 3301320 6295
3295291 3306237 10946
3301973 3308250 6277
3299920 3310362 10442
3301020 3312573 11553
3311857 3318150 6293
3308831 3323199 14368
3312655 3326499 13844
3312085 3326697 14612
3313711 3329733 16022
3321783 3332901 11118
3325043 3335838 10795
3322223 3336201 13978
3322647 3337389 14742
3323603 3337422 13819
3327243 3338082 10839
3324827 3339303 14476
3322087 3340161 18074
3322328 3341415 19087
3326355 3342438 16083
3337004 3343296 6292
3332245 3346761 14516
3337913 3348345 10432
3337993 3348939 10946
3343956 3350589 6633
3341813 3351447 9634
3339119 3351711 12592
3342336 3352767 10431
3341846 3352800 10954
3347101 3353394 6293
3351347 3361776 10429
3352649 3364713 12064
3354875 3369828 14953
3365178 3371478 6300
3359964 3372501 12537
3362565 3372930 10365
3365081 3377550 12469
3367495 3378771 11276
3369271 3380091 10820
3366624 3380784 14160
3368899 3381741 12842
3373476 3384876 11400
3377608 3388407 10799
3386929 3393588 6659
3388439 3395073 6634
3384332 3395139 10807
3385407 3396393 10986
3384390 3398373 13983
3387936 3398406 10470
3397468 3404115 6647
3400023 3406656 6633
3393884 3407844 13960
3395822 3410418 14596
3399596 3410550 10954
3402083 3413520 11437
3407435 3413718 6283
3399208 3415863 16655
3406247 3416688 10441
3401122 3416787 15665
3399086 3417183 18097
3407497 3418569 11072
3413784 3424575 10791
3415311 3426258 10947
3416472 3427413 10941
3422004 3428304 6300
3417985 3428931 10946
3424522 3431175 6653
3420790 3431241 10451
3425193 3431835 6642
3417831 3435399 17568
3425681 3440349 14668
3430175 3440976 10801
3424480 3442725 18245
3438767 3453252 14485
3444050 3454506 10456
3448008 3454671 6663
3450557 3457245 6688
3443786 3457773 13987
3445551 3459918 14367
3456363 3462657 6294
3450867 3465759 14892
3450364 3465891 15527
3451945 3466320 14375
3457457 3472425 14968
3459488 3473448 13960
3468349 3474636 6287
3468504 3475230 6726
3461391 3475659 14268
3471070 3477342 6272
3467383 3477837 10454
3473485 3480147 6662
3468446 3482424 13978
3475587 3486384 10797
3475585 3489156 13571
3485249 3491532 6283
3477208 3491664 14456
3476141 3492159 16018
3485912 3492192 6280
3481709 3495195 13486
3481241 3495624 14383
3494556 3501201 6645
3489424 3503808 14384
3494275 3505227 10952
3499318 3505590 6272
3488673 3507966 19293
3501561 3508197 6636
3494848 3508428 13580
3506335 3512619 6284
3507005 3513378 6373
3499795 3514830 15035
3510725 3517008 6283
3504673 3517866 13193
3508469 3518097 9628
3507755 3520869 13114
3508107 3522123 14016
3508230 3523179 14949
3511574 3523905 12331
3513540 3523971 10431
3516104 3526545 10441
3515232 3529713 14481
3519979 3533475 13496
3522575 3533508 10933
3532374 3542814 10440
3531320 3545784 14464
3539764 3546048 6284
3543589 3549876 6287
3541439 3552252 10813
3546630 3552912 6282
3547339 3554001 6662
3555048 3561327 6279
3559430 3565716 6286
3559180 3565815 6635
3554220 3565980 11760
3556616 3567069 10453
3559293 3573768 14475
3566593 3581028 14435
3569665 3584262 14597
3573920 3584724 10804
3581814 3588453 6639
3584955 3591225 6270
3580824 3595284 14460
3581897 3596868 14971
3587165 3597594 10429
3594629 3600927 6298
3595100 3601389 6289
3587179 3603237 16058
3596672 3603336 6664
3598134 3604425 6291
3590667 3605547 14880
3599189 3610134 10945
3599291 3614259 14968
