1851 8151 6300
426 11352 10926
668 11616 10948
507 15708 15201
685 16203 15518
2225 16764 14539
5662 17061 11399
2003 19107 17104
6859 22341 15482
928 22836 21908
7415 23001 15586
3785 23793 20008
19079 25740 6661
9271 26367 17096
10148 26466 16318
16262 28182 11920
21911 28182 6271
20302 30756 10454
24838 31119 6281
18534 33858 15324
23959 33858 9899
19237 34518 15281
21359 35178 13819
21679 35838 14159
20440 37125 16685
26493 37290 10797
33178 39468 6290
24399 40590 16191
30817 41745 10928
28941 43296 14355
32077 43791 11714
29674 43890 14216
30647 44583 13936
34843 45573 10730
41006 47652 6646
32721 47685 14964
32202 48741 16539
38842 49830 10988
38947 49863 10916
38015 50193 12178
44088 52239 8151
33588 52602 19014
36662 53064 16402
40173 55011 14838
41907 56166 14259
42823 56265 13442
45317 56958 11641
45596 57750 12154
42569 58905 16336
48484 58938 10454
51774 59730 7956
51824 61017 9193
45550 62172 16622
49781 64779 14998
55036 64977 9941
42672 65703 23031
41051 66561 25510
47958 68805 20847
51177 69498 18321
56418 69597 13179
56658 70620 13962
56634 72105 15471
50046 72765 22719
49079 72831 23752
54544 73359 18815
67018 78309 11291
64558 78804 14246
69301 80256 10955
69606 80553 10947
74400 83226 8826
73805 83391 9586
69945 83721 13776
80360 86658 6298
82390 88671 6281
78503 89430 10927
83710 89991 6281
84263 90552 6289
80674 91113 10439
75967 91905 15938
80779 92235 11456
86115 94941 8826
82594 95007 12413
75360 95040 19680
90437 96723 6286
78548 97845 19297
85465 98142 12677
90429 99726 9297
89053 99990 10937
93917 100386 6469
83284 103785 20501
89564 103818 14254
83424 104313 20889
89210 104313 15103
93597 104874 11277
94802 105831 11029
94584 108108 13524
91591 110517 18926
98661 110583 11922
100331 111342 11011
99990 112992 13002
101778 113553 11775
96323 113586 17263
103421 113850 10429
102688 116853 14165
110636 116919 6283
112030 120021 7991
102680 120087 17407
105457 120549 15092
102846 120813 17967
104212 121011 16799
97285 121209 23924
110920 121869 10949
111174 122529 11355
110535 123651 13116
111544 124014 12470
107287 125268 17981
115778 126225 10447
113715 127512 13797
112162 128535 16373
115254 128601 13347
116094 129855 13761
119826 130779 10953
117455 131868 14413
125860 132396 6536
119544 132924 13380
123341 135498 12157
129655 135927 6272
121302 136026 14724
117938 139128 21190
120755 139194 18439
124702 139359 14657
130656 142362 11706
117521 142494 24973
123375 142791 19416
132968 145200 12232
133314 146718 13404
120960 147873 26913
128058 149160 21102
134160 149688 15528
138741 150315 11574
131646 152394 20748
145246 155694 10448
142190 157575 15385
148625 159555 10930
140483 160611 20128
156720 163020 6300
148854 163416 14562
142986 163845 20859
149143 163944 14801
151294 164538 13244
158204 164868 6664
152310 165231 12921
155924 166716 10792
146519 167112 20593
158930 169917 10987
155771 170115 14344
163892 170544 6652
160907 172425 11518
159607 173217 13610
159152 176517 17365
159168 176682 17514
170412 176748 6336
161210 177045 15835
156609 177078 20469
163855 179553 15698
162743 180312 17569
168773 180411 11638
171829 181005 9176
165828 182160 16332
167665 183612 15947
169741 184305 14564
175682 184404 8722
170466 186813 16347
173829 187638 13809
167484 187671 20187
177153 188199 11046
167907 188331 20424
168392 188991 20599
169824 189354 19530
183139 189420 6281
170803 190146 19343
169870 190575 20705
171966 190938 18972
170021 191235 21214
173232 191499 18267
173545 192588 19043
184055 193413 9358
178520 194271 15751
184091 194535 10444
180765 196746 15981
182904 197373 14469
183909 200541 16632
181362 200970 19608
186338 203478 17140
191404 204600 13196
182446 205557 23111
189958 206712 16754
196448 207240 10792
193562 208857 15295
196127 209484 13357
199176 210111 10935
196434 210375 13941
203542 213510 9968
203123 214071 10948
203609 214533 10924
205699 216645 10946
203014 216711 13697
198858 217239 18381
206894 219978 13084
213524 220407 6883
207625 220737 13112
210416 221364 10948
216324 222618 6294
204741 223014 18273
207421 223080 15659
215194 226050 10856
220856 227139 6283
214226 228096 13870
208091 228162 20071
211951 228459 16508
219079 230538 11459
214832 232584 17752
218205 233343 15138
223884 237006 13122
224886 238128 13242
224701 239415 14714
233204 239514 6310
224775 242121 17346
228649 242121 13472
232124 242616 10492
227569 242682 15113
237276 243936 6660
237112 247566 10454
237240 248391 11151
238613 251625 13012
245649 252285 6636
241876 252681 10805
244427 254430 10003
247227 255651 8424
244349 255981 11632
245273 256212 10939
250335 256971 6636
242191 257037 14846
246956 261921 14965
256127 262416 6289
244966 263670 18704
254610 264726 10116
258216 264858 6642
257751 265221 7470
255883 266838 10955
261297 267663 6366
254825 267762 12937
255892 268554 12662
251678 270039 18361
264048 270369 6321
260720 271161 10441
260505 271458 10953
262930 273867 10937
260332 274164 13832
261576 276375 14799
262831 277299 14468
269131 280170 11039
271277 282315 11038
276054 282348 6294
270752 283338 12586
262836 284592 21756
273388 286209 12821
266207 286770 20563
269758 286968 17210
278863 287034 8171
265982 287298 21316
268080 287892 19812
274831 288123 13292
274835 289575 14740
284036 290334 6298
271326 290631 19305
268877 291159 22282
275806 291390 15584
276936 291918 14982
279599 292677 13078
283236 293238 10002
276034 293634 17600
286088 294327 8239
282610 295086 12476
277633 296472 18839
282861 296736 13875
283904 298749 14845
285170 299343 14173
287331 299904 12573
283351 299970 16619
284284 300498 16214
284593 302115 17522
292319 303270 10951
297072 303666 6594
297819 304359 6540
291269 306207 14938
287684 306966 19282
295565 307494 11929
300052 310992 10940
291881 311487 19606
305124 311784 6660
297681 312279 14598
301948 312741 10793
303193 314028 10835
303215 314193 10978
306584 315777 9193
299175 316107 16932
308841 316470 7629
304961 318945 13984
301562 320034 18472
305889 322806 16917
314096 327294 13198
320516 330033 9517
323025 330528 7503
320004 330858 10854
317921 332871 14950
327838 334488 6650
321383 335841 14458
321313 338118 16805
322902 338910 16008
333082 339372 6290
329126 341121 11995
325791 342243 16452
324471 342738 18267
328919 342903 13984
336755 343398 6643
332868 343860 10992
333452 344553 11101
331237 345477 14240
336224 346863 10639
334823 346962 12139
336580 347655 11075
334423 350526 16103
331163 352011 20848
339889 353265 13376
339058 354057 14999
340527 354585 14058
338322 355641 17319
342360 358908 16548
354445 360723 6278
350853 361779 10926
339833 362142 22309
352910 363858 10948
350141 364749 14608
354902 365838 10936
361886 368181 6295
358260 368610 10350
347663 368907 21244
356852 371118 14266
351909 372174 20265
359629 372306 12677
366132 372405 6273
365396 372537 7141
355540 372735 17195
360748 373428 12680
363964 375837 11873
362736 378972 16236
368538 378972 10434
369868 380820 10952
370877 385968 15091
367587 386364 18777
373487 389070 15583
382418 389070 6652
383147 389433 6286
384114 390753 6639
385006 391281 6275
377445 392172 14727
375968 392304 16336
376341 392832 16491
369002 393030 24028
374544 393228 18684
383979 395274 11295
379242 395373 16131
380333 396297 15964
382720 397287 14567
389011 398640 9629
390003 399234 9231
380142 400521 20379
383442 402633 19191
396987 403260 6273
384892 403986 19094
387356 405933 18577
389102 406494 17392
378407 407022 28615
384188 407979 23791
391684 408408 16724
392787 408936 16149
386704 409299 22595
393656 409497 15841
385613 409662 24049
400488 411411 10923
387312 412566 25254
391848 412731 20883
401897 414513 12616
394079 415833 21754
389082 417450 28368
396805 420189 23384
397049 421311 24262
409666 422565 12899
402747 423423 20676
412579 423522 10943
398936 424248 25312
409222 424281 15059
394990 426591 31601
400935 427251 26316
410473 427416 16943
405613 427878 22265
409623 428208 18585
397574 429198 31624
411406 429297 17891
414227 430650 16423
420257 431310 11053
424551 431409 6858
414339 431607 17268
420924 431871 10947
411713 433917 22204
415049 434544 19495
413022 435864 22842
419829 437646 17817
427022 437910 10888
422664 438207 15543
424543 438603 14060
425258 439296 14038
426031 441441 15410
433393 443850 10457
435310 444147 8837
433912 444708 10796
428934 444741 15807
440086 446721 6635
437299 448239 10940
437550 448503 10953
438965 449889 10924
439874 450813 10939
440483 453816 13333
441976 455532 13556
446005 458832 12827
445030 459987 14957
452771 461868 9097
455305 466257 10952
455249 469854 14605
464056 470349 6293
460284 472329 12045
463981 474936 10955
466691 477642 10951
469331 480282 10951
466878 480777 13899
463755 480843 17088
475460 483087 7627
473921 485331 11410
479510 485793 6283
471390 488235 16845
473230 488499 15269
475056 489225 14169
482949 489225 6276
472841 491832 18991
478199 493053 14854
479868 493251 13383
478629 494769 16140
487333 495330 7997
482870 496122 13252
478717 496584 17867
489634 496914 7280
477746 497739 19993
482469 499719 17250
490712 502854 12142
494139 504933 10794
501265 507540 6275
502162 508464 6302
500517 511500 10983
506295 512589 6294
499231 514668 15437
499952 518364 18412
502444 518991 16547
501809 519222 17413
504486 522027 17541
506186 522093 15907
510114 522291 12177
507681 522687 15006
512823 523908 11085
514158 525195 11037
508912 525393 16481
516127 525492 9365
510625 527373 16748
520995 527637 6642
513964 528693 14729
516085 529881 13796
519716 530145 10429
520748 531432 10684
526088 532752 6664
520765 533181 12416
516068 534666 18598
524019 534963 10944
522727 536250 13523
525751 539187 13436
528515 539715 11200
526968 541200 14232
531812 542619 10807
528753 542850 14097
529448 543906 14458
533839 544632 10793
534479 545028 10549
528908 546150 17242
537010 547965 10955
530451 548097 17646
540139 550572 10433
530743 552486 21743
533851 552618 18767
539212 553410 14198
547616 554136 6520
533516 555060 21544
534868 555588 20720
536986 557271 20285
536855 560670 23815
544629 561594 16965
547896 562551 14655
540885 563541 22656
543613 564333 20720
554132 565323 11191
546531 569019 22488
547623 569382 21759
553978 569448 15470
555665 570042 14377
549766 570075 20309
553506 572154 18648
556443 572319 15876
549972 572913 22941
555823 573276 17453
551023 573639 22616
553571 573837 20266
562036 575322 13286
553833 575388 21555
564734 575784 11050
555804 576015 20211
556465 576081 19616
557323 576774 19451
560466 577533 17067
569837 577698 7861
564701 580008 15307
553779 580536 26757
559101 580800 21699
569278 581460 12182
571454 582615 11161
559993 582681 22688
558080 585453 27373
572563 585816 13253
571295 585981 14686
558693 587070 28377
576251 588324 12073
577561 588885 11324
569818 589644 19826
573927 589875 15948
572870 590205 17335
565201 590304 25103
575458 590634 15176
571756 590766 19010
585134 592152 7018
575496 593868 18372
579382 594858 15476
566149 597630 31481
572841 597894 25053
577299 598092 20793
572793 598422 25629
583531 598620 15089
576086 598653 22567
582388 601128 18740
582596 601326 18730
581536 601392 19856
585131 601689 16558
587245 601821 14576
587666 601920 14254
593742 604692 10950
583714 604824 21110
585578 607926 22348
594720 608355 13635
601697 608355 6658
591955 610797 18842
601544 611160 9616
588604 612216 23612
598099 612249 14150
605953 614922 8969
596019 615318 19299
596761 615318 18557
601122 616143 15021
602846 617793 14947
602208 619410 17202
606154 619674 13520
608831 620103 11272
602152 621654 19502
607841 624690 16849
607857 625185 17328
615383 626406 11023
617865 628815 10950
614485 628947 14462
618514 628947 10433
622579 632115 9536
621410 635349 13939
621955 635448 13493
622259 635712 13453
623769 636867 13098
626083 637230 11147
625820 637626 11806
632845 639507 6662
629189 640134 10945
635261 641553 6292
628270 643236 14966
636155 646404 10249
640985 647262 6277
642388 649044 6656
637480 650694 13214
641771 651288 9517
641380 651816 10436
648455 655182 6727
646264 657195 10931
647868 658317 10449
649195 659637 10442
651249 662244 10995
651986 663102 11116
652498 663531 11033
651856 665577 13721
654331 666204 11873
653459 666600 13141
652103 667062 14959
653209 667689 14480
654605 668085 13480
652938 668844 15906
660109 671055 10946
658813 673299 14486
656848 675477 18629
669223 675906 6683
660583 678777 18194
668210 679140 10930
658186 680229 22043
666467 681714 15247
668448 682341 13893
664833 683232 18399
678953 685608 6655
675658 686598 10940
676051 686763 10712
672261 688611 16350
671340 689601 18261
679383 690327 10944
671130 691053 19923
681011 691779 10768
682253 693198 10945
687004 693297 6293
687715 694353 6638
678705 695145 16440
683655 695640 11985
681604 696003 14399
682379 697026 14647
693087 699732 6645
688497 701151 12654
690901 702405 11504
692367 703263 10896
686595 703428 16833
683488 704286 20798
698022 705177 7155
690586 705210 14624
700457 707091 6634
691598 707553 15955
694846 712767 17921
701416 714780 13364
698322 714879 16557
698466 715440 16974
697331 715803 18472
712670 718971 6301
705302 719169 13867
704666 721908 17242
700359 722733 22374
712500 722964 10464
702560 723360 20800
718064 724350 6286
714079 725637 11558
706465 726198 19733
710922 727980 17058
705883 729168 23285
719117 729531 10414
702807 730191 27384
708785 730422 21637
718441 732072 13631
719543 733689 14146
724492 734943 10451
720639 736923 16284
722121 737451 15330
725664 740751 15087
728961 744414 15453
723381 744744 21363
734295 745569 11274
734173 745668 11495
724980 747912 22932
742165 748440 6275
729195 749067 19872
742833 749133 6300
731722 751377 19655
740732 751806 11074
730473 752301 21828
737833 754677 16844
744847 755304 10457
742642 758439 15797
742745 758472 15727
738691 758835 20144
745702 759462 13760
745900 760122 14222
753905 760188 6283
751033 761475 10442
751149 762333 11184
750581 762861 12280
753196 763653 10457
754647 765600 10953
749838 766392 16554
754575 769032 14457
758192 769131 10939
757375 770484 13109
760780 771573 10793
763041 773487 10446
767703 774048 6345
765648 774147 8499
763877 775467 11590
764426 775632 11206
771456 777744 6288
765704 777975 12271
773123 779394 6271
773117 779625 6508
771622 779922 8300
774828 781473 6645
769318 783915 14597
770530 785499 14969
772506 787116 14610
777147 788073 10926
778409 788601 10192
782185 789162 6977
780961 791406 10445
781114 792066 10952
786268 793023 6755
782643 793089 10446
784978 794211 9233
790014 796290 6276
791156 797808 6652
785732 797940 12208
791559 798402 6843
788546 799491 10945
785599 800217 14618
784616 801174 16558
795868 802164 6296
788648 802263 13615
796006 802296 6290
796243 802758 6515
796903 803187 6284
790973 805530 14557
791358 805794 14436
792737 806454 13717
790828 808830 18002
794213 809259 15046
790918 809820 18902
797683 809886 12203
800023 810975 10952
804152 812559 8407
801123 812988 11865
801187 814176 12989
799779 814968 15189
795482 817146 21664
802757 817311 14554
807106 818235 11129
804501 818334 13833
800115 820083 19968
802515 820413 17898
803085 820611 17526
812421 820611 8190
806650 821139 14489
804888 821238 16350
801064 822063 20999
810033 824241 14208
810361 826848 16487
810134 828927 18793
806352 829983 23631
816450 830016 13566
816451 830181 13730
809428 831369 21941
818991 831864 12873
811642 831930 20288
816920 832788 15868
810825 833547 22722
830136 836418 6282
812818 836484 23666
822452 836814 14362
812628 836847 24219
819237 837408 18171
822098 837969 15871
825017 843579 18562
831487 845361 13874
831060 845988 14928
832471 846780 14309
832072 847143 15071
838949 848166 9217
834876 849024 14148
842812 849453 6641
843791 850476 6685
840769 850839 10070
844467 851400 6933
831470 851796 20326
836677 851829 15152
838280 853776 15496
842370 859056 16686
844079 859650 15571
846245 861399 15154
840173 861630 21457
850462 862125 11663
851726 862950 11224
844502 863742 19240
848540 863742 15202
849505 864633 15128
851794 864831 13037
844861 866910 22049
842890 867504 24614
859164 869616 10452
859348 872850 13502
862471 873411 10940
860707 873576 12869
862944 874071 11127
857859 874764 16905
862517 878526 16009
863885 878559 14674
864306 880605 16299
862997 880935 17938
857187 882618 25431
863686 884400 20714
870918 885951 15033
866519 886941 20422
874499 887238 12739
871667 888063 16396
882534 889284 6750
867402 890802 23400
883574 890802 7228
866912 891660 24748
875368 893376 18008
883620 893541 9921
868284 894036 25752
881915 894201 12286
871808 894564 22756
873790 894960 21170
871232 897798 26566
891748 898392 6644
886655 900801 14146
879351 900900 21549
895609 902253 6644
895922 902451 6529
879704 904068 24364
893053 904464 11411
883864 904728 20864
890776 905289 14513
893378 907731 14353
887891 908523 20632
892090 909480 17390
894349 910239 15890
900727 910866 10139
902658 913110 10452
904029 913308 9279
891950 916575 24625
897828 917136 19308
900678 917235 16557
906683 919974 13291
906528 920007 13479
905635 920733 15098
913182 923472 10290
913206 924033 10827
906277 924264 17987
909135 924825 15690
919816 926475 6659
910799 927960 17161
921756 928026 6270
910478 928059 17581
912500 928620 16120
910788 930501 19713
913008 931260 18252
921125 932052 10927
921262 932217 10955
922104 933141 11037
912596 934857 22261
923937 934890 10953
928384 935121 6737
918941 935352 16411
930214 937068 6854
921024 937992 16968
932505 938784 6279
927692 938883 11191
932634 939378 6744
933137 939411 6274
929591 940533 10942
925433 941259 15826
924817 941292 16475
926621 942018 15397
936080 942480 6400
935452 943701 8249
938853 945153 6300
932098 945285 13187
935469 946440 10971
941594 948123 6529
938024 948453 10429
931581 949047 17466
933704 949575 15871
936523 949707 13184
937552 950334 12782
939618 951027 11409
940779 951588 10809
941214 952149 10935
948659 954954 6295
941151 956703 15552
950441 957363 6922
946917 958287 11370
946478 959178 12700
949414 960465 11051
950122 960927 10805
941548 961884 20336
953905 965349 11444
955772 966702 10930
960893 967164 6271
957824 968748 10924
963818 970101 6283
955758 971982 16224
959367 972741 13374
956937 973830 16893
963566 974490 10924
963892 974919 11027
964404 975447 11043
956438 977328 20890
962876 977493 14617
965022 978516 13494
966789 980232 13443
968009 980661 12652
966553 980727 14174
970731 981717 10986
968286 981750 13464
976631 983532 6901
969955 984885 14930
971589 984918 13329
972296 985545 13249
975279 988086 12807
973305 992079 18774
977369 992310 14941
977087 992673 15586
987251 993531 6280
974512 994620 20108
977429 994983 17554
982300 995808 13508
981499 995907 14408
974792 999174 24382
988270 999207 10937
980037 1002012 21975
992067 1002276 10209
982200 1002672 20472
988609 1004916 16307
989105 1005840 16735
992783 1007127 14344
996892 1008018 11126
993348 1009008 15660
1004078 1011087 7009
1000760 1011714 10954
1001836 1014090 12254
1006065 1016994 10929
1003807 1017555 13748
1004823 1018743 13920
1004216 1020162 15946
1010124 1020162 10038
1013407 1020690 7283
1004231 1021878 17647
1007510 1022967 15457
1008007 1023792 15785
1013687 1024188 10501
1013581 1025178 11597
1015881 1026828 10947
1020436 1027158 6722
1013940 1027224 13284
1010611 1029204 18593
1021520 1031316 9796
1021882 1034319 12437
1020026 1034352 14326
1020046 1034946 14900
1020199 1035144 14945
1012952 1035441 22489
1022501 1037619 15118
1020999 1038015 17016
1022036 1038378 16342
1028408 1039335 10927
1031576 1042074 10498
1033114 1045473 12359
1027813 1046892 19079
1029663 1046958 17295
1037586 1048047 10461
1037809 1048245 10436
1028858 1048542 19684
1038711 1050357 11646
1027583 1050423 22840
1044462 1050753 6291
1028827 1050984 22157
1041902 1052832 10930
1039279 1053657 14378
1048423 1055076 6653
1043241 1057815 14574
1046133 1058442 12309
1052526 1059168 6642
1053106 1059828 6722
1045543 1060158 14615
1044685 1060653 15968
1050632 1062765 12133
1051237 1064019 12782
1058160 1065339 7179
1048792 1065735 16943
1050246 1066395 16149
1043652 1066791 23139
1054061 1066890 12829
1054468 1069167 14699
1055352 1071510 16158
1052103 1073127 21024
1055551 1074612 19061
1060297 1074810 14513
1052113 1076361 24248
1054654 1076394 21740
1059491 1077549 18058
1060484 1077978 17494
1066914 1080717 13803
1058958 1080816 21858
1062103 1081212 19109
1057951 1081311 23360
1065716 1081344 15628
1070261 1083984 13723
1073873 1084017 10144
1070988 1084116 13128
1071558 1084149 12591
1059617 1084512 24895
1065034 1084611 19577
1065198 1085139 19941
1072102 1086921 14819
1080244 1087086 6842
1064280 1087251 22971
1075279 1087845 12566
1065855 1087977 22122
1076794 1088802 12008
1074588 1090452 15864
1078917 1091079 12162
1073765 1091145 17380
1075542 1094313 18771
1080418 1094577 14159
1079515 1095699 16184
1090237 1096524 6287
1080828 1096722 15894
1080890 1097283 16393
1091484 1097778 6294
1075385 1097976 22591
1081111 1098042 16931
1077955 1100286 22331
1083025 1101276 18251
1096002 1102695 6693
1095242 1104345 9103
1098201 1106457 8256
1095676 1106622 10946
1098737 1107282 8545
1084600 1107447 22847
1087378 1108536 21158
1087656 1108899 21243
1086450 1109229 22779
1087960 1109592 21632
1088444 1110384 21940
1081991 1111935 29944
1086456 1112529 26073
1098833 1113057 14224
1095434 1113552 18118
1098276 1114905 16629
1104663 1115103 10440
1098016 1116918 18902
1104631 1117677 13046
1108138 1118568 10430
1095066 1120746 25680
1100115 1121109 20994
1114449 1121307 6858
1110681 1123749 13068
1108180 1124046 15866
1116527 1126983 10456
1108831 1127346 18515
1100526 1128006 27480
1111631 1128237 16606
1112359 1128270 15911
1115113 1128831 13718
1117487 1129326 11839
1119259 1129722 10463
1124125 1130778 6653
1115313 1132065 16752
1120144 1132560 12416
1118265 1134705 16440
1117939 1135563 17624
1118254 1136784 18530
1122023 1137939 15916
1119852 1138863 19011
1121698 1139160 17462
1125829 1141635 15806
1132101 1144968 12867
1138987 1145265 6278
1127780 1145397 17617
1135216 1145529 10313
1132016 1145925 13909
1126425 1145958 19533
1123860 1146387 22527
1130443 1149159 18716
1130549 1149225 18676
1135996 1149522 13526
1136341 1150083 13742
1138099 1150611 12512
1138276 1152261 13985
1136236 1154703 18467
1139625 1157244 17619
1146116 1157310 11194
1139842 1157937 18095
1140972 1159158 18186
1133364 1159950 26586
1136782 1160610 23828
1139662 1162260 22598
1140197 1162392 22195
1143492 1165395 21903
1145097 1165890 20793
1146212 1165923 19711
1149948 1166253 16305
1143784 1166616 22832
1149124 1166946 17822
1151875 1168695 16820
1154311 1169553 15242
1143382 1170114 26732
1154764 1170411 15647
1159512 1173216 13704
1164423 1173744 9321
1154080 1174173 20093
1150936 1174404 23468
1155530 1175130 19600
1162610 1177275 14665
1162603 1178133 15530
1154863 1178331 23468
1157424 1178430 21006
1147844 1178694 30850
1159219 1179123 19904
1162821 1180575 17754
1149829 1181928 32099
1176281 1184007 7726
1168131 1185162 17031
1159847 1185393 25546
1163707 1185954 22247
1168556 1186911 18355
1166893 1187472 20579
1171002 1187670 16668
1171306 1187868 16562
1167287 1189749 22462
1171332 1190970 19638
1170462 1193049 22587
1175633 1193577 17944
1174468 1194270 19802
1180717 1197207 16490
1186794 1197933 11139
1186363 1198395 12032
1181092 1199781 18689
1181312 1199913 18601
1183082 1200408 17326
1186318 1201167 14849
1188139 1201167 13028
1189640 1201695 12055
1186999 1203081 16082
1177795 1203114 25319
1192374 1204863 12489
1183902 1206348 22446
1191238 1207173 15935
1191835 1208394 16559
1197986 1208427 10441
1187627 1209879 22252
1185400 1210770 25370
1193177 1211199 18022
1188963 1213179 24216
1192997 1213179 20182
1193920 1213179 19259
1198700 1213212 14512
1201193 1213311 12118
1203368 1214301 10933
1203538 1214466 10928
1207567 1217568 10001
1196919 1217832 20913
1203335 1218360 15025
1204357 1218822 14465
1198653 1220076 21423
1204047 1220076 16029
1207014 1220934 13920
1209607 1222452 12845
1207900 1222881 14981
1202858 1223178 20320
1203358 1223508 20150
1210940 1224993 14053
1220093 1226379 6286
1220385 1226676 6291
1215719 1227600 11881
1212159 1228227 16068
1213275 1228623 15348
1212253 1228788 16535
1213184 1229316 16132
1223532 1229811 6279
1216981 1230735 13754
1215959 1233078 17119
1223182 1233639 10457
1223994 1234794 10800
1220850 1235454 14604
1220020 1236576 16556
1220549 1237236 16687
1223542 1238358 14816
1230737 1241691 10954
1227289 1242648 15359
1224139 1244562 20423
1230317 1245981 15664
1237664 1247367 9703
1231431 1247862 16431
1241880 1248159 6279
1232475 1248984 16509
1238652 1249083 10431
1243941 1250304 6363
1244265 1250898 6633
1244280 1251492 7212
1231780 1251921 20141
1233491 1252119 18628
1245009 1252119 7110
1237750 1252581 14831
1238291 1252746 14455
1246752 1254990 8238
1235100 1255353 20253
1241575 1255617 14042
1236320 1255980 19660
1240929 1255980 15051
1246105 1259148 13043
1240812 1259247 18435
1243957 1259313 15356
1236662 1259346 22684
1243255 1259775 16520
1238713 1262514 23801
1243432 1262514 19082
1254033 1263735 9702
1246477 1265583 19106
1246271 1266639 20368
1243406 1267002 23596
1246160 1268058 21898
1247485 1268553 21068
1262731 1269015 6284
1250574 1269411 18837
1251477 1269972 18495
1248468 1271820 23352
1254277 1271985 17708
1258566 1273008 14442
1258068 1274856 16788
1265638 1275747 10109
1252139 1275780 23641
1255937 1276671 20734
1252563 1277067 24504
1257265 1277199 19934
1263800 1277199 13399
1256652 1277298 20646
1256427 1278948 22521
1267959 1279245 11286
1271031 1281489 10458
1258754 1281687 22933
1264484 1283766 19282
1265036 1284723 19687
1274470 1285383 10913
1269008 1286043 17035
1274679 1287561 12882
1263306 1288122 24816
1277660 1288584 10924
1265475 1289277 23802
1271901 1289805 17904
1274127 1290333 16206
1270784 1291422 20638
1264539 1291950 27411
1272065 1292016 19951
1279857 1293369 13512
1272242 1293468 21226
1273571 1294029 20458
1278388 1294953 16565
1275684 1297263 21579
1282641 1297725 15084
1285501 1300563 15062
1273157 1301421 28264
1281176 1301586 20410
1292015 1304787 12772
1295419 1305876 10457
1290032 1306437 16405
1294099 1307988 13889
1279127 1308021 28894
1283222 1308582 25360
1290163 1309539 19376
1300638 1311090 10452
1293110 1311816 18706
1298789 1313400 14611
1294705 1314918 20213
1305262 1316667 11405
1302137 1317162 15025
1299224 1318218 18994
1298623 1318779 20156
1297121 1319835 22714
1300895 1321023 20128
1309629 1323597 13968
1305102 1323894 18792
1317205 1324686 7481
1303773 1324917 21144
1310526 1326798 16272
1315787 1326831 11044
1311646 1327524 15878
1320489 1329504 9015
1309959 1330758 20799
1316183 1331385 15202
1316498 1331583 15085
1311452 1333992 22540
1322143 1334124 11981
1323945 1334124 10179
1315861 1334553 18692
1325866 1337061 11195
1316171 1337820 21649
1333346 1339635 6289
1324165 1340064 15899
1325603 1340328 14725
1331028 1340460 9432
1320926 1341351 20425
1330902 1343991 13089
1316478 1344849 28371
1335998 1347258 11260
1327787 1348182 20395
1331827 1348941 17114
1330464 1349502 19038
1332701 1350162 17461
1329862 1351251 21389
1336445 1351317 14872
1341135 1352076 10941
1337864 1353396 15532
1344283 1354452 10169
1342242 1357554 15312
1348701 1358445 9744
1348506 1358940 10434
1349175 1360425 11250
1348508 1361283 12775
1348943 1361481 12538
1345067 1361778 16711
1350514 1362042 11528
1353406 1363164 9758
1350529 1363296 12767
1352824 1366002 13178
1353167 1366464 13297
1360331 1366629 6298
1353069 1368873 15804
1350958 1369170 18212
1352312 1369500 17188
1355120 1369731 14611
1357599 1370094 12495
1366063 1372338 6275
1358072 1372536 14464
1365776 1372800 7024
1367827 1374120 6293
1358145 1374582 16437
1361462 1375110 13648
1362075 1376529 14454
1355108 1377618 22510
1360509 1377717 17208
1367521 1378707 11186
1359628 1379631 20003
1365547 1379829 14282
1359457 1380126 20669
1368764 1380192 11428
1368189 1382865 14676
1361007 1382931 21924
1370905 1385043 14138
1373602 1385604 12002
1370884 1386297 15413
1372812 1388706 15894
1371613 1389102 17489
1376089 1389234 13145
1373207 1389531 16324
1374335 1390653 16318
1374891 1391874 16983
1381782 1392303 10521
1379144 1393359 14215
1376226 1393854 17628
1373347 1394712 21365
1378854 1396923 18069
1386819 1397748 10929
1387801 1398705 10904
1374525 1401246 26721
1377884 1401774 23890
1378732 1402335 23603
1382780 1403853 21073
1393983 1405041 11058
1388798 1405569 16771
1392620 1407219 14599
1393057 1407582 14525
1392591 1409166 16575
1390833 1410882 20049
1399963 1410948 10985
1385812 1411311 25499
1391585 1411707 20122
1396843 1412301 15458
1404668 1415436 10768
1398170 1417020 18850
1403096 1417713 14617
1395847 1418604 22757
1403643 1418604 14961
1407537 1421871 14334
1417131 1427580 10449
1416712 1429164 12452
1417066 1429692 12626
1418712 1430121 11409
1420072 1430880 10808
1418875 1430913 12038
1427600 1433883 6283
1427765 1434477 6712
1428549 1435203 6654
1424114 1437117 13003
1425594 1437414 11820
1424590 1438272 13682
1427567 1438503 10936
1432402 1439064 6662
1427958 1441671 13713
1428698 1443783 15085
1433486 1444410 10924
1433594 1444542 10948
1435027 1445829 10802
1432969 1446720 13751
1438369 1449855 11486
1436420 1449921 13501
1431801 1451175 19374
1434231 1451802 17571
1433715 1451835 18120
1442792 1453518 10726
1449307 1455795 6488
1436111 1455993 19882
1442835 1456323 13488
1438046 1456884 18838
1442694 1459260 16566
1448761 1459920 11159
1442615 1460151 17536
1448847 1460481 11634
1447119 1461801 14682
1451026 1463253 12227
1453140 1465662 12522
1445888 1466322 20434
1448185 1467180 18995
1449305 1469556 20251
1450997 1469721 18724
1456271 1470480 14209
1451665 1472823 21158
1462324 1473153 10829
1460567 1473648 13081
1449140 1473714 24574
1462239 1474143 11904
1469212 1475496 6284
1455896 1475562 19666
1467189 1475826 8637
1464300 1476156 11856
1469540 1476255 6715
1463116 1478235 15119
1467182 1478433 11251
1462779 1479819 17040
1458569 1481469 22900
1466896 1481502 14606
1465967 1482624 16657
1472035 1484637 12602
1467050 1486287 19237
1475350 1488696 13346
1463877 1489488 25611
1470569 1492722 22153
1476998 1496022 19024
1479544 1496484 16940
1491360 1497639 6279
1485949 1498266 12317
1492436 1498728 6292
1492739 1499025 6286
1480449 1499256 18807
1481862 1499817 17955
1489058 1499982 10924
1488084 1502919 14835
1487980 1503084 15104
1494334 1505526 11192
1492780 1506087 13307
1485455 1506450 20995
1496593 1507539 10946
1502541 1508826 6285
1498539 1508991 10452
1505478 1511763 6285
1502666 1512126 9460
1495930 1514370 18440
1489647 1515591 25944
1503672 1517043 13371
1500467 1517406 16939
1497001 1518066 21065
1501903 1518066 16163
1499578 1520178 20600
1504218 1521630 17412
1515604 1521894 6290
1516346 1522983 6637
1509855 1525029 15174
1511279 1525128 13849
1514075 1526019 11944
1515716 1527042 11326
1506680 1528263 21583
1506659 1528626 21967
1511455 1528791 17336
1510153 1529682 19529
1523517 1532355 8838
1515687 1532553 16866
1521366 1532586 11220
1521749 1533444 11695
1523406 1534335 10929
1514131 1536051 21920
1516862 1536678 19816
1519603 1536744 17141
1519904 1537371 17467
1523629 1537536 13907
1527076 1538427 11351
1520666 1539318 18652
1526953 1540671 13718
1523983 1541991 18008
1528976 1542552 13576
1525194 1542750 17556
1515089 1542948 27859
1525404 1543311 17907
1538077 1544367 6290
1527687 1546545 18858
1522752 1546578 23826
1536275 1547403 11128
1525084 1548492 23408
1528653 1549020 20367
1535345 1549383 14038
1528160 1551462 23302
1526129 1552881 26752
1526170 1553475 27305
1532554 1553904 21350
1534614 1554564 19950
1537147 1556775 19628
1545049 1557006 11957
1536685 1557798 21113
1542116 1559976 17860
1535026 1560075 25049
1550869 1560966 10097
1548275 1561230 12955
1542448 1561923 19475
1556060 1562352 6292
1542305 1564035 21730
1543954 1564200 20246
1547688 1564761 17073
1551847 1565916 14069
1543062 1566048 22986
1543898 1567137 23239
1556463 1567401 10938
1545472 1570371 24899
1549788 1570899 21111
1556911 1571427 14516
1553211 1571460 18249
1551949 1573242 21293
1557021 1573242 16221
1564645 1575288 10643
1567107 1575948 8841
1565807 1576245 10438
1557358 1576410 19052
1570908 1577565 6657
1562972 1578357 15385
1558108 1578885 20777
1558494 1579809 21315
1560281 1580370 20089
1565243 1580403 15160
1565897 1581459 15562
1573336 1582317 8981
1571565 1582614 11049
1576082 1582845 6763
1563856 1584825 20969
1572476 1586178 13702
1568991 1586343 17352
1566725 1586739 20014
1580005 1586871 6866
1572135 1589577 17442
1579801 1589841 10040
1580237 1592349 12112
1580360 1593999 13639
1580061 1594098 14037
1580872 1594626 13754
1585518 1596441 10923
1590481 1596804 6323
1581066 1599939 18873
1593674 1599972 6298
1589472 1600401 10929
1586240 1602612 16372
1580438 1602810 22372
1585134 1602810 17676
1593528 1604460 10932
1594732 1605186 10454
1596844 1607298 10454
1584548 1608255 23707
1597185 1609641 12456
1600705 1610037 9332
1587708 1610103 22395
1600350 1611291 10941
1596498 1613337 16839
1592973 1613766 20793
1600588 1616571 15983
1599697 1617165 17468
1606884 1617330 10446
1602706 1617627 14921
1602776 1618188 15412
1602820 1618749 15929
1607814 1618749 10935
1607462 1619541 12079
1614545 1621191 6646
1610394 1621323 10929
1600764 1621752 20988
1603438 1623303 19865
1617564 1624953 7389
1607817 1624986 17169
1619548 1625844 6296
1613539 1628847 15308
1609230 1629144 19914
1622836 1629474 6638
1624642 1630926 6284
1611954 1632312 20358
1626085 1632378 6293
1617814 1632411 14597
1618251 1636272 18021
1621937 1636899 14962
1622958 1637526 14568
1625245 1638219 12974
1627835 1638285 10450
1623351 1641387 18036
1626036 1641585 15549
1626765 1641684 14919
1626881 1641915 15034
1628800 1642773 13973
1633303 1644654 11351
1637717 1644885 7168
1627925 1645776 17851
1637026 1647822 10796
1635295 1649439 14144
1631384 1650033 18649
1636132 1650561 14429
1640631 1651584 10953
1632504 1653168 20664
1641881 1654158 12277
1636606 1656336 19730
1645243 1659471 14228
1647587 1661682 14095
1640344 1661781 21437
1649358 1662309 12951
1650768 1662837 12069
1657851 1664817 6966
1644484 1664850 20366
1652787 1666071 13284
1646709 1666599 19890
1648758 1668150 19392
1655997 1669305 13308
1649347 1669998 20651
1647077 1670163 23086
1651738 1671813 20075
1664216 1671846 7630
1648301 1672671 24370
1666831 1673133 6302
1660471 1674618 14147
1658108 1675971 17863
1666595 1676037 9442
1659347 1678149 18802
1658273 1678677 20404
1652498 1679139 26641
1661944 1679271 17327
1658867 1681548 22681
1664723 1681911 17188
1670178 1682076 11898
1665088 1682109 17021
1660640 1682604 21964
1670233 1682637 12404
1666635 1685376 18741
1666983 1685871 18888
1675578 1686399 10821
1667249 1686432 19183
1665090 1686993 21903
1675883 1687191 11308
1675508 1688115 12607
1681191 1688280 7089
1678495 1689402 10907
1682759 1689402 6643
1674135 1690821 16686
1684415 1691415 7000
1684195 1691547 7352
1687325 1693626 6301
1674571 1694748 20177
1670065 1694880 24815
1683824 1696200 12376
1687361 1697487 10126
1681013 1697982 16969
1665893 1698378 32485
1684756 1698609 13853
1689123 1701216 12093
1674481 1701249 26768
1686743 1701876 15133
1696019 1702305 6286
1689564 1702668 13104
1689611 1703295 13684
1689679 1703955 14276
1694420 1705374 10954
1694817 1705836 11019
1691157 1706859 15702
1688610 1707849 19239
1691454 1707849 16395
1691007 1708212 17205
1702037 1708344 6307
1702166 1708443 6277
1703070 1709400 6330
1691813 1710984 19171
1699899 1711017 11118
1690909 1711248 20339
1693394 1712106 18712
1705560 1712304 6744
1697800 1714449 16649
1701136 1715076 13940
1694692 1715274 20582
1703708 1716198 12490
1701198 1717815 16617
1705984 1718970 12986
1702275 1721544 19269
1710070 1721709 11639
1707107 1722765 15658
1708174 1723293 15119
1707769 1723557 15788
1713944 1725405 11461
1714002 1725471 11469
1707336 1727088 19752
1717841 1728639 10798
1717941 1728771 10830
1710108 1728804 18696
1718812 1729695 10883
1714178 1730883 16705
1717304 1730883 13579
1718169 1731642 13473
1720247 1731906 11659
1725895 1732170 6275
1715267 1733061 17794
1724913 1734744 9831
1730435 1736724 6289
1726541 1736988 10447
1727628 1739331 11703
1730428 1741476 11048
1732684 1743489 10805
1734151 1744974 10823
1736913 1747713 10800
1738505 1749429 10924
1739771 1750221 10450
1736179 1751211 15032
1746006 1752300 6294
1741917 1754610 12693
1745263 1756062 10799
1737927 1757712 19785
1747955 1757778 9823
1752712 1759758 7046
1742211 1761012 18801
1750945 1761738 10793
1744545 1763751 19206
1751593 1767909 16316
1748925 1768272 19347
1751816 1768899 17083
1755421 1769097 13676
1758743 1769691 10948
1751879 1771209 19330
1753072 1771737 18665
1752624 1772067 19443
1758738 1772232 13494
1759892 1772925 13033
1755414 1775268 19854
1770855 1777512 6657
1767808 1778733 10925
1757533 1779162 21629
1769272 1780218 10946
1770630 1781571 10941
1766454 1782693 16239
1767720 1783617 15897
1778101 1784376 6275
1769940 1784673 14733
1758219 1785201 26982
1760200 1785861 25661
1776364 1787313 10949
1776394 1787940 11546
1769601 1788765 19164
1779412 1790613 11201
1779284 1790745 11461
1782536 1793484 10948
1776250 1793616 17366
1779606 1794474 14868
1783741 1794672 10931
1789197 1795860 6663
1784509 1796289 11780
1790026 1796322 6296
1787929 1798731 10802
1787929 1799061 11132
1789147 1799424 10277
1790500 1801437 10937
1795672 1801965 6293
1792432 1803450 11018
1789325 1804341 15016
1795374 1806189 10815
1798458 1809258 10800
1799950 1810380 10430
1798963 1812492 13529
1797173 1813053 15880
1799988 1815363 15375
1805520 1815660 10140
1805730 1816254 10524
1802340 1816320 13980
1804177 1816881 12704
1805064 1816914 11850
1811451 1817739 6288
1805728 1819554 13826
1803836 1820082 16246
1803942 1820148 16206
1805092 1823250 18158
1810498 1823415 12917
1811663 1826649 14986
1811953 1827111 15158
1813585 1827507 13922
1813460 1827639 14179
1809219 1828629 19410
1815928 1830840 14912
1817891 1831467 13576
1813725 1831764 18039
1805711 1834734 29023
1814867 1834965 20098
1826330 1836780 10450
1819523 1837473 17950
1821003 1837671 16668
1825689 1838925 13236
1827491 1839090 11599
1833948 1840608 6660
1822171 1840905 18734
1827814 1841433 13619
1827546 1843842 16296
1830872 1844469 13597
1825968 1844733 18765
1827640 1845063 17423
1834325 1845393 11068
1828503 1847175 18672
1840085 1847538 7453
1821074 1847736 26662
1824553 1848594 24041
1833343 1850508 17165
1832696 1851729 19033
1838801 1853610 14809
1840588 1855062 14474
1843381 1855590 12209
1844872 1856580 11708
1839443 1856910 17467
1850971 1857273 6302
1836130 1859352 23222
1849660 1859649 9989
1843116 1860012 16896
1846048 1860870 14822
1846800 1861365 14565
1855243 1861893 6650
1844875 1863312 18437
1844513 1864830 20317
1853577 1864863 11286
1851104 1866513 15409
1846847 1866546 19699
1849871 1867107 17236
1857157 1869615 12458
1851071 1870704 19633
1860033 1871034 11001
1852528 1871364 18836
1861043 1871628 10585
1858723 1872024 13301
1858604 1872717 14113
1866525 1872816 6291
1864140 1874697 10557
1857176 1875192 18016
1870283 1877205 6922
1862626 1877601 14975
1865131 1878426 13295
1858015 1879053 21038
1869764 1880571 10807
1858873 1880637 21764
1861009 1881363 20354
1866828 1882815 15987
1869260 1885092 15832
1875432 1886511 11079
1863385 1889085 25700
1866278 1889448 23170
1880473 1891428 10955
1880234 1893078 12844
1880857 1893606 12749
1870705 1894167 23462
1883901 1895223 11322
1883247 1896378 13131
1883510 1898457 14947
1883648 1899018 15370
1888576 1899579 11003
1884440 1899645 15205
1882828 1900239 17411
1885175 1901988 16813
1884357 1902351 17994
1886474 1902450 15976
1888450 1902747 14297
1889061 1902978 13917
1896733 1903044 6311
1890336 1903308 12972
1882782 1903473 20691
1893320 1906740 13420
1889046 1908093 19047
1894481 1908390 13909
1896997 1908621 11624
1891640 1909842 18202
1894454 1911492 17038
1893721 1911855 18134
1896718 1912119 15401
1890491 1912581 22090
1901965 1913901 11936
1898863 1914792 15929
1903404 1915353 11949
1900551 1915551 15000
1892388 1915584 23196
1904270 1916178 11908
1897778 1916475 18697
1902743 1917102 14359
1906514 1921128 14614
1904034 1922184 18150
1907143 1923339 16196
1913133 1923636 10503
1914851 1925286 10435
1907701 1925550 17849
1910029 1928586 18557
1921373 1928652 7279
1922585 1928883 6298
1915064 1930632 15568
1915824 1930797 14973
1916896 1931820 14924
1911614 1932348 20734
1915644 1933800 18156
1920913 1933899 12986
1919249 1935483 16234
1921734 1937133 15399
1928422 1939377 10955
1928966 1943436 14470
1929448 1943634 14186
1927953 1944558 16605
1936860 1946571 9711
1942850 1949145 6295
1938418 1949343 10925
1938288 1950960 12672
1940051 1951257 11206
1941079 1951323 10244
1947718 1953996 6278
1939042 1954227 15185
1944207 1955019 10812
1940059 1955052 14993
1944598 1956174 11576
1948192 1958649 10457
1946401 1958715 12314
1953747 1960398 6651
1951666 1964292 12626
1950455 1965777 15322
1955162 1965843 10681
1955112 1966041 10929
1952738 1966305 13567
1949051 1966767 17716
1957113 1968054 10941
1950027 1968912 18885
1955684 1970001 14317
1960552 1970100 9548
1955534 1972146 16612
1955007 1972806 17799
1956372 1973334 16962
1956860 1973862 17002
1957852 1973862 16010
1963225 1974324 11099
1955294 1974489 19195
1965712 1974951 9239
1965429 1975875 10446
1961719 1977492 15773
1957898 1977657 19759
1965524 1977723 12199
1964331 1978119 13788
1969366 1978251 8885
1975146 1981419 6273
1966073 1982904 16831
1958314 1983828 25514
1966303 1984323 18020
1963514 1984356 20842
1964337 1985082 20745
1972684 1985808 13124
1969531 1987557 18026
1967462 1987623 20161
1980754 1987920 7166
1969438 1988184 18746
1973183 1990725 17542
1984935 1991220 6285
1973198 1992474 19276
1972664 1994817 22153
1988954 1995609 6655
1984031 1997523 13492
1986664 1998150 11486
1987907 1998348 10441
1987503 1998447 10944
1983335 2002077 18742
1995782 2002176 6394
1991734 2002671 10937
1995025 2004849 9824
1993066 2004915 11849
1995143 2006070 10927
1994801 2007984 13183
1997493 2009139 11646
1999111 2010063 10952
1999964 2010855 10891
2005830 2013660 7830
1999332 2014386 15054
2001747 2015277 13530
2002948 2015409 12461
2005837 2016762 10925
2003728 2017620 13892
2003455 2021118 17663
2008269 2022207 13938
2010351 2022702 12351
2010520 2023923 13403
2009971 2024418 14447
2014499 2025441 10942
2019659 2026497 6838
2014466 2026992 12526
2013217 2027157 13940
2014706 2027586 12880
2014422 2028444 14022
2014224 2030127 15903
2020522 2031942 11420
2019811 2034813 15002
2028793 2035077 6284
2025772 2036727 10955
2022389 2037255 14866
2023284 2038080 14796
2020792 2038377 17585
2028892 2040819 11927
2031054 2041182 10128
2027378 2043129 15751
2023433 2043360 19927
2028201 2043657 15456
2029917 2044647 14730
2031101 2044812 13711
2028483 2045967 17484
2028800 2046495 17695
2034716 2049102 14386
2043147 2049432 6285
2031563 2049597 18034
2036050 2049696 13646
2031897 2050191 18294
2035020 2053425 18405
2047509 2053788 6279
2040526 2053986 13460
2045297 2056230 10933
2040083 2057253 17170
2042411 2057913 15502
2036597 2058144 21547
2046366 2058441 12075
2047476 2058969 11493
2043973 2059563 15590
2054623 2060916 6293
2047086 2061477 14391
2049823 2062071 12248
2053019 2063952 10933
2053406 2064348 10942
2059594 2066625 7031
2045571 2067087 21516
2059381 2070321 10940
2065430 2072070 6640
2062299 2074710 12411
2062563 2076063 13500
2062730 2076954 14224
2067530 2078142 10612
2059707 2078571 18864
2069324 2079165 9841
2067426 2081310 13884
2066502 2081937 15435
2064391 2082465 18074
2067676 2084874 17198
2074093 2085204 11111
2073772 2086161 12389
2073005 2087844 14839
2075857 2087976 12119
2074502 2089329 14827
2069732 2090088 20356
2086468 2092761 6293
2088657 2094939 6282
2084606 2095533 10927
2076715 2095797 19082
2078642 2096325 17683
2074738 2097744 23006
2079025 2099460 20435
2088731 2099889 11158
2079874 2100648 20774
2090579 2101011 10432
2095518 2101869 6351
2079513 2103849 24336
2083216 2103948 20732
2090767 2104278 13511
2093091 2107776 14685
2097187 2109360 12173
2092308 2110251 17943
2088112 2110713 22601
2096899 2111439 14540
2088438 2111703 23265
2083776 2112957 29181
2088482 2113947 25465
2094798 2114475 19677
2097341 2114739 17398
2096580 2114838 18258
2100612 2115597 14985
2111266 2117643 6377
2108816 2119755 10939
2109206 2120151 10945
2115046 2121339 6293
2094695 2121801 27106
2095338 2122263 26925
2100516 2122857 22341
2096118 2122923 26805
2093170 2123517 30347
2113955 2125101 11146
2099359 2125794 26435
2106541 2126487 19946
2109306 2126751 17445
2115888 2127246 11358
2098374 2130084 31710
2113375 2130447 17072
2126003 2132295 6292
2114667 2133384 18717
2113943 2133681 19738
2106170 2134275 28105
2118202 2136618 18416
2126302 2136750 10448
2114444 2137509 23065
2124329 2137839 13510
2115957 2138829 22872
2128667 2139489 10822
2119213 2139720 20507
2115114 2140644 25530
2118644 2140809 22165
2126832 2143020 16188
2136836 2147640 10804
2130946 2148234 17288
2138178 2148630 10452
2145300 2151600 6300
2138678 2152755 14077
2146762 2153052 6290
2124517 2153283 28766
2141980 2153415 11435
2139115 2153580 14465
2142956 2154042 11086
2144199 2155131 10932
2140876 2155626 14750
2143450 2156319 12869
2150849 2157507 6658
2147053 2158728 11675
2147768 2159091 11323
2153683 2159982 6299
2149715 2162490 12775
2157037 2163678 6641
2146308 2163843 17535
2148767 2165361 16594
2156340 2167275 10935
2152263 2168661 16398
2151452 2169255 17803
2153120 2170080 16960
2156008 2171268 15260
2157331 2172819 15488
2160422 2173413 12991
2159356 2173611 14255
2164438 2173941 9503
2164276 2176548 12272
2167411 2177109 9698
2166651 2177604 10953
2159833 2178924 19091
2161347 2180013 18666
2162375 2180310 17935
2163884 2181267 17383
2164630 2181333 16703
2165113 2182224 17111
2167860 2182422 14562
2174178 2182620 8442
2170341 2183082 12741
2167499 2184336 16837
2166961 2188758 21797
2174547 2189319 14772
2175597 2189682 14085
2171395 2190342 18947
2170584 2191596 21012
2170907 2192289 21382
2170453 2193081 22628
2178380 2193609 15229
2178093 2194104 16011
2178985 2197239 18254
2185312 2199912 14600
2177399 2200539 23140
2187296 2200572 13276
2186033 2200902 14869
2182931 2201925 18994
2187863 2202717 14854
2194809 2202981 8172
2192916 2203707 10791
2186017 2203839 17822
2191959 2203938 11979
2193010 2204037 11027
2191766 2204433 12667
2187983 2205951 17968
2200222 2206512 6290
2199966 2207304 7338
2189958 2208030 18072
2195688 2209119 13431
2201161 2212089 10928
2205957 2212353 6396
2203440 2214234 10794
2199193 2215521 16328
2200825 2216049 15224
2197153 2216379 19226
2209442 2218326 8884
2206951 2219382 12431
2204279 2219613 15334
2200645 2219679 19034
2214679 2220966 6287
2208513 2221857 13344
2200279 2223309 23030
2204564 2224068 19504
2214307 2226279 11972
2212379 2226609 14230
2215956 2227071 11115
2214327 2227104 12777
2210352 2227236 16884
2222991 2229315 6324
2222820 2230140 7320
2211552 2230371 18819
2218205 2230932 12727
2221867 2232813 10946
2223533 2233770 10237
2221757 2233803 12046
2220896 2234199 13303
2222480 2234265 11785
2224895 2236113 11218
2224947 2236938 11991
2222647 2237367 14720
2224036 2237532 13496
2225663 2238126 12463
2225073 2239380 14307
2230665 2240931 10266
2226341 2241558 15217
2225079 2241789 16710
2225573 2242185 16612
2229797 2242746 12949
2230365 2243538 13173
2230686 2244693 14007
2231057 2245287 14230
2238801 2245452 6651
2231575 2247696 16121
2231021 2250864 19843
2235722 2251821 16099
2234182 2253042 18860
2237623 2253570 15947
2239040 2253636 14596
2236360 2255946 19586
2239319 2256870 17551
2245418 2258025 12607
2236940 2259675 22735
2242781 2259807 17026
2247064 2261028 13964
2248815 2262546 13731
2252246 2262744 10498
2250534 2265021 14487
2247125 2265318 18193
2249061 2265978 16917
2254044 2267034 12990
2262874 2269509 6635
2257332 2271918 14586
2265683 2272347 6664
2257457 2272875 15418
2262307 2273997 11690
2257833 2275185 17352
2271209 2277495 6286
2266880 2277825 10945
2267784 2278287 10503
2266733 2281389 14656
2270248 2282016 11768
2274061 2284986 10925
2270431 2285217 14786
2281200 2287494 6294
2282247 2288517 6270
2278140 2288583 10443
2280909 2291355 10446
2279198 2293797 14599
2283716 2294523 10807
2285732 2296701 10969
2287887 2298318 10431
2292356 2299011 6655
2283064 2299737 16673
2294693 2301882 7189
2292708 2303631 10923
2293310 2306799 13489
2287256 2307063 19807
2296146 2307096 10950
2295501 2307426 11925
2297641 2308449 10808
2299944 2313531 13587
2299558 2314455 14897
2299618 2314488 14870
2300388 2314818 14430
2309893 2316171 6278
2297965 2316765 18800
2310743 2317392 6649
2308986 2319933 10947
2314359 2326698 12339
2312028 2326995 14967
2315361 2327325 11964
2321223 2327886 6663
2321693 2327985 6292
2318474 2330394 11920
2325270 2331549 6279
2322339 2333232 10893
2326993 2333628 6635
2323437 2333892 10455
2323980 2334783 10803
2326428 2337225 10797
2322489 2337588 15099
2328830 2337819 8989
2327302 2338248 10946
2327549 2341020 13471
2335481 2342703 7222
2327522 2344749 17227
2334595 2345409 10814
2335369 2345871 10502
2341228 2347884 6656
2342746 2349039 6293
2342922 2350029 7107
2343811 2350590 6779
2337444 2352141 14697
2338558 2352735 14177
2343262 2354055 10793
2347374 2358444 11070
2348287 2359236 10949
2347189 2359632 12443
2346070 2360556 14486
2354844 2361480 6636
2346865 2361909 15044
2356335 2363559 7224
2348569 2363889 15320
2353077 2366430 13353
2355721 2366661 10940
2353044 2367090 14046
2354612 2367090 12478
2355663 2367618 11955
2357229 2368245 11016
2355666 2368773 13107
2353792 2370324 16532
2355399 2371545 16146
2366339 2372634 6295
2355222 2374185 18963
2358877 2377353 18476
2361350 2378013 16663
2369044 2379498 10454
2372471 2382930 10459
2372506 2383326 10820
2367143 2384151 17008
2360157 2385108 24951
2363342 2386164 22822
2364394 2386692 22298
2363965 2387847 23882
2372966 2388342 15376
2374728 2391015 16287
2380969 2391147 10178
2377455 2391642 14187
2382153 2392599 10446
2367309 2394249 26940
2384007 2394942 10935
2388897 2395173 6276
2381820 2397450 15630
2386905 2397846 10941
2384280 2398077 13797
2390121 2401047 10926
2378732 2401080 22348
2380001 2401905 21904
2386610 2402532 15922
2396318 2402598 6280
2391667 2402862 11195
2396727 2403093 6366
2396900 2403621 6721
2394455 2405535 11080
2393770 2405601 11831
2385884 2405766 19882
2392933 2408472 15539
2393928 2408835 14907
2396361 2409429 13068
2395888 2412003 16115
2397659 2412696 15037
2392876 2413026 20150
2401595 2413224 11629
2401645 2415105 13460
2404778 2415798 11020
2405232 2418900 13668
2405487 2419494 14007
2409683 2420121 10438
2408051 2420616 12565
2410044 2423355 13311
2407268 2423784 16516
2404807 2424048 19241
2414336 2425005 10669
2413097 2427381 14284
2413819 2427744 13925
2415705 2427909 12204
2416213 2428107 11894
2418296 2431176 12880
2413353 2432034 18681
2416617 2432760 16143
2419209 2435235 16026
2421968 2435730 13762
2417257 2436060 18803
2419767 2436786 17019
2422139 2438469 16330
2424443 2438997 14554
2418463 2439294 20831
2419813 2439888 20075
2418810 2440284 21474
2426178 2440416 14238
2425467 2440614 15147
2421683 2440977 19294
2425810 2442330 16520
2425850 2443518 17668
2430736 2444112 13376
2439711 2445993 6282
2426988 2446752 19764
2422551 2447412 24861
2428719 2447973 19254
2430367 2448600 18233
2431414 2448666 17252
2430860 2448831 17971
2443487 2449788 6301
2430091 2449986 19895
2437370 2450151 12781
2441144 2451768 10624
2435518 2454111 18593
2445104 2456058 10954
2431538 2457246 25708
2441787 2458038 16251
2432636 2458302 25666
2436811 2458302 21491
2442176 2458698 16522
2441221 2459391 18170
2449994 2461734 11740
2446476 2462130 15654
2443901 2462196 18295
2452725 2464704 11979
2455726 2466651 10925
2447925 2466750 18825
2452694 2468598 15904
2459143 2469456 10313
2461000 2469456 8456
2453108 2471931 18823
2457388 2472558 15170
2455945 2474175 18230
2467877 2474175 6298
2465316 2476353 11037
2465743 2476716 10973
2463494 2477970 14476
2467396 2478960 11564
2460050 2480907 20857
2472803 2483745 10942
2469274 2485461 16187
2471199 2486286 15087
2475579 2486913 11334
2477016 2487969 10953
2471158 2488695 17537
2475060 2489223 14163
2471361 2491368 20007
2474177 2492490 18313
2477763 2493018 15255
2482796 2493546 10750
2472770 2494338 21568
2483706 2494371 10665
2476242 2494998 18756
2481056 2495856 14800
2481691 2496879 15188
2482615 2498265 15650
2490370 2498331 7961
2487626 2498859 11233
2478934 2500377 21443
2490435 2501367 10932
2492179 2502687 10508
2491901 2502786 10885
2493885 2504832 10947
2495358 2506284 10926
2496265 2507241 10976
2496571 2507505 10934
2496970 2508165 11195
2496890 2510442 13552
2506589 2512884 6295
2498889 2514666 15777
2503956 2514765 10809
2502529 2514897 12368
2498563 2517966 19403
2512610 2518890 6280
2510022 2520903 10881
2506001 2521266 15265
2510814 2521761 10947
2516799 2523081 6282
2517867 2524137 6270
2513586 2524533 10947
2511737 2526348 14611
2512139 2527074 14935
2515289 2528196 12907
2514839 2528295 13456
2512367 2529219 16852
2520354 2533773 13419
2517529 2534136 16607
2519235 2534664 15429
2512171 2535324 23153
2517546 2535753 18207
2522408 2535885 13477
2519355 2537007 17652
2520901 2537469 16568
2522968 2538492 15524
2532721 2539020 6299
2526565 2540769 14204
2534645 2541297 6652
2520257 2541792 21535
2522486 2543376 20890
2532230 2544564 12334
2522531 2545752 23221
2526357 2545950 19593
2532546 2546148 13602
2528382 2546610 18228
2530078 2546742 16664
2534080 2547336 13256
2534053 2548854 14801
2532468 2549283 16815
2540654 2551098 10444
2545760 2552418 6658
2535454 2553639 18185
2544498 2554233 9735
2535694 2554464 18770
2538831 2556873 18042
2548316 2557137 8821
2543799 2557368 13569
2543070 2557731 14661
2546968 2561031 14063
2543785 2563275 19490
2556975 2563935 6960
2540474 2566344 25870
2544972 2566509 21537
2554048 2567136 13088
2547755 2569578 21823
2550012 2570139 20127
2557472 2570502 13030
2560025 2570964 10939
2555950 2571063 15113
2566636 2573274 6638
2549352 2573307 23955
2556591 2573604 17013
2550752 2573703 22951
2556350 2574066 17716
2560373 2578884 18511
2574145 2580435 6290
2557387 2580501 23114
2565978 2580732 14754
2569818 2581062 11244
2571779 2582580 10801
2572644 2587167 14523
2570751 2587530 16779
2572396 2588124 15728
2568671 2590434 21763
2580318 2590764 10446
2570738 2590962 20224
2572644 2591622 18978
2582668 2593602 10934
2574744 2593668 18924
2579683 2595054 15371
2584672 2595417 10745
2577318 2595582 18264
2573389 2595813 22424
2577750 2598024 20274
2591603 2598255 6652
2576058 2598750 22692
2580018 2598882 18864
2588774 2599773 10999
2583624 2601159 17535
2582340 2601819 19479
2588600 2602974 14374
2591219 2603139 11920
2593127 2604393 11266
2584523 2604987 20464
2591422 2605218 13796
2589078 2605977 16899
2592131 2606175 14044
2600075 2606736 6661
2585864 2607429 21565
2592409 2608386 15977
2589052 2609409 20357
2598373 2610333 11960
2595380 2612379 16999
2599808 2613501 13693
2589775 2614359 24584
2599521 2615118 15597
2610464 2616735 6271
2597074 2617428 20354
2602976 2617593 14617
2613365 2620002 6637
2603896 2621454 17558
2612206 2622642 10436
2601537 2624160 22623
2602138 2624919 22781
2610847 2625381 14534
2615049 2625975 10926
2610424 2627856 17432
2620416 2628549 8133
2608244 2628780 20536
2622536 2628813 6277
2611881 2631222 19341
2614716 2632014 17298
2615460 2632443 16983
2619217 2632938 13721
2622378 2634423 12045
2622429 2634951 12522
2614666 2635809 21143
2617860 2636469 18609
2611412 2637723 26311
2617756 2638053 20297
2614179 2638284 24105
2620584 2639571 18987
2618763 2639736 20973
2620169 2640297 20128
2624717 2640957 16240
2634996 2641287 6291
2625235 2642805 17570
2635570 2643333 7763
2618878 2645379 26501
2625429 2646138 20709
2628487 2648613 20126
2638183 2648976 10793
2633308 2649141 15833
2633342 2649438 16096
2636575 2650032 13457
2640668 2651121 10453
2638498 2652177 13679
2641678 2652606 10928
2622848 2652870 30022
2623220 2653959 30739
2645076 2655510 10434
2637353 2657292 19939
2643493 2657457 13964
2637544 2657853 20309
2650708 2660592 9884
2647877 2660889 13012
2645979 2663331 17352
2657116 2663397 6281
2648330 2664354 16024
2658313 2664750 6437
2651618 2664948 13330
2655003 2665443 10440
2656580 2666466 9886
2655589 2666895 11306
2654916 2667621 12705
2657565 2668611 11046
2646929 2669766 22837
2648934 2670129 21195
2658462 2670723 12261
2648769 2673033 24264
2661864 2673231 11367
2662428 2673825 11397
2667994 2674287 6293
2664855 2675310 10455
2665277 2680854 15577
2667421 2681514 14093
2663201 2683494 20293
2671924 2684649 12725
2680328 2686629 6301
2676716 2687520 10804
2674172 2688642 14470
2683567 2689863 6296
2674684 2690919 16235
2673770 2691546 17776
2678692 2691975 13283
2681740 2692173 10433
2685702 2694714 9012
2684271 2695077 10806
2688462 2695242 6780
2683320 2695902 12582
2681625 2696100 14475
2682268 2696826 14558
2681980 2698674 16694
2689231 2699664 10433
2685936 2700852 14916
2691436 2701743 10307
2688561 2703294 14733
2691925 2704878 12953
2689754 2704977 15223
2691512 2706000 14488
2691375 2708277 16902
2691964 2708574 16610
2695213 2709300 14087
2695068 2711379 16311
2693883 2711874 17991
2703112 2712039 8927
2704350 2715240 10890
2700172 2716362 16190
2702850 2717616 14766
2704133 2718111 13978
2711639 2723061 11422
2711592 2726196 14604
2719966 2726625 6659
2712162 2727582 15420
2721504 2727780 6276
2718867 2729793 10926
2724526 2730816 6290
2719492 2732862 13370
2715691 2733984 18293
2723535 2734479 10944
2715552 2735073 19521
2728928 2735238 6310
2724507 2737086 12579
2727062 2737647 10585
2721714 2740320 18606
2726886 2741343 14457
2723594 2742531 18937
2732450 2742993 10543
2727703 2743620 15917
2730530 2745369 14839
2734097 2745864 11767
2739958 2746788 6830
2730397 2747778 17381
2737012 2748438 11426
2737175 2751309 14134
2735218 2751606 16388
2740887 2751936 11049
2745643 2751936 6293
2738723 2752266 13543
2738818 2754411 15593
2743319 2754675 11356
2740033 2754906 14873
2744306 2755302 10996
2745600 2756391 10791
2739541 2756589 17048
2738327 2756952 18625
2747573 2758503 10930
2744102 2760186 16084
2746550 2760318 13768
2748449 2760813 12364
2751350 2762298 10948
2759583 2765862 6279
2759944 2767347 7403
2754804 2767644 12840
2754972 2769558 14586
2755505 2769690 14185
2758367 2772825 14458
2758417 2772825 14408
2767604 2774145 6541
2765292 2775729 10437
2759607 2776059 16452
2757899 2776125 18226
2758004 2776521 18517
2767172 2777610 10438
2766696 2778963 12267
2764646 2780811 16165
2767043 2782296 15253
2767223 2784078 16855
2778114 2785530 7416
2778975 2785629 6654
2779402 2785728 6326
2774665 2787114 12449
2772771 2787378 14607
2778453 2789820 11367
2770334 2790975 20641
2779713 2791404 11691
2785160 2791800 6640
2785604 2791899 6295
2782489 2794242 11753
2783588 2794407 10819
2787286 2795694 8408
2786305 2797113 10808
2786618 2797806 11188
2791287 2799984 8697
2788352 2801469 13117
2788255 2805231 16976
2796949 2807904 10955
2797079 2808003 10924
2801164 2812095 10931
2798840 2814900 16060
2807486 2815263 7777
2803652 2815626 11974
2803612 2817243 13631
2801829 2819586 17757
2807578 2820510 12932
2804239 2821764 17525
2806662 2822589 15927
2806921 2822688 15767
2810962 2822952 11990
2809413 2823876 14463
2806084 2824107 18023
2810536 2824404 13868
2812555 2825064 12509
2813928 2825889 11961
2811917 2829849 17932
2812459 2829948 17489
2816841 2831004 14163
2816194 2832720 16526
2821674 2833248 11574
2823274 2834073 10799
2822935 2836383 13448
2818977 2836515 17538
2819773 2837043 17270
2824269 2837703 13434
2822895 2837802 14907
2825002 2838462 13460
2821606 2839881 18275
2823374 2840673 17299
2822483 2841729 19246
2823552 2842290 18738
2823681 2842356 18675
2826169 2844138 17969
2827548 2845095 17547
2829630 2845128 15498
2835024 2847240 12216
2831990 2847636 15646
2828823 2849418 20595
2837371 2850870 13499
2840526 2850969 10443
2840899 2851497 10598
2833066 2851860 18794
2840516 2852388 11872
2841799 2853147 11348
2842694 2853147 10453
2829538 2854863 25325
2838553 2854896 16343
2840577 2855523 14946
2849734 2856381 6647
2842230 2857008 14778
2843480 2857173 13693
2844914 2858460 13546
2841985 2860242 18257
2847114 2860275 13161
2854459 2860737 6278
2848680 2860836 12156
2842179 2861067 18888
2841003 2864070 23067
2847877 2867370 19493
2849198 2867700 18502
2853335 2867964 14629
2857281 2869944 12663
2855491 2870010 14519
2851934 2871066 19132
2853945 2871594 17649
2860337 2872122 11785
2848876 2872254 23378
2866077 2875257 9180
2858347 2875356 17009
2857308 2877996 20688
2857821 2879085 21264
2863643 2879283 15640
2863057 2879514 16457
2862650 2879910 17260
2871305 2881857 10552
2870943 2881890 10947
2875836 2882121 6285
2873873 2882583 8710
2873800 2884233 10433
2860786 2885124 24338
2874065 2887665 13600
2879396 2887929 8533
2873084 2887995 14911
2882354 2888655 6301
2879706 2890635 10929
2877896 2891823 13927
2876308 2891955 15647
2878712 2892285 13573
2886076 2892351 6275
2878290 2892450 14160
2879975 2892780 12805
2888643 2895189 6546
2881520 2895420 13900
2879967 2897928 17961
2883490 2898522 15032
2885484 2898786 13302
2886321 2898918 12597
2886018 2899743 13725
2891252 2901888 10636
2881783 2902779 20996
2888307 2903208 14901
2886211 2903472 17261
2890276 2903736 13460
2884422 2904132 19710
2884840 2904297 19457
2890385 2905914 15529
2895783 2907432 11649
2888026 2910039 22013
2890246 2910534 20288
2889691 2910831 21140
2900487 2911293 10806
2901873 2912679 10806
2894440 2912811 18371
2902007 2915187 13180
2910283 2916870 6587
2908119 2918916 10797
2909081 2919510 10429
2912809 2921061 8252
2910587 2921523 10936
2915574 2923074 7500
2911440 2924625 13185
2908268 2925318 17050
2914253 2927760 13507
2911722 2928024 16302
2914341 2928321 13980
2911676 2928783 17107
2911471 2929344 17873
2914472 2929707 15235
2923529 2929806 6277
2923532 2929806 6274
2917414 2931522 14108
2920161 2931522 11361
2912847 2931819 18972
2919457 2934459 15002
2929780 2936439 6659
2923933 2938386 14453
2915887 2939112 23225
2923045 2939970 16925
2916380 2942346 25966
2925044 2945415 20371
2920403 2945448 25045
2927807 2945448 17641
2930821 2945943 15122
2928654 2949078 20424
2924559 2949573 25014
2921524 2950002 28478
2929607 2951883 22276
2932213 2952807 20594
2933114 2953269 20155
2941672 2953830 12158
2935385 2954160 18775
2947381 2954292 6911
2936038 2957427 21389
2947051 2957493 10442
2938900 2957955 19055
2940183 2958450 18267
2945478 2960430 14952
2946834 2961189 14355
2943100 2961222 18122
2950988 2961552 10564
2953522 2964456 10934
2954031 2964885 10854
2955428 2965875 10447
2947033 2966733 19700
2953591 2967063 13472
2954313 2968185 13872
2955243 2968713 13470
2953563 2968944 15381
2962722 2969010 6288
2957105 2969967 12862
2954579 2970033 15454
2958557 2970462 11905
2965871 2972145 6274
2965269 2976864 11595
2960903 2977491 16588
2963378 2977491 14113
2971237 2977524 6287
2966303 2979636 13333
2965165 2980593 15428
2967509 2980659 13150
2970005 2980956 10951
2975299 2981583 6284
2968964 2981847 12883
2972868 2983662 10794
2970121 2985081 14960
2967781 2985213 17432
2981353 2988018 6665
2973592 2988513 14921
2977843 2991417 13574
2980500 2991549 11049
2980537 2991549 11012
2978911 2993001 14090
2973679 2994816 21137
2987433 2994816 7383
2980048 2996235 16187
2979175 2996763 17588
2986450 2997489 11039
2987156 2997951 10795
2984422 2999007 14585
2987451 3000195 12744
2986514 3000393 13879
2980330 3000954 20624
2981696 3001482 19786
2987502 3004254 16752
2995249 3005706 10457
2995319 3006267 10948
2995706 3006927 11221
2996802 3007884 11082
3002625 3009270 6645
2996565 3011151 14586
2992032 3011349 19317
3000192 3011943 11751
3000551 3015144 14593
3005748 3016695 10947
3001995 3018114 16119
3008208 3018642 10434
3004474 3019071 14597
3003668 3019500 15832
3007793 3021942 14149
3004634 3022371 17737
3004600 3022899 18299
3012460 3024549 12089
3005065 3024648 19583
3006782 3026067 19285
3020872 3027156 6284
3017139 3028080 10941
3017925 3028476 10551
3012896 3029301 16405
3016081 3030555 14474
3008469 3030885 22416
3013984 3031149 17165
3016445 3031776 15331
3008997 3033492 24495
3018032 3034416 16384
3019590 3034944 15354
3028598 3035604 7006
3031284 3037584 6300
3017689 3038343 20654
3018254 3038706 20452
3016271 3039960 23689
3022049 3041676 19627
3036299 3043722 7423
3029332 3044019 14687
3025748 3044151 18403
3038232 3044514 6282
3020252 3044943 24691
3026901 3046131 19230
3037503 3049266 11763
3039090 3050190 11100
3034998 3050223 15225
3025060 3051774 26714
3037080 3052566 15486
3031247 3053127 21880
3033339 3053523 20184
3042107 3053688 11581
3028391 3053952 25561
3029123 3054249 25126
3043539 3056328 12789
3043924 3057351 13427
3045606 3059034 13428
3043708 3059232 15524
3046528 3060090 13562
3033188 3060585 27397
3054302 3060585 6283
3034672 3060750 26078
3047871 3063258 15387
3052348 3063918 11570
3041616 3064743 23127
3050092 3065865 15773
3056671 3067614 10943
3053951 3068835 14884
3051345 3069132 17787
3056330 3071376 15046
3058417 3072003 13586
3060519 3072168 11649
3066477 3072762 6285
3053289 3074742 21453
3065815 3076953 11138
3065810 3077712 11902
3059516 3077976 18460
3052274 3078636 26362
3063001 3079593 16592
3066018 3080319 14301
3067260 3080781 13521
3066140 3081903 15763
3058792 3082530 23738
3060114 3083190 23076
3064990 3083817 18827
3073860 3084312 10452
3080106 3086391 6285
3068393 3086622 18229
3062332 3087051 24719
3077146 3089724 12578
3079855 3089724 9869
3071741 3090351 18610
3064587 3091572 26985
3078373 3093651 15278
3075435 3096885 21450
3075726 3097413 21687
3086927 3097875 10948
3090924 3099657 8733
3082129 3099690 17561
3090039 3100482 10443
3078664 3100548 21884
3080178 3101109 20931
3090007 3104409 14402
3094394 3105564 11170
3083690 3105894 22204
3099665 3106323 6658
3090722 3109161 18439
3092421 3109755 17334
3099593 3110580 10987
3092507 3111141 18634
3089120 3111867 22747
3089682 3112527 22845
3097373 3113319 15946
3102924 3114837 11913
3105319 3116256 10937
3109826 3116586 6760
3103845 3117939 14094
3109053 3119985 10932
3101527 3120216 18689
3109825 3120744 10919
3112471 3123417 10946
3107898 3124110 16212
3113094 3124209 11115
3118494 3124770 6276
3111260 3125958 14698
3118678 3126156 7478
3119800 3126684 6884
3120036 3127179 7143
3116119 3128202 12083
3118986 3129786 10800
3117576 3135495 17919
3123014 3137574 14560
3124805 3139587 14782
3125503 3141633 16130
3135055 3141699 6644
3126663 3142194 15531
3127517 3142953 15436
3132528 3143349 10821
3129232 3144669 15437
3125106 3145164 20058
3131701 3146319 14618
3130449 3147045 16596
3133925 3147705 13780
3135828 3148827 12999
3127651 3150675 23024
3140832 3151863 11031
3135430 3153909 18479
3136251 3154041 17790
3137859 3155724 17865
3136014 3156153 20139
3149834 3156483 6649
3147339 3157671 10332
3147072 3158859 11787
3138093 3160641 22548
3137979 3160905 22926
3147934 3161466 13532
3142822 3163215 20393
3139469 3163710 24241
3143726 3163875 20149
3146941 3166317 19376
3139101 3167571 28470
3147663 3169122 21459
3151089 3169716 18627
3148497 3169782 21285
3148088 3171036 22948
3148672 3172092 23420
3147399 3173643 26244
3150715 3173808 23093
3151472 3175359 23887
3159235 3175887 16652
3159134 3176745 17611
3154694 3178560 23866
3154901 3179055 24154
3160746 3179517 18771
3160242 3179979 19737
3171249 3182025 10776
3162056 3182190 20134
3168551 3182751 14200
3162422 3182949 20527
3174947 3183081 8134
3160406 3183213 22807
3168758 3183741 14983
3164627 3184302 19675
3170048 3186150 16102
3172972 3186381 13409
3160381 3186447 26066
3164324 3187008 22684
3178270 3188889 10619
3174175 3189021 14846
3163625 3189252 25627
3172817 3189978 17161
3163758 3190143 26385
3169015 3191826 22811
3180611 3191826 11215
3181156 3192189 11033
3181740 3192354 10614
3183510 3193410 9900
3176683 3195060 18377
3163083 3196446 33363
3176234 3196743 20509
3183313 3197370 14057
3169997 3197535 27538
3188306 3199020 10714
3193057 3199713 6656
3170027 3200835 30808
3174427 3200835 26408
3171711 3201363 29652
3180309 3202287 21978
3181720 3202452 20732
3193985 3202452 8467
3194235 3202980 8745
3182345 3203112 20767
3177952 3205059 27107
3183129 3205389 22260
3184252 3205950 21698
3184569 3207798 23229
3185278 3209250 23972
3204025 3210306 6281
3186535 3210735 24200
3192436 3211065 18629
3187040 3212484 25444
3203711 3212649 8938
3189278 3215586 26308
3199106 3216642 17536
3183693 3218820 35127
3209686 3219447 9761
3190901 3222054 31153
3211464 3222417 10953
3191296 3222549 31253
3210481 3225090 14609
3191588 3225156 33568
3218887 3225189 6302
3212128 3225288 13160
3212249 3228159 15910
3222633 3228918 6285
3199375 3229974 30599
3200991 3230667 29676
3202040 3230964 28924
3203058 3231360 28302
3213914 3231426 17512
3215699 3234528 18829
3207533 3234594 27061
3208463 3235122 26659
3218508 3235188 16680
3203927 3235452 31525
3220456 3236211 15755
3230526 3237234 6708
3214478 3237630 23152
3204869 3238752 33883
3206959 3239577 32618
3222350 3239874 17524
3217913 3239907 21994
3226921 3240501 13580
3230623 3241689 11066
3228378 3241953 13575
3223669 3243174 19505
3227084 3243834 16750
3234140 3245088 10948
3217485 3246012 28527
3227848 3247332 19484
3232548 3247332 14784
3235930 3249312 13382
3234010 3249774 15764
3232236 3249939 17703
3235913 3250764 14851
3240456 3252414 11958
3233155 3253602 20447
3229976 3253866 23890
3234438 3254493 20055
3244210 3254658 10448
3237660 3256968 19308
3240177 3260268 20091
3248371 3260664 12293
3236537 3261126 24589
3251109 3262050 10941
3244395 3262182 17787
3240756 3263370 22614
3245393 3263931 18538
3252762 3264162 11400
3258617 3264888 6271
3260728 3267000 6272
3242908 3267231 24323
3262573 3269211 6638
3263303 3269574 6271
3265290 3271587 6297
3260780 3272115 11335
3266094 3272379 6285
3262437 3273369 10932
3247667 3274623 26956
3266023 3276504 10481
3250876 3277725 26849
3266911 3278946 12035
3256157 3280332 24175
3253183 3280431 27248
3257709 3280794 23085
3271718 3283170 11452
3257956 3284127 26171
3273804 3284820 11016
3263333 3287229 23896
3278022 3288813 10791
3274770 3289803 15033
3278656 3290859 12203
3278300 3292575 14275
3278280 3292839 14559
3284171 3295116 10945
3286397 3296832 10435
3282064 3297492 15428
3284897 3299010 14113
3285916 3299010 13094
3286125 3299043 12918
3293927 3300198 6271
3283215 3301584 18369
3284458 3302178 17720
3289592 3306303 16711
3291662 3306402 14740
3295709 3307953 12244
3301607 3308250 6643
3298595 3309537 10942
3290884 3309636 18752
3294434 3310692 16258
3301467 3311055 9588
3306092 3312738 6646
3294422 3312936 18514
3295812 3313728 17916
3303066 3313827 10761
3302973 3314388 11415
3305407 3316269 10862
3306569 3317589 11020
3312136 3318414 6278
3304745 3320262 15517
3307324 3321285 13961
3311864 3322440 10576
3308667 3323133 14466
3312786 3323826 11040
3305541 3325245 19704
3313539 3325740 12201
3306978 3325872 18894
3311369 3326268 14899
3316974 3326928 9954
3310161 3327390 17229
3319243 3327456 8213
3321494 3328974 7480
3313632 3330525 16893
3318036 3333429 15393
3317494 3335343 17849
3324454 3338082 13628
3321928 3338841 16913
3326689 3339963 13274
3318082 3340491 22409
3319836 3340821 20985
3322628 3341382 18754
3317795 3341712 23917
3320269 3341745 21476
3321634 3342867 21233
3321167 3343593 22426
3320379 3343725 23346
3326196 3344220 18024
3323731 3344286 20555
3326660 3344781 18121
3340007 3346662 6655
3322434 3346860 24426
3322938 3347421 24483
3321466 3347883 26417
3327097 3348477 21380
3326135 3349434 23299
3321782 3352239 30457
3336960 3353790 16830
3342262 3353889 11627
3341838 3354318 12480
3332943 3355770 22827
3332276 3357981 25705
3345663 3358707 13044
3341029 3361710 20681
3349971 3364581 14610
3353988 3364911 10923
3348067 3364944 16877
3361025 3367320 6295
3357641 3368244 10603
3359601 3370554 10953
3353237 3371478 18241
3355225 3371973 16748
3354879 3372072 17193
3356666 3372633 15967
3358710 3374580 15870
3362812 3375438 12626
3357914 3379002 21088
3364010 3379530 15520
3369179 3379629 10450
3366809 3379695 12886
3368844 3380256 11412
3369139 3381213 12074
3355248 3381972 26724
3356041 3382467 26426
3371678 3382632 10954
3372310 3383259 10949
3358431 3383292 24861
3365234 3383886 18652
3366739 3384414 17675
3366838 3386031 19193
3372928 3389298 16370
3378721 3390486 11765
3372026 3392928 20902
3372978 3393588 20610
3375055 3394611 19556
3368382 3397119 28737
3375882 3397383 21501
3370209 3397680 27471
3383806 3397746 13940
3382264 3397845 15581
3385658 3397977 12319
3384254 3398505 14251
3380875 3400122 19247
3378725 3400947 22222
3383220 3401244 18024
3388965 3404247 15282
3381470 3404445 22975
3384203 3405336 21133
3397064 3407514 10450
3398194 3408306 10112
3398801 3408405 9604
3392698 3409428 16730
3387959 3412266 24307
3386262 3414675 28413
3400025 3415566 15541
3388724 3415665 26941
3403088 3415731 12643
3386310 3416754 30444
3404397 3417381 12984
3400661 3418965 18304
3384983 3419889 34906
3410549 3420978 10429
3413821 3422463 8642
3409142 3422727 13585
3404788 3425730 20942
3406706 3425895 19189
3414410 3426225 11815
3410321 3426390 16069
3410721 3426522 15801
3416836 3427842 11006
3410678 3429261 18583
3415486 3429459 13973
3417951 3430614 12663
3416071 3432561 16490
3417346 3433782 16436
3418429 3434178 15749
3424249 3435267 11018
3423855 3435795 11940
3426157 3437478 11321
3430909 3438468 7559
3423694 3440712 17018
3424525 3443946 19421
3427283 3444276 16993
3435650 3447378 11728
3428792 3448104 19312
3433105 3448170 15065
3434658 3448203 13545
3430965 3449226 18261
3436869 3450876 14007
3434847 3451008 16161
3441669 3451899 10230
3442106 3452361 10255
3429780 3452757 22977
3430854 3455991 25137
3434128 3456717 22589
3443253 3456981 13728
3440876 3459258 18382
3446851 3460083 13232
3436030 3460974 24944
3452320 3462756 10436
3451415 3463251 11836
3454523 3465462 10939
3460226 3466881 6655
3451757 3467739 15982
3456183 3467739 11556
3452080 3469719 17639
3454425 3470280 15855
3464638 3471171 6533
3460988 3471930 10942
3461429 3475164 13735
3464281 3475230 10949
3465186 3476418 11232
3470534 3476814 6280
3460239 3477738 17499
3464590 3478332 13742
3465341 3478992 13651
3467415 3481698 14283
3464044 3484437 20393
3465509 3485460 19951
3475594 3486516 10922
3477416 3487869 10453
3472784 3488232 15448
3471005 3490080 19075
3480011 3490806 10795
3470275 3490872 20597
3481109 3491928 10819
3481645 3492192 10547
3478879 3493347 14468
3484773 3494535 9762
3482838 3496449 13611
3481683 3497472 15789
3492863 3499155 6292
3479535 3499188 19653
3476435 3500244 23809
3494229 3501135 6906
3485126 3501927 16801
3496758 3503049 6291
3483191 3503445 20254
3492492 3503445 10953
3495118 3506778 11660
3496497 3509616 13119
3498888 3509814 10926
3494099 3511101 17002
3499834 3512817 12983
3495383 3512850 17467
3502290 3513015 10725
3499088 3513444 14356
3500371 3515325 14954
3502127 3516249 14122
3495338 3517371 22033
3505171 3518031 12860
3496160 3519483 23323
3505126 3520671 15545
3513777 3524730 10953
3509861 3525489 15628
3511436 3526149 14713
3517586 3527469 9883
3520432 3527964 7532
3517501 3528426 10925
3516386 3528822 12436
3522964 3529614 6650
3510871 3530439 19568
3519633 3533442 13809
3519721 3533706 13985
3521046 3534300 13254
3523043 3534333 11290
3529961 3536610 6649
3522859 3537534 14675
3522897 3537600 14703
3520267 3539844 19577
3521205 3540768 19563
3528098 3542517 14419
3531721 3543045 11324
3521479 3544365 22886
3529774 3544860 15086
3533777 3545784 12007
3531824 3546279 14455
3531065 3547104 16039
3535356 3547599 12243
3532033 3549942 17909
3537265 3550734 13469
3534992 3550965 15973
3545905 3552285 6380
3546724 3553110 6386
3535096 3553176 18080
3542128 3553473 11345
3539443 3554760 15317
3546723 3554958 8235
3541183 3556014 14831
3542654 3556509 13855
3546148 3556740 10592
3536804 3556839 20035
3543014 3556872 13858
3538692 3557367 18675
3539265 3557697 18432
3543366 3560964 17598
3552175 3563109 10934
3540060 3564891 24831
3548119 3565122 17003
3555557 3565848 10291
3554986 3565914 10928
3560156 3566904 6748
3545405 3568125 22720
3552652 3569874 17222
3557003 3569973 12970
3552853 3571227 18374
3553803 3571788 17985
3553361 3572283 18922
3550692 3572316 21624
3563294 3574098 10804
3557516 3574527 17011
3566075 3576507 10432
3566209 3577563 11354
3566600 3578256 11656
3569338 3580269 10931
3574926 3581589 6663
3569863 3582612 12749
3574820 3582909 8089
3568786 3583998 15212
3578821 3585120 6299
3572732 3586704 13972
3575174 3587199 12025
3582358 3588651 6293
3577619 3589740 12121
3575011 3593040 18029
3574967 3593568 18601
3585360 3596208 10848
3576824 3596802 19978
3582913 3597891 14978
3583238 3600102 16864
3578095 3600630 22535
3582817 3600960 18143
3595112 3601389 6277
3594897 3603369 8472
3589049 3603435 14386
3591922 3603930 12008
3594062 3604062 10000
3586473 3606603 20130
3580168 3607923 27755
3597673 3608616 10943
3588808 3609837 21029
3596318 3611916 15598
3598635 3612411 13776
3592543 3614028 21485
3596546 3619176 22630
3597018 3619836 22818
3599830 3624126 24296
3597404 3627096 29692
