1199 7854 6655
1483 8118 6635
3347 9999 6652
5146 11451 6305
7044 13332 6288
4303 15114 10811
6541 17490 10949
10877 17523 6646
12101 18381 6280
7643 19635 11992
10371 21318 10947
9045 24024 14979
19227 25872 6645
19499 26136 6637
13749 27093 13344
16560 30492 13932
18082 31911 13829
26160 32439 6279
28842 36300 7458
22640 37257 14617
20214 38676 18462
26941 39138 12197
25627 39501 13874
26205 39501 13296
24560 39732 15172
27467 40425 12958
23234 42900 19666
26528 43560 17032
36363 47157 10794
30031 47652 17621
32271 47718 15447
37891 48840 10949
42778 49071 6293
34914 50820 15906
40481 51282 10801
38401 53097 14696
40926 53691 12765
40131 56067 15936
55124 61413 6289
55787 62436 6649
50772 65241 14469
49375 67122 17747
61380 70554 9174
60730 71181 10451
64416 71544 7128
66716 73359 6643
67065 73359 6294
66836 73953 7117
64287 74745 10458
64867 75801 10934
66705 77154 10449
72157 78870 6713
70966 81411 10445
71307 82236 10929
71371 82335 10964
71225 83523 12298
71034 85074 14040
73428 87945 14517
75299 90882 15583
76106 91212 15106
85510 92169 6659
75948 92334 16386
84714 93984 9270
82982 94347 11365
76281 95568 19287
80491 95568 15077
91888 98175 6287
91825 98472 6647
87699 98736 11037
84638 99594 14956
84779 101970 17191
93432 102333 8901
84327 102861 18534
92336 103158 10822
82781 103191 20410
82375 106161 23786
84708 106491 21783
93398 107019 13621
101204 109923 8719
96722 112926 16204
94010 113355 19345
105089 115896 10807
102734 116523 13789
110278 116556 6278
94327 117117 22790
112678 118965 6287
106540 121275 14735
106886 121737 14851
109700 121770 12070
116208 122496 6288
119853 126489 6636
112059 126654 14595
117686 128502 10816
118747 129195 10448
126011 132297 6286
122601 132363 9762
122974 133419 10445
124051 134508 10457
127829 134574 6745
126865 137313 10448
130754 137412 6658
127317 137775 10458
127083 137874 10791
128098 139491 11393
131489 144771 13282
126589 145497 18908
135985 146784 10799
135758 147147 11389
137411 147510 10099
135823 149193 13370
140406 149919 9513
140202 151932 11730
137890 152262 14372
135676 152856 17180
142096 153582 11486
144540 154968 10428
149276 155562 6286
150309 156585 6276
141054 157443 16389
147190 158004 10814
147581 158532 10951
148152 159291 11139
148265 159489 11224
150893 160776 9883
147194 162393 15199
157437 164076 6639
164189 170841 6652
166473 172755 6282
159063 173679 14616
167077 173712 6635
158481 174405 15924
159789 174801 15012
165407 176220 10813
162616 176979 14363
170808 177078 6270
166611 178002 11391
165639 180114 14475
173858 180510 6652
163041 181104 18063
172761 183579 10818
175742 186681 10939
169186 187110 17924
176775 187704 10929
177948 188397 10449
182182 189156 6974
182259 191070 8811
175681 191961 16280
185591 192225 6634
182695 194568 11873
187961 194601 6640
185229 195657 10428
192445 198726 6281
190921 201729 10808
189898 204435 14537
191468 205953 14485
188635 206283 17648
194822 210870 16048
197692 211926 14234
205771 212058 6287
197847 214170 16323
200119 214698 14579
201630 217041 15411
206867 217800 10933
201005 218196 17191
212882 219516 6634
209991 220869 10878
217478 223773 6295
205732 224334 18602
217026 227436 10410
220883 227766 6883
217303 228030 10727
222050 231099 9049
215620 231330 15710
213339 231858 18519
222911 233343 10432
221363 234630 13267
220598 234762 14164
221241 235092 13851
220037 237633 17596
222506 238821 16315
219567 239283 19716
220520 239349 18829
220271 239778 19507
222664 240405 17741
226570 240999 14429
231560 241494 9934
228257 241857 13600
230806 244464 13658
236321 247137 10816
236438 247599 11161
240577 251031 10454
242333 254727 12394
243262 257994 14732
240195 258654 18459
249726 258885 9159
244853 259314 14461
244850 260238 15388
254188 260469 6281
252212 263934 11722
257847 264495 6648
254666 265485 10819
259440 266574 7134
249378 266970 17592
262411 269049 6638
254429 269445 15016
254610 270798 16188
264793 271095 6302
259142 271986 12844
259477 272481 13004
256405 273834 17429
262868 274725 11857
263218 275286 12068
259475 276045 16570
264554 278454 13900
266293 279246 12953
268826 279675 10849
265762 280962 15200
267874 284064 16190
274374 286803 12429
272515 288420 15905
274138 289080 14942
276389 289806 13417
279208 290598 11390
278739 293733 14994
281029 294492 13463
279938 294756 14818
278731 295284 16553
277031 296307 19276
291182 298386 7204
275747 298518 22771
275312 299343 24031
282005 301257 19252
290423 301356 10933
285830 302412 16582
277961 302544 24583
280656 303303 22647
293071 303996 10925
282523 306504 23981
292329 309441 17112
289594 310002 20408
295961 310728 14767
300922 311355 10433
294740 312576 17836
299814 312708 12894
305134 313269 8135
302025 313731 11706
306230 315612 9382
306241 315909 9668
308185 319077 10892
305057 319209 14152
309844 320298 10454
306882 322245 15363
306417 322311 15894
308492 325050 16558
308700 325413 16713
315560 325578 10018
317453 325578 8125
313619 327657 14038
317290 327723 10433
322336 328977 6641
325382 332046 6664
321372 332310 10938
317747 332409 14662
315256 333762 18506
322924 334290 11366
315886 334521 18635
325552 336435 10883
323469 336699 13230
322951 337557 14606
327279 338217 10938
328581 341451 12870
330026 341946 11920
331997 343035 11038
330507 344487 13980
337873 344520 6647
332836 344718 11882
338832 345312 6480
339348 345642 6294
332629 346170 13541
334235 349338 15103
339194 350130 10936
340435 351384 10949
345767 352077 6310
333950 352242 18292
343552 354783 11231
344809 355608 10799
346234 357027 10793
348230 359172 10942
343337 359370 16033
342772 361746 18974
358592 364914 6322
356023 366894 10871
356506 367455 10949
356645 367620 10975
355848 369864 14016
359864 370392 10528
356975 370458 13483
357694 370689 12995
360375 371349 10974
359164 372768 13604
354713 373626 18913
358825 374253 15428
364854 375309 10455
369985 377553 7568
369238 379698 10460
366335 380259 13924
364105 380292 16187
375626 382272 6646
372063 382998 10935
370342 383229 12887
374286 385077 10791
376415 387222 10807
373374 387618 14244
375199 390654 15455
382846 393789 10943
378884 394515 15631
384314 395109 10795
389025 401346 12321
392293 402732 10439
392645 403458 10813
393492 404283 10791
394151 405075 10924
390329 406362 16033
399963 406626 6663
401200 408210 7010
399813 409530 9717
397005 409893 12888
401098 412038 10940
396920 412368 15448
402321 413259 10938
403085 416823 13738
400469 417285 16816
404597 418968 14371
406760 419001 12241
408287 419496 11209
402164 419628 17464
409393 422169 12776
409410 422862 13452
405810 422928 17118
406948 424215 17267
414801 424941 10140
417204 425040 7836
410444 426096 15652
402430 426129 23699
419907 429000 9093
412591 429066 16475
413985 429561 15576
408941 430518 21577
414662 430782 16120
414771 431277 16506
413448 432696 19248
414195 433587 19392
421449 433719 12270
424985 436062 11077
413283 436392 23109
421883 436491 14608
419190 439263 20073
419122 439659 20537
430976 441474 10498
423137 442497 19360
436598 442893 6295
436007 443916 7909
428491 445731 17240
441228 447513 6285
441960 448602 6642
433650 452001 18351
431362 453057 21695
447199 453849 6650
443425 453882 10457
444305 453981 9676
447987 454740 6753
443759 455169 11410
444290 455334 11044
433843 457116 23273
449956 457677 7721
445260 460449 15189
451538 462528 10990
457012 463287 6275
452731 463650 10919
450267 464013 13746
459714 470151 10437
455517 470217 14700
459750 473880 14130
456821 476850 20029
463515 477972 14457
467238 479358 12120
466361 481074 14713
469894 481569 11675
471370 487971 16601
483745 490380 6635
482056 491040 8984
474817 491766 16949
479024 493614 14590
477304 494175 16871
481712 496089 14377
482647 496584 13937
489441 498861 9420
484523 499026 14503
493016 499455 6439
490929 499884 8955
493258 500412 7154
489958 500907 10949
492642 503448 10806
483467 503976 20509
487706 508299 20593
492793 509256 16463
497631 509355 11724
496371 510015 13644
499840 511236 11396
496374 511566 15192
499625 513909 14284
508102 514767 6665
497401 515295 17894
497092 515790 18698
502196 516417 14221
500717 517044 16327
511077 517374 6297
500094 519618 19524
509242 519783 10541
501219 520146 18927
510037 523347 13310
509767 525756 15989
513619 525756 12137
514881 525822 10941
518230 529023 10793
520646 529188 8542
510201 531630 21429
513537 532158 18621
523191 534369 11178
522159 534732 12573
524953 535392 10439
513161 537867 24706
532190 538461 6271
523574 539418 15844
533190 539550 6360
524613 540078 15465
529510 540672 11162
535547 541827 6280
531613 542553 10940
532296 542751 10455
542463 548757 6294
538275 552750 14475
542692 553146 10454
541729 553806 12077
548486 554763 6277
545004 555819 10815
543998 556875 12877
546608 556941 10333
544410 557337 12927
548309 557535 9226
547218 558030 10812
553655 559944 6289
546769 560571 13802
545309 560835 15526
556246 562881 6635
553026 563475 10449
555754 563904 8150
548566 564069 15503
560215 566511 6296
548666 567963 19297
551258 568227 16969
563202 569481 6279
564711 575652 10941
567517 577962 10445
564125 578490 14365
564931 578952 14021
565328 579612 14284
575453 582087 6634
567522 585882 18360
574953 588390 13437
575324 588654 13330
575493 589545 14052
567758 589677 21919
570054 590040 19986
579705 590766 11061
585491 592152 6661
585703 593274 7571
583096 596607 13511
578231 596970 18739
586237 599280 13043
579947 600765 20818
585918 601260 15342
596642 602943 6301
585923 604560 18637
594660 605979 11319
595956 607002 11046
600896 607167 6271
592490 608190 15700
597016 611952 14936
601725 612678 10953
606586 613239 6653
604131 615054 10923
611665 617958 6293
607372 618255 10883
606105 618948 12843
605152 619707 14555
612759 620829 8070
606713 621753 15040
615867 622413 6546
613640 624492 10852
615520 626472 10952
614192 627627 13435
617574 628617 11043
617121 633501 16380
618461 635085 16624
621447 635217 13770
617840 636075 18235
630181 636834 6653
621711 638385 16674
626862 639111 12249
629970 640893 10923
623818 641487 17669
626029 642048 16019
635922 642576 6654
629747 643467 13720
636731 643467 6736
639605 646239 6634
639971 647163 7192
625074 648384 23310
642507 649242 6735
625178 649539 24361
632989 650199 17210
639609 650496 10887
637570 650760 13190
638159 650925 12766
642876 652938 10062
641985 653136 11151
640785 653202 12417
646850 653499 6649
646587 660561 13974
654199 660858 6659
651663 663234 11571
653485 664455 10970
651100 664554 13454
653930 665841 11911
655255 666204 10949
658433 666963 8530
654375 668349 13974
656050 668910 12860
656892 670197 13305
661459 672012 10553
666116 672408 6292
662936 673860 10924
668379 675015 6636
662085 675180 13095
666671 677490 10819
671957 678249 6292
671508 680196 8688
674053 684288 10235
673522 684717 11195
674403 685311 10908
672035 687588 15553
675206 687720 12514
673107 688083 14976
676690 688710 12020
678319 689535 11216
675097 690360 15263
684964 691614 6650
676720 691647 14927
680168 693462 13294
681310 696960 15650
684900 697257 12357
676093 697521 21428
687792 698742 10950
682928 699435 16507
687458 699501 12043
683930 700887 16957
694315 703659 9344
687857 704055 16198
685448 706332 20884
694119 706629 12510
701913 708576 6663
692933 709467 16534
699322 709995 10673
687937 713625 25688
697696 713955 16259
704554 714021 9467
697651 716001 18350
703504 716529 13025
694336 716859 22523
709370 717684 8314
710465 718212 7747
703971 718443 14472
698948 720357 21409
706030 721050 15020
702203 721545 19342
708187 723525 15338
709093 724218 15125
707633 724284 16651
719314 725967 6653
707112 726462 19350
704081 726495 22414
707845 727485 19640
703934 729168 25234
723621 729894 6273
713474 730620 17146
708844 732402 23558
723787 733392 9605
721972 736560 14588
726973 737913 10940
723311 739101 15790
733942 740223 6281
730514 740652 10138
733450 741147 7697
731117 742071 10954
734724 744810 10086
730606 744975 14369
730148 745107 14959
740257 747120 6863
740855 747153 6298
737576 748506 10930
741261 752202 10941
743209 753654 10445
741201 754182 12981
743152 754776 11624
748855 755139 6284
749894 756195 6301
753102 759759 6657
750367 761310 10943
756436 764445 8009
755165 765600 10435
755319 768603 13284
763839 770121 6282
764434 770715 6281
764358 771012 6654
765586 771870 6284
759391 772794 13403
761945 773355 11410
758766 773718 14952
764025 776820 12795
763521 776919 13398
766181 779658 13477
768483 780846 12363
768993 781341 12348
769553 782298 12745
771897 782826 10929
768514 783123 14609
777158 784443 7285
773732 784542 10810
774982 785928 10946
779776 786060 6284
779257 790185 10928
779828 793320 13492
782810 796356 13546
786577 797379 10802
787926 798864 10938
781984 799128 17144
786281 802395 16114
797942 804243 6301
798655 805002 6347
791748 805563 13815
794429 806091 11662
795467 806289 10822
795903 807213 11310
802738 809028 6290
798312 809358 11046
800048 811371 11323
795759 813516 17757
797165 814044 16879
802931 814671 11740
800256 817740 17484
808802 819753 10951
811394 821832 10438
800474 822063 21589
813596 824538 10942
807137 825000 17863
811788 825066 13278
815640 826881 11241
817193 827706 10513
818439 827805 9366
821736 828399 6663
817157 830940 13783
827264 833547 6283
815976 834042 18066
819605 836319 16714
827763 838200 10437
828258 841104 12846
831067 841500 10433
835334 844173 8839
829695 844371 14676
829754 844998 15244
830931 845394 14463
841966 848628 6662
842791 849453 6662
841708 849948 8240
838193 855195 17002
848972 858528 9556
848252 858693 10441
848629 859584 10955
849869 860805 10936
850966 861399 10433
853278 864072 10794
855717 866514 10797
855806 866613 10807
857364 868296 10932
861899 868560 6661
858938 869550 10612
859884 873939 14055
859914 874830 14916
854498 875589 21091
870592 877701 7109
867710 878163 10453
866084 878691 12607
866096 878724 12628
873655 879945 6290
867692 880902 13210
868915 881166 12251
863259 882189 18930
872594 884268 11674
871077 885093 14016
870931 885951 15020
881743 888030 6287
874168 892254 18086
875625 892551 16926
878700 892683 13983
872209 893277 21068
883944 894894 10950
884365 895389 11024
886732 895818 9086
887779 898590 10811
882799 899118 16319
889433 899877 10444
893544 900306 6762
891126 902253 11127
896439 902715 6276
895913 902847 6934
888565 904200 15635
894444 905256 10812
899722 906378 6656
897531 907962 10431
902000 908655 6655
904793 911427 6634
900884 915354 14470
905067 916014 10947
908064 919017 10953
908694 919149 10455
909117 920040 10923
906278 921657 15379
911993 922944 10951
912603 926046 13443
912590 926508 13918
913299 927432 14133
916826 927531 10705
925799 932085 6286
918091 932547 14456
928892 935187 6295
929753 936111 6358
930700 941655 10955
931235 942183 10948
933718 944163 10445
933376 944328 10952
934414 946341 11927
936432 946869 10437
935466 947265 11799
938072 949014 10942
937070 951720 14650
936464 951984 15520
941407 952182 10775
937474 954723 17249
941293 955251 13958
938013 955416 17403
942586 957495 14909
943759 958353 14594
954139 960795 6656
953290 964128 10838
948208 966504 18296
956463 967395 10932
953020 967989 14969
961963 968253 6290
957404 971322 13918
957833 971454 13621
962521 973467 10946
962696 973632 10936
964004 976371 12367
970121 976404 6283
960413 976866 16453
963232 977229 13997
963482 979440 15958
965752 980925 15173
971595 983136 11541
969176 983763 14587
972529 986535 14006
978023 988482 10459
982230 993168 10938
982756 995379 12623
987946 999801 11855
989274 1000065 10791
988593 1001253 12660
988029 1002507 14478
996163 1003002 6839
997719 1004025 6306
1000046 1006335 6289
995475 1006401 10926
992281 1008678 16397
1003976 1010262 6286
1000854 1011780 10926
1000385 1013628 13243
998324 1014684 16360
1013659 1020294 6635
1008058 1021944 13886
1009909 1024518 14609
1022341 1032801 10460
1021971 1032900 10929
1022411 1033230 10819
1022649 1035837 13188
1025881 1041480 15599
1035254 1041546 6292
1024136 1043130 18994
1035412 1046232 10820
1036086 1046529 10443
1037466 1048278 10812
1031929 1048740 16811
1039440 1050324 10884
1044214 1051479 7265
1040902 1053195 12293
1040226 1053591 13365
1040779 1054251 13472
1040518 1055934 15416
1046483 1057419 10936
1042941 1057452 14511
1048025 1058970 10945
1046080 1060455 14375
1053531 1060554 7023
1044585 1060950 16365
1046926 1061016 14090
1049290 1063854 14564
1046910 1064679 17769
1054765 1066329 11564
1050942 1067748 16806
1062542 1070058 7516
1058296 1072104 13808
1054381 1072533 18152
1066329 1072962 6633
1057133 1075767 18634
1069617 1075899 6282
1069762 1076427 6665
1063904 1078506 14602
1065571 1081740 16169
1070223 1082268 12045
1066606 1082301 15695
1072158 1082961 10803
1073297 1086195 12898
1070306 1088670 18364
1076419 1088934 12515
1070238 1089660 19422
1080455 1091277 10822
1073870 1091904 18034
1083015 1092795 9780
1086741 1093389 6648
1080806 1096062 15256
1077508 1099230 21722
1087220 1101144 13924
1091278 1102233 10955
1093027 1103487 10460
1097586 1103916 6330
1097114 1103949 6835
1093959 1105335 11376
1088714 1105863 17149
1097441 1106127 8686
1094013 1106424 12411
1090542 1108965 18423
1085430 1109031 23601
1096384 1109757 13373
1100420 1113948 13528
1104409 1115334 10925
1102444 1116192 13748
1102515 1116984 14469
1097993 1117182 19189
1107154 1118106 10952
1112768 1119228 6460
1101188 1119393 18205
1113251 1119525 6274
1102163 1120317 18154
1096875 1120812 23937
1110019 1122561 12542
1112039 1123122 11083
1113900 1123650 9750
1117821 1124112 6291
1115584 1126026 10442
1109214 1126818 17604
1121804 1128930 7126
1117461 1129623 12162
1119350 1129788 10438
1118514 1129953 11439
1119456 1130382 10926
1124098 1130382 6284
1113721 1131339 17618
1122015 1135497 13482
1131033 1137312 6279
1127565 1138005 10440
1124826 1138665 13839
1120508 1141008 20500
1130597 1141041 10444
1126794 1141272 14478
1135606 1141899 6293
1125658 1142988 17330
1135275 1143747 8472
1133500 1148268 14768
1142491 1148862 6371
1138426 1149357 10931
1143103 1149588 6485
1135724 1151040 15316
1138269 1152096 13827
1136410 1153713 17303
1147327 1153977 6650
1146003 1156815 10812
1141964 1156980 15016
1150749 1159884 9135
1143393 1160115 16722
1141069 1160412 19343
1145654 1161237 15583
1153163 1163976 10813
1149511 1165890 16379
1154903 1166418 11515
1154703 1166880 12177
1156511 1168827 12316
1158210 1169751 11541
1161122 1172061 10939
1151949 1172490 20541
1162884 1173810 10926
1170568 1176846 6278
1164505 1179717 15212
1170496 1181433 10937
1170644 1181961 11317
1174534 1185459 10925
1176280 1187208 10928
1177333 1188264 10931
1183395 1190541 7146
1182003 1192950 10947
1187062 1193775 6713
1183282 1194237 10955
1188048 1194336 6288
1183700 1194633 10933
1188824 1195161 6337
1192335 1198626 6291
1186229 1200342 14113
1185118 1201200 16082
1198717 1205358 6641
1200012 1206645 6633
1200883 1207173 6290
1201221 1208394 7173
1193921 1208658 14737
1196632 1209285 12653
1203597 1209879 6282
1199527 1210473 10946
1199215 1212057 12842
1203170 1214103 10933
1206538 1214763 8225
1205375 1216512 11137
1204269 1217733 13464
1206894 1218525 11631
1206746 1218690 11944
1209230 1219680 10450
1209592 1220769 11177
1210869 1221792 10923
1210927 1222848 11921
1216639 1222914 6275
1215056 1222947 7891
1213491 1225125 11634
1212278 1225323 13045
1210413 1226940 16527
1218453 1227864 9411
1217194 1228128 10934
1219306 1230504 11198
1220556 1231230 10674
1225745 1232022 6277
1224391 1232286 7895
1218034 1232550 14516
1216257 1233837 17580
1225131 1235586 10455
1229199 1235850 6651
1222126 1236708 14582
1218164 1237236 19072
1219814 1239942 20128
1226225 1239975 13750
1229319 1240569 11250
1236137 1242417 6280
1232047 1242483 10436
1228733 1243077 14344
1242970 1251426 8456
1235310 1251855 16545
1243029 1251954 8925
1241868 1252812 10944
1242241 1256706 14465
1244867 1257960 13093
1245325 1258554 13229
1248208 1259148 10940
1253469 1259742 6273
1246574 1260897 14323
1250172 1264098 13926
1258030 1264329 6299
1253239 1265187 11948
1254825 1265616 10791
1256396 1266870 10474
1256968 1267596 10628
1263110 1269411 6301
1263761 1270137 6376
1258127 1270368 12241
1256407 1270764 14357
1260694 1271655 10961
1251090 1273437 22347
1262595 1273569 10974
1267269 1276308 9039
1259726 1276539 16813
1268460 1277001 8541
1261159 1277100 15941
1260540 1279641 19101
1264210 1279839 15629
1276493 1282776 6283
1265364 1284129 18765
1273953 1284393 10440
1268134 1284525 16391
1266106 1284690 18584
1277215 1288155 10940
1273337 1288287 14950
1283986 1290267 6281
1280595 1291026 10431
1284220 1291224 7004
1274513 1292841 18328
1282565 1293501 10936
1272475 1295712 23237
1275742 1297527 21785
1287791 1298220 10429
1292320 1300662 8342
1285545 1300695 15150
1287069 1301355 14286
1296998 1303269 6271
1290529 1303632 13103
1289354 1303830 14476
1299884 1310694 10810
1300711 1311519 10808
1304683 1313763 9080
1298824 1314852 16028
1304087 1314885 10798
1305375 1315809 10434
1309731 1316007 6276
1303268 1316997 13729
1300100 1318152 18052
1300910 1320297 19387
1309550 1321419 11869
1309076 1322706 13630
1309592 1324455 14863
1309167 1325676 16509
1312418 1326204 13786
1314094 1326765 12671
1315042 1327425 12383
1316348 1327689 11341
1315762 1330494 14732
1309130 1331352 22222
1318733 1331649 12916
1325282 1331946 6664
1319836 1334355 14519
1320027 1334454 14427
1321467 1335048 13581
1329313 1336830 7517
1326583 1337523 10940
1327765 1338216 10451
1332439 1338711 6272
1328469 1339074 10605
1326839 1339899 13060
1330065 1340328 10263
1330534 1341483 10949
1324311 1342077 17766
1335240 1342077 6837
1332269 1345245 12976
1334569 1345509 10940
1334967 1346169 11202
1335471 1346499 11028
1332278 1348347 16069
1340154 1350954 10800
1335547 1352604 17057
1338787 1353264 14477
1339727 1354188 14461
1343603 1354551 10948
1341907 1355310 13403
1349808 1356465 6657
1350507 1357323 6816
1351239 1357521 6282
1348518 1358973 10455
1353096 1364352 11256
1349648 1364616 14968
1355495 1366431 10936
1355731 1367487 11756
1360016 1370820 10804
1356640 1372173 15533
1365399 1373295 7896
1357277 1374912 17635
1361534 1376199 14665
1366918 1377684 10766
1366694 1378047 11353
1360516 1378839 18323
1357231 1379598 22367
1366668 1381347 14679
1369123 1381743 12620
1371666 1382205 10539
1373618 1382601 8983
1371342 1384119 12777
1372643 1384911 12268
1378683 1385307 6624
1377770 1388640 10870
1367439 1389069 21630
1375746 1389465 13719
1376064 1391313 15249
1375107 1391808 16701
1376130 1392006 15876
1379204 1392732 13528
1384935 1394943 10008
1388780 1395075 6295
1378591 1396032 17441
1378018 1398177 20159
1384158 1399299 15141
1389242 1400190 10948
1395813 1402104 6291
1391344 1405107 13763
1399678 1406328 6650
1393961 1407252 13291
1401243 1407879 6636
1392728 1410816 18088
1398071 1410816 12745
1402820 1413885 11065
1404625 1413918 9293
1407614 1414941 7327
1406113 1417977 11864
1406105 1418703 12598
1408653 1420815 12162
1406601 1421079 14478
1408901 1421409 12508
1416389 1423026 6637
1418210 1425072 6862
1421971 1428636 6665
1419451 1430880 11429
1418510 1431441 12931
1419295 1431573 12278
1419185 1431870 12685
1413948 1432695 18747
1426874 1433157 6283
1418186 1434411 16225
1418379 1437414 19035
1427034 1437579 10545
1427583 1438404 10821
1422632 1440021 17389
1424024 1440549 16525
1430704 1440549 9845
1430659 1441605 10946
1424898 1443783 18885
1433445 1444773 11328
1435376 1445004 9628
1433325 1445499 12174
1432670 1446951 14281
1434888 1447380 12492
1429001 1447446 18445
1435893 1447875 11982
1432781 1448634 15853
1433509 1449426 15917
1429499 1449492 19993
1436723 1450152 13429
1440333 1451505 11172
1429713 1452726 23013
1438353 1452792 14439
1443834 1455168 11334
1445283 1456422 11139
1450477 1456785 6308
1438466 1458765 20299
1451452 1460349 8897
1443687 1462065 18378
1449303 1462197 12894
1447446 1462494 15048
1449944 1463517 13573
1449121 1464342 15221
1450941 1466751 15810
1448069 1467576 19507
1462963 1469259 6296
1451585 1469754 18169
1451193 1470810 19617
1458338 1471140 12802
1454911 1471338 16427
1456670 1471899 15229
1466293 1472592 6299
1454492 1474506 20014
1459858 1477674 17816
1467722 1478169 10447
1473092 1479390 6298
1464951 1479720 14769
1477105 1483383 6278
1465449 1484010 18561
1477581 1484439 6858
1475619 1486056 10437
1463493 1488597 25104
1479505 1490445 10940
1468512 1491897 23385
1475787 1492425 16638
1486623 1493283 6660
1487911 1494570 6659
1491452 1497738 6286
1482897 1497870 14973
1479524 1498266 18742
1488320 1498761 10441
1489258 1501203 11945
1496810 1503084 6274
1497446 1504107 6661
1490625 1504602 13977
1499179 1505460 6281
1490861 1507011 16150
1490274 1507704 17430
1494507 1508958 14451
1502803 1509090 6287
1502253 1512060 9807
1506082 1512357 6275
1499261 1513941 14680
1498146 1514271 16125
1498925 1514931 16006
1505335 1516152 10817
1499662 1517109 17447
1512331 1518990 6659
1502735 1520607 17872
1503778 1521432 17654
1507142 1521762 14620
1508433 1522356 13923
1505756 1522422 16666
1518006 1524303 6297
1518420 1524699 6279
1509026 1526349 17323
1516506 1529154 12648
1511590 1529814 18224
1512196 1532982 20786
1525341 1533576 8235
1525386 1534104 8718
1519158 1536249 17091
1530426 1536711 6285
1524268 1537470 13202
1523577 1538031 14454
1522685 1538163 15478
1529150 1544730 15580
1535270 1545720 10450
1540423 1547073 6650
1537801 1548624 10823
1535307 1548756 13449
1539611 1551363 11752
1542515 1553310 10795
1540197 1555290 15093
1540941 1555818 14877
1543894 1558359 14465
1542062 1561923 19861
1552258 1562715 10457
1549607 1564893 15286
1550390 1564926 14536
1548644 1565256 16612
1551904 1568061 16157
1554583 1568259 13676
1554095 1569249 15154
1554788 1571064 16276
1563720 1571361 7641
1561591 1574298 12707
1560222 1575156 14934
1563683 1575849 12166
1565115 1576410 11295
1564011 1578357 14346
1567345 1579215 11870
1562351 1580172 17821
1570109 1580931 10822
1562747 1582152 19405
1555617 1582482 26865
1570430 1583076 12646
1571993 1585353 13360
1577310 1587762 10452
1570484 1588389 17905
1573379 1588422 15043
1576287 1590666 14379
1576768 1592976 16208
1574840 1593141 18301
1575405 1593504 18099
1577157 1593636 16479
1576008 1593702 17694
1580312 1593966 13654
1578685 1594230 15545
1575302 1594659 19357
1577538 1597497 19959
1584561 1599774 15213
1578095 1602084 23989
1583213 1602117 18904
1588416 1602282 13866
1582599 1602678 20079
1581611 1602777 21166
1597712 1603998 6286
1598317 1604592 6275
1591445 1604790 13345
1591432 1605978 14546
1587771 1606110 18339
1579999 1606473 26474
1587149 1606506 19357
1598699 1609575 10876
1587712 1609608 21896
1587792 1610235 22443
1593487 1610730 17243
1598313 1612677 14364
1594256 1613337 19081
1609573 1616208 6635
1600454 1616505 16051
1609506 1616736 7230
1611005 1617297 6292
1611722 1618023 6301
1606264 1619970 13706
1597241 1621686 24445
1601979 1623138 21159
1614837 1624425 9588
1606637 1624920 18283
1603674 1626207 22533
1605835 1626867 21032
1609005 1628319 19314
1623121 1629408 6287
1607800 1630101 22301
1611965 1633401 21436
1617871 1633863 15992
1619790 1634127 14337
1627463 1634160 6697
1618315 1634490 16175
1623281 1637724 14443
1619950 1638318 18368
1629454 1640298 10844
1624803 1641519 16716
1620157 1641750 21593
1626782 1642377 15595
1630057 1643565 13508
1634185 1646667 12482
1630860 1647921 17061
1637421 1648614 11193
1636183 1649637 13454
1625464 1652310 26846
1637455 1653564 16109
1638606 1654224 15618
1636244 1655577 19333
1629680 1656138 26458
1642158 1656666 14508
1636947 1657359 20412
1644184 1657491 13307
1643974 1657986 14012
1634704 1658415 23711
1646372 1658844 12472
1641508 1659306 17798
1642561 1660956 18395
1655040 1663530 8490
1653506 1666764 13258
1653244 1667919 14675
1645784 1668513 22729
1658615 1669437 10822
1659242 1669767 10525
1659573 1670526 10953
1661593 1672440 10847
1661226 1672605 11379
1656994 1674849 17855
1657978 1675410 17432
1662719 1675674 12955
1660547 1677192 16645
1661347 1678974 17627
1666249 1679238 12989
1666108 1679403 13295
1669882 1680690 10808
1659269 1682043 22774
1676292 1682571 6279
1663633 1682703 19070
1660402 1682736 22334
1671345 1685442 14097
1674607 1685871 11264
1663253 1687158 23905
1674970 1689105 14135
1676757 1690128 13371
1670014 1690161 20147
1672368 1692273 19905
1676276 1693362 17086
1674965 1693494 18529
1676419 1696431 20012
1680392 1696596 16204
1681168 1697124 15956
1676496 1698708 22212
1681735 1700226 18491
1690374 1701315 10941
1696052 1702338 6286
1682951 1704582 21631
1692691 1706067 13376
1695717 1706529 10812
1696112 1708806 12694
1699811 1710753 10942
1700514 1712073 11559
1700478 1713954 13476
1703751 1714185 10434
1707112 1714218 7106
1701704 1716330 14626
1700422 1716396 15974
1700542 1717254 16712
1706259 1717386 11127
1706959 1717914 10955
1709548 1719993 10445
1707409 1720455 13046
1707952 1721280 13328
1713855 1724283 10428
1712657 1724316 11659
1710923 1726593 15670
1708094 1727616 19522
1712631 1727715 15084
1712506 1728903 16397
1711188 1730718 19530
1713373 1730883 17510
1712018 1732071 20053
1722144 1734645 12501
1720051 1736988 16937
1722472 1737582 15110
1729882 1738308 8426
1725056 1738902 13846
1733349 1739628 6279
1719854 1740750 20896
1720191 1742037 21846
1727549 1742136 14587
1729857 1742400 12543
1731160 1743093 11933
1721061 1744017 22956
1731584 1745535 13951
1735930 1746096 10166
1736719 1746228 9509
1727932 1747185 19253
1726943 1748208 21265
1743807 1750089 6282
1728412 1750485 22073
1733667 1751046 17379
1740476 1751277 10801
1738133 1754313 16180
1735169 1755105 19936
1739720 1757415 17695
1751748 1758834 7086
1747311 1760616 13305
1749034 1760748 11714
1748533 1761078 12545
1751385 1761837 10452
1752230 1763850 11620
1749987 1764015 14028
1745718 1764543 18825
1752098 1767645 15547
1756133 1768173 12040
1759322 1768602 9280
1758732 1769163 10431
1746651 1770747 24096
1756799 1771737 14938
1754466 1771803 17337
1757335 1772430 15095
1766241 1772529 6288
1762773 1774179 11406
1764093 1775400 11307
1759412 1775664 16252
1761121 1776720 15599
1757400 1778436 21036
1772467 1778766 6299
1767906 1780053 12147
1775656 1781934 6278
1763431 1782660 19229
1772731 1783683 10952
1782431 1788732 6301
1778271 1789194 10923
1779467 1790283 10816
1784084 1795035 10951
1780219 1797246 17027
1784540 1797774 13234
1792493 1798863 6370
1792122 1800414 8292
1790544 1801470 10926
1784055 1802196 18141
1792916 1803846 10930
1798084 1805100 7016
1799552 1805826 6274
1795785 1806222 10437
1796281 1808697 12416
1796009 1809390 13381
1799222 1810017 10795
1800274 1811205 10931
1801934 1812756 10822
1799252 1814472 15220
1802465 1814670 12205
1802545 1817442 14897
1807988 1818432 10444
1805059 1820016 14957
1810177 1820181 10004
1810884 1820742 9858
1808221 1821567 13346
1810331 1822722 12391
1808970 1824306 15336
1814345 1826781 12436
1814964 1827408 12444
1816326 1830675 14349
1818196 1831335 13139
1820435 1831368 10933
1825439 1831731 6292
1821371 1834404 13033
1824804 1836186 11382
1830528 1837176 6648
1831415 1837869 6454
1823834 1841367 17533
1821940 1841400 19460
1823153 1841598 18445
1825981 1841796 15815
1827222 1842027 14805
1826897 1842423 15526
1837078 1844172 7094
1841567 1848231 6664
1837583 1848594 11011
1832260 1848792 16532
1838936 1850409 11473
1839844 1850772 10928
1845409 1852521 7112
1845919 1856349 10430
1850020 1856415 6395
1852369 1859022 6653
1850696 1861497 10801
1856327 1862619 6292
1849377 1863840 14463
1861091 1867734 6643
1857907 1868856 10949
1858025 1869516 11491
1864383 1871034 6651
1856420 1872090 15670
1862702 1873179 10477
1861763 1875951 14188
1862916 1876842 13926
1861810 1879251 17441
1867292 1879647 12355
1873512 1882353 8841
1872055 1882749 10694
1871033 1882881 11848
1873775 1884795 11020
1877146 1887963 10817
1875483 1890075 14592
1886086 1892748 6662
1884479 1893672 9193
1884002 1894794 10792
1889327 1895619 6292
1890686 1896972 6286
1887117 1899216 12099
1887732 1900899 13167
1891480 1902417 10937
1898447 1905090 6643
1897709 1909479 11770
1900370 1911294 10924
1900661 1911591 10930
1902471 1913406 10935
1898565 1913901 15336
1904887 1917003 12116
1912424 1918719 6295
1906918 1921887 14969
1911982 1924395 12413
1918073 1924626 6553
1917001 1927596 10595
1917755 1928190 10435
1917965 1928850 10885
1916326 1928949 12623
1914223 1929180 14957
1919262 1930203 10941
1920288 1930368 10080
1914911 1931226 16315
1918346 1934460 16114
1922198 1934988 12790
1923513 1936902 13389
1926145 1936968 10823
1926401 1937463 11062
1926651 1938090 11439
1928325 1938783 10458
1931055 1941522 10467
1928130 1944261 16131
1928195 1945383 17188
1936215 1947165 10950
1929604 1947693 18089
1928223 1947792 19569
1931195 1948056 16861
1931455 1950795 19340
1932063 1951059 18996
1935709 1954227 18518
1939167 1954359 15192
1940334 1954425 14091
1949197 1955547 6350
1941417 1955679 14262
1933522 1957131 23609
1944560 1958913 14353
1944653 1960266 15613
1945869 1960695 14826
1942576 1961553 18977
1947017 1962675 15658
1943279 1963203 19924
1948601 1963665 15064
1950418 1963830 13412
1955572 1966767 11195
1956722 1970001 13279
1950035 1972641 22606
1962138 1973466 11328
1962632 1973862 11230
1967891 1974192 6301
1961262 1975743 14481
1962505 1976733 14228
1974870 1981617 6747
1975013 1982244 7231
1964943 1982541 17598
1978954 1985247 6293
1972171 1985808 13637
1965029 1986435 21406
1982036 1988316 6280
1976738 1988514 11776
1976761 1988877 12116
1974345 1988943 14598
1977516 1990230 12714
1975348 1991022 15674
1981705 1991187 9482
1985360 1991649 6289
1980774 1992078 11304
1979905 1994256 14351
1978652 1994784 16132
1986432 1997358 10926
1986519 1997457 10938
1990874 1999107 8233
1983433 1999701 16268
1989775 2000229 10454
1986339 2000691 14352
1988867 2001879 13012
1995717 2002374 6657
1994880 2005806 10926
1995086 2006037 10951
1996480 2007423 10943
1998302 2008743 10441
2001148 2012109 10961
1999205 2013429 14224
2003197 2013990 10793
2002642 2014452 11810
2008316 2015508 7192
2007181 2018412 11231
2012089 2018742 6653
2008610 2020623 12013
2009501 2020854 11353
2010105 2022207 12102
2011941 2022867 10926
2012892 2023395 10503
2019471 2025771 6300
2012888 2027157 14269
2021193 2027487 6294
2016633 2027586 10953
2014837 2028180 13343
2026178 2032470 6292
2022831 2033757 10926
2026356 2036793 10437
2027592 2038509 10917
2029062 2042436 13374
2031351 2043426 12075
2033191 2043624 10433
2038264 2045538 7274
2031420 2045736 14316
2032682 2048475 15793
2032779 2049894 17115
2037693 2051775 14082
2040454 2052138 11684
2040147 2053326 13179
2043093 2054415 11322
2045633 2056494 10861
2043524 2058903 15379
2044522 2059167 14645
2045181 2059167 13986
2049677 2060619 10942
2050613 2063721 13108
2046452 2064711 18259
2059293 2065569 6276
2052806 2066460 13654
2045698 2066724 21026
2050546 2067780 17234
2052184 2069661 17477
2065852 2072499 6647
2058268 2072961 14693
2049684 2073093 23409
2057437 2073885 16448
2051325 2074182 22857
2048142 2074446 26304
2058250 2074809 16559
2062606 2076261 13655
2066853 2076822 9969
2055791 2078043 22252
2067736 2078175 10439
2064765 2078670 13905
2068001 2079693 11692
2072814 2081541 8727
2073289 2084478 11189
2069020 2085336 16316
2070481 2086260 15779
2076310 2087217 10907
2076657 2088009 11352
2078409 2090187 11778
2077289 2092926 15637
2075445 2093355 17910
2080536 2094114 13578
2082584 2096094 13510
2082629 2096589 13960
2083422 2096688 13266
2086987 2099295 12308
2085138 2099757 14619
2081425 2101671 20246
2092505 2103453 10948
2097309 2103585 6276
2093949 2105400 11451
2094120 2105697 11577
2090453 2107083 16630
2099341 2107875 8534
2090300 2108667 18367
2095661 2109063 13402
2104782 2111439 6657
2100767 2111703 10936
2097954 2111868 13914
2100919 2112066 11147
2096695 2114607 17912
2106065 2117709 11644
2102092 2118798 16706
2100201 2119029 18828
2100706 2119623 18917
2106671 2120019 13348
2107024 2121768 14744
2105954 2122032 16078
2104475 2122890 18415
2103838 2124639 20801
2110451 2125959 15508
2109789 2127048 17259
2114179 2128203 14024
2115669 2128302 12633
2114777 2128863 14086
2119357 2129952 10595
2110039 2130315 20276
2112751 2131602 18851
2112751 2132031 19280
2105861 2133549 27688
2112892 2134077 21185
2114145 2135265 21120
2117985 2136156 18171
2126810 2138334 11524
2117599 2139390 21791
2128919 2139852 10933
2118050 2140479 22429
2126478 2142492 16014
2132726 2145231 12505
2131229 2145792 14563
2132272 2148993 16721
2130006 2149389 19383
2137372 2150280 12908
2134992 2151567 16575
2145549 2152194 6645
2142963 2152524 9561
2139106 2153019 13913
2134951 2154405 19454
2148456 2154735 6279
2142554 2155461 12907
2142583 2156022 13439
2144206 2159322 15116
2149853 2160312 10459
2150890 2161335 10445
2155005 2161665 6660
2156625 2163876 7251
2154484 2164932 10448
2154520 2168727 14207
2155015 2168958 13943
2159204 2169651 10447
2152985 2169915 16930
2154506 2171367 16861
2160963 2171400 10437
2159992 2172291 12299
2162056 2173677 11621
2160156 2177934 17778
2172049 2178792 6743
2172665 2179419 6754
2160531 2181828 21297
2161911 2182455 20544
2172732 2183676 10944
2165546 2184468 18922
2169917 2185326 15409
2173503 2188131 14628
2183151 2189451 6300
2180314 2191596 11282
2185102 2191827 6725
2177970 2191893 13923
2182057 2192982 10925
2183857 2194797 10940
2184647 2197536 12889
2187266 2197701 10435
2184950 2199318 14368
2185372 2199846 14474
2186083 2200275 14192
2189236 2200836 11600
2190734 2201232 10498
2184407 2203542 19135
2192778 2203641 10863
2187389 2203872 16483
2194652 2205456 10804
2195473 2206083 10610
2191101 2206116 15015
2192365 2206116 13751
2196408 2207898 11490
2187518 2210274 22756
2194229 2210505 16276
2188638 2210835 22197
2196585 2211627 15042
2204226 2213046 8820
2197645 2213442 15797
2201776 2213937 12161
2197747 2214861 17114
2197827 2215422 17595
2193110 2216247 23137
2201364 2216610 15246
2211328 2217600 6272
2197067 2218095 21028
2211736 2218194 6458
2206778 2218557 11779
2213543 2220273 6730
2208324 2220801 12477
2214818 2221461 6643
2212787 2227137 14350
2221235 2227896 6661
2217582 2228028 10446
2213274 2228919 15645
2219819 2231229 11410
2219974 2233539 13565
2213743 2233935 20192
2229824 2236113 6289
2230111 2236773 6662
2230911 2237202 6291
2223206 2237928 14722
2232220 2238522 6302
2226766 2239446 12680
2228978 2239908 10930
2221986 2239941 17955
2230714 2242845 12131
2228106 2243208 15102
2234210 2244660 10450
2233535 2244990 11455
2232828 2245947 13119
2235469 2246574 11105
2231087 2249049 17962
2235017 2250270 15253
2244855 2251128 6273
2237957 2251854 13897
2237715 2252184 14469
2245955 2252250 6295
2239094 2253933 14839
2243147 2254890 11743
2248639 2254923 6284
2242132 2256111 13979
2238463 2256573 18110
2250310 2256969 6659
2242566 2257596 15030
2247333 2258421 11088
2252231 2258520 6289
2249072 2259312 10240
2244092 2259378 15286
2238052 2260368 22316
2254509 2261160 6651
2256049 2262711 6662
2254785 2262909 8124
2250559 2263371 12812
2257781 2264064 6283
2251988 2265252 13264
2251630 2266638 15008
2252339 2267034 14695
2256628 2267199 10571
2257709 2269410 11701
2259776 2270235 10459
2267138 2273436 6298
2260584 2275053 14469
2261921 2277759 15838
2269594 2280531 10937
2270101 2280696 10595
2263679 2281422 17743
2273084 2283534 10450
2270498 2283996 13498
2272792 2284557 11765
2267818 2286042 18224
2275164 2286108 10944
2276187 2286636 10449
2275908 2289408 13500
2276690 2289408 12718
2279266 2289408 10142
2283909 2291817 7908
2271005 2293335 22330
2287227 2294259 7032
2276631 2295117 18486
2275536 2296206 20670
2280429 2296800 16371
2287029 2298780 11751
2285780 2299902 14122
2293303 2299968 6665
2288879 2300727 11848
2290482 2301750 11268
2291565 2302311 10746
2291525 2302476 10951
2292160 2302905 10745
2288479 2303466 14987
2300435 2306733 6298
2301253 2307657 6404
2299260 2310660 11400
2296084 2310891 14807
2299204 2311518 12314
2295385 2312541 17156
2296264 2313201 16937
2298583 2314323 15740
2301843 2314851 13008
2304944 2315742 10798
2308424 2318547 10123
2304101 2319372 15271
2305144 2319801 14657
2302947 2322144 19197
2314019 2322639 8620
2306769 2323266 16497
2309787 2323992 14205
2311990 2324553 12563
2312791 2325015 12224
2302472 2325774 23302
2319577 2326236 6659
2306508 2330097 23589
2306573 2332572 25999
2305759 2332605 26846
2326862 2333133 6271
2327011 2333298 6287
2327226 2333496 6270
2328172 2334816 6644
2320097 2335872 15775
2326257 2340096 13839
2334132 2340426 6294
2335641 2341911 6270
2331615 2342538 10923
2321677 2342703 21026
2333618 2342868 9250
2334227 2345079 10852
2339741 2346399 6658
2332124 2347092 14968
2333355 2348379 15024
2343302 2350425 7123
2342728 2350557 7829
2337287 2351250 13963
2348914 2355573 6659
2344778 2355771 10993
2349044 2356167 7123
2349269 2356794 7525
2346484 2360919 14435
2343110 2361843 18733
2351130 2362074 10944
2353237 2364120 10883
2360929 2367222 6293
2355256 2367288 12032
2357612 2368047 10435
2354284 2369664 15380
2363602 2369895 6293
2361783 2374218 12435
2364710 2375505 10795
2366358 2377485 11127
2360378 2380587 20209
2374559 2380851 6292
2372732 2383656 10924
2370631 2385009 14378
2376124 2386923 10799
2382213 2388507 6294
2381349 2392302 10953
2376423 2393688 17265
2379567 2394612 15045
2378480 2394711 16231
2386770 2397219 10449
2388294 2397813 9519
2382597 2401047 18450
2384168 2401641 17473
2383821 2402103 18282
2386084 2402730 16646
2399516 2405799 6283
2385635 2408868 23233
2394317 2409132 14815
2392530 2409429 16899
2394939 2409792 14853
2398342 2412201 13859
2394323 2412300 17977
2398539 2412696 14157
2408669 2415303 6634
2405099 2415534 10435
2396100 2416260 20160
2410029 2416425 6396
2405197 2416821 11624
2401560 2417382 15822
2412264 2418900 6636
2402803 2420088 17285
2401287 2420154 18867
2411674 2424279 12605
2412998 2426556 13558
2409495 2426622 17127
2406364 2427051 20687
2422338 2428635 6297
2418850 2429295 10445
2418256 2434047 15791
2423642 2434443 10801
2422648 2436192 13544
2427942 2436753 8811
2428840 2437413 8573
2433592 2439888 6296
2433651 2440482 6831
2428227 2441571 13344
2435255 2441901 6646
2431922 2442957 11035
2431225 2444640 13415
2436281 2450184 13903
2432893 2451438 18545
2440730 2451669 10939
2441054 2451999 10945
2438179 2452428 14249
2443706 2454144 10438
2442123 2454507 12384
2440389 2454705 14316
2436732 2455233 18501
2449611 2456322 6711
2452626 2458896 6270
2445039 2459094 14055
2448865 2459820 10955
2449708 2461206 11498
2447084 2462196 15112
2445879 2462229 16350
2449558 2462757 13199
2454660 2465100 10440
2447130 2465991 18861
2447215 2466618 19403
2451387 2467146 15759
2450645 2468169 17524
2455329 2468796 13467
2459225 2470017 10792
2456842 2470347 13505
2462785 2470611 7826
2459480 2470908 11428
2462697 2472525 9828
2457173 2474010 16837
2468087 2478531 10444
2458044 2478828 20784
2461827 2478861 17034
2459556 2480577 21021
2473288 2481039 7751
2476318 2482953 6635
2471865 2483184 11319
2474956 2487936 12980
2474896 2489355 14459
2479168 2490114 10946
2478404 2493315 14911
2484267 2495064 10797
2484360 2495427 11067
2479590 2496615 17025
2481909 2497341 15432
2488411 2499354 10943
2481041 2499486 18445
2485393 2500443 15050
2494185 2502720 8535
2484697 2503578 18881
2489850 2503677 13827
2490081 2506746 16665
2500195 2506845 6650
2491226 2506911 15685
2496473 2507274 10801
2494812 2507439 12627
2497584 2507472 9888
2501514 2507802 6288
2501887 2508462 6575
2500700 2510376 9676
2495639 2510706 15067
2504278 2515227 10949
2504919 2515359 10440
2499937 2515755 15818
2509574 2515854 6280
2506132 2516877 10745
2510933 2517570 6637
2504233 2519055 14822
2512707 2519352 6645
2515115 2521398 6283
2502854 2522619 19765
2516394 2523048 6654
2517968 2524269 6301
2518354 2524995 6641
2516578 2526414 9836
2515780 2530110 14330
2516015 2530968 14953
2511791 2531034 19243
2525788 2532090 6302
2521797 2532255 10458
2523712 2533872 10160
2520441 2534400 13959
2524117 2535159 11042
2522187 2536644 14457
2517330 2537568 20238
2524354 2537898 13544
2518949 2538360 19411
2532210 2538492 6282
2528589 2540736 12147
2529794 2544399 14605
2528568 2544762 16194
2527356 2546082 18726
2535588 2546577 10989
2536931 2547864 10933
2542621 2549646 7025
2530731 2550339 19608
2540694 2551494 10800
2543678 2554497 10819
2540501 2554728 14227
2541291 2555916 14625
2546675 2557467 10792
2542681 2557830 15149
2542879 2561130 18251
2545489 2561988 16499
2551183 2561988 10805
2552764 2563704 10940
2548467 2564298 15831
2553109 2564859 11750
2551484 2567961 16477
2557315 2568291 10976
2560062 2570964 10902
2560833 2571261 10428
2566982 2573274 6292
2559504 2574462 14958
2560099 2575353 15254
2562324 2577663 15339
2567778 2578719 10941
2565122 2580501 15379
2569110 2581029 11919
2563652 2582613 18961
2564291 2582712 18421
2566663 2583141 16478
2569924 2583306 13382
2577648 2583933 6285
2575021 2586309 11288
2576410 2586870 10460
2581722 2587992 6270
2581195 2589477 8282
2573445 2589939 16494
2570386 2590533 20147
2577861 2593239 15378
2579992 2593767 13775
2583245 2594064 10819
2588203 2595318 7115
2582411 2596935 14524
2591302 2597595 6293
2589416 2600037 10621
2583113 2600466 17353
2583886 2600895 17009
2588103 2604129 16026
2590539 2605020 14481
2592572 2607297 14725
2596856 2607660 10804
2589303 2607792 18489
2589548 2608287 18739
2590210 2608485 18275
2593214 2608716 15502
2590119 2610531 20412
2592561 2611158 18597
2589194 2611455 22261
2596548 2611884 15336
2606605 2614524 7919
2608991 2617131 8140
2597128 2617329 20201
2604545 2618154 13609
2601531 2618748 17217
2610269 2620464 10195
2612980 2625612 12632
2613439 2628054 14615
2625356 2631651 6295
2623234 2633664 10430
2623729 2634159 10430
2623469 2634423 10954
2625110 2636205 11095
2630020 2636304 6284
2626009 2636535 10526
2627560 2638845 11285
2629204 2641485 12281
2626973 2641815 14842
2626583 2642244 15661
2632986 2643795 10809
2637778 2644059 6281
2634352 2645280 10928
2636358 2647293 10935
2636706 2648184 11478
2638380 2649174 10794
2639692 2650131 10439
2636625 2651253 14628
2636792 2651319 14527
2638115 2651913 13798
2640018 2652903 12885
2638527 2656137 17610
2645646 2656731 11085
2651573 2657853 6280
2648579 2659503 10924
2647171 2659866 12695
2648724 2663034 14310
2648361 2663595 15234
2657883 2668314 10431
2653924 2668380 14456
2651386 2669568 18182
2663592 2670294 6702
2648834 2670492 21658
2664072 2670723 6651
2652202 2672670 20468
2659226 2674188 14962
2667946 2674584 6638
2663833 2675838 12005
2668982 2676069 7087
2663665 2677257 13592
2652385 2677521 25136
2663897 2677818 13921
2669868 2677851 7983
2669993 2678907 8914
2664545 2680128 15583
2669061 2680986 11925
2672016 2681580 9564
2673744 2682075 8331
2665000 2682273 17273
2678191 2684517 6326
2670629 2685837 15208
2669984 2685969 15985
2670462 2689137 18675
2674579 2689302 14723
2672270 2691579 19309
2676156 2691942 15786
2684622 2694417 9795
2680403 2694912 14509
2685685 2695077 9392
2682580 2697057 14477
2680721 2697420 16699
2688600 2703558 14958
2683580 2703822 20242
2690140 2704449 14309
2694720 2705241 10521
2685254 2705373 20119
2691226 2705439 14213
2692824 2707716 14892
2687255 2707980 20725
2688005 2708640 20635
2703669 2710323 6654
2696456 2710950 14494
2697184 2711478 14294
2702706 2711544 8838
2694629 2711742 17113
2693989 2712831 18842
2698056 2713227 15171
2695964 2714844 18880
2697394 2718507 21113
2704270 2719002 14732
2708162 2719959 11797
2700000 2721906 21906
2700919 2722533 21614
2716393 2722665 6272
2713089 2723523 10434
2718726 2725008 6282
2705568 2725767 20199
2712329 2726790 14461
2716616 2728572 11956
2722620 2729265 6645
2722197 2729430 7233
2713179 2730552 17373
2720577 2731377 10800
2717126 2732697 15571
2716867 2733093 16226
2729125 2735766 6641
2723512 2735799 12287
2722744 2736954 14210
2710872 2737152 26280
2713771 2737251 23480
2730751 2737416 6665
2724710 2738142 13432
2723648 2743092 19444
2732989 2743917 10928
2733482 2744412 10930
2727547 2745270 17723
2739620 2745897 6277
2735567 2746359 10792
2730749 2747217 16468
2733152 2747646 14494
2737159 2750451 13292
2733515 2750814 17299
2741679 2751903 10224
2739308 2752695 13387
2748984 2755269 6285
2737942 2755632 17690
2745808 2756754 10946
2740129 2757414 17285
2744985 2757480 12495
2746479 2757612 11133
2739070 2757777 18707
2751856 2758140 6284
2745045 2758371 13326
2740736 2758404 17668
2743636 2760516 16880
2748575 2761374 12799
2752700 2762430 9730
2744633 2763816 19183
2757950 2764608 6658
2744472 2764707 20235
2752517 2767479 14962
2760772 2770614 9842
2748143 2770647 22504
2750285 2770779 20494
2756488 2770977 14489
2756001 2772759 16758
2761382 2774937 13555
2757229 2777445 20216
2761878 2779029 17151
2772499 2779161 6662
2764079 2779458 15379
2763762 2779722 15960
2760738 2780151 19413
2762456 2780679 18223
2763010 2781306 18296
2776457 2782758 6301
2760646 2784606 23960
2762609 2785134 22525
2768840 2785992 17152
2767557 2788467 20910
2782279 2788566 6287
2782077 2788731 6654
2765229 2791569 26340
2778277 2791899 13622
2772470 2792295 19825
2774917 2792790 17873
2766298 2793351 27053
2778326 2795463 17137
2772303 2796453 24150
2779771 2799192 19421
2780738 2799555 18817
2780937 2800380 19443
2786897 2801403 14506
2785710 2802855 17145
2786816 2803020 16204
2784396 2804373 19977
2785772 2806089 20317
2788005 2806617 18612
2788798 2810016 21218
2787513 2810280 22767
2788848 2810676 21828
2788009 2811039 23030
2789674 2811270 21596
2786361 2811435 25074
2801747 2812194 10447
2799047 2812359 13312
2798641 2813877 15236
2807036 2815032 7996
2795735 2817177 21442
2796351 2817408 21057
2811233 2817507 6274
2798289 2817540 19251
2800081 2819916 19835
2804888 2820774 15886
2814697 2820972 6275
2796400 2821071 24671
2809106 2821302 12196
2810023 2821665 11642
2802721 2821863 19142
2801563 2822820 21257
2816739 2823381 6642
2805655 2825097 19442
2809584 2825163 15579
2800482 2826120 25638
2820056 2826351 6295
2809399 2827836 18437
2816273 2828265 11992
2808445 2828991 20546
2822734 2829024 6290
2816940 2829222 12282
2823582 2829948 6366
2821990 2831730 9740
2820685 2832588 11903
2827133 2833776 6643
2827664 2833941 6277
2828183 2834469 6286
2823907 2834832 10925
2829649 2835921 6272
2819800 2836185 16385
2827111 2839221 12110
2830217 2841432 11215
2836311 2842587 6276
2832613 2843049 10436
2838569 2844864 6295
2830346 2847009 16663
2831105 2847207 16102
2834499 2848956 14457
2834252 2849451 15199
2833242 2850078 16836
2840235 2851068 10833
2838030 2851497 13467
2838145 2852685 14540
2846215 2856645 10430
2844669 2858790 14121
2846014 2860902 14888
2838872 2863476 24604
2847342 2863872 16530
2853711 2864664 10953
2853907 2865126 11219
2862101 2868756 6655
2858431 2870571 12140
2860335 2873706 13371
2864689 2875488 10799
2865321 2876247 10926
2863054 2876808 13754
2869017 2879976 10959
2866628 2880801 14173
2862162 2881791 19629
2868116 2882616 14500
2876961 2883243 6282
2870328 2884629 14301
2871358 2884695 13337
2867223 2887566 20343
2882114 2888754 6640
2884904 2891196 6292
2884820 2895618 10798
2887291 2898225 10934
2892160 2898456 6296
2886043 2898753 12710
2888214 2899017 10803
2892293 2901492 9199
2888243 2901855 13612
2893517 2904462 10945
2892909 2906376 13467
2895181 2906475 11294
2894974 2907630 12656
2902524 2909181 6657
2893300 2911359 18059
2900961 2913999 13038
2895677 2915880 20203
2896608 2917299 20691
2909142 2920335 11193
2906188 2920533 14345
2907927 2921193 13266
2916815 2923470 6655
2913448 2923899 10451
2916272 2926011 9739
2916091 2926539 10448
2919973 2926638 6665
2916885 2929311 12426
2914726 2929707 14981
2914836 2932578 17742
2918377 2932974 14597
2925751 2936703 10952
2926938 2937891 10953
2934026 2940630 6604
2927912 2940927 13015
2932089 2944029 11940
2933754 2944194 10440
2937966 2944260 6294
2933960 2944887 10927
2931940 2946537 14597
2926985 2946999 20014
2937504 2947956 10452
2941865 2948517 6652
2942453 2948748 6295
2940723 2951157 10434
2940740 2951190 10450
2945472 2951751 6279
2938134 2952708 14574
2942868 2953467 10599
2943067 2953863 10796
2943239 2954061 10822
2944318 2955876 11558
2943454 2956470 13016
2941910 2956635 14725
2942541 2958120 15579
2946885 2959737 12852
2947135 2962113 14978
2943357 2963268 19911
2955741 2966667 10926
2962603 2968878 6275
2963503 2970165 6662
2961548 2972343 10795
2964517 2974950 10433
2969972 2976270 6298
2966769 2977722 10953
2971589 2978283 6694
2972708 2979801 7093
2969597 2980527 10930
2976944 2983233 6289
2977314 2983596 6282
2979095 2985378 6283
2972600 2987193 14593
2977043 2988348 11305
2985546 2992209 6663
2979010 2994552 15542
2982654 2996961 14307
2987065 2997357 10292
2985446 2997819 12373
2988444 2999370 10926
2982628 3000987 18359
2989902 3001284 11382
2996429 3002703 6274
2987740 3003000 15260
2992248 3003264 11016
2998109 3004386 6277
2992922 3006498 13576
2993345 3006531 13186
2994664 3006663 11999
2995524 3008742 13218
2994947 3010260 15313
2998650 3010953 12303
3000531 3011481 10950
2998929 3013791 14862
3003504 3015276 11772
3004931 3015870 10939
3009805 3016101 6296
3000028 3016992 16964
3003932 3017025 13093
3009817 3018906 9089
3008539 3019038 10499
3005238 3019830 14592
3007904 3021216 13312
3003143 3021282 18139
3010322 3023988 13666
3009568 3024450 14882
3009914 3024978 15064
3018693 3024978 6285
3010482 3025506 15024
3019063 3028641 9578
3010387 3029169 18782
3015164 3030918 15754
3022064 3032502 10438
3024059 3035010 10951
3028768 3035043 6275
3020533 3035703 15170
3021060 3035769 14709
3025655 3036858 11203
3022160 3037320 15160
3034022 3040686 6664
3032501 3042930 10429
3028420 3045339 16919
3035455 3046395 10940
3031945 3046428 14483
3036105 3048144 12039
3032362 3049167 16805
3044470 3050751 6281
3044333 3051213 6880
3045414 3052071 6657
3042802 3052170 9368
3042339 3052797 10458
3050112 3056988 6876
3040941 3057318 16377
3050838 3057714 6876
3048701 3059628 10927
3051652 3059958 8306
3049606 3060189 10583
3056330 3062994 6664
3048928 3063390 14462
3052761 3065733 12972
3054368 3066756 12388
3057251 3068208 10957
3063701 3069990 6289
3057245 3070221 12976
3059235 3074676 15441
3057127 3074874 17747
3059819 3077580 17761
3063211 3078141 14930
3073237 3079890 6653
3069738 3080715 10977
3076756 3083058 6302
3073254 3084345 11091
3074809 3085764 10955
3075408 3086358 10950
3077331 3088140 10809
3079778 3090582 10804
3080871 3095565 14694
3085583 3096390 10807
3086608 3097413 10805
3085214 3098733 13519
3093846 3100119 6273
3088027 3101967 13940
3093286 3104079 10793
3094592 3105531 10939
3096095 3107049 10954
3098803 3107148 8345
3089913 3108171 18258
3102525 3108798 6273
3102916 3109194 6278
3098825 3109755 10930
3104350 3111075 6725
3100839 3111768 10929
3098543 3113022 14479
3102308 3114936 12628
3098136 3118071 19935
3102594 3118236 15642
3103683 3118269 14586
3110282 3121338 11056
3111237 3121932 10695
3107959 3122922 14963
3109927 3123912 13985
3109344 3124968 15624
3114416 3125364 10948
3110730 3126948 16218
3115840 3130182 14342
3120189 3131172 10983
3118668 3132657 13989
3118539 3132987 14448
3117141 3135132 17991
3123717 3135132 11415
3129327 3135660 6333
3125736 3136452 10716
3131133 3137772 6639
3127538 3138465 10927
3121409 3142161 20752
3128358 3143316 14958
3138081 3144372 6291
3130940 3146352 15412
3132853 3146451 13598
3132454 3146616 14162
3133702 3147144 13442
3137176 3148101 10925
3140048 3154569 14521
3144258 3154701 10443
3148688 3155328 6640
3144587 3157539 12952
3144661 3157869 13208
3150966 3160674 9708
3149418 3163941 14523
3155370 3165822 10452
3156806 3167604 10798
3162156 3168792 6636
3155201 3170277 15076
3164089 3170376 6287
3160413 3172290 11877
3159776 3173181 13405
3161191 3175029 13838
3166774 3177702 10928
3172230 3178527 6297
3168755 3179682 10927
3165230 3179715 14485
3167767 3180045 12278
3168618 3180705 12087
3175474 3181761 6287
3167379 3182553 15174
3166523 3182916 16393
3169969 3183048 13079
3177754 3184038 6284
3170245 3185721 15476
3170927 3188889 17962
3182716 3189648 6932
3184196 3190473 6277
3177789 3191760 13971
3187212 3193509 6297
3175539 3195423 19884
3179028 3195489 16461
3173181 3195852 22671
3186683 3197139 10456
3181751 3198723 16972
3181886 3199284 17398
3181611 3199548 17937
3188266 3199812 11546
3189944 3200736 10792
3191377 3202320 10943
3189601 3202650 13049
3191987 3203079 11092
3193502 3203937 10435
3189556 3204135 14579
3193486 3204300 10814
3189399 3205389 15990
3181671 3206808 25137
3197966 3209019 11053
3192150 3209547 17397
3200036 3211164 11128
3200897 3211329 10432
3198095 3212979 14884
3199621 3213672 14051
3200664 3214629 13965
3208730 3215421 6691
3203181 3216972 13791
3203965 3217863 13898
3203019 3218655 15636
3212826 3219117 6291
3208122 3220668 12546
3207081 3221889 14808
3210388 3222219 11831
3207469 3224397 16928
3209223 3224991 15768
3209760 3225849 16089
3221493 3227763 6270
3207634 3228225 20591
3213129 3228423 15294
3218212 3230007 11795
3219386 3230337 10951
3211830 3231327 19497
3221547 3231987 10440
3220084 3234693 14609
3220434 3234726 14292
3214547 3235485 20938
3224188 3237432 13244
3222705 3237795 15090
3225676 3237960 12284
3218316 3238026 19710
3222582 3238290 15708
3224636 3238356 13720
3215326 3238719 23393
3225904 3241656 15752
3222402 3242019 19617
3229705 3242184 12479
3228448 3245187 16739
3229448 3245385 15937
3238359 3249312 10953
3240113 3251028 10915
3245160 3251457 6297
3245243 3253074 7831
3226772 3253602 26830
3247770 3254064 6294
3237916 3255747 17831
3238327 3256275 17948
3242789 3256902 14113
3243499 3257298 13799
3251007 3257298 6291
3243673 3257430 13757
3251073 3257430 6357
3251048 3257694 6646
3244168 3260235 16067
3246367 3261060 14693
3242478 3261126 18648
3248573 3263667 15094
3258076 3264360 6284
3254610 3265548 10938
3253120 3265878 12758
3256261 3267198 10937
3253944 3269178 15234
3256688 3269937 13249
3254228 3270894 16666
3265523 3271818 6295
3262155 3273534 11379
3267372 3273666 6294
3265224 3274161 8937
3269375 3275646 6271
3269934 3276570 6636
3262714 3279309 16595
3264339 3280002 15663
3269728 3280167 10439
3264617 3280629 16012
3270367 3281355 10988
3270553 3281388 10835
3275741 3282015 6274
3267220 3282774 15554
3275700 3284094 8394
3270226 3288681 18455
3278654 3289704 11050
3280847 3291651 10804
3286076 3292740 6664
3282889 3292872 9983
3281720 3295578 13858
3282691 3296238 13547
3286403 3297591 11188
3284995 3298119 13124
3287492 3300792 13300
3294135 3300792 6657
3290559 3301353 10794
3289071 3303531 14460
3293251 3304059 10808
3298964 3305874 6910
3290941 3306402 15461
3303012 3309669 6657
3297265 3310131 12866
3296998 3311154 14156
3294266 3311682 17416
3300347 3312276 11929
3297121 3312672 15551
3307298 3313596 6298
3305162 3314256 9094
3302169 3315972 13803
3299286 3318150 18864
3304142 3318183 14041
3313341 3319767 6426
3307394 3319800 12406
3309581 3320361 10780
3306131 3321252 15121
3310403 3321318 10915
3309303 3324354 15051
3307274 3324519 17245
3309909 3324618 14709
3302719 3325245 22526
3315902 3328050 12148
3309696 3328809 19113
3313179 3331614 18435
3310885 3332340 21455
3317150 3333231 16081
3322657 3333594 10937
3314710 3338313 23603
3319801 3339105 19304
3326167 3340029 13862
3322390 3340128 17738
3324889 3342504 17615
3332483 3344286 11803
3317245 3344748 27503
3326708 3345573 18865
3327437 3346101 18664
3330623 3346662 16039
3328020 3347322 19302
3322875 3349533 26658
3334297 3350424 16127
3331443 3350655 19212
3328376 3351018 22642
3329324 3351579 22255
3329765 3351744 21979
3334868 3352272 17404
3337943 3352965 15022
3346836 3353493 6657
3347451 3353724 6273
3336005 3355077 19072
3339209 3355605 16396
3343523 3356100 12577
3347836 3356760 8924
3345364 3357915 12551
3345491 3357948 12457
3355030 3361314 6284
3355392 3361677 6285
3342404 3363096 20692
3344893 3364152 19259
3349715 3365868 16153
3352999 3367386 14387
3355978 3368541 12563
3348446 3370191 21745
3350144 3371115 20971
3354974 3371478 16504
3363618 3373920 10302
3365457 3374448 8991
3368510 3374811 6301
3371204 3377484 6280
3370108 3377814 7706
3358081 3378606 20525
3368673 3381510 12837
3375636 3388605 12969
3379319 3390255 10936
3379658 3390585 10927
3371407 3391146 19739
3384072 3393258 9186
3383722 3394677 10955
3382660 3396525 13865
3382700 3396690 13990
3386878 3397812 10934
3392707 3399000 6293
3386005 3399990 13985
3387573 3401079 13506
3388320 3402795 14475
3395634 3403389 7755
3393041 3405897 12856
3396289 3407217 10928
3394728 3409197 14469
3398554 3410451 11897
3399267 3413355 14088
3398054 3413520 15466
3403186 3414741 11555
3402825 3416457 13632
3402376 3416754 14378
3402013 3419658 17645
3407672 3420285 12613
3407463 3422760 15297
3413392 3424344 10952
3414432 3425268 10836
3413058 3427512 14454
3416797 3427743 10946
3421571 3427842 6271
3421500 3429822 8322
3418672 3430020 11348
3419883 3432990 13107
3412651 3433518 20867
3420877 3434112 13235
3409036 3435234 26198
3429456 3435729 6273
3420658 3437412 16754
3425260 3439491 14231
3427574 3439491 11917
3426992 3440349 13357
3426384 3442824 16440
3426794 3443946 17152
3428919 3444078 15159
3428938 3444606 15668
3438573 3447279 8706
3441345 3447642 6297
3439452 3447906 8454
3433070 3449028 15958
3437712 3450249 12537
3443761 3450414 6653
3437194 3452031 14837
3445434 3452097 6663
3443180 3454308 11128
3443609 3454407 10798
3436612 3454935 18323
3441105 3456684 15579
3444641 3457113 12472
3443016 3457707 14691
3447312 3461601 14289
3443227 3461931 18704
3446805 3461931 15126
3446933 3462591 15658
3457352 3463647 6295
3449469 3465198 15729
3447177 3466683 19506
3454758 3468300 13542
3457907 3468861 10954
3457744 3470643 12899
3449152 3471468 22316
3461173 3472128 10955
3454158 3474009 19851
3465956 3476913 10957
3472458 3479091 6633
3468854 3479322 10468
3475055 3481335 6280
3472082 3483018 10936
3459307 3483612 24305
3473489 3484437 10948
3472862 3485394 12532
3471871 3486615 14744
3472778 3489486 16708
3477092 3489717 12625
3477720 3490641 12921
3479924 3490872 10948
3485755 3492027 6272
3478910 3494106 15196
3486227 3496746 10519
3490446 3496845 6399
3479603 3496977 17374
3482984 3497604 14620
3483102 3498264 15162
3485355 3499155 13800
3488823 3499749 10926
3489974 3500772 10798
3486104 3502125 16021
3492568 3503379 10811
3486692 3503412 16720
3493124 3503577 10453
3498581 3505458 6877
3485930 3505821 19891
3497701 3508131 10430
3497880 3511761 13881
3495162 3513213 18051
3506665 3513312 6647
3499014 3514137 15123
3496577 3514500 17923
3502290 3516315 14025
3510523 3516810 6287
3513901 3520539 6638
3514071 3520704 6633
3511091 3522882 11791
3518035 3524697 6662
3509511 3524829 15318
3505218 3525060 19842
3511274 3527502 16228
3507050 3528261 21211
3517863 3530571 12708
3517672 3533046 15374
3516255 3534432 18177
3521888 3536280 14392
3530955 3537930 6975
3519879 3539448 19569
3521513 3540075 18562
3530689 3541131 10442
3523891 3543309 19418
3526655 3543837 17182
3526784 3544431 17647
3535574 3547170 11596
3529624 3547533 17909
3541239 3547896 6657
3538130 3548589 10459
3531154 3550833 19679
3543075 3551130 8055
3533454 3554067 20613
3534203 3555024 20821
3545475 3556278 10803
3535798 3557169 21371
3535012 3558324 23312
3544795 3560205 15410
3546537 3560403 13866
3554781 3561063 6282
3559056 3565716 6660
3548818 3565848 17030
3555521 3566772 11251
3560709 3567003 6294
3561103 3567465 6362
3563273 3569544 6271
3556542 3571491 14949
3560375 3571656 11281
3561643 3572316 10673
3562239 3573240 11001
3562322 3573372 11050
3563388 3574329 10941
3563571 3576474 12903
3567977 3577002 9025
3568225 3579180 10955
3574407 3580698 6291
3567088 3581292 14204
3572005 3582942 10937
3565474 3584559 19085
3572305 3586242 13937
3569981 3587331 17350
3574725 3587562 12837
3573947 3588552 14605
3576251 3588981 12730
3578654 3589509 10855
3576412 3590796 14384
3588602 3594888 6286
3581305 3595779 14474
3586046 3596505 10459
3590547 3596835 6288
3579662 3598056 18394
3592291 3598947 6656
3592592 3599244 6652
3588847 3601620 12773
3586119 3601983 15864
3582678 3602247 19569
3594500 3605448 10948
3595886 3606702 10816
3596865 3607857 10992
3592359 3609045 16686
3597388 3612378 14990
3599775 3614787 15012
