1786 16401 14615
14668 25608 10940
21540 32472 10932
18565 33033 14468
18853 35310 16457
24114 35970 11856
29337 43395 14058
49457 59895 10438
49192 60126 10934
62025 68310 6285
62164 73095 10931
63907 74844 10937
71067 82005 10938
81592 92532 10940
93872 104676 10804
98654 109593 10939
102074 113025 10951
106926 117876 10950
109553 120483 10930
111066 122001 10935
113177 128139 14962
126138 137082 10944
126920 137874 10954
139533 145827 6294
151964 162888 10924
155731 166683 10952
160821 171765 10944
163361 174306 10945
194987 201630 6643
204635 215589 10954
211171 217470 6299
204013 222123 18110
205583 222684 17101
208766 222981 14215
218168 224829 6661
228407 235059 6652
229537 240471 10934
230251 241296 11045
238682 249612 10930
242387 253341 10954
250372 261327 10955
254305 268785 14480
260005 270930 10925
264977 275418 10441
268051 278982 10931
268212 279147 10935
268962 280005 11043
277537 284625 7088
275727 286671 10944
284767 291423 6656
293501 299772 6271
296326 307263 10937
297450 308253 10803
298485 309441 10956
302818 314754 11936
306384 317328 10944
306704 317658 10954
310274 321222 10948
310788 321717 10929
312184 323367 11183
324797 335742 10945
327879 338811 10932
331781 342705 10924
344745 355674 10929
352924 363858 10934
357716 369039 11323
359569 370524 10955
361410 372339 10929
360020 375540 15520
366455 377388 10933
391206 402336 11130
393382 403821 10439
399497 414084 14587
406818 417747 10929
408531 420849 12318
418152 428604 10452
433985 440286 6301
430507 441441 10934
436746 447678 10932
442045 452991 10946
446824 453123 6299
446919 457842 10923
453920 464376 10456
454784 465729 10945
458205 469128 10923
465148 471801 6653
461485 472428 10943
483015 493449 10434
486147 497079 10932
495643 506451 10808
505704 516648 10944
516769 527703 10934
518763 529716 10953
523279 534204 10925
535315 546249 10934
544494 555423 10929
555298 566247 10949
562483 573408 10925
567438 578391 10953
568304 579216 10912
574415 585519 11104
577092 588027 10935
580106 592020 11914
580652 599445 18793
593478 604428 10950
599759 610731 10972
600225 613998 13773
603668 614592 10924
625066 636009 10943
630038 640497 10459
634258 645183 10925
651041 661980 10939
661312 667953 6641
665501 676434 10933
666919 677853 10934
673157 684090 10933
682844 689502 6658
680694 691647 10953
687798 694089 6291
685648 696234 10586
692430 703362 10932
714247 720885 6638
732540 743490 10950
734027 744843 10816
733033 748011 14978
747944 758868 10924
763061 774015 10954
769190 780120 10930
767882 782958 15076
774291 787281 12990
780120 790911 10791
787383 798336 10953
787906 798831 10925
792087 803022 10935
818823 829257 10434
826101 837045 10944
829062 840015 10953
832557 847440 14883
841409 848067 6658
839321 850113 10792
845992 856944 10952
847582 858528 10946
851741 865953 14212
865474 876282 10808
872862 879516 6654
869092 880044 10952
873563 886842 13279
875676 887469 11793
877806 888756 10950
883329 894267 10938
885869 896808 10939
896514 911130 14616
902557 913506 10949
905866 916806 10940
914114 925056 10942
915187 927696 12509
917604 928554 10950
918216 929148 10932
928450 939246 10796
938308 949113 10805
939348 953997 14649
944290 954723 10433
950493 965085 14592
950993 966504 15511
956819 967263 10444
963731 974523 10792
966286 977097 10811
966847 979704 12857
968811 979935 11124
969974 980925 10951
969302 983202 13900
975784 986733 10949
982717 993663 10946
995135 1001418 6283
1000987 1011912 10925
1008941 1019865 10924
1009559 1020492 10933
1008402 1023363 14961
1021654 1032603 10949
1022084 1035771 13687
1040628 1046925 6297
1042834 1053657 10823
1050179 1060983 10804
1054160 1065108 10948
1054978 1068210 13232
1067792 1078242 10450
1082996 1093818 10822
1084987 1095930 10943
1088171 1099098 10927
1090663 1101606 10943
1097620 1108569 10949
1105825 1116753 10928
1109280 1124178 14898
1114186 1125135 10949
1118262 1129194 10932
1129043 1135695 6652
1122239 1140282 18043
1136848 1147773 10925
1148638 1154934 6296
1146092 1156551 10459
1155341 1161633 6292
1151907 1162854 10947
1154153 1165098 10945
1180768 1187043 6275
1176277 1187208 10931
1183834 1194765 10931
1194247 1205193 10946
1216215 1227138 10923
1219403 1230339 10936
1240867 1251822 10955
1242378 1260171 17793
1246617 1261590 14973
1254535 1264362 9827
1255099 1270071 14972
1260587 1275186 14599
1269400 1279839 10439
1284461 1295415 10954
1290632 1297494 6862
1285854 1300827 14973
1298459 1309275 10816
1296122 1311552 15430
1299716 1314852 15136
1304224 1315017 10793
1315186 1321848 6662
1322930 1333365 10435
1324185 1334619 10434
1331879 1338513 6634
1348422 1355079 6657
1347536 1359897 12361
1350473 1361415 10942
1353965 1364781 10816
1355586 1366530 10944
1385279 1396230 10951
1389700 1396362 6662
1387103 1397550 10447
1393521 1404447 10926
1404580 1415535 10955
1409571 1416228 6657
1406689 1417680 10991
1410817 1421772 10955
1419736 1434345 14609
1463400 1474341 10941
1476383 1487310 10927
1482278 1488564 6286
1474824 1489422 14598
1475446 1492326 16880
1487220 1498167 10947
1489643 1500576 10933
1499023 1509948 10925
1503785 1514238 10453
1517534 1524171 6637
1510929 1526910 15981
1523303 1534236 10933
1541518 1552452 10934
1556313 1567236 10923
1555369 1569975 14606
1588871 1595517 6646
1582357 1597332 14975
1596131 1602414 6283
1591978 1602909 10931
1595756 1607166 11410
1598113 1608915 10802
1599344 1613799 14455
1608901 1615812 6911
1605831 1616769 10938
1611651 1622577 10926
1617376 1624029 6653
1672046 1682868 10822
1673206 1686102 12896
1681162 1696002 14840
1702002 1708641 6639
1700316 1710753 10437
1708218 1714878 6660
1702359 1720125 17766
1709727 1723326 13599
1712494 1723425 10931
1717105 1726296 9191
1717473 1728408 10935
1717462 1728408 10946
1729927 1740882 10955
1734785 1745733 10948
1740336 1751277 10941
1749558 1755831 6273
1750281 1761078 10797
1761869 1772793 10924
1762577 1773651 11074
1772227 1783155 10928
1775645 1790613 14968
1780349 1790778 10429
1781648 1792791 11143
1789246 1800183 10937
1790487 1802823 12336
1793524 1804473 10949
1798711 1809654 10943
1802450 1813383 10933
1827968 1838760 10792
1832159 1843083 10924
1835780 1846581 10801
1838662 1849617 10955
1842674 1853610 10936
1847472 1858395 10923
1860099 1871034 10935
1861142 1871958 10816
1866984 1877931 10947
1882222 1893177 10955
1882873 1896444 13571
1896291 1906740 10449
1904905 1915716 10811
1903226 1917168 13942
1903081 1917696 14615
1910232 1926639 16407
1916734 1927167 10433
1916939 1929147 12208
1923589 1934526 10937
1932503 1943304 10801
1929058 1943667 14609
1936238 1946076 9838
1937860 1948815 10955
1944772 1955712 10940
1954139 1968747 14608
1961749 1972674 10925
1980249 1986897 6648
1974438 1989042 14604
1984174 1990494 6320
1983180 1994124 10944
1986122 1996566 10444
1999976 2006268 6292
2007142 2018082 10940
2008713 2020425 11712
2010834 2025309 14475
2023425 2034351 10926
2032455 2043261 10806
2035607 2046561 10954
2039516 2053986 14470
2049069 2060355 11286
2062949 2069232 6283
2062400 2072829 10429
2068332 2079264 10932
2080087 2086359 6272
2080487 2090946 10459
2088879 2099328 10449
2094038 2104971 10933
2096177 2107116 10939
2102257 2113056 10799
2105998 2116950 10952
2121898 2128170 6272
2140694 2147343 6649
2137341 2147772 10431
2145803 2156748 10945
2146018 2157408 11390
2146621 2160642 14021
2150026 2160972 10946
2153862 2164668 10806
2149221 2164800 15579
2162044 2172489 10445
2161804 2172621 10817
2175599 2186547 10948
2179289 2189748 10459
2179696 2193972 14276
2193096 2204037 10941
2204406 2214861 10455
2205745 2216181 10436
2211249 2222187 10938
2216581 2227533 10952
2231017 2237301 6284
2240691 2251623 10932
2248316 2259246 10930
2249496 2259939 10443
2256422 2271027 14605
2264923 2275878 10955
2269399 2280333 10934
2273728 2287725 13997
2285658 2296470 10812
2286169 2297097 10928
2292552 2300001 7449
2289090 2303862 14772
2308425 2319240 10815
2310323 2321253 10930
2311484 2322408 10924
2308043 2323959 15916
2309984 2324454 14470
2317589 2328381 10792
2322476 2328777 6301
2316272 2329767 13495
2315675 2331384 15709
2342635 2353065 10430
2346069 2356992 10923
2350717 2361645 10928
2354238 2364681 10443
2366968 2377419 10451
2380907 2391840 10933
2383696 2394513 10817
2387446 2398374 10928
2392899 2403357 10458
2401200 2412135 10935
2401919 2412861 10942
2418476 2424774 6298
2425621 2432265 6644
2422214 2433156 10942
2422458 2433816 11358
2425083 2436027 10944
2430031 2440977 10946
2460250 2466915 6665
2457150 2470182 13032
2460407 2471337 10930
2472236 2482689 10453
2481553 2487837 6284
2482828 2493777 10949
2483683 2494734 11051
2494025 2504964 10939
2495756 2506680 10924
2498135 2509089 10954
2496452 2511432 14980
2502681 2513115 10434
2524790 2535720 10930
2525905 2536842 10937
2532569 2549085 16516
2539002 2549943 10941
2539673 2550471 10798
2539228 2551923 12695
2549004 2559447 10443
2552004 2566971 14967
2559923 2570865 10942
2557028 2574066 17038
2560251 2574099 13848
2570926 2581854 10928
2582040 2592975 10935
2585087 2596011 10924
2588230 2599179 10949
2593173 2599806 6633
2595504 2606439 10935
2602697 2613138 10441
2609694 2620629 10935
2612792 2623731 10939
2619800 2626437 6637
2624824 2635776 10952
2637004 2647953 10949
2643316 2654256 10940
2644627 2656632 12005
2647973 2658777 10804
2658415 2669370 10955
2659774 2670723 10949
2667762 2678214 10452
2676003 2682636 6633
2672844 2683791 10947
2672824 2685408 12584
2680436 2695407 14971
2690018 2696298 6280
2684831 2698707 13876
2689467 2699895 10428
2695256 2706198 10942
2705905 2716857 10952
2712775 2723589 10814
2727793 2734446 6653
2733891 2740188 6297
2737947 2748768 10821
2748091 2758536 10445
2760156 2766819 6663
2760870 2771802 10932
2781895 2792823 10928
2790919 2801865 10946
2788257 2804076 15819
2794871 2806287 11416
2793677 2807244 13567
2791851 2807343 15492
2797311 2810412 13101
2812667 2819322 6655
2811502 2822457 10955
2814101 2824899 10798
2828472 2839419 10947
2830103 2840904 10801
2833189 2844138 10949
2840011 2850936 10925
2857759 2868690 10931
2866026 2876973 10947
2867750 2879151 11401
2874031 2884464 10433
2881513 2892450 10937
2883565 2898522 14957
2890623 2901558 10935
2892062 2902878 10816
2899127 2910072 10945
2898464 2912943 14479
2907416 2915484 8068
2916907 2927859 10952
2927255 2933898 6643
2924850 2935647 10797
2934058 2940696 6638
2934870 2945811 10941
2933435 2948022 14587
2946741 2957691 10950
2951794 2964786 12992
2955170 2966106 10936
2953079 2967558 14479
2954486 2969373 14887
2970157 2981088 10931
2973261 2984058 10797
2975478 2986269 10791
2988679 2999634 10955
2992100 3003033 10933
3017877 3028806 10929
3020348 3031281 10933
3024228 3038706 14478
3028541 3039465 10924
3044463 3055404 10941
3058896 3069825 10929
3066561 3073224 6663
3078580 3089526 10946
3098923 3109854 10931
3101587 3112032 10445
3107147 3118071 10924
3113451 3124242 10791
3115268 3130248 14980
3125822 3136749 10927
3127970 3138894 10924
3124048 3141072 17024
3136074 3147408 11334
3143859 3150147 6288
3139696 3154668 14972
3155774 3166713 10939
3160905 3167538 6633
3159217 3174105 14888
3165068 3176217 11149
3168913 3179847 10934
3174403 3185358 10955
3179344 3190275 10931
3178962 3193575 14613
3192577 3203508 10931
3193208 3204135 10927
3195227 3205686 10459
3214320 3225123 10803
3216027 3226971 10944
3228275 3238719 10444
3230405 3241359 10954
3232165 3244362 12197
3232874 3244890 12016
3234378 3245583 11205
3235031 3245979 10948
3235198 3248487 13289
3236030 3248883 12853
3238484 3248949 10465
3240883 3251820 10937
3254946 3261588 6642
3253058 3263997 10939
3253787 3264591 10804
3280131 3294720 14589
3293970 3300264 6294
3290272 3301089 10817
3295743 3306666 10923
3301086 3312012 10926
3309035 3319965 10930
3328692 3339633 10941
3330324 3341943 11619
3339519 3345804 6285
3338192 3352800 14608
3347425 3361908 14483
3359603 3370554 10951
3361443 3372270 10827
3367251 3374349 7098
3371578 3378243 6665
3383994 3394809 10815
3414088 3424542 10454
3417281 3428205 10924
3421908 3432363 10455
3424156 3435102 10946
3426004 3436950 10946
3432356 3443286 10930
3433415 3446091 12676
3431828 3446817 14989
3443505 3449787 6282
3446419 3457344 10925
3447554 3458367 10813
3452204 3465693 13489
3462002 3472953 10951
3473144 3484074 10930
3481860 3492786 10926
3478708 3494997 16289
3489424 3503907 14483
3493199 3504138 10939
3509161 3520110 10949
3516491 3527436 10945
3522792 3529449 6657
3523239 3534168 10929
3528659 3544365 15706
3534064 3544497 10433
3537364 3548160 10796
3545396 3555849 10453
3542817 3558423 15606
3547925 3561657 13732
3564358 3575286 10928
3565982 3576936 10954
3569570 3580500 10930
3581690 3592644 10954
3584400 3595350 10950
3584687 3595482 10795
3587448 3598386 10938
3593758 3604689 10931
3590377 3605382 15005
3595031 3610959 15928
3599253 3614193 14940
