5006 11649 6643
6551 13200 6649
7826 18282 10456
12224 18513 6289
7045 20526 13481
14452 21087 6635
14598 23133 8535
7865 23628 15763
19129 25410 6281
13299 27753 14454
19402 33858 14456
15402 34716 19314
20008 34749 14741
35400 41679 6279
32127 43065 10938
31973 46431 14458
38109 48543 10434
33281 48873 15592
42377 49038 6661
43951 50226 6275
44743 55671 10928
51227 57519 6292
53968 66033 12065
52167 66759 14592
56108 67716 11608
53433 69168 15735
64934 72369 7435
66373 73029 6656
58222 74250 16028
61344 75306 13962
62264 75768 13504
62775 75834 13059
63653 76494 12841
61649 78540 16891
74902 82401 7499
69083 85173 16090
71740 85701 13961
69326 87252 17926
73420 88440 15020
86261 92532 6271
86755 93390 6635
89412 96063 6651
94879 105336 10457
99273 111969 12696
97056 112002 14946
105978 112332 6354
96009 112398 16389
102419 114477 12058
104354 115302 10948
109584 116556 6972
110816 117480 6664
105173 119658 14485
114061 125004 10943
116069 127017 10948
117935 129096 11161
126146 132429 6283
123291 134244 10953
125212 136026 10814
128689 139623 10934
136834 143121 6287
130615 145596 14981
135278 145728 10450
133041 147510 14469
141609 147906 6297
145110 151404 6294
146085 152724 6639
146193 152856 6663
146463 156189 9726
141348 156321 14973
147273 158070 10797
152027 158301 6274
144724 159621 14897
146090 159786 13696
151091 162723 11632
153356 163284 9928
158474 165132 6658
150519 165627 15108
160175 166452 6277
159487 169917 10430
162161 172590 10429
155372 174306 18934
165380 175362 9982
165429 176352 10923
169745 176385 6640
170777 177078 6301
168655 182622 13967
170419 183315 12896
176733 187539 10806
178886 189684 10798
176810 190773 13963
182772 193215 10443
190807 197109 6302
191274 202323 11049
197242 204072 6830
200060 206712 6652
200756 207042 6286
202786 209451 6665
200583 213378 12795
203758 218361 14603
214449 221100 6651
212725 223542 10817
215765 226710 10945
228004 234663 6659
224293 235224 10931
221716 238128 16412
227416 241428 14012
233082 243540 10458
230840 244233 13393
236957 244728 7771
234114 248490 14376
234915 248886 13971
246353 253011 6658
247744 254034 6290
248470 255123 6653
251282 262086 10804
251595 265584 13989
257546 268356 10810
258251 268983 10732
261536 270171 8635
257840 271623 13783
259104 273570 14466
258572 273834 15262
270296 276573 6277
265035 279774 14739
267936 281622 13686
269132 283107 13975
268845 283206 14361
267508 283635 16127
271262 285615 14353
280162 286803 6641
278656 286935 8279
270602 288453 17851
283322 289608 6286
274820 290895 16075
283397 294195 10798
289844 296505 6661
290805 297099 6294
287578 297429 9851
291905 298188 6283
292344 298617 6273
289050 299508 10458
293008 299673 6665
287532 302016 14484
296697 302973 6276
295922 306372 10450
301720 308022 6302
303321 310563 7242
304477 311124 6647
300133 314589 14456
303317 317295 13978
307059 317988 10929
304510 321420 16910
311489 324555 13066
314284 325281 10997
323579 329868 6289
323747 330033 6286
315697 331353 15656
320846 335808 14962
327184 338118 10934
328746 339669 10923
334599 340890 6291
331600 342045 10445
330274 342771 12497
331755 347490 15735
338403 349338 10935
338331 352935 14604
352884 359535 6651
345671 360129 14458
347989 362373 14384
356254 365079 8825
357109 367917 10808
364106 370392 6286
362022 372504 10482
366585 373230 6645
360319 374781 14462
364798 375738 10940
365949 376761 10812
368533 379566 11033
371615 382074 10459
367297 382437 15140
374100 384087 9987
377580 384087 6507
372892 384351 11459
374105 385209 11104
379682 390126 10444
377446 392733 15287
387277 393921 6644
387267 393921 6654
381292 396033 14741
389381 399168 9787
395245 401544 6299
391377 405966 14589
399353 405999 6646
400602 406890 6288
397734 408210 10476
394681 409167 14486
401461 411906 10445
406170 417120 10950
400460 419133 18673
413622 420255 6633
411952 422400 10448
415918 427185 11267
421905 428175 6270
421401 430023 8622
422428 433224 10796
416761 433290 16529
423546 436194 12648
426584 438306 11722
427582 439692 12110
434150 440814 6664
436053 442695 6642
430575 445038 14463
440556 446853 6297
433114 447480 14366
438858 448041 9183
437204 448140 10936
443844 450483 6639
444354 450648 6294
448514 455169 6655
448877 455169 6292
451097 457380 6283
449639 460152 10513
453686 464145 10459
452369 466356 13987
451481 466620 15139
459414 470217 10803
457208 471933 14725
461689 472560 10871
461113 475596 14483
463041 477510 14469
466450 481140 14690
476622 483285 6663
470923 485496 14573
481400 487674 6274
481757 488268 6511
482656 489060 6404
478787 489588 10801
485635 496089 10454
490818 498333 7515
492447 498729 6282
500295 506946 6651
497467 507903 10436
494551 509025 14474
503230 509520 6290
504375 510675 6300
498984 512226 13242
506573 513216 6643
507811 514107 6296
500062 514536 14474
503766 518166 14400
505103 518925 13822
504922 519519 14597
509760 521367 11607
512280 523215 10935
518001 524634 6633
510220 525789 15569
522481 528759 6278
510246 529122 18876
516239 530607 14368
519514 533709 14195
521477 535821 14344
521668 536151 14483
531224 537504 6280
529348 539847 10499
527924 541893 13969
536759 543048 6289
528412 543114 14702
525780 543378 17598
537642 543939 6297
524889 544632 19743
539159 545820 6661
533722 545919 12197
537693 547734 10041
535994 550539 14545
546286 552585 6299
546016 552651 6635
542423 552882 10459
542247 553542 11295
544622 555555 10933
546912 557733 10821
553493 559779 6286
554098 560373 6275
554123 560406 6283
549762 562089 12327
552005 562815 10810
554953 565752 10799
562997 573441 10444
563233 574035 10802
566166 576972 10806
563756 577269 13513
578291 584562 6271
580349 587004 6655
582022 588687 6665
588622 595287 6665
583008 597366 14358
591608 597960 6352
592886 599709 6823
594375 600666 6291
594971 601260 6289
590838 601293 10455
590692 604626 13934
599939 606672 6733
602956 613899 10943
614074 620367 6293
606604 624855 18251
617697 628023 10326
623321 629607 6286
623150 629805 6655
619148 632808 13660
626300 636735 10435
635270 641553 6283
631366 645348 13982
633228 647196 13968
638623 648483 9860
643368 649638 6270
637040 650991 13951
638075 651717 13642
646755 653037 6282
646988 653631 6643
640634 655842 15208
650869 657525 6656
643110 657723 14613
651838 658119 6281
648273 659076 10803
653604 660264 6660
650476 661419 10943
649847 663828 13981
661102 667392 6290
661528 668184 6656
663271 669570 6299
655557 670032 14475
665536 671814 6278
665813 672474 6661
664501 672573 8072
667266 673563 6297
661638 675873 14235
663012 677622 14610
672124 678414 6290
663381 680394 17013
671152 682077 10925
672647 684453 11806
678815 686565 7750
674889 689370 14481
679137 690195 11058
679566 690888 11322
680371 691548 11177
682589 693396 10807
679084 693462 14378
683648 694452 10804
687862 694518 6656
687292 696498 9206
690434 696729 6295
693017 699666 6649
695233 701877 6644
696652 702933 6281
683556 703560 20004
691503 704847 13344
694052 704847 10795
690127 705375 15248
704950 711249 6299
697473 711480 14007
703595 714417 10822
708997 715638 6641
698407 715869 17462
710767 717057 6290
699005 719103 20098
712783 722172 9389
709256 724218 14962
718082 731082 13000
722257 732699 10442
723457 734250 10793
727954 734250 6296
724248 734679 10431
727731 738540 10809
732704 739365 6661
734920 741213 6293
732112 741675 9563
730080 744051 13971
744259 750552 6293
744919 755733 10814
743472 757944 14472
747763 758208 10445
753903 760551 6648
749035 761046 12011
754396 761046 6650
746892 764907 18015
761581 767877 6296
763304 770715 7411
754725 771210 16485
760760 771573 10813
761168 771606 10438
767836 774114 6278
761399 774444 13045
762131 778536 16405
767938 778734 10796
776299 782958 6659
781108 787380 6272
783397 789690 6293
773806 789855 16049
780419 791373 10954
780875 793023 12148
789585 795861 6276
777485 797181 19696
785258 798666 13408
787789 799392 11603
791822 802758 10936
792673 803616 10943
798090 804375 6285
804367 815166 10799
800381 815331 14950
815656 821931 6275
808360 822624 14264
812865 823812 10947
813847 824802 10955
808236 825099 16863
813967 826650 12683
820941 828003 7062
813105 828927 15822
823419 829719 6300
821184 831996 10812
820747 832161 11414
811414 832392 20978
819300 833778 14478
821900 835164 13264
828522 835230 6708
819197 837771 18574
827625 838563 10938
826590 839553 12963
834207 840873 6666
836073 842358 6285
833370 842589 9219
832388 842820 10432
830761 845031 14270
834637 845460 10823
842409 848694 6285
837156 849420 12264
839547 850476 10929
844885 851169 6284
847005 853644 6639
844285 854766 10481
843456 857835 14379
852359 858660 6301
851705 858759 7054
850408 860574 10166
851505 862455 10950
853802 864732 10930
859522 865821 6299
861952 868230 6278
857807 868263 10456
862895 869187 6292
867284 874005 6721
868103 874401 6298
868815 875457 6642
862163 876645 14482
866390 880473 14083
870121 880935 10814
867040 881496 14456
876802 883509 6707
870017 883938 13921
878819 885456 6637
874135 886710 12575
875541 891165 15624
880027 891660 11633
887802 898623 10821
892226 898887 6661
888735 905025 16290
891912 909612 17700
903545 910206 6661
894250 912285 18035
899759 914463 14704
908000 918951 10951
905057 919512 14455
906282 921162 14880
909777 922251 12474
915241 923769 8528
921188 927465 6277
916163 930699 14536
921715 932712 10997
926704 932976 6272
924929 933174 8245
926605 933702 7097
923767 935682 11915
924680 935847 11167
930147 936804 6657
929658 940599 10941
936435 943074 6639
939065 945351 6286
939481 946143 6662
939850 946737 6887
943098 954030 10932
944756 955548 10792
949169 955812 6643
950263 956901 6638
958001 964656 6655
954148 965085 10937
958591 965250 6659
958924 965580 6656
955879 967692 11813
954291 968748 14457
964821 975612 10791
969773 978516 8743
977827 984456 6629
978418 984720 6302
972695 985380 12685
971670 986271 14601
979238 988878 9640
982452 989109 6657
981204 989439 8235
979007 989934 10927
977587 992046 14459
975540 993036 17496
987151 993432 6281
978916 994554 15638
981098 995280 14182
988070 997689 9619
985722 999603 13881
985628 1000098 14470
994453 1001781 7328
988168 1002639 14471
996424 1002705 6281
997055 1003431 6376
993468 1004355 10887
1002176 1008810 6634
999754 1010559 10805
1005030 1011681 6651
1002996 1013430 10434
1006631 1013430 6799
1005354 1017027 11673
1011251 1017885 6634
1017720 1028148 10428
1019122 1029930 10808
1021780 1031448 9668
1021335 1032735 11400
1026836 1033131 6295
1021270 1035045 13775
1025024 1035474 10450
1023877 1036860 12983
1026136 1037949 11813
1024588 1038180 13592
1028750 1039566 10816
1035306 1041579 6273
1033378 1044186 10808
1039372 1048575 9203
1042323 1048608 6285
1038658 1049103 10445
1040118 1049268 9150
1042759 1049400 6641
1041804 1052601 10797
1045385 1056198 10813
1045959 1058112 12153
1050028 1059234 9206
1048864 1059795 10931
1050226 1061247 11021
1056226 1062501 6275
1063495 1069794 6299
1066214 1077021 10807
1062940 1077417 14477
1071930 1082862 10932
1072381 1084149 11768
1073032 1088439 15407
1075243 1089726 14483
1081644 1092102 10458
1078637 1093587 14950
1086128 1098042 11914
1092662 1099296 6634
1088091 1101309 13218
1088877 1103421 14544
1093126 1109229 16103
1100913 1111704 10791
1090419 1112232 21813
1095000 1112397 17397
1106207 1112496 6289
1110528 1117182 6654
1105094 1119162 14068
1107239 1121703 14464
1111309 1121769 10460
1115581 1126026 10445
1110998 1128006 17008
1121950 1128600 6650
1124414 1131075 6661
1124733 1131372 6639
1126016 1132659 6643
1125543 1136025 10482
1128549 1139358 10809
1135637 1141932 6295
1133607 1144407 10800
1140054 1146717 6663
1142303 1148598 6295
1142622 1148895 6273
1145697 1151997 6300
1141649 1152591 10942
1148834 1155132 6298
1145618 1156056 10438
1142298 1159323 17025
1157565 1163844 6279
1155442 1166385 10943
1157230 1168035 10805
1164608 1171269 6661
1165345 1171995 6650
1167220 1173513 6293
1162667 1174305 11638
1167338 1181697 14359
1167295 1184370 17075
1179353 1187175 7822
1174917 1187769 12852
1175340 1188957 13617
1170479 1190112 19633
1173870 1190838 16968
1180223 1191036 10813
1183917 1191036 7119
1183315 1193775 10460
1188705 1195359 6654
1175937 1196679 20742
1191353 1197999 6646
1189810 1199451 9641
1195038 1201695 6657
1197534 1203807 6273
1195327 1205787 10460
1200852 1207503 6651
1197879 1208328 10449
1193986 1210407 16421
1206483 1212783 6300
1203002 1213806 10804
1204245 1221396 17151
1207553 1221462 13909
1207213 1221858 14645
1212332 1223442 11110
1216321 1223574 7253
1218049 1224333 6284
1218834 1233309 14475
1229438 1235718 6280
1230163 1236444 6281
1226162 1237104 10942
1228588 1239018 10430
1227250 1241229 13979
1232913 1242087 9174
1236135 1242417 6282
1235448 1249908 14460
1245356 1252020 6664
1242143 1252944 10801
1243025 1253472 10447
1247164 1253802 6638
1240827 1255650 14823
1251256 1258950 7694
1247370 1260270 12900
1258927 1265220 6293
1258937 1265814 6877
1261221 1267497 6276
1258431 1269576 11145
1264717 1270995 6278
1268797 1275450 6653
1265111 1276209 11098
1263192 1277562 14370
1268049 1278849 10800
1272980 1279641 6661
1273899 1284327 10428
1270710 1285185 14475
1279564 1285845 6281
1281410 1287693 6283
1268865 1287957 19092
1281702 1287990 6288
1282475 1288749 6274
1273097 1288881 15784
1284443 1290729 6286
1284604 1291323 6719
1285558 1291851 6293
1286153 1292445 6292
1277798 1293402 15604
1278939 1293402 14463
1287666 1294326 6660
1291016 1297296 6280
1292329 1298979 6650
1287771 1299045 11274
1293971 1300629 6658
1291413 1301850 10437
1291808 1306008 14200
1296913 1307724 10811
1295608 1309242 13634
1303976 1310628 6652
1300769 1312344 11575
1301316 1312938 11622
1306869 1313730 6861
1309451 1315743 6292
1304424 1315908 11484
1312875 1319538 6663
1306842 1321815 14973
1316497 1323135 6638
1317448 1324158 6710
1318617 1324917 6300
1318735 1325511 6776
1320142 1326798 6656
1316719 1327524 10805
1313102 1327689 14587
1325866 1332507 6641
1329153 1335444 6291
1328515 1339470 10955
1336322 1342968 6646
1337986 1344651 6665
1338439 1345080 6641
1336814 1347621 10807
1343917 1350558 6641
1338829 1352439 13610
1338417 1354122 15705
1349935 1356597 6662
1350575 1356861 6286
1349717 1360656 10939
1354298 1360953 6655
1354118 1365045 10927
1358720 1365375 6655
1359159 1365441 6282
1352635 1367091 14456
1355532 1371744 16212
1367624 1373922 6298
1365250 1376067 10817
1365647 1376595 10948
1371834 1378113 6279
1366189 1378344 12155
1373740 1380027 6287
1373688 1380324 6636
1366417 1382337 15920
1373647 1384086 10439
1378228 1384515 6287
1378331 1389267 10936
1383697 1389993 6296
1376609 1391082 14473
1381635 1392072 10437
1381601 1397022 15421
1392747 1399398 6651
1385805 1399794 13989
1397487 1403787 6300
1397906 1404381 6475
1393762 1404579 10817
1390628 1404612 13984
1400815 1407087 6272
1401821 1412268 10447
1402400 1413324 10924
1402504 1413687 11183
1404724 1415172 10448
1404127 1415469 11342
1405278 1419759 14481
1408632 1422861 14229
1409954 1424544 14590
1416689 1427613 10924
1421007 1427646 6639
1419149 1429593 10444
1412527 1429824 17297
1419740 1434114 14374
1429269 1435566 6297
1419512 1437051 17539
1423874 1437843 13969
1422308 1438074 15766
1429526 1440681 11155
1428185 1442562 14377
1433438 1444377 10939
1434075 1444509 10434
1435871 1445697 9826
1438487 1447314 8827
1437501 1449888 12387
1443537 1450185 6648
1443694 1454640 10946
1453138 1459788 6650
1449995 1460448 10453
1452120 1462560 10440
1457263 1463913 6650
1459220 1470150 10930
1456440 1470414 13974
1466762 1473417 6655
1473979 1480281 6302
1467290 1481271 13981
1476057 1482327 6270
1476626 1483284 6658
1479211 1485858 6647
1471847 1486188 14341
1479758 1486419 6661
1486106 1492755 6649
1483378 1494306 10928
1489390 1495989 6599
1490752 1497078 6326
1483336 1497804 14468
1499326 1505988 6662
1493497 1507869 14372
1501596 1508232 6636
1498255 1510740 12485
1508621 1515261 6640
1505389 1516317 10928
1511149 1517802 6653
1505856 1518264 12408
1504975 1519353 14378
1513971 1524402 10431
1511562 1526481 14919
1524061 1530705 6644
1521764 1536249 14485
1531164 1542519 11355
1530870 1544829 13959
1532589 1546578 13989
1528911 1547172 18261
1533637 1549812 16175
1541493 1552848 11355
1543974 1554432 10458
1544968 1555950 10982
1541252 1556412 15160
1550685 1557336 6651
1549365 1559085 9720
1542294 1559316 17022
1547953 1560207 12254
1550081 1561032 10951
1551543 1562946 11403
1556189 1563078 6889
1550841 1563111 12270
1558104 1568919 10815
1556097 1570074 13977
1562145 1572945 10800
1565703 1576080 10377
1563035 1577994 14959
1566225 1580304 14079
1569953 1580403 10450
1575821 1582119 6298
1572162 1582614 10452
1576680 1582977 6297
1571335 1584693 13358
1570959 1585551 14592
1572185 1585683 13498
1575129 1589610 14481
1585556 1591854 6298
1578056 1592514 14458
1578647 1592613 13966
1587124 1593405 6281
1584020 1594824 10804
1587541 1598487 10946
1586277 1603239 16962
1593179 1603998 10819
1589207 1604229 15022
1596588 1607397 10809
1599369 1610334 10965
1606434 1612710 6276
1603260 1617726 14466
1608313 1619244 10931
1610631 1621422 10791
1610889 1622082 11193
1614476 1625415 10939
1619438 1626042 6604
1620357 1626636 6279
1614961 1628484 13523
1619950 1628946 8996
1619168 1630101 10933
1621720 1632543 10823
1626517 1632807 6290
1621557 1635909 14352
1623630 1637592 13962
1628097 1638912 10815
1632527 1642971 10444
1626980 1643037 16057
1627660 1643532 15872
1633654 1648119 14465
1635672 1650363 14691
1641903 1651188 9285
1647063 1653333 6270
1637726 1654587 16861
1649295 1655577 6282
1642723 1658448 15725
1649480 1659933 10453
1647265 1664685 17420
1658666 1664949 6283
1652488 1665543 13055
1650688 1666599 15911
1653210 1667820 14610
1662319 1668975 6656
1659646 1669404 9758
1656983 1671450 14467
1663596 1674519 10923
1669203 1675542 6339
1671942 1678578 6636
1669481 1681119 11638
1678082 1684353 6271
1668333 1684716 16383
1674147 1687983 13836
1681962 1688247 6285
1678426 1688874 10448
1675026 1689633 14607
1679537 1691976 12439
1679583 1695243 15660
1686502 1697322 10820
1695243 1701513 6270
1694401 1705341 10940
1700656 1706958 6302
1695459 1707981 12522
1701411 1711842 10431
1709009 1719960 10951
1714677 1721313 6636
1715133 1721412 6279
1712274 1723095 10821
1714451 1725273 10822
1720230 1727088 6858
1719915 1730355 10440
1714750 1732038 17288
1721861 1732665 10804
1723074 1734447 11373
1720906 1735173 14267
1724782 1737582 12800
1722650 1740849 18199
1735836 1742499 6663
1740510 1750947 10437
1746659 1753323 6664
1740385 1754841 14456
1749173 1755831 6658
1741690 1757085 15395
1750679 1757316 6637
1748738 1759857 11119
1747162 1761837 14675
1757574 1764213 6639
1755455 1764906 9451
1761448 1771902 10454
1761795 1772232 10437
1759079 1774047 14968
1767831 1774113 6282
1767549 1778502 10953
1773764 1780416 6652
1770487 1785465 14978
1772663 1787379 14716
1775641 1788105 12464
1781696 1792131 10435
1778205 1794639 16434
1784763 1795563 10800
1789621 1796256 6635
1778342 1798962 20620
1790871 1801668 10797
1794324 1809291 14967
1804369 1811007 6638
1807730 1814373 6643
1803677 1816287 12610
1802745 1820874 18129
1808398 1821270 12872
1808097 1822557 14460
1812275 1825263 12988
1809353 1826847 17494
1807507 1827210 19703
1811095 1827309 16214
1819346 1830279 10933
1825872 1832160 6288
1825712 1832358 6646
1822773 1833216 10443
1823470 1834107 10637
1821460 1834437 12977
1817550 1834503 16953
1828839 1835526 6687
1822175 1837176 15001
1831757 1838397 6640
1833830 1840113 6283
1831952 1842390 10438
1836325 1842621 6296
1837280 1844106 6826
1838340 1844766 6426
1840351 1846647 6296
1844105 1850805 6700
1841117 1851927 10810
1843374 1854699 11325
1845810 1856877 11067
1853782 1860078 6296
1850667 1862520 11853
1851181 1865655 14474
1848038 1865787 17749
1862245 1868526 6281
1864400 1870671 6271
1865857 1872519 6662
1867496 1873773 6277
1870638 1881429 10791
1875207 1881858 6651
1871331 1884630 13299
1874788 1885719 10931
1875458 1886247 10789
1876350 1888491 12141
1880899 1888590 7691
1883729 1890009 6280
1877957 1892550 14593
1878485 1892946 14461
1882583 1895619 13036
1887327 1897764 10437
1882606 1899249 16643
1885882 1899876 13994
1890880 1900866 9986
1891422 1902483 11061
1889490 1903836 14346
1898859 1905156 6297
1895275 1905585 10310
1892442 1907862 15420
1899830 1910766 10936
1896194 1911096 14902
1904817 1911096 6279
1905778 1912086 6308
1902320 1913571 11251
1900145 1914825 14680
1904667 1918257 13590
1904278 1918752 14474
1908495 1919973 11478
1911245 1922184 10939
1918302 1929114 10812
1918821 1929774 10953
1920465 1931391 10926
1925200 1935648 10448
1922368 1936341 13973
1929943 1937001 7058
1929119 1939938 10819
1929233 1940598 11365
1935934 1942215 6281
1933883 1943370 9487
1932952 1943403 10451
1931069 1945053 13984
1935913 1951026 15113
1945070 1951356 6286
1945180 1951521 6341
1934900 1951884 16984
1948222 1954887 6665
1952614 1958913 6299
1941084 1959210 18126
1945448 1962279 16831
1948968 1963434 14466
1957443 1967889 10446
1959323 1969770 10447
1965662 1971948 6286
1967538 1974192 6654
1965196 1976139 10943
1961346 1977558 16212
1973721 1980000 6279
1968074 1980264 12190
1974159 1980429 6270
1970934 1981386 10452
1972592 1987062 14470
1982549 1988844 6295
1980763 1990131 9368
1984835 1991484 6649
1983835 1997820 13985
1992802 2003232 10430
1998625 2005278 6653
1990297 2005806 15509
1992261 2006598 14337
1999180 2008941 9761
2002417 2009502 7085
1996586 2011548 14962
2003304 2013957 10653
2005273 2016069 10796
2009464 2016102 6638
2010147 2021085 10938
2016593 2022867 6274
2009394 2023857 14463
2017781 2024418 6637
2016382 2026959 10577
2021290 2027949 6659
2020006 2030457 10451
2024999 2035935 10936
2033056 2043987 10931
2038276 2044911 6635
2036382 2047188 10806
2036726 2047518 10792
2039839 2054316 14477
2047144 2058177 11033
2045140 2059596 14456
2051619 2060982 9363
2051989 2065701 13712
2065330 2071608 6278
2066935 2073588 6653
2067100 2078043 10943
2076849 2083488 6639
2078834 2085105 6271
2076571 2087019 10448
2082201 2088834 6633
2079211 2090220 11009
2085393 2091672 6279
2084302 2094741 10439
2080912 2095236 14324
2089068 2095368 6300
2081467 2095929 14462
2092494 2098767 6273
2095297 2101572 6275
2092657 2103585 10928
2098339 2104641 6302
2099660 2105961 6301
2095647 2106786 11139
2099145 2109987 10842
2097640 2111604 13964
2103496 2114442 10946
2105156 2115960 10804
2108033 2122494 14461
2112098 2123022 10924
2118225 2124507 6282
2112985 2125035 12050
2110845 2125299 14454
2120490 2126784 6294
2121877 2132823 10946
2126935 2133219 6284
2129564 2136222 6658
2116496 2136519 20023
2131304 2137938 6634
2130380 2139192 8812
2130576 2141502 10926
2137467 2144109 6642
2135155 2146089 10934
2135701 2146650 10949
2140819 2151270 10451
2146818 2155131 8313
2145822 2156616 10794
2144708 2159685 14977
2153369 2160015 6646
2152340 2162820 10480
2156519 2163183 6664
2158249 2164536 6287
2159369 2165658 6289
2148711 2166582 17871
2165543 2172192 6649
2168467 2174766 6299
2170161 2176812 6651
2174209 2180871 6662
2174818 2188791 13973
2184147 2190441 6294
2184252 2191035 6783
2179711 2191101 11390
2183925 2194731 10806
2189556 2196579 7023
2183957 2197932 13975
2194976 2205786 10810
2196448 2207271 10823
2200705 2207370 6665
2196552 2211033 14481
2203989 2214927 10938
2204434 2215026 10592
2205941 2216577 10636
2210785 2217072 6287
2208527 2217798 9271
2208507 2222979 14472
2214201 2225124 10923
2216061 2227170 11109
2220918 2230206 9288
2222117 2233044 10927
2222732 2233671 10939
2229876 2236146 6270
2237349 2244000 6651
2240380 2246673 6293
2242034 2248686 6652
2242059 2248719 6660
2250092 2256375 6283
2247096 2257530 10434
2252153 2258454 6301
2248603 2260302 11699
2251053 2261490 10437
2261094 2267727 6633
2263816 2270103 6287
2263095 2273535 10440
2266853 2277792 10939
2272111 2278386 6275
2268438 2279244 10806
2273856 2280498 6642
2272069 2284227 12158
2274441 2285448 11007
2279785 2290233 10448
2281548 2292675 11127
2279985 2294457 14472
2288437 2295084 6647
2287464 2301948 14484
2292488 2302938 10450
2301766 2308053 6287
2294090 2308680 14590
2302787 2309439 6652
2300825 2311254 10429
2305844 2312508 6664
2297767 2313960 16193
2309340 2315973 6633
2305676 2316633 10957
2311716 2317986 6270
2304196 2318151 13955
2312570 2319207 6637
2309991 2321583 11592
2315860 2322144 6284
2308800 2323266 14466
2309455 2324058 14603
2318308 2324586 6278
2322472 2329107 6635
2323319 2334123 10804
2321116 2335080 13964
2324943 2336070 11127
2334972 2341251 6279
2335995 2342274 6279
2328468 2342439 13971
2329354 2345508 16154
2338909 2345574 6665
2346752 2353032 6280
2347354 2353989 6635
2348130 2354418 6288
2349661 2355936 6275
2350309 2356959 6650
2351639 2357916 6277
2354079 2360358 6279
2363701 2374152 10451
2368734 2375373 6639
2370205 2376495 6290
2367680 2376924 9244
2372983 2383788 10805
2384284 2390949 6665
2378519 2393127 14608
2382608 2393556 10948
2381650 2395635 13985
2389534 2395833 6299
2383327 2395932 12605
2387383 2397813 10430
2380564 2398572 18008
2385216 2398935 13719
2386416 2398935 12519
2387028 2401773 14745
2385593 2401938 16345
2398409 2404710 6301
2399473 2405766 6293
2396306 2410683 14377
2403650 2414082 10432
2409157 2415435 6278
2405085 2415534 10449
2409128 2419560 10432
2412152 2423619 11467
2411470 2425434 13964
2415283 2426094 10811
2420617 2427282 6665
2418116 2428569 10453
2414686 2429163 14477
2423211 2429493 6282
2420054 2430978 10924
2419706 2431638 11932
2423487 2434410 10923
2424996 2434443 9447
2429484 2435763 6279
2435580 2441868 6288
2429279 2444013 14734
2435097 2445531 10434
2432503 2446488 13985
2436829 2447775 10946
2438174 2448996 10822
2443811 2450085 6274
2447669 2453946 6277
2444111 2454540 10429
2445619 2459589 13970
2458546 2468994 10448
2465126 2471403 6277
2460967 2471766 10799
2460982 2471931 10949
2461364 2472591 11227
2467133 2477574 10441
2476566 2487507 10941
2481400 2488035 6635
2477091 2490180 13089
2484003 2490642 6639
2481899 2492358 10459
2477656 2494734 17078
2485304 2496252 10948
2489948 2497407 7459
2489538 2499981 10443
2489922 2500641 10719
2495508 2502489 6981
2495538 2502819 7281
2494129 2506911 12782
2492803 2507274 14471
2492649 2508693 16044
2493435 2509188 15753
2499998 2512356 12358
2504193 2513049 8856
2499226 2513412 14186
2498997 2514336 15339
2503472 2518065 14593
2506806 2519979 13173
2513332 2520573 7241
2509111 2520606 11495
2509765 2520705 10940
2511670 2522124 10454
2516680 2527635 10955
2521845 2532288 10443
2522488 2537469 14981
2528101 2538558 10457
2532845 2539482 6637
2537452 2544102 6650
2540075 2546709 6634
2540471 2550900 10429
2538214 2551329 13115
2539549 2555487 15938
2550539 2556840 6301
2547736 2558193 10457
2548196 2558853 10657
2547514 2559150 11636
2549209 2559711 10502
2548588 2562087 13499
2555160 2565618 10458
2564202 2570865 6663
2564278 2571459 7181
2561236 2572449 11213
2562484 2573868 11384
2568672 2574957 6285
2561041 2575518 14477
2562350 2577168 14818
2559783 2577564 17781
2559716 2580864 21148
2570603 2581425 10822
2572111 2582910 10799
2579821 2590269 10448
2576173 2590335 14162
2583893 2592975 9082
2585206 2593602 8396
2588967 2595615 6648
2592899 2599179 6280
2588760 2599575 10815
2594155 2604591 10436
2594051 2604855 10804
2597498 2607957 10459
2601891 2608650 6759
2602690 2609079 6389
2604308 2610762 6454
2601419 2612346 10927
2602210 2613006 10796
2603847 2614293 10446
2606624 2617065 10441
2611022 2617296 6274
2608632 2619078 10446
2606944 2621289 14345
2615219 2621520 6301
2609431 2621751 12320
2608918 2623401 14483
2612020 2624853 12833
2612235 2627592 15357
2612532 2629242 16710
2619923 2630496 10573
2613282 2632113 18831
2617441 2633763 16322
2617929 2634291 16362
2614656 2634687 20031
2625032 2635479 10447
2625372 2636436 11064
2626749 2639571 12822
2631218 2642145 10927
2636085 2646897 10812
2637072 2647524 10452
2643792 2650428 6636
2639512 2650461 10949
2641372 2653068 11696
2639377 2656170 16793
2648348 2659140 10792
2644475 2660031 15556
2651884 2662341 10457
2652447 2662902 10455
2655958 2666400 10442
2661542 2667819 6277
2663291 2669931 6640
2659089 2673561 14472
2663767 2674221 10454
2666166 2677092 10926
2671397 2677686 6289
2672484 2679138 6654
2665647 2680029 14382
2669365 2680293 10928
2673716 2685705 11989
2681963 2688609 6646
2676601 2691084 14483
2688808 2695110 6302
2687585 2698509 10924
2697825 2704119 6294
2691238 2705208 13970
2696349 2707815 11466
2698791 2709729 10938
2706707 2712996 6289
2710090 2716725 6635
2706416 2718408 11992
2709186 2719629 10443
2715691 2721972 6281
2709466 2723259 13793
2707647 2725701 18054
2709643 2726295 16652
2720608 2726889 6281
2720804 2727450 6646
2710200 2727681 17481
2717707 2727813 10106
2718266 2728506 10240
2722576 2729397 6821
2717704 2729958 12254
2717947 2733159 15212
2721061 2733192 12131
2721861 2734281 12420
2723212 2737383 14171
2716403 2737548 21145
2723503 2738835 15332
2730141 2740485 10344
2730354 2740782 10428
2729956 2740881 10925
2730789 2741739 10950
2730418 2744874 14456
2734205 2747679 13474
2741950 2748603 6653
2738218 2749164 10946
2738520 2749461 10941
2743755 2750055 6300
2744322 2751210 6888
2749306 2755599 6293
2745155 2755962 10807
2746609 2757546 10937
2748374 2759064 10690
2758269 2764542 6273
2757875 2765367 7492
2751451 2766060 14609
2762451 2768733 6282
2764989 2771637 6648
2755687 2774178 18491
2771436 2777709 6273
2771629 2778303 6674
2769504 2779953 10449
2773916 2780217 6301
2774884 2785695 10811
2779888 2786190 6302
2777059 2787873 10814
2772394 2788302 15908
2780383 2790843 10460
2784808 2791470 6662
2781705 2795067 13362
2789253 2795529 6276
2783489 2797971 14482
2788953 2799885 10932
2789700 2800149 10449
2794985 2801634 6649
2797505 2803779 6274
2795976 2805759 9783
2800989 2807277 6288
2797662 2808465 10803
2794208 2810313 16105
2805189 2811831 6642
2805844 2812590 6746
2807482 2813778 6296
2810749 2817045 6296
2804377 2818992 14615
2803178 2819685 16507
2809939 2820873 10934
2814679 2823876 9197
2818474 2825130 6656
2823859 2830146 6287
2826327 2832984 6657
2828362 2839287 10925
2825359 2841366 16007
2831742 2844468 12726
2838648 2847339 8691
2841717 2847999 6282
2837958 2848395 10437
2842228 2848527 6299
2845469 2851761 6292
2845182 2851827 6645
2847173 2853807 6634
2848623 2856579 7956
2847364 2857800 10436
2848015 2858460 10445
2852857 2859153 6296
2848958 2859780 10822
2849273 2861199 11926
2856044 2867172 11128
2857372 2870769 13397
2856492 2870967 14475
2857373 2871363 13990
2858196 2872551 14355
2869347 2875620 6273
2872853 2879151 6298
2874403 2885355 10952
2881872 2892813 10941
2885368 2896179 10811
2885019 2897565 12546
2884078 2899050 14972
2882675 2899479 16804
2893431 2899710 6279
2891743 2900073 8330
2893990 2900634 6644
2891305 2906904 15599
2897298 2908290 10992
2896084 2911194 15110
2895673 2912877 17204
2898171 2915121 16950
2900418 2916111 15693
2905597 2919411 13814
2905793 2920203 14410
2909805 2920599 10794
2905644 2923470 17826
2917491 2923767 6276
2923312 2929608 6296
2916591 2930730 14139
2924697 2935647 10950
2916868 2937528 20660
2927025 2944359 17334
2939563 2945844 6281
2941656 2948319 6663
2942043 2948682 6639
2946613 2952906 6293
2948770 2955414 6644
2949255 2955909 6654
2943297 2958813 15516
2953124 2959407 6283
2953087 2963532 10445
2958674 2964951 6277
2960959 2967624 6665
2965699 2972343 6644
2962973 2973795 10822
2964400 2975940 11540
2962563 2977722 15159
2969838 2979042 9204
2970515 2981451 10936
2968772 2982276 13504
2982353 2988645 6292
2987996 2994651 6655
2988579 2995311 6732
2986294 2997225 10931
2984976 2999436 14460
2989599 3000393 10794
2989810 3003132 13322
2997138 3003792 6654
2998714 3012702 13988
2998421 3013395 14974
3003402 3013857 10455
3007510 3018378 10868
3002252 3020226 17974
3009651 3020589 10938
3013863 3024318 10455
3016181 3026991 10810
3022037 3028674 6637
3016281 3031182 14901
3024642 3031281 6639
3023020 3033459 10439
3028255 3034911 6656
3028317 3035505 7188
3029328 3035604 6276
3026612 3037551 10939
3026929 3037749 10820
3031229 3042039 10810
3031637 3042567 10930
3035402 3045834 10432
3033068 3049101 16033
3036846 3051807 14961
3048213 3058671 10458
3041285 3059067 17782
3048404 3059727 11323
3049743 3060783 11040
3048222 3062334 14112
3057679 3064314 6635
3051937 3065997 14060
3056275 3069528 13253
3055714 3071673 15959
3067678 3079791 12113
3070540 3081342 10802
3069370 3082530 13160
3069039 3083784 14745
3076079 3085467 9388
3073727 3088206 14479
3075591 3088437 12846
3081873 3088536 6663
3082276 3088569 6293
3077991 3090945 12954
3077648 3093189 15541
3077560 3094773 17213
3083224 3095994 12770
3084290 3098271 13981
3085230 3099063 13833
3096626 3103287 6661
3099085 3105366 6281
3096302 3107247 10945
3107803 3114078 6275
3105491 3115926 10435
3110304 3116586 6282
3110919 3117312 6393
3109475 3119919 10444
3106142 3120117 13975
3116554 3127377 10823
3114770 3129225 14455
3123953 3130611 6658
3130318 3140775 10457
3137364 3145989 8625
3136361 3146814 10453
3142206 3148497 6291
3136097 3148794 12697
3143226 3151368 8142
3136670 3153612 16942
3140514 3154668 14154
3148634 3155328 6694
3150273 3156912 6639
3143571 3157539 13968
3142440 3157968 15528
3152947 3161400 8453
3154653 3165096 10443
3149952 3165426 15474
3159758 3166053 6295
3155759 3166218 10459
3157202 3167637 10435
3163840 3170112 6272
3164428 3171069 6641
3158842 3172686 13844
3159131 3172884 13753
3167115 3173412 6297
3170039 3176679 6640
3166155 3176976 10821
3166268 3177207 10939
3168288 3179220 10932
3172299 3182751 10452
3174487 3187800 13313
3173458 3189120 15662
3183691 3191529 7838
3182604 3193047 10443
3188934 3195225 6291
3190308 3196578 6270
3192954 3203409 10455
3193850 3204828 10978
3204029 3210372 6343
3198355 3212946 14591
3207022 3213672 6650
3207246 3213903 6657
3203265 3214068 10803
3204866 3215685 10819
3209676 3215949 6273
3207734 3217203 9469
3204631 3219315 14684
3218810 3225090 6280
3214954 3225882 10928
3220068 3226344 6276
3220971 3227268 6297
3215961 3230469 14508
3224819 3233109 8290
3232526 3239181 6655
3235245 3241524 6279
3232904 3243570 10666
3240823 3247101 6278
3239398 3249840 10442
3237673 3250566 12893
3240914 3251853 10939
3244939 3251919 6980
3236907 3254493 17586
3251523 3258156 6633
3248813 3259740 10927
3249934 3260367 10433
3244103 3262842 18739
3253169 3263601 10432
3257199 3263832 6633
3251957 3265944 13987
3262841 3269475 6634
3267208 3273501 6293
3267929 3274227 6298
3257699 3275778 18079
3270427 3277065 6638
3276046 3282708 6662
3272909 3283368 10459
3275090 3285546 10456
3280294 3286569 6275
3277887 3288318 10431
3284479 3291123 6644
3285995 3292641 6646
3280178 3294522 14344
3288379 3294654 6275
3290844 3297129 6285
3290811 3297459 6648
3287656 3300231 12575
3295608 3302244 6636
3289710 3302277 12567
3297386 3304092 6706
3288656 3305181 16525
3296391 3307194 10803
3296699 3307491 10792
3299812 3307590 7778
3301988 3308283 6295
3297940 3312408 14468
3309529 3315807 6278
3305650 3319635 13985
3307121 3321714 14593
3318803 3325443 6640
3315299 3326235 10936
3316629 3327423 10794
3316009 3329403 13394
3322944 3329601 6657
3322947 3333759 10812
3331372 3338016 6644
3328815 3339270 10455
3336224 3342504 6280
3334505 3345441 10936
3339468 3345738 6270
3336923 3347355 10432
3342686 3353625 10939
3344720 3355539 10819
3352701 3358971 6270
3352703 3359004 6301
3355231 3361875 6644
3345454 3362271 16817
3350841 3364812 13971
3358846 3367716 8870
3361485 3368145 6660
3355319 3370587 15268
3363012 3373722 10710
3366170 3376626 10456
3362397 3376923 14526
3370481 3377121 6640
3371962 3382764 10802
3372660 3385998 13338
3373406 3386097 12691
3375803 3386757 10954
3376423 3387384 10961
3388494 3394776 6282
3388640 3395304 6664
3390800 3397449 6649
3394089 3400749 6660
3394877 3405831 10954
3400279 3406920 6641
3392221 3407514 15293
3402161 3408438 6277
3398443 3409263 10820
3392459 3409890 17431
3394403 3410682 16279
3408946 3415302 6356
3409366 3416028 6662
3406487 3416919 10432
3408080 3419097 11017
3408697 3419130 10433
3414966 3421605 6639
3415365 3426291 10926
3420435 3426720 6285
3421470 3427743 6273
3420201 3430647 10446
3424862 3431505 6643
3416390 3433287 16897
3420218 3434442 14224
3427214 3434442 7228
3420998 3437214 16216
3431284 3437940 6656
3429677 3440118 10441
3425777 3442098 16321
3422357 3444045 21688
3431058 3445431 14373
3436220 3447906 11686
3432369 3448665 16296
3433197 3449325 16128
3438922 3449721 10799
3436788 3452460 15672
3439139 3452493 13354
3436286 3456618 20332
3441847 3457014 15167
3452053 3462492 10439
3452243 3463416 11173
3459647 3466287 6640
3460038 3466683 6645
3464235 3470511 6276
3468970 3475626 6656
3461586 3476055 14469
3468876 3479817 10941
3473948 3480609 6661
3476811 3483447 6636
3473304 3483744 10440
3482703 3488991 6288
3483135 3489783 6648
3481063 3495525 14462
3487125 3497571 10446
3484891 3498693 13802
3494330 3500970 6640
3492905 3503379 10474
3496724 3503379 6655
3498806 3505095 6289
3490772 3505623 14851
3503002 3509286 6284
3496048 3511431 15383
3503667 3514467 10800
3502809 3517404 14595
3514270 3520935 6665
3507263 3521859 14596
3516375 3523014 6639
3526485 3532782 6297
3522664 3533112 10448
3523987 3534927 10940
3530284 3536940 6656
3531046 3537699 6653
3528135 3539085 10950
3533569 3544497 10928
3540399 3547038 6639
3538239 3548688 10449
3531748 3549282 17534
3540357 3550800 10443
3542804 3551130 8326
3547432 3554067 6635
3544210 3554661 10451
3549892 3556179 6287
3549121 3556806 7685
3552747 3559017 6270
3554154 3564594 10440
3561060 3567333 6273
3561494 3567795 6301
3553415 3568026 14611
3554995 3569478 14483
3559365 3570171 10806
3564951 3571227 6276
3566381 3572679 6298
3565293 3576309 11016
3566346 3577266 10920
3574611 3581259 6648
3570468 3584922 14454
3575331 3587331 12000
3570815 3588024 17209
3577922 3590763 12841
3578682 3591126 12444
3579620 3598551 18931
3587862 3598815 10953
3593564 3599838 6274
3588432 3601455 13023
3596938 3603237 6299
3592980 3603930 10950
3593587 3606966 13379
