1463 8118 6655
4559 10857 6298
4556 11220 6664
4596 11253 6657
5102 11847 6745
6433 13068 6635
3183 14025 10842
6976 17886 10910
13304 19602 6298
6043 22374 16331
12238 23727 11489
9627 25344 15717
14776 25707 10931
12248 26631 14383
20857 27159 6302
19648 27621 7973
20769 27852 7083
16058 30261 14203
20714 31515 10801
18296 32769 14473
12990 34584 21594
19442 35442 16000
23695 35904 12209
26700 36465 9765
21270 36795 15525
28359 38544 10185
24648 39765 15117
35360 41646 6286
38871 45507 6636
30352 46167 15815
41195 48543 7348
38750 49698 10948
26218 51612 25394
40808 51612 10804
36188 51975 15787
46417 52701 6284
46380 53790 7410
40866 53988 13122
47794 54450 6656
48936 55209 6273
49985 56628 6643
42483 57882 15399
43869 58773 14904
39396 58872 19476
49267 60588 11321
50447 60918 10471
56293 62931 6638
56873 63525 6652
58971 69366 10395
56385 70356 13971
59633 70587 10954
58167 72633 14466
68790 75075 6285
74632 80916 6284
73849 84282 10433
71991 86460 14469
79229 89562 10333
84035 90684 6649
79881 90816 10935
83584 92895 9311
81909 96030 14121
79874 97020 17146
91302 97581 6279
87439 98241 10802
83524 99792 16268
90762 101343 10581
95870 102663 6793
89542 104577 15035
94750 106227 11477
88540 107118 18578
93572 108075 14503
98292 109230 10938
103135 109428 6293
103239 109890 6651
103358 110022 6664
93419 111936 18517
106161 112431 6270
92777 115467 22690
109366 115665 6299
105158 118173 13015
93355 119031 25676
110086 120516 10430
101099 121407 20308
97955 121869 23914
109992 122793 12801
105388 124509 19121
106389 125169 18780
118207 125565 7358
104840 126126 21286
117431 126621 9190
108650 128238 19588
110100 128832 18732
110013 129228 19215
100545 129888 29343
112939 132660 19721
110241 133122 22881
114648 133386 18738
110945 133716 22771
113368 135729 22361
112689 136983 24294
131215 137973 6758
112939 138930 25991
122221 140217 17996
115166 140745 25579
117199 141306 24107
121115 141702 20587
129693 141735 12042
136116 142428 6312
132496 143319 10823
118563 144540 25977
130578 145563 14985
139685 145959 6274
131671 146916 15245
133867 147873 14006
118795 148962 30167
129070 149919 20849
132410 151602 19192
140329 151701 11372
122773 152064 29291
141990 152229 10239
141902 152361 10459
145775 152427 6652
148092 154737 6645
131764 155034 23270
126496 155067 28571
149823 156123 6300
132045 157971 25926
130438 158895 28457
148885 159753 10868
153768 160413 6645
141534 161205 19671
150849 161799 10950
151723 162624 10901
152730 164472 11742
156289 164571 8282
148621 165099 16478
142138 165363 23225
146645 167607 20962
156976 168201 11225
157675 168234 10559
163909 171666 7757
154688 171897 17209
145525 172128 26603
161800 174570 12770
170718 177375 6657
157162 177639 20477
170033 178464 8431
159202 179190 19988
172876 179520 6644
161411 181566 20155
168699 181962 13263
166400 182325 15925
167972 182622 14650
171435 182820 11385
177998 184635 6637
162074 185097 23023
168075 185625 17550
164211 186846 22635
170658 188529 17871
179238 189684 10446
182071 193017 10946
183108 194040 10932
188609 194898 6289
188714 194997 6283
179987 195261 15274
187560 195294 7734
188692 195492 6800
176919 195921 19002
180653 196317 15664
184941 196317 11376
188466 199023 10557
188692 199089 10397
185758 202191 16433
193008 203445 10437
193342 203940 10598
184375 205491 21116
196246 206184 9938
190975 208560 17585
191259 208593 17334
196594 208593 11999
188908 210540 21632
199882 210705 10823
201772 211728 9956
206999 213279 6280
195758 213411 17653
203069 214005 10936
210016 216315 6299
204791 218757 13966
210189 220638 10449
208483 222387 13904
208199 222684 14485
206253 223476 17223
218797 225225 6428
220260 226908 6648
220640 226941 6301
218345 229284 10939
219090 229548 10458
213787 230934 17147
219560 231825 12265
212025 231858 19833
222292 232749 10457
227225 233508 6283
222980 233772 10792
225096 234960 9864
219644 235851 16207
229925 236577 6652
233191 239844 6653
234888 241527 6639
223521 241857 18336
233125 243672 10547
235692 244893 9201
230503 247203 16700
233528 248127 14599
235741 249909 14168
238845 249942 11097
243121 253572 10451
243882 254694 10812
248173 254826 6653
237762 257400 19638
251399 257730 6331
241984 258555 16571
244750 260205 15455
254283 260931 6648
253090 263538 10448
253940 263604 9664
257723 264000 6277
253407 264198 10791
259372 265650 6278
260374 266673 6299
260589 266871 6282
258319 269940 11621
265046 271491 6445
260571 271788 11217
266628 272910 6282
262596 274065 11469
268235 274527 6292
264611 279477 14866
269025 280071 11046
261867 280599 18732
263353 280929 17576
269973 280929 10956
270144 281589 11445
269040 281985 12945
267668 283833 16165
272690 284262 11572
270726 284328 13602
266410 286374 19964
280213 286869 6656
274897 287100 12203
274174 287331 13157
280978 287628 6650
282617 289278 6661
271175 291522 20347
284466 291819 7353
285640 291984 6344
277500 293568 16068
278514 294096 15582
285256 294195 8939
285530 294624 9094
275201 295845 20644
279190 296835 17645
281108 297297 16189
284880 299607 14727
282188 300069 17881
293716 300366 6650
287349 301884 14535
290348 301983 11635
283611 303996 20385
294589 305019 10430
285592 306207 20615
298300 308121 9821
301834 308616 6782
300666 308649 7983
303329 309606 6277
298925 309870 10945
295259 311553 16294
299805 312972 13167
304981 314721 9740
303043 315414 12371
301750 316074 14324
303018 318813 15795
313925 320199 6274
309648 320595 10947
314324 320595 6271
310596 322575 11979
312603 323037 10434
307747 323763 16016
318472 324753 6281
319972 326634 6662
314401 328383 13982
320214 330660 10446
316875 331056 14181
321212 331650 10438
323687 334620 10933
325547 336633 11086
330109 336765 6656
319343 338316 18973
334131 340791 6660
337078 347523 10445
333427 348381 14954
342560 348843 6283
337115 351483 14368
345035 351681 6646
348412 354684 6272
348089 354750 6661
348692 354981 6289
344797 355410 10613
348950 355575 6625
351337 357984 6647
342939 358677 15738
344789 358710 13921
353910 360360 6450
349665 360591 10926
343678 361911 18233
342072 362472 20400
349658 364188 14530
351348 366465 15117
358825 366597 7772
360390 367026 6636
351812 367851 16039
355327 368115 12788
352728 369171 16443
358619 370986 12367
355403 372405 17002
367036 373329 6293
366763 373428 6665
364715 375243 10528
369782 376068 6286
365797 378510 12713
363006 378741 15735
364793 379863 15070
366598 383295 16697
377287 383559 6272
378641 385242 6601
370146 386694 16548
380137 386793 6656
381247 387519 6272
381371 388014 6643
370053 389994 19941
378374 390126 11752
381979 392436 10457
382658 393096 10438
370985 393162 22177
388810 395109 6299
384200 395274 11074
380321 396264 15943
384581 397881 13300
384050 399498 15448
391352 400983 9631
392981 401379 8398
391514 403458 11944
391301 404679 13378
392707 404976 12269
390893 406725 15832
392075 408342 16267
392216 408771 16555
401127 411576 10449
402713 413655 10942
395215 414117 18902
396943 415602 18659
407321 417780 10459
405371 418836 13465
405943 420948 15005
415148 421443 6295
415596 426393 10797
416168 427218 11050
418211 429033 10822
416494 434478 17984
419409 436326 16917
419852 437085 17233
426676 439857 13181
423832 441144 17312
427797 441507 13710
436132 442794 6662
436621 442893 6272
436947 443685 6738
437838 444114 6276
437033 444279 7246
431951 446556 14605
437637 447018 9381
430598 447117 16519
441094 449724 8630
436516 450483 13967
436593 451143 14550
449487 456126 6639
449508 456192 6684
447159 457611 10452
446865 458502 11637
448880 461010 12130
444799 463980 19181
458635 464937 6302
458887 465168 6281
449630 466653 17023
451452 467082 15630
451763 470382 18619
457143 473484 16341
452825 474936 22111
455944 475167 19223
471152 477444 6292
464084 477807 13723
469366 480315 10949
468846 480843 11997
474676 480975 6299
475377 481734 6357
465927 482559 16632
476914 483186 6272
472986 483912 10926
477693 485661 7968
470197 488004 17807
473607 488862 15255
476463 489852 13389
480289 491106 10817
483800 492360 8560
467987 492525 24538
489334 495627 6293
473200 495660 22460
479758 496188 16430
481402 496650 15248
489486 499917 10431
480450 500148 19698
497708 504372 6664
494846 506979 12133
492350 507309 14959
496431 510180 13749
495633 510708 15075
505611 512853 7242
506653 512952 6299
506550 513183 6633
499689 513480 13791
503680 515328 11648
508000 516483 8483
510483 517143 6660
502671 519486 16815
513540 519882 6342
511952 522753 10801
516108 522753 6645
507513 523941 16428
509795 525591 15796
518154 526383 8229
518504 526944 8440
512730 527208 14478
521822 528462 6640
522011 529056 7045
516629 531234 14605
515032 531828 16796
517227 535095 17868
522271 535722 13451
525276 535722 10446
517787 537537 19750
527356 537801 10445
529374 538461 9087
527855 538857 11002
528533 540111 11578
525167 540771 15604
534376 542784 8408
529779 543906 14127
534788 545589 10801
539093 550044 10951
544347 550638 6291
540471 551265 10794
537651 552255 14604
541201 553014 11813
547565 554202 6637
547937 554235 6298
539509 555060 15551
538942 555093 16151
541512 556974 15462
541304 557700 16396
552046 558690 6644
543692 559086 15394
545665 559647 13982
554569 560868 6299
550109 561363 11254
549852 564267 14415
558658 565323 6665
562471 569118 6647
560436 570867 10431
564305 570966 6661
567942 574233 6291
562952 576312 13360
565389 576807 11418
564123 578490 14367
570447 579843 9396
564602 581757 17155
568770 583407 14637
574192 584628 10436
574868 585816 10948
571719 587301 15582
580759 587400 6641
573517 587928 14411
575473 588819 13346
578680 589644 10964
574481 590766 16285
580627 592119 11492
582789 592383 9594
582593 593043 10450
578036 595353 17317
579964 595386 15422
583539 598686 15147
593575 600468 6893
580896 602613 21717
590483 603372 12889
599363 605649 6286
595154 606540 11386
600371 606705 6334
596539 607464 10925
598391 609213 10822
592386 609411 17025
603375 610038 6663
605834 612480 6646
608447 614724 6277
596005 615021 19016
603035 616440 13405
613092 619740 6648
606734 620697 13963
614020 620730 6710
610671 623172 12501
613588 624030 10442
614755 625185 10430
620334 626604 6270
617275 627924 10649
617704 628320 10616
621229 631686 10457
617988 632445 14457
617473 633468 15995
623794 634590 10796
622456 635712 13256
621957 638451 16494
632587 638880 6293
624047 641322 17275
629735 644193 14458
629044 645612 16568
629112 648714 19602
638656 649473 10817
630177 650364 20187
636658 652080 15422
633269 653202 19933
641684 653334 11650
635946 655908 19962
646222 656667 10445
647135 657657 10522
647079 658713 11634
651788 660132 8344
654549 664983 10434
655584 666039 10455
653385 667854 14469
664162 670560 6398
664560 670923 6363
657291 671253 13962
667095 673728 6633
663509 674454 10945
664849 675741 10892
661856 676335 14479
661161 676467 15306
676435 684684 8249
677103 687555 10452
675303 689766 14463
677597 692076 14479
682777 694419 11642
677785 695244 17459
689918 696201 6283
690344 696993 6649
685439 697587 12148
686974 700689 13715
694516 701151 6635
699513 706101 6588
689763 706860 17097
701334 707619 6285
702808 709104 6296
695792 711381 15589
691180 711645 20465
699217 713592 14375
700843 714780 13937
708588 717882 9294
711431 718080 6649
709520 718542 9022
712057 718707 6650
712514 718806 6292
711493 725175 13682
711092 725472 14380
719710 726000 6290
719781 726594 6813
716152 727584 11432
711885 728739 16854
720554 731346 10792
718151 731907 13756
727290 733590 6300
721817 734943 13126
725531 735966 10435
719513 736263 16750
725796 737286 11490
727363 737715 10352
719407 738837 19430
735153 741444 6291
726742 741708 14966
736690 743424 6734
732741 743688 10947
741209 747483 6274
732514 749925 17411
740417 750849 10432
741924 752367 10443
746244 752532 6288
742058 753093 11035
741035 753654 12619
739080 754908 15828
742668 757449 14781
746574 759561 12987
747989 759924 11935
750405 760485 10080
746301 760914 14613
753041 763488 10447
746547 764115 17568
748968 767415 18447
761110 767745 6635
752800 770154 17354
765116 771408 6292
768261 774543 6282
770156 776820 6664
767210 778140 10930
772389 778668 6279
769153 779955 10802
765829 780285 14456
761681 780549 18868
768566 783585 15019
778347 785004 6657
776691 787512 10821
776132 790119 13987
784353 790647 6294
776765 790878 14113
785513 792165 6652
777779 793914 16135
788188 794475 6287
788662 794937 6275
783722 798204 14482
788401 800217 11816
787145 801471 14326
796096 802395 6299
796957 803253 6296
786692 804771 18079
792907 805299 12392
794063 805794 11731
799230 805893 6663
792142 808929 16787
805728 812361 6633
803329 813780 10451
799299 815331 16032
797193 816189 18996
802825 816453 13628
806520 817311 10791
799623 818631 19008
806911 820149 13238
811165 820545 9380
815801 822459 6658
813281 824604 11323
819874 826155 6281
820201 826485 6284
810733 826914 16181
821484 827772 6288
820676 829125 8449
823119 829389 6270
811414 829587 18173
823370 829653 6283
815035 830181 15146
826460 832755 6295
820276 833085 12809
823426 834867 11441
825483 835923 10440
820736 836418 15682
833261 839916 6655
833995 840708 6713
839832 846483 6651
834101 848562 14461
833046 849288 16242
839585 850641 11056
835163 852126 16963
837374 852324 14950
842215 853743 11528
848254 854535 6281
848296 854931 6635
850657 856944 6287
850780 857076 6296
844173 858231 14058
846688 858594 11906
855020 861300 6280
844368 861465 17097
843548 861762 18214
856544 862818 6274
845376 864072 18696
854678 864864 10186
846559 864996 18437
856168 871497 15329
865381 872025 6644
866648 873312 6664
867036 873312 6276
868129 874401 6272
868623 875358 6735
864636 875952 11316
862634 877833 15199
872110 878394 6284
874886 881166 6280
866305 881463 15158
867947 882552 14605
870099 882849 12750
869317 883443 14126
873059 883608 10549
873343 884565 11222
876555 887667 11112
873944 890274 16330
884881 891165 6284
874034 891330 17296
877027 893046 16019
886732 893376 6644
880290 894894 14604
888738 895026 6288
891552 897831 6279
887795 898590 10795
891394 901824 10430
896114 902748 6634
897706 908655 10949
902734 909018 6284
903209 909612 6403
903981 910272 6291
905595 911889 6294
897579 912549 14970
906572 912846 6274
908713 914991 6278
903783 918588 14805
908153 918687 10534
912494 918786 6292
905824 920304 14480
909828 920832 11004
914188 923010 8822
906304 923241 16937
916701 923340 6639
918589 924891 6302
918221 924957 6736
921502 927795 6293
925709 932349 6640
927968 934626 6658
921177 935649 14472
929096 935748 6652
925927 940269 14342
934109 940401 6292
933892 940533 6641
929787 943041 13254
934952 946176 11224
933858 947892 14034
936261 947958 11697
937648 948750 11102
940508 950400 9892
936140 953469 17329
939082 953667 14585
939627 954096 14469
947054 957858 10804
945122 959739 14617
954319 960597 6278
956816 963468 6652
960235 966900 6665
960970 967263 6293
960814 967560 6746
953577 968055 14478
958471 969474 11003
965996 972642 6646
964442 972741 8299
967437 974094 6657
960557 974985 14428
968839 975117 6278
963290 975612 12322
969757 976041 6284
963279 977889 14610
967024 978054 11030
969630 978318 8688
970806 981057 10251
970655 981090 10435
975791 982080 6289
978816 985116 6300
975684 986502 10818
977763 988581 10818
978948 989769 10821
986553 992838 6285
983019 992871 9852
987637 994290 6653
985548 996369 10821
982837 997788 14951
989686 1000131 10445
994359 1000659 6300
994727 1001385 6658
994831 1001484 6653
991693 1005675 13982
993554 1008150 14596
995490 1008909 13419
997532 1010559 13027
1000222 1011186 10964
998062 1011450 13388
998403 1011681 13278
1003171 1014354 11183
1005427 1014915 9488
1000889 1015344 14455
1005526 1016829 11303
1002264 1018842 16578
1010921 1021713 10792
1006001 1022307 16306
1008470 1022637 14167
1011378 1023132 11754
1013457 1023891 10434
1012389 1024023 11634
1018420 1025112 6692
1007002 1025277 18275
1012239 1026267 14028
1022009 1028280 6271
1023196 1029831 6635
1024394 1035375 10981
1029082 1035738 6656
1021203 1036167 14964
1023593 1038048 14455
1033086 1039368 6282
1033407 1040061 6654
1029205 1040655 11450
1031051 1041777 10726
1036164 1042437 6273
1036483 1042767 6284
1036860 1043658 6798
1031580 1044714 13134
1038292 1044945 6653
1032838 1045275 12437
1038811 1045473 6662
1039768 1046067 6299
1036719 1047519 10800
1036788 1047585 10797
1041524 1047816 6292
1034825 1049202 14377
1034457 1050093 15636
1044788 1051083 6295
1042741 1051941 9200
1041677 1052205 10528
1042270 1052304 10034
1045860 1056660 10800
1041869 1056693 14824
1047588 1058046 10458
1052400 1059036 6636
1053436 1060092 6656
1048916 1062435 13519
1048828 1063293 14465
1053224 1064019 10795
1058100 1064745 6645
1051346 1065669 14323
1049863 1066197 16334
1060996 1067286 6290
1054343 1068936 14593
1053824 1069563 15739
1053329 1069695 16366
1059828 1071675 11847
1058894 1072962 14068
1054571 1073853 19282
1069043 1075701 6658
1060911 1076559 15648
1062171 1077417 15246
1072188 1078473 6285
1073319 1079595 6276
1061074 1079793 18719
1064190 1079826 15636
1066287 1080189 13902
1064569 1080420 15851
1061338 1080552 19214
1068646 1083291 14645
1078714 1085370 6656
1075847 1086789 10942
1081542 1087812 6270
1078458 1089264 10806
1069332 1089297 19965
1074903 1089495 14592
1088348 1094643 6295
1085310 1095765 10455
1076661 1096227 19566
1085939 1096392 10453
1090721 1097382 6661
1082444 1098471 16027
1082213 1100748 18535
1096617 1102893 6276
1092984 1104972 11988
1095689 1106622 10933
1096723 1108107 11384
1097998 1108701 10703
1094459 1108932 14473
1104257 1110945 6688
1104890 1111176 6286
1101190 1111638 10448
1105433 1111704 6271
1102369 1112826 10457
1102397 1113486 11089
1107525 1116522 8997
1103237 1119294 16057
1114412 1121076 6664
1107527 1122132 14605
1114951 1125399 10448
1112834 1125729 12895
1116101 1126554 10453
1120749 1127412 6663
1120020 1127775 7755
1120110 1128237 8127
1110688 1130613 19925
1121176 1131636 10460
1127141 1133418 6277
1131861 1138137 6276
1128580 1139028 10448
1125275 1139754 14479
1126704 1141074 14370
1127696 1141668 13972
1134386 1142163 7777
1136869 1143153 6284
1132874 1143351 10477
1138377 1144671 6294
1130837 1145463 14626
1134859 1146123 11264
1136921 1148103 11182
1142323 1148598 6275
1139783 1150215 10432
1141956 1150215 8259
1145064 1151700 6636
1146663 1153317 6654
1139363 1153845 14482
1143581 1155858 12277
1146896 1158036 11140
1151901 1158564 6663
1140510 1159455 18945
1147174 1160709 13535
1151176 1160841 9665
1151870 1161072 9202
1154040 1161600 7560
1151462 1162557 11095
1157125 1163910 6785
1151329 1165923 14594
1153546 1168761 15215
1155471 1169157 13686
1154963 1169421 14458
1156663 1169850 13187
1158896 1170312 11416
1160004 1170939 10935
1153314 1172358 19044
1164898 1173579 8681
1158293 1173612 15319
1163399 1173843 10444
1159121 1174272 15151
1169686 1175988 6302
1169890 1176186 6296
1162218 1177011 14793
1160775 1177374 16599
1173167 1179816 6649
1167039 1180542 13503
1174369 1180641 6272
1170803 1183644 12841
1177311 1184040 6729
1177969 1187076 9107
1177159 1187604 10445
1172875 1187967 15092
1174717 1189287 14570
1175107 1189815 14708
1182168 1193115 10947
1177986 1193610 15624
1176351 1194336 17985
1179766 1194864 15098
1182198 1196448 14250
1185555 1197009 11454
1184039 1198626 14587
1192378 1198659 6281
1174773 1199946 25173
1183782 1200111 16329
1191626 1201728 10102
1180734 1201860 21126
1196259 1202982 6723
1197492 1203906 6414
1192790 1203972 11182
1188525 1205160 16635
1194792 1206447 11655
1197485 1208427 10942
1198937 1210209 11272
1203983 1210638 6655
1194440 1212717 18277
1195705 1213971 18266
1207985 1214268 6283
1198550 1214928 16378
1201623 1216017 14394
1211783 1218426 6643
1212657 1218954 6297
1206231 1219251 13020
1199493 1220010 20517
1209475 1220604 11129
1211483 1222287 10804
1204322 1223244 18922
1218156 1224795 6639
1214217 1225983 11766
1213600 1228128 14528
1223579 1229877 6298
1222678 1233804 11126
1224977 1235784 10807
1229894 1236576 6682
1227404 1237896 10492
1227592 1238523 10931
1228920 1239348 10428
1232303 1241592 9289
1235296 1241592 6296
1230719 1248324 17605
1231815 1248786 16971
1242562 1249380 6818
1246173 1252449 6276
1242511 1252944 10433
1246952 1253604 6652
1248947 1255221 6274
1249031 1255815 6784
1249748 1256046 6298
1242291 1257267 14976
1245423 1260039 14616
1249311 1260237 10926
1256458 1262745 6287
1250568 1262811 12243
1251898 1263141 11243
1258570 1264857 6287
1251046 1265517 14471
1260052 1266342 6290
1260831 1267530 6699
1262390 1268685 6295
1262505 1268784 6279
1257755 1273107 15352
1267676 1274328 6652
1264570 1275384 10814
1264988 1275450 10462
1265361 1275846 10485
1267116 1276374 9258
1270118 1276935 6817
1263955 1278552 14597
1273839 1280136 6297
1274586 1280928 6342
1271442 1281654 10212
1277114 1283766 6652
1272613 1283865 11252
1267790 1286010 18220
1275807 1286736 10929
1281946 1288221 6275
1281684 1288320 6636
1282172 1288452 6280
1271738 1288980 17242
1274672 1289871 15199
1285521 1292181 6660
1288054 1294326 6272
1288518 1294788 6270
1286452 1296900 10448
1287198 1297626 10428
1291388 1297659 6271
1292163 1298715 6552
1291942 1298946 7004
1293535 1300200 6665
1288096 1300959 12863
1291828 1302774 10946
1297541 1308714 11173
1305086 1311750 6664
1300973 1311783 10810
1306411 1313070 6659
1299841 1314324 14483
1310999 1317294 6295
1308243 1319175 10932
1308878 1319670 10792
1314915 1321320 6405
1305487 1322310 16823
1310584 1325412 14828
1313383 1327854 14471
1313038 1328151 15113
1313170 1331616 18446
1314268 1332672 18404
1326402 1333035 6633
1326548 1333629 7081
1317002 1334421 17419
1327752 1334520 6768
1326622 1335708 9086
1327428 1335708 8280
1331209 1337853 6644
1320061 1339734 19673
1334570 1340856 6286
1330750 1341681 10931
1332728 1342836 10108
1337943 1344222 6279
1332304 1345146 12842
1332044 1348677 16633
1340018 1351053 11035
1345936 1352835 6899
1344500 1352967 8467
1339341 1353825 14484
1348138 1354782 6644
1343442 1357092 13650
1350864 1357158 6294
1346233 1357983 11750
1354056 1360326 6270
1354331 1360623 6292
1349218 1364517 15299
1350732 1364715 13983
1357191 1365408 8217
1354389 1368015 13626
1355681 1369962 14281
1363267 1370028 6761
1363925 1370226 6301
1352521 1371249 18728
1358234 1371282 13048
1360641 1371579 10938
1363588 1373295 9707
1362629 1373427 10798
1368758 1375407 6649
1364945 1375671 10726
1362758 1376892 14134
1366724 1377156 10432
1370952 1377354 6402
1372490 1379136 6646
1373387 1380093 6706
1370369 1382304 11935
1371400 1386363 14963
1376629 1387452 10823
1372857 1387815 14958
1380061 1389630 9569
1380452 1390158 9706
1377892 1390686 12794
1380381 1392600 12219
1376441 1393425 16984
1382750 1393557 10807
1384288 1393854 9566
1379414 1393986 14572
1384513 1394382 9869
1381272 1395735 14463
1381628 1395834 14206
1383744 1395867 12123
1381191 1397616 16425
1393189 1399464 6275
1383158 1400916 17758
1393342 1402698 9356
1387333 1404942 17609
1398763 1405404 6641
1399107 1405404 6297
1393886 1405437 11551
1389190 1405536 16346
1388984 1405998 17014
1386081 1406559 20478
1383743 1407945 24202
1397957 1408341 10384
1394477 1409298 14821
1388608 1409892 21284
1403557 1410222 6665
1401278 1413027 11749
1394932 1413093 18161
1396409 1413819 17410
1405546 1416492 10946
1410510 1416789 6279
1407810 1416888 9078
1410635 1419396 8761
1403646 1420518 16872
1412041 1422498 10457
1413261 1422927 9666
1410550 1423026 12476
1413020 1423521 10501
1418103 1425765 7662
1411816 1426194 14378
1411503 1426227 14724
1414042 1426788 12746
1421197 1427844 6647
1416351 1428438 12087
1422518 1429164 6646
1417961 1429329 11368
1417267 1429527 12260
1424598 1431243 6645
1421232 1432563 11331
1422927 1433718 10791
1420031 1434642 14611
1423776 1434708 10932
1424827 1435269 10442
1424831 1435896 11065
1427631 1438074 10443
1435587 1441869 6282
1435748 1442397 6649
1428698 1442694 13996
1430865 1444839 13974
1434080 1444872 10792
1434402 1445103 10701
1442259 1448535 6276
1442257 1448733 6476
1439234 1451043 11809
1437012 1451109 14097
1441840 1452297 10457
1440594 1452363 11769
1439065 1454013 14948
1442901 1454805 11904
1450653 1456950 6297
1441199 1458567 17368
1453716 1459986 6270
1448319 1460910 12591
1454735 1461009 6274
1448784 1463253 14469
1452055 1466025 13970
1457327 1467774 10447
1464288 1470579 6291
1460310 1470744 10434
1457593 1472229 14636
1467018 1474440 7422
1468238 1474539 6301
1461713 1476321 14608
1464364 1477740 13376
1465368 1479555 14187
1473366 1480017 6651
1469399 1480149 10750
1467504 1481007 13503
1475123 1482624 7501
1468297 1483251 14954
1479337 1485990 6653
1469498 1486353 16855
1474525 1486650 12125
1473878 1486881 13003
1482099 1488399 6300
1484773 1491435 6662
1475988 1491534 15546
1488128 1494405 6277
1489727 1496385 6658
1486951 1497903 10952
1492342 1500180 7838
1493755 1500906 7151
1491774 1502226 10452
1492223 1503117 10894
1493013 1503810 10797
1497056 1503975 6919
1494048 1504503 10455
1493501 1504602 11101
1496650 1504635 7985
1501198 1507473 6275
1495648 1510806 15158
1500185 1511136 10951
1501698 1512687 10989
1498204 1512819 14615
1506381 1513116 6735
1504657 1514502 9845
1503526 1515063 11537
1502947 1517307 14360
1507321 1517802 10481
1502076 1518231 16155
1513155 1519452 6297
1508474 1519617 11143
1509217 1520013 10796
1515236 1521894 6658
1507873 1522653 14780
1512498 1525755 13257
1516145 1526976 10831
1513874 1527834 13960
1513566 1529055 15489
1516147 1529352 13205
1511264 1529418 18154
1519581 1530012 10431
1521635 1530474 8839
1525193 1531827 6634
1521101 1536381 15280
1525781 1536876 11095
1526823 1537371 10548
1532196 1538493 6297
1532432 1539087 6655
1529587 1539483 9896
1529251 1539681 10430
1530798 1541232 10434
1527650 1542123 14473
1530258 1543443 13185
1537693 1543971 6278
1529933 1547733 17800
1534332 1548558 14226
1531311 1549482 18171
1540333 1549779 9446
1541076 1550307 9231
1540981 1550538 9557
1544513 1550802 6289
1544076 1551561 7485
1532778 1551858 19080
1536989 1552221 15232
1543150 1554102 10952
1545411 1555257 9846
1545312 1556346 11034
1533397 1556676 23279
1540911 1558128 17217
1538136 1559184 21048
1540372 1559679 19307
1540088 1562286 22198
1551634 1562781 11147
1552594 1563078 10484
1554376 1563375 8999
1552919 1568226 15307
1543418 1568292 24874
1550841 1569348 18507
1544620 1569678 25058
1551779 1569810 18031
1554379 1570404 16025
1556381 1573638 17257
1555979 1575585 19606
1559098 1576707 17609
1569921 1577433 7512
1569753 1577994 8241
1565950 1579974 14024
1561434 1580898 19464
1568968 1583208 14240
1571321 1583571 12250
1569554 1584363 14809
1565457 1585089 19632
1571112 1585617 14505
1573978 1587828 13850
1573527 1590765 17238
1578254 1592514 14260
1573399 1593042 19643
1584001 1594956 10955
1578295 1595649 17354
1575677 1597101 21424
1591534 1597827 6293
1587723 1599576 11853
1593996 1600269 6273
1593662 1600302 6640
1590935 1601391 10456
1591361 1601820 10459
1596059 1602348 6289
1597058 1603371 6313
1589681 1604592 14911
1591013 1604922 13909
1593985 1607826 13841
1592753 1611126 18373
1595373 1612314 16941
1602909 1613799 10890
1599273 1615152 15879
1604736 1615185 10449
1604971 1615416 10445
1605787 1616736 10949
1608931 1618221 9290
1612679 1618980 6301
1606760 1619145 12385
1609652 1620465 10813
1607888 1620894 13006
1615423 1622148 6725
1607878 1622379 14501
1608113 1624062 15949
1612151 1625019 12868
1619335 1626009 6674
1619089 1627230 8141
1614727 1629045 14318
1613373 1629474 16101
1619144 1632147 13003
1617260 1632411 15151
1608901 1632840 23939
1619943 1633335 13392
1629803 1636074 6271
1630292 1636569 6277
1631546 1638186 6640
1630903 1641354 10451
1635883 1642179 6296
1638077 1644720 6643
1638567 1644852 6285
1631549 1647360 15811
1641079 1647360 6281
1634211 1648680 14469
1640247 1649604 9357
1639801 1650726 10925
1638269 1652838 14569
1647918 1654191 6273
1647869 1654521 6652
1648152 1654785 6633
1642136 1656006 13870
1639414 1658283 18869
1641151 1658283 17132
1653685 1660329 6644
1652133 1662936 10803
1647760 1665708 17948
1659746 1666137 6391
1647920 1668810 20890
1651423 1669437 18014
1653850 1669503 15653
1659176 1669635 10459
1660942 1671351 10409
1655545 1671582 16037
1665285 1671945 6660
1662391 1672638 10247
1667353 1673628 6275
1663003 1674453 11450
1665364 1676169 10805
1667221 1682802 15581
1677207 1686432 9225
1680751 1687026 6275
1674206 1689171 14965
1679065 1689501 10436
1675602 1690062 14460
1678131 1691283 13152
1680995 1691943 10948
1678721 1694088 15367
1688257 1694550 6293
1688336 1694979 6643
1687632 1697190 9558
1684063 1698576 14513
1694317 1700589 6272
1683550 1700754 17204
1697535 1703823 6288
1693111 1703922 10811
1694224 1706397 12173
1700377 1707024 6647
1701339 1707618 6279
1700141 1709037 8896
1697136 1712073 14937
1698137 1712601 14464
1696579 1713327 16748
1703197 1714416 11219
1704518 1714977 10459
1702841 1716198 13357
1706482 1717287 10805
1703402 1717518 14116
1711505 1717782 6277
1713299 1726065 12766
1706053 1728507 22454
1707646 1728903 21257
1712083 1729266 17183
1724015 1730289 6274
1713195 1731873 18678
1721622 1732434 10812
1715533 1732632 17099
1722806 1733292 10486
1730115 1736394 6279
1724358 1739562 15204
1725900 1740354 14454
1735031 1741674 6643
1728747 1743984 15237
1729478 1746327 16849
1731716 1746591 14875
1742097 1748802 6705
1736775 1749462 12687
1744487 1751145 6658
1741339 1752135 10796
1742274 1753092 10818
1739876 1754709 14833
1747524 1755666 8142
1749669 1756392 6723
1733000 1756788 23788
1751974 1758636 6662
1752034 1758768 6734
1746170 1760946 14776
1745554 1761705 16151
1749572 1765566 15994
1747140 1765698 18558
1750054 1765698 15644
1755511 1765698 10187
1758349 1768668 10319
1762676 1769328 6652
1750972 1769361 18389
1752503 1771539 19036
1752434 1771836 19402
1758327 1772793 14466
1760035 1773123 13088
1757043 1776060 19017
1757076 1776126 19050
1758634 1776258 17624
1767067 1777512 10445
1770863 1778337 7474
1762676 1778733 16057
1770319 1780911 10592
1774181 1780944 6763
1767984 1781505 13521
1756006 1782462 26456
1763105 1783386 20281
1762216 1783452 21236
1773671 1784475 10804
1776707 1786587 9880
1776222 1786686 10464
1779546 1787115 7569
1776713 1787709 10996
1773848 1788831 14983
1783334 1789623 6289
1778642 1792032 13390
1774201 1793286 19085
1785327 1795761 10434
1787081 1795959 8878
1788160 1796619 8459
1782660 1796718 14058
1784372 1798005 13633
1785049 1799556 14507
1790255 1804143 13888
1794758 1805694 10936
1800993 1807641 6648
1799166 1808796 9630
1793629 1810281 16652
1795165 1810347 15182
1788827 1811073 22246
1801507 1811964 10457
1801764 1812690 10926
1802172 1812855 10683
1804906 1817937 13031
1811438 1818102 6664
1812030 1818663 6633
1804167 1820544 16377
1803094 1821039 17945
1808203 1821204 13001
1810725 1821666 10941
1805764 1822128 16364
1815233 1825692 10459
1815570 1826517 10947
1821673 1827969 6296
1814225 1828200 13975
1821863 1828497 6634
1812403 1830114 17711
1826411 1832688 6277
1823561 1834008 10447
1823872 1834800 10928
1826144 1836978 10834
1827036 1838034 10998
1832035 1838331 6296
1832663 1838958 6295
1834056 1840344 6288
1828029 1843512 15483
1828559 1843974 15415
1830549 1845030 14481
1841319 1847604 6285
1828411 1847901 19490
1836469 1848165 11696
1842703 1849353 6650
1843395 1850112 6717
1835537 1851465 15928
1834507 1852323 17816
1839009 1852488 13479
1846682 1852983 6301
1836952 1855689 18737
1838410 1855722 17312
1845161 1857471 12310
1844005 1858725 14720
1849203 1858857 9654
1841891 1858890 16999
1849312 1859451 10139
1851279 1860474 9195
1854472 1860771 6299
1847711 1862190 14479
1851266 1862619 11353
1853034 1864764 11730
1849726 1865853 16127
1859091 1866381 7290
1847268 1866414 19146
1857537 1868592 11055
1851923 1868955 17032
1851138 1870077 18939
1859268 1870209 10941
1854885 1872255 17370
1868872 1875159 6287
1860554 1875456 14902
1866172 1875588 9416
1869515 1875885 6370
1865375 1876380 11005
1865993 1876941 10948
1871687 1877964 6277
1869534 1878360 8826
1873517 1879812 6295
1860947 1880967 20020
1877169 1883442 6273
1876131 1883541 7410
1877706 1884366 6660
1878413 1884696 6283
1874551 1885620 11069
1872636 1887699 15063
1874893 1888854 13961
1878003 1890405 12402
1884826 1891098 6272
1882916 1893375 10459
1883746 1894200 10454
1881081 1895916 14835
1889076 1899084 10008
1892529 1899183 6654
1895309 1901592 6283
1895563 1902285 6722
1885290 1903407 18117
1898760 1905057 6297
1894910 1905717 10807
1894690 1909281 14591
1896118 1910106 13988
1903371 1910106 6735
1895942 1912185 16243
1904114 1915056 10942
1909152 1915452 6300
1907878 1916013 8135
1902351 1917795 15444
1911394 1918521 7127
1905436 1918620 13184
1903220 1920171 16951
1909462 1920270 10808
1909749 1920930 11181
1903803 1921821 18018
1906765 1924593 17828
1914189 1927530 13341
1911288 1927827 16539
1921558 1931226 9668
1921194 1931985 10791
1912403 1932645 20242
1914949 1933602 18653
1915514 1934526 19012
1914848 1935153 20305
1924366 1937397 13031
1927377 1938189 10812
1928373 1938816 10443
1932836 1939113 6277
1921687 1940400 18713
1930017 1941258 11241
1928118 1943898 15780
1933776 1944063 10287
1923186 1944129 20943
1934131 1946538 12407
1936287 1946736 10449
1929677 1946967 17290
1941247 1947924 6677
1927235 1947990 20755
1934740 1949838 15098
1943941 1950597 6656
1944135 1951191 7056
1925350 1952709 27359
1944885 1955679 10794
1940857 1955943 15086
1946246 1956702 10456
1947134 1957956 10822
1940885 1959045 18160
1943647 1959606 15959
1954834 1961124 6290
1947027 1963896 16869
1951066 1965381 14315
1956167 1966602 10435
1960749 1967031 6282
1960479 1967130 6651
1953478 1968549 15071
1962902 1969638 6736
1963101 1969737 6636
1963184 1971024 7840
1961695 1973334 11639
1960217 1974588 14371
1969923 1976205 6282
1970072 1976370 6298
1966701 1976469 9768
1968062 1977063 9001
1970305 1977327 7022
1964841 1979307 14466
1968237 1981386 13149
1971510 1981947 10437
1970896 1982409 11513
1971778 1983135 11357
1968500 1984455 15955
1971714 1985742 14028
1976119 1986567 10448
1972291 1989009 16718
1978225 1989801 11576
1981682 1992111 10429
1986144 1992441 6297
1986118 1997193 11075
1987212 1997655 10443
1988269 1999074 10805
1988668 1999470 10802
1990046 2000361 10315
1996387 2003034 6647
1996462 2003100 6638
1998095 2004750 6655
1998255 2004915 6660
1994472 2005212 10740
2000571 2006862 6291
1997778 2008578 10800
1998027 2008974 10947
2005415 2011713 6298
2007449 2013726 6277
1999477 2015442 15965
2002875 2016366 13491
2009941 2017917 7976
2011690 2018346 6656
2011987 2018643 6656
2011948 2018940 6992
2015045 2021679 6634
2017427 2023725 6298
2018557 2024847 6290
2012213 2028840 16627
2026328 2032602 6274
2022172 2032965 10793
2028689 2034978 6289
2021458 2036067 14609
2030438 2039994 9556
2029652 2040588 10936
2034802 2041446 6644
2028203 2042436 14233
2028651 2043096 14445
2030438 2043195 12757
2038648 2044944 6296
2031291 2045538 14247
2034338 2045868 11530
2030033 2046495 16462
2031029 2047056 16027
2040962 2047617 6655
2041476 2047749 6273
2042501 2048772 6271
2031515 2048838 17323
2043289 2049927 6638
2039964 2050422 10458
2043593 2050620 7027
2038407 2053524 15117
2046675 2054580 7905
2044799 2054910 10111
2044433 2055372 10939
2039527 2057847 18320
2038012 2058144 20132
2044575 2060916 16341
2052709 2063523 10814
2048215 2065470 17255
2050830 2067846 17016
2048817 2068704 19887
2059290 2070651 11361
2062136 2072565 10429
2061383 2073390 12007
2061493 2075469 13976
2070181 2076459 6278
2063169 2077152 13983
2063904 2078076 14172
2066637 2079759 13122
2066742 2079891 13149
2065967 2080584 14617
2070670 2081211 10541
2076700 2082993 6293
2069022 2085204 16182
2074682 2085633 10951
2080637 2086920 6283
2071171 2087877 16706
2071877 2088405 16528
2070903 2090187 19284
2084551 2091210 6659
2080293 2091243 10950
2071664 2091639 19975
2081139 2092167 11028
2081541 2092464 10923
2074001 2092794 18793
2080015 2097678 17663
2088046 2098503 10457
2080339 2100087 19748
2091364 2100714 9350
2084693 2103222 18529
2089876 2103255 13379
2097136 2103750 6614
2094307 2104872 10565
2097637 2106621 8984
2098630 2109558 10928
2104086 2110383 6297
2096180 2110515 14335
2096886 2111373 14487
2095107 2112099 16992
2102570 2112363 9793
2106348 2112627 6279
2103640 2112891 9251
2095843 2113188 17345
2096045 2114838 18793
2108767 2115432 6665
2111398 2117676 6278
2105431 2118666 13235
2109408 2120217 10809
2109869 2120316 10447
2113848 2120481 6633
2110317 2124507 14190
2114069 2127906 13837
2116674 2130645 13971
2116177 2131569 15392
2114656 2132559 17903
2123722 2134539 10817
2120471 2134935 14464
2122047 2135760 13713
2127656 2138301 10645
2133514 2142954 9440
2128418 2143383 14965
2131393 2146353 14960
2138036 2148465 10429
2132753 2149719 16966
2144621 2151270 6649
2141032 2154009 12977
2148054 2154702 6648
2148356 2154801 6445
2144905 2155659 10754
2145457 2156979 11522
2147926 2158860 10934
2152824 2159124 6300
2148904 2159355 10451
2150153 2161104 10951
2151121 2162061 10940
2158987 2165262 6275
2155126 2165559 10433
2159101 2168661 9560
2155960 2170344 14384
2161253 2172918 11665
2162792 2173743 10951
2168394 2175030 6636
2165466 2175657 10191
2159574 2176416 16842
2161671 2176515 14844
2159931 2177538 17607
2166314 2179518 13204
2166854 2180112 13258
2174850 2181498 6648
2175765 2182422 6657
2170169 2183148 12979
2171577 2184336 12759
2179910 2186184 6274
2167773 2189319 21546
2183014 2189451 6437
2177495 2190342 12847
2178350 2192322 13972
2181712 2192586 10874
2171290 2194071 22781
2179680 2194137 14457
2182227 2195358 13131
2184053 2196249 12196
2186212 2199615 13403
2182575 2199813 17238
2190755 2201991 11236
2196868 2203146 6278
2186180 2203773 17593
2193833 2204268 10435
2195369 2207469 12100
2194170 2209119 14949
2198304 2209713 11409
2195866 2211792 15926
2198209 2212188 13979
2206317 2212617 6300
2207072 2213706 6634
2202398 2215389 12991
2207716 2220966 13250
2207820 2221626 13806
2210773 2221725 10952
2216296 2223507 7211
2210367 2224728 14361
2220090 2226378 6288
2219045 2227434 8389
2210688 2230074 19386
2225977 2232615 6638
2218347 2234199 15852
2218650 2234595 15945
2221494 2234826 13332
2223869 2238357 14488
2238882 2245155 6273
2234906 2245716 10810
2226867 2245947 19080
2240565 2247234 6669
2239968 2248488 8520
2238436 2249379 10943
2246167 2252448 6281
2245840 2252481 6641
2243560 2254362 10802
2243781 2255187 11406
2250734 2257035 6301
2244674 2257134 12460
2246834 2258289 11455
2249160 2258850 9690
2255410 2262051 6641
2248936 2263272 14336
2252540 2263470 10930
2251639 2264955 13316
2253607 2266308 12701
2265140 2271423 6283
2270324 2276967 6643
2266966 2279574 12608
2267555 2279574 12019
2273509 2280168 6659
2267745 2280630 12885
2266487 2281983 15496
2265169 2283600 18431
2272735 2289375 16640
2283407 2290068 6661
2286003 2292279 6276
2280916 2294226 13310
2281576 2294556 12980
2280479 2294589 14110
2282752 2295216 12464
2284264 2295744 11480
2289864 2296140 6276
2289522 2296206 6684
2292106 2298384 6278
2282138 2298780 16642
2286192 2298780 12588
2290124 2300925 10801
2291611 2301948 10337
2292325 2302872 10547
2292225 2303598 11373
2286815 2304423 17608
2297331 2305314 7983
2298824 2306568 7744
2300396 2306667 6271
2294035 2307657 13622
2294653 2308449 13796
2300064 2309241 9177
2296491 2310000 13509
2296648 2310363 13715
2294630 2313993 19363
2304023 2314455 10432
2304048 2315115 11067
2307178 2316468 9290
2304191 2317227 13036
2302177 2317260 15083
2304052 2319570 15518
2305169 2320428 15259
2310299 2320758 10459
2315259 2321550 6291
2308360 2321781 13421
2308789 2322474 13685
2317644 2324553 6909
2312246 2324982 12736
2314711 2325510 10799
2318779 2325510 6731
2319750 2326401 6651
2312259 2327688 15429
2317325 2328612 11287
2325584 2331879 6295
2319918 2332308 12390
2326021 2332308 6287
2326149 2332539 6390
2318024 2333826 15802
2328138 2334420 6282
2330317 2336598 6281
2331615 2339271 7656
2328729 2339931 11202
2334074 2340360 6286
2325701 2340426 14725
2333327 2341284 7957
2333552 2341680 8128
2331640 2342439 10799
2329278 2343561 14283
2327265 2344056 16791
2331374 2344881 13507
2332757 2345046 12289
2329873 2347752 17879
2335408 2347983 12575
2339383 2348742 9359
2336796 2349138 12342
2343060 2349996 6936
2341159 2351052 9893
2331875 2351943 20068
2335532 2352834 17302
2332194 2353032 20838
2335186 2354682 19496
2343313 2354781 11468
2342243 2355045 12802
2338167 2356266 18099
2348750 2357718 8968
2346116 2358180 12064
2340600 2358543 17943
2345653 2359632 13979
2351533 2361315 9782
2340355 2361348 20993
2351501 2361480 9979
2345735 2362767 17032
2346955 2364615 17660
2352906 2365407 12501
2348488 2365869 17381
2352906 2366430 13524
2355992 2366430 10438
2350638 2368641 18003
2362922 2369565 6643
2351088 2369631 18543
2351427 2369730 18303
2358048 2371281 13233
2352284 2372964 20680
2368790 2375076 6286
2355859 2375703 19844
2364091 2380356 16265
2361228 2380488 19260
2358757 2382996 24239
2364709 2383458 18749
2360360 2383623 23263
2377637 2383920 6283
2374271 2386461 12190
2380605 2386890 6285
2371168 2387748 16580
2375989 2388342 12353
2384270 2390553 6283
2381253 2391477 10224
2383191 2393622 10431
2379177 2393655 14478
2385113 2395569 10456
2384514 2396757 12243
2390812 2397087 6275
2390952 2397615 6663
2391803 2398077 6274
2389729 2398374 8645
2384821 2398803 13982
2392392 2399034 6642
2393638 2400387 6749
2386863 2401344 14481
2397067 2403357 6290
2398707 2405370 6663
2393127 2407086 13959
2398362 2409825 11463
2400500 2411211 10711
2402683 2413785 11102
2403243 2414049 10806
2399601 2414577 14976
2404433 2415369 10936
2402821 2417679 14858
2407692 2417712 10020
2406120 2418306 12186
2409058 2418504 9446
2409566 2419032 9466
2403814 2420880 17066
2407202 2421177 13975
2409775 2422002 12227
2416947 2423586 6639
2411174 2423817 12643
2405811 2423982 18171
2417698 2423982 6284
2407922 2424411 16489
2411824 2426787 14963
2417074 2428239 11165
2421639 2428272 6633
2415742 2429724 13982
2412221 2430813 18592
2428091 2434377 6286
2428549 2434971 6422
2431309 2437611 6302
2422308 2438733 16425
2425264 2439723 14459
2434942 2441241 6299
2430532 2441340 10808
2428505 2441967 13462
2430081 2443617 13536
2427496 2445729 18233
2434955 2446422 11467
2436545 2447346 10801
2431103 2449062 17959
2431627 2449392 17765
2433810 2450151 16341
2437271 2451867 14596
2438387 2452230 13843
2444401 2452758 8357
2443580 2453319 9739
2443423 2458401 14978
2448737 2459688 10951
2452790 2462856 10066
2456659 2462955 6296
2456905 2463846 6941
2455385 2466189 10804
2446270 2466651 20381
2452506 2469126 16620
2455973 2469819 13846
2456414 2471040 14626
2462476 2473416 10940
2463783 2474736 10953
2453087 2477145 24058
2472006 2478663 6657
2464511 2478894 14383
2471789 2479554 7765
2475214 2481501 6287
2463444 2483382 19938
2473789 2485296 11507
2469691 2487177 17486
2482566 2489223 6657
2484179 2490477 6298
2484173 2490807 6634
2480972 2491896 10924
2484773 2494998 10225
2489098 2495493 6395
2487193 2495526 8333
2486566 2495691 9125
2484830 2495757 10927
2491727 2498001 6274
2491730 2498364 6634
2485554 2498529 12975
2488244 2498859 10615
2492474 2499189 6715
2488554 2499354 10800
2489658 2499453 9795
2491299 2500080 8781
2485737 2500311 14574
2490114 2501598 11484
2487500 2503446 15946
2498514 2505393 6879
2494718 2505525 10807
2497317 2506152 8835
2492983 2507010 14027
2493671 2508858 15187
2497159 2508957 11798
2505876 2512521 6645
2508854 2519781 10927
2511706 2522157 10451
2515818 2522454 6636
2517539 2523840 6301
2518658 2524929 6271
2512624 2527107 14483
2516861 2528196 11335
2517643 2530572 12929
2524115 2530770 6655
2518293 2530968 12675
2519312 2531496 12184
2521225 2532783 11558
2526468 2533113 6645
2520753 2533641 12888
2522159 2535060 12901
2523925 2535159 11234
2524763 2535654 10891
2531004 2537304 6300
2531063 2537337 6274
2522745 2538888 16143
2529930 2543904 13974
2529739 2544498 14759
2534247 2545059 10812
2542814 2549448 6634
2534497 2550999 16502
2540091 2551626 11535
2545701 2551989 6288
2539776 2553078 13302
2543114 2553573 10459
2549596 2555883 6287
2549796 2556081 6285
2541912 2556312 14400
2545963 2558094 12131
2552300 2558952 6652
2546329 2559447 13118
2549651 2561955 12304
2558962 2565255 6293
2555210 2565651 10441
2560488 2566773 6285
2553778 2568159 14381
2561656 2568291 6635
2557861 2568885 11024
2564740 2575551 10811
2561929 2575683 13754
2562362 2577795 15433
2568533 2580006 11473
2574575 2580930 6355
2566074 2581293 15219
2568987 2582547 13560
2576276 2582547 6271
2571548 2583240 11692
2573999 2584065 10066
2573796 2584230 10434
2573509 2584890 11381
2572164 2587200 15036
2576802 2587827 11025
2574823 2589411 14588
2580410 2591358 10948
2580604 2591589 10985
2578904 2593503 14599
2579292 2593800 14508
2583671 2595087 11416
2585278 2595648 10370
2577900 2596077 18177
2587498 2596308 8810
2580171 2596539 16368
2583242 2596770 13528
2590028 2597133 7105
2581368 2597694 16326
2583202 2599212 16010
2582953 2602347 19394
2584638 2603007 18369
2586499 2603898 17399
2597790 2604063 6273
2590963 2604558 13595
2599797 2606076 6279
2591108 2606208 15100
2591696 2606736 15040
2602442 2608716 6274
2592290 2608782 16492
2593163 2609970 16807
2594274 2610003 15729
2595777 2613237 17460
2604479 2616240 11761
2611595 2617890 6295
2607077 2618022 10945
2611401 2619375 7974
2614618 2621421 6803
2610342 2621751 11409
2615998 2622279 6281
2608409 2623929 15520
2612093 2626569 14476
2610047 2627460 17413
2612758 2629539 16781
2616586 2629572 12986
2618357 2630496 12139
2620624 2630958 10334
2616016 2631255 15239
2617175 2631948 14773
2624529 2634687 10158
2620618 2635281 14663
2624757 2637756 12999
2625176 2638581 13405
2635188 2641485 6297
2620427 2644191 23764
2633998 2644818 10820
2631615 2647293 15678
2641747 2648382 6635
2634426 2649537 15111
2638273 2650098 11825
2639358 2652243 12885
2641418 2652342 10924
2643771 2654487 10716
2639487 2655543 16056
2645851 2656797 10946
2646558 2657127 10569
2640115 2658777 18662
2653156 2659800 6644
2653294 2659932 6638
2656240 2662539 6299
2654328 2665113 10785
2655392 2665839 10447
2655696 2667324 11628
2658012 2668677 10665
2651754 2669733 17979
2656363 2670822 14459
2655948 2671317 15369
2657684 2672142 14458
2664072 2678709 14637
2663900 2679501 15601
2673602 2679897 6295
2662987 2680788 17801
2674665 2681316 6651
2668305 2684649 16344
2678599 2684880 6281
2676655 2687091 10436
2667399 2688114 20715
2673795 2688279 14484
2682902 2689566 6664
2679757 2690193 10436
2684408 2692932 8524
2688673 2694945 6272
2683972 2695143 11171
2681370 2696529 15159
2684183 2698443 14260
2685409 2700621 15212
2686112 2701545 15433
2690895 2701842 10947
2682992 2702205 19213
2691162 2702832 11670
2694826 2703525 8699
2695684 2704878 9194
2700434 2707089 6655
2698563 2709498 10935
2705872 2712534 6662
2709914 2716197 6283
2707039 2717847 10808
2707179 2717979 10800
2705130 2719497 14367
2709700 2720190 10490
2710617 2721147 10530
2709034 2722929 13895
2716961 2723259 6298
2711791 2723424 11633
2709501 2724249 14748
2717948 2724282 6334
2707394 2724612 17218
2720136 2726427 6291
2721769 2728044 6275
2718365 2729166 10801
2718983 2732433 13450
2726055 2732697 6642
2728012 2734314 6302
2723745 2734545 10800
2712514 2735733 23219
2720934 2737779 16845
2726269 2740881 14612
2730114 2740914 10800
2729456 2743521 14065
2728829 2743983 15154
2730300 2744280 13980
2729385 2744577 15192
2735525 2746953 11428
2742525 2748801 6276
2736381 2752695 16314
2747028 2753322 6294
2738377 2753355 14978
2738935 2753916 14981
2745331 2756127 10796
2746028 2756127 10099
2742875 2757216 14341
2751495 2758140 6645
2748714 2759262 10548
2748296 2761044 12748
2755734 2762034 6300
2752892 2763321 10429
2746971 2764311 17340
2758235 2764509 6274
2758510 2765169 6659
2757835 2765730 7895
2762104 2768766 6662
2759583 2774277 14694
2761919 2776455 14536
2765049 2777940 12891
2767993 2778435 10442
2763790 2781108 17318
2771910 2782362 10452
2772705 2783154 10449
2777610 2784243 6633
2773304 2786619 13315
2768840 2787543 18703
2777029 2788038 11009
2782611 2790150 7539
2783996 2790645 6649
2781652 2792460 10808
2783639 2794605 10966
2786925 2797377 10452
2785586 2799555 13969
2789217 2799654 10437
2788912 2799720 10808
2794066 2800347 6281
2790784 2801238 10454
2795098 2804670 9572
2795361 2806155 10794
2795209 2808597 13388
2795827 2809356 13529
2796027 2809917 13890
2796251 2811567 15316
2806090 2812392 6302
2794706 2812557 17851
2797556 2813811 16255
2799549 2815824 16275
2808274 2816352 8078
2812337 2818629 6292
2801109 2819124 18015
2813322 2819619 6297
2802812 2821368 18556
2798743 2823909 25166
2814111 2824932 10821
2810361 2826021 15660
2820667 2826945 6278
2814423 2827044 12621
2821017 2827308 6291
2821208 2827935 6727
2817929 2829618 11689
2825944 2832588 6644
2827812 2834469 6657
2823784 2834733 10949
2819597 2835195 15598
2829902 2836218 6316
2822296 2837076 14780
2829011 2839815 10804
2826472 2842917 16445
2827303 2843511 16208
2829051 2845095 16044
2822853 2845722 22869
2827005 2846217 19212
2836672 2846844 10172
2829898 2847438 17540
2836678 2847603 10925
2834445 2848230 13785
2844921 2851200 6279
2834758 2851992 17234
2837711 2852058 14347
2836741 2852619 15878
2843608 2854401 10793
2832467 2854533 22066
2845229 2856810 11581
2848483 2857173 8690
2851215 2857503 6288
2846803 2857602 10799
2844404 2859219 14815
2853688 2860374 6686
2847649 2860770 13121
2855163 2861826 6663
2849466 2862387 12921
2857107 2863377 6270
2849570 2864004 14434
2850018 2865489 15471
2844969 2866050 21081
2849899 2867337 17438
2856855 2867832 10977
2859632 2868096 8464
2853994 2868723 14729
2863104 2869812 6708
2852857 2871396 18539
2854550 2871528 16978
2856825 2874630 17805
2855620 2875521 19901
2866683 2877138 10455
2870673 2877237 6564
2867606 2878128 10522
2867763 2878194 10431
2864507 2878953 14446
2869906 2882319 12413
2877755 2884035 6280
2878189 2884695 6506
2872977 2885949 12972
2875499 2886444 10945
2872725 2886708 13983
2879027 2889051 10024
2869794 2889942 20148
2875949 2890437 14488
2885058 2895486 10428
2889464 2895750 6286
2890513 2897532 7019
2892124 2898423 6299
2891557 2904924 13367
2891233 2906211 14978
2895802 2907300 11498
2898940 2907630 8690
2897028 2907927 10899
2903712 2910369 6657
2898324 2912778 14454
2909865 2916144 6279
2899087 2916375 17288
2911037 2917695 6658
2912893 2919180 6287
2905668 2919675 14007
2906312 2919708 13396
2913739 2920401 6662
2915742 2922018 6276
2907522 2922810 15288
2912987 2922843 9856
2916566 2922876 6310
2912440 2923866 11426
2914749 2925582 10833
2910915 2926110 15195
2912004 2926143 14139
2912965 2928849 15884
2915392 2929245 13853
2919093 2931885 12792
2919168 2932083 12915
2914938 2932347 17409
2923158 2932644 9486
2916465 2933073 16608
2928397 2935053 6656
2920271 2935647 15376
2916680 2936208 19528
2922229 2936208 13979
2923742 2936769 13027
2928457 2938914 10457
2929210 2940168 10958
2930002 2940498 10496
2934558 2941191 6633
2933418 2943303 9885
2935972 2948022 12050
2944510 2951190 6680
2941126 2951586 10460
2946806 2953104 6298
2942541 2953764 11223
2944254 2955051 10797
2950307 2956602 6295
2952512 2958813 6301
2949030 2959836 10806
2951041 2961486 10445
2957330 2963631 6301
2954271 2964654 10383
2954622 2965743 11121
2961095 2967822 6727
2951453 2968218 16765
2961988 2968647 6659
2959028 2971320 12292
2954657 2972376 17719
2959243 2975676 16433
2969378 2976039 6661
2960430 2977557 17127
2956970 2978118 21148
2968396 2978415 10019
2973652 2979933 6281
2974624 2981286 6662
2961090 2981319 20229
2977090 2983728 6638
2977334 2983992 6658
2977447 2984091 6644
2977773 2984685 6912
2972270 2986236 13966
2972520 2989536 17016
2985040 2991318 6278
2974633 2991780 17147
2985170 2991813 6643
2981110 2995047 13937
2987096 2995212 8116
2981408 2996631 15223
2989731 2997225 7494
2990232 2997753 7521
2988899 2998083 9184
2990229 2999304 9075
2993350 2999634 6284
2989930 3002901 12971
2997284 3005013 7729
2994887 3005343 10456
2985411 3005838 20427
2993082 3007455 14373
3004089 3010722 6633
2994246 3012537 18291
3007510 3014253 6743
3008182 3014484 6302
3003444 3017916 14472
3011809 3018081 6272
3011461 3018114 6653
3014377 3021018 6641
3007251 3021216 13965
3018026 3024318 6292
3007739 3024879 17140
3011502 3025836 14334
3019227 3025902 6675
3018640 3029433 10793
3021584 3032403 10819
3018262 3032964 14702
3021988 3034350 12362
3024159 3034977 10818
3026209 3036099 9890
3027901 3038079 10178
3020403 3040257 19854
3026579 3041049 14470
3034883 3041181 6298
3026717 3041346 14629
3027107 3042567 15460
3037464 3044118 6654
3038303 3044580 6277
3034347 3045306 10959
3035311 3045867 10556
3039646 3046296 6650
3028737 3047847 19110
3042164 3050685 8521
3046022 3052962 6940
3041109 3055569 14460
3046453 3057813 11360
3051496 3057846 6350
3045710 3060321 14611
3043141 3060354 17213
3056596 3063258 6662
3053092 3064116 11024
3050703 3065304 14601
3052554 3066789 14235
3060163 3066822 6659
3046239 3067185 20946
3059273 3067977 8704
3062410 3068703 6293
3051022 3070320 19298
3055459 3070485 15026
3052242 3071805 19563
3063618 3073125 9507
3063887 3073686 9799
3053260 3074214 20954
3066063 3074280 8217
3061438 3074412 12974
3054320 3074610 20290
3058742 3075105 16363
3066183 3076623 10440
3066699 3077250 10551
3071869 3078669 6800
3072737 3079395 6658
3065812 3080484 14672
3074210 3080484 6274
3065591 3084246 18655
3069754 3084774 15020
3066837 3085005 18168
3076932 3085071 8139
3080238 3086886 6648
3080854 3087150 6296
3072503 3087348 14845
3072099 3087777 15678
3067771 3089526 21755
3074866 3090054 15188
3075742 3090945 15203
3085969 3092793 6824
3080738 3094641 13903
3089626 3095928 6302
3085535 3095994 10459
3085666 3096621 10955
3079218 3097743 18525
3087156 3098172 11016
3092475 3099129 6654
3089783 3104244 14461
3093905 3104343 10438
3094661 3105102 10441
3097133 3107511 10378
3102442 3108732 6290
3095956 3111009 15053
3099579 3111867 12288
3101448 3112395 10947
3098477 3114573 16096
3103607 3114573 10966
3107055 3117510 10455
3104391 3117939 13548
3108581 3121767 13186
3116307 3122592 6285
3106018 3123747 17729
3110823 3124935 14112
3116177 3127113 10936
3118153 3127674 9521
3117682 3128037 10355
3122080 3128367 6287
3106032 3131007 24975
3123350 3134274 10924
3126496 3136947 10451
3124999 3137013 12014
3123996 3138333 14337
3128922 3140313 11391
3129705 3140511 10806
3129951 3140874 10923
3127789 3142227 14438
3133075 3143514 10439
3135252 3144108 8856
3136328 3147144 10816
3138649 3147474 8825
3141032 3147672 6640
3139741 3150675 10934
3140044 3150840 10796
3136731 3151533 14802
3145864 3152523 6659
3131936 3154140 22204
3139809 3154404 14595
3148546 3155196 6650
3142658 3157044 14386
3145154 3157077 11923
3152759 3159057 6298
3147078 3160179 13101
3145310 3160905 15595
3154816 3161598 6782
3155457 3162291 6834
3156409 3162687 6278
3143276 3162885 19609
3144664 3163413 18749
3157209 3163842 6633
3149558 3164073 14515
3150833 3167241 16408
3154353 3167439 13086
3158253 3167802 9549
3153660 3168297 14637
3159272 3170178 10906
3150970 3170508 19538
3156432 3170805 14373
3162471 3171267 8796
3165317 3172026 6709
3166676 3173313 6637
3162704 3174732 12028
3154166 3175029 20863
3157736 3175095 17359
3161808 3177933 16125
3162046 3178230 16184
3160424 3178296 17872
3161337 3179220 17883
3170001 3181398 11397
3169271 3181761 12490
3173252 3182520 9268
3173601 3184533 10932
3171696 3186084 14388
3176808 3188361 11553
3182529 3188823 6294
3188658 3195390 6732
3182711 3197172 14461
3185964 3197271 11307
3190090 3199020 8930
3186464 3199581 13117
3182940 3200406 17466
3188092 3202221 14129
3189310 3202683 13373
3186589 3203673 17084
3185158 3203706 18548
3198149 3204432 6283
3192792 3206841 14049
3191327 3209118 17791
3191393 3209646 18253
3193179 3210240 17061
3205381 3211923 6542
3197985 3212583 14598
3197285 3214167 16882
3203495 3216147 12652
3202388 3216873 14485
3197075 3217137 20062
3211785 3218424 6639
3210442 3220635 10193
3215060 3221361 6301
3208056 3224232 16176
3221008 3227664 6656
3214809 3229281 14472
3223171 3229446 6275
3223035 3229710 6675
3223564 3230040 6476
3215312 3232812 17500
3219808 3234264 14456
3218617 3234297 15680
3224445 3235980 11535
3224421 3239775 15354
3226639 3240798 14159
3231433 3243438 12005
3233979 3244791 10812
3228499 3247035 18536
3236990 3247431 10441
3243508 3250170 6662
3239834 3250269 10435
3240351 3250533 10182
3234211 3252414 18203
3241039 3252546 11507
3240864 3253272 12408
3243730 3255813 12083
3250400 3257034 6634
3251417 3258057 6640
3252080 3258717 6637
3242390 3259509 17119
3244477 3260268 15791
3249819 3260631 10812
3253989 3260631 6642
3243265 3262479 19214
3245049 3262743 17694
3259987 3266274 6287
3257473 3269112 11639
3264144 3270795 6651
3253121 3271257 18136
3263044 3271884 8840
3250120 3272214 22094
3251235 3272742 21507
3252552 3273006 20454
3251216 3273831 22615
3269855 3276141 6286
3270095 3276372 6277
3260093 3276603 16510
3258386 3276669 18283
3268260 3279210 10950
3272002 3279705 7703
3268634 3279771 11137
3269839 3281454 11615
3255970 3281487 25517
3275331 3281619 6288
3272887 3282510 9623
3273212 3283038 9826
3264297 3283566 19269
3277895 3284193 6298
3278125 3284424 6299
3273369 3285480 12111
3272422 3286470 14048
3271619 3289704 18085
3278535 3293202 14667
3286995 3293631 6636
3281389 3295380 13991
3293739 3300396 6657
3291775 3302211 10436
3291791 3302244 10453
3292557 3303366 10809
3294347 3305148 10801
3301417 3308052 6635
3303837 3310131 6294
3297323 3310791 13468
3297180 3312111 14931
3296754 3313332 16578
3300967 3315576 14609
3309618 3316269 6651
3307108 3317919 10811
3309808 3318348 8540
3315027 3321318 6291
3312372 3323298 10926
3314359 3324816 10457
3320406 3326697 6291
3320540 3326829 6289
3320282 3330723 10441
3316908 3331383 14475
3318074 3332538 14464
3320935 3332604 11669
3327877 3334518 6641
3323669 3334617 10948
3322919 3335376 12457
3323619 3335904 12285
3324210 3335970 11760
3327296 3336531 9235
3320726 3336630 15904
3327096 3337719 10623
3332205 3339435 7230
3322850 3339930 17080
3326825 3343230 16405
3337670 3345804 8134
3333145 3346695 13550
3342323 3348609 6286
3336939 3348840 11901
3344148 3350424 6276
3344115 3350754 6639
3344512 3351150 6638
3345122 3351777 6655
3340983 3351909 10926
3348753 3355044 6291
3337916 3355572 17656
3346132 3358443 12311
3351548 3362601 11053
3348191 3362799 14608
3356367 3363030 6663
3358483 3364779 6296
3350812 3365274 14462
3361671 3367947 6276
3357774 3369630 11856
3360064 3370884 10820
3362039 3372963 10924
3362900 3373359 10459
3367337 3378177 10840
3367888 3378705 10817
3367921 3378903 10982
3365620 3381279 15659
3364656 3381312 16656
3371476 3383853 12377
3375202 3384018 8816
3374425 3384513 10088
3368815 3386691 17876
3376539 3386988 10449
3372988 3387450 14462
3383788 3390090 6302
3380504 3390948 10444
3382061 3392499 10438
3381934 3393852 11918
3385273 3395238 9965
3389430 3395700 6270
3386929 3396294 9365
3390178 3396459 6281
3383019 3396624 13605
3383115 3397713 14598
3384480 3399528 15048
3390154 3400452 10298
3394347 3401013 6666
3390069 3402630 12561
3395234 3404577 9343
3386429 3404973 18544
3390855 3405798 14943
3386707 3407811 21104
3388194 3408075 19881
3390920 3410022 19102
3394734 3410550 15816
3400184 3411111 10927
3392948 3411969 19021
3392291 3413289 20998
3407287 3413652 6365
3398569 3415863 17294
3398872 3418371 19499
3407433 3418635 11202
3412437 3419097 6660
3407721 3420054 12333
3414741 3421011 6270
3401053 3421242 20189
3401069 3421605 20536
3403857 3421704 17847
3406061 3422232 16171
3401993 3424872 22879
3414090 3424905 10815
3412937 3425334 12397
3420980 3427281 6301
3421169 3427446 6277
3407734 3428106 20372
3411295 3428106 16811
3418058 3428502 10444
3418676 3429294 10618
3418749 3429327 10578
3415674 3432231 16557
3412096 3432462 20366
3417713 3433353 15640
3418540 3433980 15440
3421044 3435003 13959
3423451 3435630 12179
3424759 3438864 14105
3430813 3441702 10889
3432848 3443781 10933
3434597 3445035 10438
3428445 3445827 17382
3426886 3446124 19238
3434152 3446751 12599
3441315 3447972 6657
3437637 3448566 10929
3441710 3448830 7120
3432841 3449655 16814
3439859 3450315 10456
3432644 3451701 19057
3433640 3452064 18424
3441809 3452625 10816
3443383 3453417 10034
3435094 3453648 18554
3440307 3455265 14958
3449588 3456321 6733
3452338 3458631 6293
3445270 3459885 14615
3449965 3460050 10085
3448916 3461601 12685
3446715 3464142 17427
3453595 3464538 10943
3451906 3465891 13985
3451859 3466221 14362
3452350 3466320 13970
3450891 3469158 18267
3464707 3471006 6299
3467798 3474075 6277
3468234 3474636 6402
3468432 3475065 6633
3466908 3477837 10929
3467549 3478200 10651
3468303 3478761 10458
3470805 3481236 10431
3471300 3482193 10893
3476338 3482985 6647
3472606 3483414 10808
3478297 3484569 6272
3471537 3484635 13098
3471477 3486516 15039
3476322 3487143 10821
3478408 3490278 11870
3485524 3492588 7064
3476874 3493545 16671
3488715 3494997 6282
3477314 3495063 17749
3485335 3498231 12896
3479048 3498396 19348
3481829 3500178 18349
3478602 3500673 22071
3484957 3500937 15980
3485928 3502059 16131
3496636 3502917 6281
3489056 3504105 15049
3491976 3504666 12690
3493574 3505194 11620
3500012 3506349 6337
3488538 3506514 17976
3485771 3507042 21271
3487233 3507438 20205
3503018 3509682 6664
3488309 3510144 21835
3489973 3510705 20732
3500922 3512388 11466
3502386 3512817 10431
3501167 3513378 12211
3492994 3513444 20450
3498236 3514632 16396
3493606 3515391 21785
3495031 3517767 22736
3499048 3518328 19280
3505739 3518493 12754
3501258 3518889 17631
3508532 3519054 10522
3501543 3519318 17775
3498425 3519615 21190
3491451 3522288 30837
3502140 3522420 20280
3507788 3522882 15094
3504773 3522981 18208
3512338 3523509 11171
3517208 3525456 8248
3521177 3527469 6292
3514356 3528360 14004
3518599 3528459 9860
3518515 3528954 10439
3519748 3529515 9767
3521689 3531165 9476
3514991 3531627 16636
3519495 3533244 13749
3519382 3534894 15512
3517481 3534927 17446
3512019 3534960 22941
3525037 3535488 10451
3530311 3536610 6299
3526628 3537072 10444
3519547 3538029 18482
3530222 3540768 10546
3526804 3541131 14327
3534951 3541230 6279
3531859 3541692 9833
3535230 3541890 6660
3536428 3543078 6650
3537090 3543375 6285
3534789 3545223 10434
3540420 3547071 6651
3539299 3548127 8828
3544006 3550800 6794
3538195 3550932 12737
3544928 3551229 6301
3544919 3554001 9082
3541359 3554826 13467
3549466 3556113 6647
3546643 3557103 10460
3551031 3557301 6270
3543792 3557499 13707
3541208 3557928 16720
3543465 3560007 16542
3547639 3560535 12896
3551186 3561030 9844
3555493 3562152 6659
3551199 3564891 13692
3558734 3565023 6289
3555010 3565815 10805
3562631 3568917 6286
3552624 3569313 16689
3552588 3569445 16857
3552978 3570138 17160
3554563 3571359 16796
3564061 3571755 7694
3562304 3573240 10936
3560183 3574527 14344
3559564 3576540 16976
3562738 3579279 16541
3566128 3579642 13514
3573862 3580500 6638
3563008 3582744 19736
3570725 3583305 12580
3564210 3583404 19194
3566399 3583965 17566
3566880 3583998 17118
3577637 3587034 9397
3569261 3587199 17938
3581994 3588288 6294
3582229 3588882 6653
3582603 3589476 6873
3579054 3589509 10455
3572467 3589938 17471
3577753 3590466 12713
3571221 3591357 20136
3582836 3593040 10204
3582430 3593238 10808
3585383 3593568 8185
3583033 3594030 10997
3582395 3595977 13582
3589826 3598650 8824
3589489 3599046 9557
3595465 3602115 6650
3588573 3602907 14334
3593005 3603798 10793
3591559 3605316 13757
3594356 3606834 12478
3592637 3607131 14494
3592646 3607692 15046
3597278 3608088 10810
3596838 3609936 13098
3599543 3610002 10459
3593577 3611157 17580
3595961 3611751 15790
3598499 3613896 15397
3599992 3617526 17534
