4761 11418 6657
2105 16698 14593
5977 19470 13493
4960 19932 14972
14741 21021 6280
9511 22638 13127
11788 26268 14480
13261 28380 15119
19371 30162 10791
24591 30888 6297
24189 31020 6831
27189 33825 6636
27839 34122 6283
23786 34716 10930
30101 36762 6661
26673 37125 10452
26770 37125 10355
26246 37158 10912
25123 38907 13784
25186 39666 14480
35854 42141 6287
28612 46035 17423
32614 46959 14345
40399 47058 6659
37283 49203 11920
41204 49368 8164
42095 50325 8230
44427 51084 6657
40819 53559 12740
44183 54615 10432
41713 56199 14486
45664 56199 10535
52143 58806 6663
45145 59697 14552
52227 59796 7569
46050 59895 13845
46042 60951 14909
55165 61578 6413
47299 61611 14312
45468 62799 17331
50222 63558 13336
54711 65142 10431
49545 66066 16521
55504 66330 10826
53372 67254 13882
59352 70356 11004
60173 70950 10777
64360 71016 6656
62774 71610 8836
65335 71610 6275
65513 72171 6658
66803 73458 6655
67925 74217 6292
54988 76164 21176
71583 77880 6297
72388 78705 6317
67383 79266 11883
64511 79398 14887
70315 80883 10568
73914 82731 8817
71689 83061 11372
77886 84183 6297
72412 84744 12332
71418 85899 14481
72518 86394 13876
80988 87285 6297
76379 87912 11533
81741 88077 6336
83028 90354 7326
73271 91311 18040
78236 92598 14362
82115 93060 10945
79201 94017 14816
73572 94875 21303
90724 97383 6659
91681 97977 6296
84440 98142 13702
93301 99594 6293
83478 99990 16512
86238 100452 14214
92830 103092 10262
89773 104379 14606
98675 105336 6661
95846 107118 11272
98181 109131 10950
101557 109296 7739
98823 110253 11430
105725 112002 6277
101644 112464 10820
93593 113916 20323
105144 114807 9663
101950 115368 13418
105142 115599 10457
102128 117117 14989
109756 120549 10793
109994 120945 10951
116318 122958 6640
102628 123189 20561
118359 125004 6645
114432 126027 11595
116934 127380 10446
121881 129558 7677
121554 130647 9093
124215 130977 6762
126277 132561 6284
126733 133386 6653
119814 135234 15420
115579 135894 20315
122420 136884 14464
123708 138534 14826
117289 138666 21377
122613 139062 16449
124067 139194 15127
127117 140679 13562
126011 142857 16846
133947 142956 9009
138070 144705 6635
139297 145596 6299
134938 145992 11054
134769 147774 13005
134289 148665 14376
132836 148797 15961
131534 150051 18517
136923 150117 13194
142060 151800 9740
140130 153219 13089
139785 153285 13500
141070 153813 12743
144160 154605 10445
146660 158466 11806
147888 158829 10941
147136 158994 11858
147351 159621 12270
149397 160347 10950
153452 162657 9205
145297 165594 20297
148932 166848 17916
162913 169554 6641
163691 169983 6292
161536 170247 8711
165559 171831 6272
159742 173250 13508
159844 173811 13967
160018 174174 14156
167019 177342 10323
167995 177936 9941
169412 180345 10933
164079 181863 17784
165765 185856 20091
163352 186054 22702
174065 188100 14035
164203 188727 24524
167410 189057 21647
184552 190839 6287
177501 192291 14790
175489 195063 19574
185737 196185 10448
181014 196251 15237
190385 196680 6295
190631 197274 6643
179473 197604 18131
181109 198033 16924
180165 199353 19188
190132 200574 10442
193956 203346 9390
184394 203973 19579
187777 205095 17318
191304 205623 14319
199540 205821 6281
185427 206118 20691
200031 206316 6285
196431 207075 10644
201172 207471 6299
194439 209385 14946
192528 212058 19530
191072 212916 21844
194708 213180 18472
200747 214797 14050
204026 214830 10804
192738 217008 24270
210822 218229 7407
207130 219186 12056
212900 219186 6286
210493 221298 10805
210636 221430 10794
209076 222387 13311
207657 224532 16875
209010 225126 16116
206614 225621 19007
219880 226182 6302
220614 226908 6294
216721 227898 11177
210280 227997 17717
211063 228723 17660
214878 228855 13977
219930 229251 9321
210984 229779 18795
214941 231231 16290
223467 231231 7764
219888 231759 11871
223791 232881 9090
223161 233739 10578
220745 235884 15139
226736 237600 10864
233751 240042 6291
232100 240174 8074
229846 240306 10460
234395 241032 6637
235290 241923 6633
235981 242253 6272
236137 242847 6710
233520 243111 9591
233339 244266 10927
238915 246246 7331
239809 246444 6635
238023 248457 10434
235529 251823 16294
243901 254826 10925
248382 255024 6642
246106 257037 10931
245872 257268 11396
254763 261063 6300
256102 262746 6644
251450 263076 11626
258226 264891 6665
253988 265023 11035
251437 265914 14477
260343 267069 6726
259625 268587 8962
257957 268983 11026
262578 273009 10431
267062 273339 6277
261498 275979 14481
267314 277761 10447
274425 281061 6636
270405 281358 10953
269011 283371 14360
275552 284394 8842
273430 285351 11921
272033 286506 14473
271518 287364 15846
276461 287430 10969
275533 288387 12854
282685 288981 6296
281854 289542 7688
284921 291555 6634
282864 293799 10935
288520 294822 6302
284910 295350 10440
289076 295350 6274
290469 297132 6663
290377 298353 7976
288713 299541 10828
285538 299673 14135
288464 300465 12001
294499 300795 6296
285316 302709 17393
286979 302940 15961
289546 305118 15572
298505 305349 6844
295457 305679 10222
297523 308220 10697
302478 309111 6633
298475 310398 11923
297011 311256 14245
295792 312675 16883
298900 313368 14468
304199 315018 10819
304316 315249 10933
305340 316272 10932
303250 318483 15233
313802 320496 6694
314713 320991 6278
314604 321255 6651
313185 323631 10446
317338 323994 6656
313020 326733 13713
322578 329406 6828
318310 331056 12746
324950 331584 6634
320938 331749 10811
319384 333993 14609
329688 335973 6285
321853 336633 14780
326903 338184 11281
332074 338712 6638
327864 341385 13521
322838 344157 21319
338278 344553 6275
339447 346137 6690
340101 346401 6300
335573 347127 11554
337227 347688 10461
341503 347787 6284
325806 347820 22014
331471 348975 17504
344277 350922 6645
343032 352110 9078
345926 352209 6283
333190 353397 20207
335624 355344 19720
338201 355542 17341
339617 355905 16288
340672 356730 16058
347161 357918 10757
349799 358413 8614
344067 360030 15963
347633 362307 14674
347654 362703 15049
348566 363363 14797
354259 363924 9665
354122 365673 11551
353440 365871 12431
356690 366036 9346
359943 366234 6291
356827 366597 9770
348081 367026 18945
351889 367587 15698
357466 368775 11309
360537 369468 8931
351487 369567 18080
361669 369996 8327
356869 370557 13688
367889 374550 6661
368471 374748 6277
365553 376002 10449
371996 378279 6283
374798 381084 6286
370265 381183 10918
366959 381414 14455
372134 383625 11491
369757 384219 14462
378269 385704 7435
375138 386133 10995
371416 386793 15377
373713 387981 14268
375017 388344 13327
375468 389004 13536
376213 389532 13319
382320 390027 7707
384236 390885 6649
374875 391776 16901
385231 391875 6644
375891 393393 17502
378125 393690 15565
376874 396660 19786
390864 397155 6291
384838 399498 14660
385738 399828 14090
387610 402072 14462
396856 403128 6272
389388 403953 14565
392241 404844 12603
394740 406230 11490
400916 407187 6271
389686 407220 17534
398998 410025 11027
403885 410157 6272
395563 410322 14759
394815 411081 16266
396244 411741 15497
398285 413589 15304
407810 414084 6274
400019 414117 14098
406525 416955 10430
395594 417285 21691
398641 417417 18776
411445 417747 6302
411168 417813 6645
399000 418176 19176
400594 418836 18242
405565 419925 14360
416719 423357 6638
408801 423489 14688
405720 424644 18924
410147 426690 16543
414808 428274 13466
412192 429990 17798
424917 431574 6657
417633 433224 15591
427371 433653 6282
428014 434313 6299
428776 435072 6296
422253 435963 13710
429845 436128 6283
428483 436458 7975
430377 437019 6642
431648 437943 6295
428537 438966 10429
425272 439758 14486
431352 442299 10947
430877 445401 14524
434152 448668 14516
434627 448866 14239
436351 450813 14462
440426 450879 10453
435889 453486 17597
445184 453651 8467
449643 455928 6285
443749 456258 12509
448605 457083 8478
450881 457182 6301
444822 458205 13383
451021 458238 7217
446767 460944 14177
457194 463485 6291
457722 464013 6291
454263 465795 11532
449511 465861 16350
451500 466521 15021
453092 467874 14782
455420 469260 13840
454853 469326 14473
454590 470877 16287
462449 472428 9979
461572 472527 10955
466559 473253 6694
462614 473550 10936
468136 475299 7163
459156 475761 16605
468335 475827 7492
466350 479160 12810
467875 479952 12077
474063 480348 6285
463603 482031 18428
472293 482262 9969
473146 484440 11294
476789 487608 10819
477393 487905 10512
473416 489621 16205
477603 490083 12480
480101 490677 10576
478734 491007 12273
472769 493482 20713
478927 494307 15380
488254 494538 6284
481284 495825 14541
490676 496947 6271
488275 497376 9101
483714 497937 14223
483987 498597 14610
484895 499983 15088
493065 501897 8832
488877 503085 14208
497517 503811 6294
499083 505725 6642
487630 505791 18161
495099 506022 10923
500971 507243 6272
504089 512721 8632
497024 512820 15796
501074 512919 11845
503110 514041 10931
499571 515130 15559
509755 516054 6299
500907 516648 15741
510977 517836 6859
507050 519915 12865
507907 521664 13757
507733 522093 14360
507768 522225 14457
511699 522720 11021
511019 525327 14308
512386 525855 13469
515202 526020 10818
521959 528231 6272
515126 528660 13534
518509 529254 10745
515777 529386 13609
519165 532587 13422
520145 533148 13003
516424 533379 16955
528442 535095 6653
514435 535722 21287
522228 540210 17982
534974 541266 6292
535470 541761 6291
529152 543345 14193
527487 543510 16023
527893 543510 15617
532696 544203 11507
533775 544203 10428
533733 544434 10701
538616 544896 6280
534041 546678 12637
529956 547932 17976
529520 548856 19336
532759 551166 18407
532548 551232 18684
529253 551298 22045
536006 551661 15655
536800 552420 15620
540558 554532 13974
543707 554631 10924
540767 554994 14227
542403 558228 15825
549248 560967 11719
547860 561891 14031
544798 562254 17456
549117 563574 14457
556054 564696 8642
552909 566808 13899
563363 569646 6283
563495 569778 6283
556272 570042 13770
557238 572055 14817
565899 572550 6651
566557 573771 7214
565730 574530 8800
565292 576114 10822
565984 577269 11285
556350 577302 20952
565146 578655 13509
573483 579777 6294
569724 582186 12462
571274 582780 11506
569728 583572 13844
567797 583704 15907
576764 585453 8689
577032 585486 8454
578844 585486 6642
567111 585948 18837
573632 586839 13207
576113 590469 14356
579887 590832 10945
585070 592548 7478
585683 593043 7360
584697 593538 8841
587882 594528 6646
588717 594990 6273
589326 600237 10911
591240 601689 10449
592902 603339 10437
594328 605385 11057
600049 606705 6656
600322 607497 7175
601556 608190 6634
603404 609675 6271
603600 610236 6636
603831 610830 6999
608106 614394 6288
600244 615120 14876
610437 617166 6729
607357 617793 10436
611727 622677 10950
616402 622677 6275
613964 624393 10429
618400 624690 6290
610582 625713 15131
612236 626703 14467
608874 628848 19974
619912 629541 9629
623188 630630 7442
624766 631059 6293
621476 631917 10441
620354 632280 11926
615547 634227 18680
620870 635778 14908
623022 637626 14604
620113 638781 18668
624516 640002 15486
631696 646074 14378
632098 646140 14042
637313 648120 10807
630047 648549 18502
642718 649011 6293
636140 649308 13168
642496 651189 8693
635126 651948 16822
647272 653928 6656
645305 655050 9745
644748 655677 10929
643993 657954 13961
640659 659208 18549
649670 660099 10429
645642 660231 14589
645675 662013 16338
656391 662673 6282
656493 662772 6279
649285 663498 14213
658340 664620 6280
656651 667458 10807
662288 673101 10813
664957 673167 8210
663022 673959 10937
664033 675213 11180
671238 677886 6648
668389 678843 10454
668825 679767 10942
662477 680658 18181
673068 682869 9801
670359 682968 12609
677173 683463 6290
667962 686070 18108
670270 686169 15899
674909 688083 13174
677771 688776 11005
670674 690294 19620
681100 692043 10943
680563 692208 11645
676544 694782 18238
689505 696168 6663
690747 697818 7071
692146 703164 11018
698217 704880 6663
689588 706035 16447
690545 706629 16084
691461 706959 15498
692789 707586 14797
689704 708741 19037
698412 709203 10791
703847 710127 6280
699938 710391 10453
703130 711876 8746
700634 712569 11935
697834 713130 15296
707331 714186 6855
701330 717486 16156
700353 718575 18222
708167 718608 10441
712052 718707 6655
706333 719763 13430
714042 720324 6282
702485 720588 18103
705525 721479 15954
714400 723228 8828
709910 723525 13615
706673 724713 18040
718539 724878 6339
708569 726891 18322
710640 727254 16614
714316 727584 13268
713580 727881 14301
714335 730719 16384
712069 730884 18815
718148 731511 13363
723116 733887 10771
727693 734349 6656
723306 734481 11175
730491 736791 6300
723799 737781 13982
730401 740916 10515
733492 741444 7952
726173 741873 15700
727482 742434 14952
736526 743160 6634
738753 745041 6288
729889 745404 15515
735053 749793 14740
739993 752103 12110
741481 752433 10952
744254 755073 10819
748702 755337 6635
742332 757284 14952
747907 759198 11291
749209 762300 13091
756606 762894 6288
748358 763818 15460
759660 766293 6633
753369 766623 13254
759652 766821 7169
761522 768174 6652
761073 769197 8124
764590 771243 6653
765147 771441 6294
759582 771573 11991
759236 773223 13987
769863 776523 6660
768958 778503 9545
771918 778569 6651
770908 779031 8123
766187 779064 12877
763468 781506 18038
767881 781803 13922
777834 784113 6279
769807 784245 14438
768564 785829 17265
779554 786192 6638
775926 786852 10926
781258 787545 6287
777683 788502 10819
778402 788832 10430
782250 788898 6648
775708 790086 14378
783873 790515 6642
784252 790911 6659
785285 791571 6286
788056 794343 6287
790882 797544 6662
796240 802527 6287
798644 805299 6655
800167 806817 6650
792952 807543 14591
796620 810282 13662
804095 810744 6649
804534 810810 6276
805121 812295 7174
802866 813681 10815
802291 813978 11687
800427 814473 14046
802407 815232 12825
801209 815793 14584
804463 816321 11858
804605 816849 12244
811364 817641 6277
806728 817971 11243
813069 820248 7179
811253 823779 12526
809807 824208 14401
805169 824736 19567
807468 825132 17664
818863 826584 7721
824170 830445 6275
812819 831039 18220
824319 831039 6720
820731 831534 10803
824875 834075 9200
829451 836088 6637
825771 839850 14079
826580 840906 14326
830672 841104 10432
828006 841401 13395
823661 841533 17872
828154 842028 13874
830940 842292 11352
834869 844074 9205
836602 844536 7934
829841 844635 14794
839651 846285 6634
832224 847407 15183
841541 847836 6295
837786 848529 10743
836864 851565 14701
836404 851895 15491
838540 854007 15467
836544 854370 17826
845221 857505 12284
846380 857571 11191
847473 858066 10593
844562 859518 14956
844847 860904 16057
842541 861432 18891
852627 861960 9333
855811 862224 6413
855846 862851 7005
839953 864930 24977
849014 865590 16576
855948 867603 11655
858192 868626 10434
858495 868725 10230
858302 870672 12370
860257 871365 11108
860428 871464 11036
850123 871893 21770
852593 872454 19861
864672 875127 10455
865340 876282 10942
865443 876480 11037
870625 881430 10805
868686 883641 14955
878181 884829 6648
875399 886215 10816
875417 889878 14461
879926 891264 11338
881493 892023 10530
882870 893310 10440
887610 893904 6294
887613 894267 6654
889286 895587 6301
881390 895851 14461
883206 896280 13074
891041 897336 6295
887448 899085 11637
893070 899349 6279
886735 899448 12713
892202 902649 10447
896654 903045 6391
897287 903936 6649
897949 904266 6317
895843 906642 10799
896048 906840 10792
898396 908853 10457
894658 909249 14591
900090 912120 12030
902625 913077 10452
903308 913737 10429
897822 915387 17565
907776 918225 10449
908345 918786 10441
904629 918984 14355
909503 920436 10933
911010 925617 14607
913989 928719 14730
922523 928818 6295
919930 930369 10439
923884 930534 6650
926040 932316 6276
919466 933834 14368
921944 936408 14464
923552 938025 14473
932598 938883 6285
931196 940764 9568
934850 941490 6640
935431 942084 6653
935974 942249 6275
928922 942777 13855
936634 942942 6308
929271 943701 14430
937187 944889 7702
934477 945912 11435
929844 945978 16134
935785 946242 10457
933471 948882 15411
934000 948915 14915
939838 950268 10430
941627 952050 10423
947174 953469 6295
946859 953502 6643
938986 955185 16199
944328 955251 10923
950777 957066 6289
949122 957825 8703
952703 963732 11029
953742 964689 10947
954790 965250 10460
958567 969540 10973
963248 969540 6292
958545 969672 11127
959452 970398 10946
965589 971883 6294
957809 973500 15691
963780 974688 10908
964252 975183 10931
957761 976074 18313
972335 980925 8590
964427 981156 16729
972954 981486 8532
967149 981948 14799
961983 982872 20889
978787 985083 6296
977286 985512 8226
976784 987723 10939
963383 989043 25660
970280 989439 19159
972074 989439 17365
968119 990033 21914
983899 990198 6299
980793 990462 9669
979814 992046 12232
982184 993003 10819
971606 993267 21661
974826 993894 19068
989915 996567 6652
988192 997821 9629
987627 998712 11085
987228 1001385 14157
997419 1003695 6276
990649 1003827 13178
997120 1004190 7070
993659 1004454 10795
987613 1005939 18326
980743 1006698 25955
993597 1007919 14322
1001806 1012968 11162
1007301 1013595 6294
1003719 1014552 10833
1001551 1016037 14486
1009375 1019832 10457
1011880 1020723 8843
1011143 1021944 10801
1012756 1023693 10937
1008789 1025046 16257
1019269 1025904 6635
1013877 1026465 12588
1021542 1028181 6639
1022882 1029534 6652
1018938 1029864 10926
1022179 1033131 10952
1027947 1034583 6636
1025041 1035837 10796
1026567 1037025 10458
1024283 1037091 12808
1028091 1038543 10452
1027188 1039500 12312
1031796 1041678 9882
1031549 1042503 10954
1029970 1044582 14612
1039531 1046166 6635
1040420 1046694 6274
1032561 1046925 14364
1029160 1048278 19118
1041747 1051413 9666
1040308 1054911 14603
1048848 1055142 6294
1031443 1055406 23963
1041517 1056000 14483
1046746 1057683 10937
1046813 1058013 11200
1052825 1059102 6277
1048462 1059399 10937
1055400 1062039 6639
1056547 1063194 6647
1057626 1064514 6888
1055002 1065438 10436
1056310 1067121 10811
1061740 1068012 6272
1053873 1068342 14469
1060980 1071510 10530
1058100 1072500 14400
1061806 1072599 10793
1056775 1073127 16352
1057868 1076658 18790
1064771 1077351 12580
1070711 1077351 6640
1071466 1077747 6281
1072372 1079034 6662
1066689 1079727 13038
1067499 1081377 13878
1073132 1082334 9202
1069598 1083324 13726
1071394 1085865 14471
1072308 1086921 14613
1081054 1087350 6296
1081158 1087449 6291
1072982 1089000 16018
1082019 1089033 7014
1083384 1090056 6672
1080169 1090617 10448
1084643 1090914 6271
1078322 1092102 13780
1083393 1092630 9237
1086058 1093158 7100
1090249 1096590 6341
1090004 1100451 10447
1094342 1100979 6637
1087417 1102827 15410
1089778 1103751 13973
1084949 1104609 19660
1096435 1105599 9164
1094933 1105929 10996
1096683 1106523 9840
1093064 1107876 14812
1095391 1111506 16115
1097918 1113321 15403
1093142 1114608 21466
1099760 1115697 15937
1101684 1116225 14541
1100104 1118271 18167
1113679 1120317 6638
1114026 1120317 6291
1106096 1121142 15046
1104509 1121340 16831
1107426 1122066 14640
1107792 1122462 14670
1108198 1124046 15848
1113721 1124475 10754
1108077 1124508 16431
1110194 1125135 14941
1118319 1126257 7938
1108599 1126686 18087
1120830 1127115 6285
1110161 1127643 17482
1116204 1130448 14244
1120431 1130877 10446
1112826 1130943 18117
1121452 1130976 9524
1112501 1133220 20719
1123750 1133682 9932
1119266 1134606 15340
1112851 1136190 23339
1129926 1136586 6660
1123556 1138500 14944
1124818 1139457 14639
1126141 1141041 14900
1125155 1141470 16315
1135364 1141635 6271
1124574 1142262 17688
1128064 1142559 14495
1133407 1144341 10934
1140138 1146783 6645
1136735 1151106 14371
1138567 1153053 14486
1147559 1154208 6649
1141116 1158234 17118
1143435 1159290 15855
1147963 1161501 13538
1152110 1162392 10282
1157020 1163679 6659
1152311 1167243 14932
1160990 1167276 6286
1161951 1168233 6282
1161889 1168530 6641
1162146 1169124 6978
1155041 1169520 14479
1159827 1170279 10452
1164641 1171302 6661
1161866 1172325 10459
1162050 1172490 10440
1157929 1173150 15221
1166486 1174734 8248
1160296 1174767 14471
1166239 1175328 9089
1169797 1176450 6653
1169449 1176648 7199
1171226 1177902 6676
1167541 1179585 12044
1176464 1182753 6289
1169069 1182852 13783
1177389 1184040 6651
1173199 1184139 10940
1181276 1187571 6295
1182304 1188594 6290
1182682 1188957 6275
1183325 1189980 6655
1176044 1190508 14464
1178497 1192884 14387
1179172 1193775 14603
1187245 1193907 6662
1184714 1195161 10447
1188523 1195161 6638
1187920 1198362 10442
1188811 1200177 11366
1194071 1200705 6634
1195323 1202487 7164
1193592 1204500 10908
1192552 1206909 14357
1201885 1208163 6278
1199475 1210341 10866
1204769 1211067 6298
1203659 1214598 10939
1199799 1215258 15459
1202534 1216512 13978
1207678 1217337 9659
1210256 1217370 7114
1208851 1218063 9212
1212400 1218690 6290
1214030 1220670 6640
1215011 1221660 6649
1217290 1223574 6284
1217247 1223904 6657
1218024 1224729 6705
1215551 1227105 11554
1215744 1227237 11493
1222586 1229250 6664
1215443 1229580 14137
1220880 1229778 8898
1219333 1230273 10940
1219784 1230933 11149
1224927 1231197 6270
1218485 1232946 14461
1226756 1233045 6289
1218759 1234002 15243
1232238 1238886 6648
1233393 1239678 6285
1236375 1242648 6273
1239953 1246245 6292
1235844 1246773 10929
1237141 1247961 10820
1233694 1248159 14465
1242176 1248786 6610
1237463 1251426 13963
1246521 1253175 6654
1240547 1255551 15004
1242160 1256079 13919
1244686 1256079 11393
1243407 1256970 13563
1241912 1257927 16015
1251894 1258191 6297
1252711 1259049 6338
1253249 1259709 6460
1244511 1260105 15594
1251606 1262052 10446
1246190 1263273 17083
1257224 1263504 6280
1245233 1264230 18997
1254372 1264824 10452
1248197 1266540 18343
1250563 1266606 16043
1246526 1267464 20938
1258417 1267563 9146
1261742 1268553 6811
1254584 1269048 14464
1251922 1269213 17291
1256727 1270698 13971
1265301 1271589 6288
1257664 1271886 14222
1263408 1273833 10425
1256230 1275021 18791
1263287 1276341 13054
1267858 1277034 9176
1260522 1277595 17073
1270799 1277628 6829
1264303 1278783 14480
1267344 1282017 14673
1272233 1283172 10939
1272697 1283502 10805
1274373 1285317 10944
1282903 1289178 6275
1280390 1291323 10933
1285194 1296768 11574
1285770 1296768 10998
1286472 1297494 11022
1283280 1297758 14478
1283700 1298187 14487
1290423 1300629 10206
1291376 1301817 10441
1291725 1302180 10455
1290331 1304787 14456
1296140 1309440 13300
1295908 1310364 14456
1296231 1312080 15849
1296279 1313862 17583
1300913 1315314 14401
1306737 1317195 10458
1312762 1319406 6644
1314892 1321188 6296
1305977 1322871 16894
1321500 1327788 6288
1321876 1328382 6506
1319194 1329999 10805
1321084 1331517 10433
1318568 1333035 14467
1323178 1334124 10946
1328039 1334322 6283
1331268 1337919 6651
1329336 1340130 10794
1325996 1340460 14464
1334231 1343232 9001
1326764 1344024 17260
1334655 1345608 10953
1335351 1346433 11082
1328556 1347192 18636
1339622 1349535 9913
1343557 1349832 6275
1329825 1349931 20106
1341069 1350162 9093
1341927 1352373 10446
1340222 1352934 12712
1336980 1354551 17571
1348460 1359270 10810
1349826 1360623 10797
1340685 1361316 20631
1355807 1362471 6664
1347133 1363692 16559
1358148 1364418 6270
1353486 1364517 11031
1360356 1366695 6339
1352629 1366860 14231
1363311 1369599 6288
1356151 1370094 13943
1359740 1370193 10453
1362568 1373493 10925
1363449 1375506 12057
1368408 1375671 7263
1359588 1377387 17799
1359038 1377915 18877
1372070 1378344 6274
1366399 1378608 12209
1365122 1379598 14476
1374454 1380753 6299
1374571 1381215 6644
1378242 1384515 6273
1368984 1385175 16191
1379004 1385274 6270
1368551 1385901 17350
1376184 1387089 10905
1378422 1389003 10581
1378762 1390224 11462
1380973 1391940 10967
1376900 1393557 16657
1379265 1394085 14820
1380627 1394514 13887
1380428 1394910 14482
1388339 1394976 6637
1390164 1396560 6396
1387499 1398639 11140
1387293 1399431 12138
1380268 1401345 21077
1387033 1401510 14477
1381353 1401972 20619
1389652 1404117 14465
1389988 1404117 14129
1384571 1405140 20569
1394587 1405437 10850
1391604 1405767 14163
1393867 1407252 13385
1397098 1407549 10451
1396238 1407681 11443
1401516 1408176 6660
1399203 1412697 13494
1402507 1415139 12632
1396926 1415172 18246
1402454 1415964 13510
1404925 1417977 13052
1402074 1418043 15969
1406464 1418340 11876
1412100 1418571 6471
1414846 1421145 6299
1415752 1422399 6647
1410513 1423554 13041
1408668 1425468 16800
1414879 1429494 14615
1412251 1429626 17375
1413897 1429989 16092
1414693 1430319 15626
1418453 1431177 12724
1425885 1432167 6282
1415349 1432233 16884
1418293 1432728 14435
1424282 1432992 8710
1424160 1434345 10185
1426333 1437117 10784
1424733 1441605 16872
1427006 1441671 14665
1422315 1441770 19455
1436292 1442925 6633
1429223 1444575 15352
1425288 1444971 19683
1438814 1445103 6289
1427706 1445565 17859
1435463 1446258 10795
1432271 1448007 15736
1435028 1451967 16939
1434502 1452462 17960
1436638 1452528 15890
1446380 1452660 6280
1447176 1456290 9114
1443315 1459095 15780
1445893 1460349 14456
1447438 1460613 13175
1442893 1463187 20294
1449634 1463748 14114
1449621 1466025 16404
1449893 1466124 16231
1445992 1466982 20990
1458980 1469424 10444
1455049 1470150 15101
1462665 1472559 9894
1450246 1473384 23138
1451735 1473384 21649
1465069 1476024 10955
1456196 1476123 19927
1465737 1477641 11904
1469289 1479324 10035
1466433 1480809 14376
1462811 1481766 18955
1465131 1482294 17163
1469544 1483911 14367
1461413 1484010 22597
1478448 1484736 6288
1474249 1485495 11246
1479022 1485660 6638
1481658 1488300 6642
1471586 1488795 17209
1472112 1489158 17046
1478265 1490247 11982
1477452 1491897 14445
1479901 1492458 12557
1476004 1493778 17774
1488473 1495131 6658
1484741 1495395 10654
1485716 1496913 11197
1492294 1498596 6302
1485234 1499223 13989
1485689 1499388 13699
1483022 1499718 16696
1482806 1499982 17176
1483568 1501038 17470
1487718 1502457 14739
1497438 1504074 6636
1492402 1506384 13982
1488338 1506516 18178
1500925 1508760 7835
1502601 1508892 6291
1499785 1509519 9734
1493922 1510542 16620
1488985 1511334 22349
1489806 1512258 22452
1499733 1514205 14472
1508140 1514436 6296
1509927 1516251 6324
1503837 1517340 13503
1498676 1517472 18796
1503972 1517934 13962
1502852 1518363 15511
1507316 1518462 11146
1505669 1521135 15466
1509222 1521531 12309
1504218 1525095 20877
1509679 1525491 15812
1511080 1525920 14840
1509572 1527240 17668
1517754 1527867 10113
1508364 1528296 19932
1519374 1528659 9285
1513483 1529088 15605
1523170 1529484 6314
1523444 1529814 6370
1524369 1530639 6270
1525169 1531464 6295
1525450 1531728 6278
1522335 1532784 10449
1524773 1535226 10453
1526926 1535655 8729
1522938 1537833 14895
1531586 1538229 6643
1527413 1538361 10948
1533007 1539351 6344
1534468 1540770 6302
1534284 1541034 6750
1532209 1542651 10442
1533269 1546380 13111
1536489 1547436 10947
1536517 1547469 10952
1535766 1550109 14343
1542127 1552353 10226
1543350 1553244 9894
1547435 1554069 6634
1550178 1556478 6300
1539738 1557006 17268
1550095 1557798 7703
1556017 1562319 6302
1551619 1562550 10931
1556178 1562814 6636
1545284 1563177 17893
1557956 1564596 6640
1555126 1565949 10823
1560978 1567269 6291
1561775 1568061 6286
1563089 1569381 6292
1563160 1569447 6287
1558897 1569711 10814
1565669 1571955 6286
1562496 1572846 10350
1565383 1576311 10928
1566400 1577202 10802
1571285 1577565 6280
1570097 1579644 9547
1567408 1579908 12500
1575096 1581756 6660
1575200 1581921 6721
1574543 1582251 7708
1568640 1582911 14271
1577240 1583901 6661
1569861 1584330 14469
1578337 1584627 6290
1580190 1586475 6285
1573137 1587168 14031
1581054 1587333 6279
1577968 1589082 11114
1581276 1592217 10941
1580487 1595088 14601
1580860 1595319 14459
1589406 1595682 6276
1583145 1597134 13989
1590042 1600269 10227
1594215 1600929 6714
1594717 1600995 6278
1587713 1602348 14635
1595840 1602480 6640
1594912 1605351 10439
1600529 1606803 6274
1602798 1613238 10440
1604588 1615515 10927
1605857 1619640 13783
1605855 1619739 13884
1606236 1620663 14427
1612356 1622808 10452
1610847 1625877 15030
1608704 1626405 17701
1621153 1627428 6275
1621709 1628088 6379
1619253 1629705 10452
1619299 1630233 10934
1609602 1632609 23007
1624249 1632939 8690
1624863 1633533 8670
1622430 1633566 11136
1626565 1636998 10433
1622064 1639902 17838
1634727 1641024 6297
1634464 1641123 6659
1629347 1642707 13360
1627280 1643103 15823
1631635 1643565 11930
1634985 1646304 11319
1640128 1646766 6638
1640347 1647360 7013
1629912 1647657 17745
1641564 1649109 7545
1634979 1652310 17331
1640643 1652805 12162
1647910 1654257 6347
1643777 1654983 11206
1644725 1655082 10357
1648419 1655082 6663
1650806 1657458 6652
1647063 1657986 10923
1652240 1658514 6274
1646140 1660131 13991
1651104 1661550 10446
1658613 1665246 6633
1659657 1670460 10803
1656015 1670493 14478
1659897 1670658 10761
1664499 1671153 6654
1665352 1672605 7253
1664811 1672803 7992
1663754 1674189 10435
1668684 1674981 6297
1668700 1674981 6281
1670250 1676532 6282
1663167 1678908 15741
1668217 1680855 12638
1672576 1683066 10490
1674849 1683363 8514
1666315 1684155 17840
1678886 1685178 6292
1672423 1686399 13976
1680812 1687092 6280
1674084 1687290 13206
1677059 1688511 11452
1674032 1689501 15469
1674553 1690458 15905
1671111 1690788 19677
1680487 1691415 10928
1686669 1692966 6297
1683119 1693230 10111
1686257 1693230 6973
1688446 1694781 6335
1690624 1697289 6665
1691480 1697751 6271
1687410 1698411 11001
1684516 1701117 16601
1692193 1702635 10442
1697084 1704813 7729
1697557 1704813 7256
1691071 1707519 16448
1702736 1709400 6664
1696084 1710621 14537
1700371 1713723 13352
1707514 1714152 6638
1705263 1715703 10440
1709248 1717023 7775
1706859 1717782 10923
1705838 1720686 14848
1714910 1721181 6271
1711254 1722303 11049
1710699 1723161 12462
1709651 1723887 14236
1709596 1724547 14951
1719096 1726692 7596
1717920 1727715 9795
1721324 1727979 6655
1723993 1730289 6296
1717964 1730388 12424
1724953 1731609 6656
1725723 1732005 6282
1717122 1732104 14982
1720178 1733589 13411
1725505 1734909 9404
1729395 1735668 6273
1722025 1736394 14369
1730613 1737252 6639
1722282 1740981 18699
1735688 1742334 6646
1736124 1742928 6804
1735906 1746360 10454
1737066 1748010 10944
1740319 1750749 10430
1746025 1752300 6275
1740683 1754379 13696
1740829 1755270 14441
1749089 1755369 6280
1749470 1756128 6658
1750538 1756821 6283
1746476 1757415 10939
1752129 1758405 6276
1747883 1758834 10951
1755899 1762563 6664
1749189 1762662 13473
1743463 1764807 21344
1750586 1766193 15607
1755355 1768338 12983
1759465 1769361 9896
1760709 1769922 9213
1764242 1770516 6274
1755519 1771572 16053
1752389 1773024 20635
1768196 1774839 6643
1757072 1776258 19186
1755890 1776819 20929
1761257 1777809 16552
1761485 1777974 16489
1771833 1778106 6273
1768909 1780185 11276
1765479 1780515 15036
1771831 1780647 8816
1763598 1780944 17346
1761995 1781043 19048
1775874 1782165 6291
1767507 1784673 17166
1776818 1786356 9538
1780093 1786389 6296
1778956 1787346 8390
1772577 1787412 14835
1776434 1788699 12265
1776488 1790712 14224
1780617 1791405 10788
1774409 1791834 17425
1786716 1792989 6273
1782555 1793451 10896
1788328 1794606 6278
1783981 1795002 11021
1788308 1795530 7222
1784502 1795992 11490
1785741 1796685 10944
1790439 1797081 6642
1791127 1797840 6713
1790871 1798137 7266
1784214 1798698 14484
1782554 1799259 16705
1794798 1801074 6276
1794179 1801437 7258
1791194 1801998 10804
1792092 1803087 10995
1792894 1805232 12338
1798570 1805298 6728
1794626 1805628 11002
1794502 1808466 13964
1797109 1808730 11621
1802983 1809258 6275
1795821 1810545 14724
1801428 1812228 10800
1802006 1812459 10453
1795343 1812657 17314
1808557 1814835 6278
1810232 1816518 6286
1806834 1817277 10443
1806730 1821204 14474
1812238 1823184 10946
1813191 1824141 10950
1809018 1825362 16344
1821380 1827672 6292
1814107 1828629 14522
1815451 1829586 14135
1815813 1830444 14631
1816962 1830642 13680
1825428 1832061 6633
1814073 1832325 18252
1818027 1832820 14793
1822659 1833480 10821
1818335 1833744 15409
1824097 1834536 10439
1819322 1836054 16732
1818768 1836417 17649
1827068 1836483 9415
1825778 1836780 11002
1829027 1839156 10129
1829941 1839585 9644
1822586 1843281 20695
1826012 1843743 17731
1827636 1845228 17592
1835893 1847637 11744
1826315 1848858 22543
1838448 1849254 10806
1838333 1850772 12439
1842561 1851432 8871
1836180 1851696 15516
1838054 1852257 14203
1846722 1853412 6690
1831559 1855029 23470
1839138 1855491 16353
1843127 1855755 12628
1851420 1857702 6282
1847576 1857768 10192
1844612 1858329 13717
1851973 1858626 6653
1832528 1860012 27484
1849642 1860078 10436
1850251 1860771 10520
1850852 1861827 10975
1853974 1862355 8381
1841815 1862817 21002
1852599 1863147 10548
1858183 1864830 6647
1845120 1865160 20040
1859181 1865457 6276
1860216 1866513 6297
1860795 1867173 6378
1861013 1867668 6655
1857378 1868757 11379
1855157 1869846 14689
1851872 1870077 18205
1854177 1871628 17451
1855765 1872288 16523
1863766 1874598 10832
1867549 1874664 7115
1868913 1875621 6708
1865255 1876743 11488
1863498 1877964 14466
1864315 1879977 15662
1871514 1882122 10608
1879692 1886346 6654
1881119 1887402 6283
1881192 1887468 6276
1877477 1888425 10948
1878945 1889382 10437
1869550 1889646 20096
1875205 1890075 14870
1881722 1892715 10993
1885608 1896048 10440
1890987 1898226 7239
1890063 1901823 11760
1892751 1903572 10821
1889135 1903671 14536
1885249 1903704 18455
1892367 1906773 14406
1889400 1907532 18132
1897862 1908291 10429
1894716 1909314 14598
1903030 1909314 6284
1893961 1912416 18455
1902578 1913175 10597
1895367 1914495 19128
1911920 1918554 6634
1912110 1918752 6642
1895048 1920204 25156
1906264 1920996 14732
1903322 1921095 17773
1906454 1922646 16192
1914318 1924065 9747
1904134 1925418 21284
1914089 1925781 11692
1915844 1926342 10498
1910616 1927464 16848
1914217 1928619 14402
1921979 1928619 6640
1922804 1929081 6277
1923542 1929906 6364
1928638 1934922 6284
1928876 1935516 6640
1924899 1935714 10815
1921420 1940070 18650
1935070 1941357 6287
1925955 1942017 16062
1934546 1942149 7603
1934349 1942743 8394
1936757 1943040 6283
1935579 1943238 7659
1929080 1943337 14257
1933173 1946571 13398
1943557 1950201 6644
1937443 1950498 13055
1946185 1952841 6656
1948363 1955019 6656
1949335 1955613 6278
1951587 1958220 6633
1952873 1959177 6304
1950612 1961421 10809
1949055 1962312 13257
1956133 1962411 6278
1951853 1962675 10822
1954748 1963929 9181
1954122 1966371 12249
1954143 1966569 12426
1958774 1969209 10435
1962920 1969209 6289
1951542 1969935 18393
1964152 1970430 6278
1961220 1971651 10431
1955049 1974555 19506
1964674 1975116 10442
1964851 1976172 11321
1965222 1976832 11610
1972599 1978878 6279
1970201 1980660 10459
1971543 1982343 10800
1977243 1983696 6453
1973360 1984158 10798
1975449 1984389 8940
1978153 1986468 8315
1972152 1987854 15702
1974622 1988019 13397
1978858 1990065 11207
1981119 1990527 9408
1973830 1991022 17192
1985582 1992243 6661
1981350 1992408 11058
1983252 1994487 11235
1990176 1996830 6654
1980093 1997358 17265
1987143 1997589 10446
1993155 1999437 6282
1992241 1999503 7262
1992860 1999569 6709
1980730 2000460 19730
1994292 2000592 6300
1984775 2001153 16378
1986665 2002902 16237
1989698 2004156 14458
1982378 2004288 21910
1984997 2005641 20644
1999186 2005839 6653
1993626 2006202 12576
1987260 2007522 20262
1993291 2010162 16871
2005750 2012406 6656
2005842 2012505 6663
1989968 2014419 24451
2000365 2014584 14219
2003831 2014782 10951
1999093 2015277 16184
2003013 2015442 12429
2004210 2016003 11793
1994889 2017587 22698
1997909 2017719 19810
1999471 2018379 18908
2007605 2018775 11170
1997189 2018808 21619
2007228 2019138 11910
2011898 2019666 7768
2017031 2023725 6694
2005741 2026200 20459
2008798 2026695 17897
2010282 2029368 19086
2016221 2030688 14467
2024517 2031150 6633
2027794 2034450 6656
2021185 2035671 14486
2022348 2036727 14379
2016831 2037519 20688
2025958 2037915 11957
2029560 2041050 11490
2026065 2044218 18153
2030126 2044284 14158
2028788 2044680 15892
2028751 2047650 18899
2033827 2048970 15143
2038684 2049630 10946
2031725 2050752 19027
2034517 2051742 17225
2045494 2052138 6644
2040349 2053755 13406
2037195 2054778 17583
2044043 2054976 10933
2051018 2057682 6664
2047779 2058210 10431
2052284 2058573 6289
2052661 2059299 6638
2053094 2059365 6271
2053723 2060388 6665
2049821 2060850 11029
2037932 2062170 24238
2047002 2062698 15696
2045328 2063160 17832
2059970 2066262 6292
2060187 2066460 6273
2057588 2066691 9103
2060610 2066988 6378
2056922 2071377 14455
2057657 2073093 15436
2060296 2074875 14579
2068358 2078802 10444
2070281 2081079 10798
2072701 2083521 10820
2078490 2084775 6285
2078488 2086557 8069
2071913 2087613 15700
2071581 2087976 16395
2074691 2089230 14539
2083723 2090385 6662
2075169 2091243 16074
2073031 2091771 18740
2085558 2093058 7500
2081818 2094873 13055
2089016 2095302 6286
2089405 2095698 6293
2080747 2096094 15347
2083063 2096127 13064
2089151 2096655 7504
2086733 2097183 10450
2076776 2097480 20704
2093029 2099691 6662
2083772 2102562 18790
2092514 2103321 10807
2093484 2103948 10464
2098015 2104311 6296
2097395 2106324 8929
2093292 2107776 14484
2101025 2107842 6817
2103469 2109756 6287
2100862 2111802 10940
2100967 2111901 10934
2097906 2114343 16437
2108417 2119227 10810
2105120 2119293 14173
2105210 2119590 14380
2112225 2122329 10104
2105349 2122461 17112
2116664 2122956 6292
2113442 2124375 10933
2118305 2124606 6301
2113277 2126520 13243
2117987 2128929 10942
2123470 2129754 6284
2123589 2131239 7650
2118902 2131998 13096
2120379 2132163 11784
2122161 2132955 10794
2126168 2133252 7084
2117126 2135001 17875
2128359 2135001 6642
2125457 2137443 11986
2123714 2137839 14125
2126905 2138466 11561
2126436 2138697 12261
2134768 2141403 6635
2131523 2141964 10441
2128575 2143152 14577
2137726 2144373 6647
2134956 2144769 9813
2138855 2145132 6277
2141131 2147409 6278
2133815 2147904 14089
2139179 2150115 10936
2143540 2150181 6641
2140193 2151039 10846
2138281 2153184 14903
2144058 2157408 13350
2146383 2158035 11652
2149725 2160180 10455
2148933 2160444 11511
2150895 2162490 11595
2153714 2163216 9502
2151132 2163579 12447
2157336 2163975 6639
2145616 2164866 19250
2159151 2165427 6276
2158416 2165757 7341
2151424 2166483 15059
2148270 2166813 18543
2154247 2169783 15536
2151983 2169915 17932
2163157 2170014 6857
2154138 2170608 16470
2154519 2171334 16815
2155217 2172027 16810
2153776 2172951 19175
2155085 2172951 17866
2158829 2174799 15970
2165836 2176119 10283
2161816 2177472 15656
2171029 2177901 6872
2171170 2178396 7226
2173106 2179386 6280
2161332 2180508 19176
2174044 2180706 6662
2171735 2182884 11149
2177184 2183841 6657
2178195 2184468 6273
2162283 2185722 23439
2181040 2187702 6662
2181622 2187900 6278
2182742 2189385 6643
2184171 2190441 6270
2181178 2191959 10781
2175059 2192982 17923
2183144 2194236 11092
2188365 2194665 6300
2186158 2196117 9959
2194033 2200671 6638
2195552 2202189 6637
2196129 2202783 6654
2189781 2204928 15147
2195208 2206149 10941
2194343 2207502 13159
2203300 2209581 6281
2200510 2211330 10820
2206297 2212584 6287
2202169 2212617 10448
2198140 2214993 16853
2207406 2215950 8544
2210347 2217006 6659
2211500 2217798 6298
2213390 2219679 6289
2202374 2220174 17800
2208627 2222187 13560
2215787 2225157 9370
2214603 2225553 10950
2220938 2227236 6298
2214206 2227929 13723
2217469 2228424 10955
2224233 2230503 6270
2213561 2231526 17965
2217277 2232021 14744
2215297 2232252 16955
2222089 2232351 10262
2217532 2235255 17723
2218548 2235585 17037
2225742 2236179 10437
2220013 2238423 18410
2223152 2238819 15667
2230172 2238852 8680
2231764 2238852 7088
2232639 2238918 6279
2222125 2241723 19598
2221283 2241921 20638
2228292 2242680 14388
2224584 2242977 18393
2230873 2245386 14513
2235820 2245452 9632
2226154 2246112 19958
2242834 2249115 6281
2241177 2251623 10446
2241722 2252646 10924
2248371 2254659 6288
2242065 2254857 12792
2245201 2256012 10811
2238173 2257530 19357
2237714 2257662 19948
2247110 2258487 11377
2248137 2258982 10845
2250031 2260731 10700
2253255 2260764 7509
2249316 2263503 14187
2257861 2264163 6302
2258085 2264724 6639
2259003 2265648 6645
2258755 2269707 10952
2259769 2270565 10796
2263984 2270631 6647
2259701 2272182 12481
2268494 2275152 6658
2268946 2275713 6767
2265379 2276736 11357
2268112 2278881 10769
2271292 2281983 10691
2266544 2283402 16858
2277657 2283930 6273
2274337 2285151 10814
2270277 2285316 15039
2279451 2285745 6294
2280782 2287065 6283
2278821 2288220 9399
2278812 2288418 9606
2276298 2289078 12780
2274019 2290629 16610
2274238 2290662 16424
2284631 2290926 6295
2284926 2292873 7947
2286217 2293368 7151
2275367 2293863 18496
2283777 2294886 11109
2285427 2297361 11934
2287911 2298417 10506
2280412 2298945 18533
2279663 2300628 20965
2285896 2300859 14963
2282913 2301057 18144
2289668 2302146 12478
2292061 2302575 10514
2292151 2302707 10556
2297283 2303565 6282
2285575 2304291 18716
2300102 2306403 6301
2293013 2307096 14083
2294306 2307129 12823
2294984 2307624 12640
2293414 2308449 15035
2303434 2309736 6302
2293062 2310858 17796
2293349 2313927 20578
2307743 2314026 6283
2295350 2316402 21052
2310872 2317161 6289
2296236 2318316 22080
2302375 2319669 17294
2309178 2320230 11052
2318570 2325213 6643
2318595 2325246 6651
2320120 2326401 6281
2320783 2327424 6641
2322745 2329041 6296
2318525 2329173 10648
2322852 2329635 6783
2320091 2330526 10435
2321945 2333826 11881
2326060 2340426 14366
2335455 2341746 6291
2336798 2343099 6301
2334411 2343495 9084
2335803 2350491 14688
2335922 2350755 14833
2338261 2351547 13286
2336975 2351844 14869
2337727 2353593 15866
2336727 2353758 17031
2349763 2356035 6272
2341288 2356893 15605
2343235 2359038 15803
2349214 2360028 10814
2353672 2360127 6455
2349078 2360226 11148
2353237 2364186 10949
2359467 2365803 6336
2358416 2366892 8476
2356666 2367486 10820
2357303 2367750 10447
2356061 2370522 14461
2357111 2371248 14137
2353037 2371479 18442
2361500 2374119 12619
2361257 2374647 13390
2363008 2374746 11738
2371069 2377353 6284
2373612 2380257 6645
2375003 2381280 6277
2364925 2381907 16982
2365933 2385306 19373
2376376 2387319 10943
2381007 2389959 8952
2384371 2391114 6743
2380574 2392665 12091
2383814 2394249 10435
2384872 2396559 11687
2385872 2396691 10819
2383743 2397714 13971
2390895 2398836 7941
2385150 2398968 13818
2388759 2399562 10803
2393932 2400585 6653
2386398 2402796 16398
2389252 2404116 14864
2389757 2405502 15745
2395438 2405898 10460
2400978 2407977 6999
2397083 2408010 10927
2398812 2410584 11772
2401541 2412333 10792
2407136 2413422 6286
2399800 2413554 13754
2402760 2414115 11355
2410001 2416656 6655
2404406 2416722 12316
2407232 2417283 10051
2412690 2418966 6276
2404843 2418999 14156
2413125 2419560 6435
2404928 2420550 15622
2415168 2421441 6273
2416745 2423388 6643
2417317 2423619 6302
2416225 2427150 10925
2422620 2428899 6279
2413335 2430186 16851
2426131 2432793 6662
2426612 2433255 6643
2425644 2436093 10449
2429770 2440713 10943
2426471 2440944 14473
2438505 2445168 6663
2435175 2445630 10455
2440469 2446752 6283
2436993 2449986 12993
2440179 2450976 10797
2448500 2455134 6634
2450345 2456619 6274
2446343 2457147 10804
2441009 2457279 16270
2448880 2457609 8729
2443425 2459226 15801
2449437 2460579 11142
2450929 2461437 10508
2444747 2462031 17284
2442963 2463450 20487
2457368 2463648 6280
2447258 2464011 16753
2458125 2464407 6282
2451455 2465034 13579
2447362 2465925 18563
2453481 2466684 13203
2449103 2468070 18967
2452227 2469192 16965
2454342 2469225 14883
2460141 2469489 9348
2454934 2469555 14621
2457968 2470182 12214
2462642 2470248 7606
2458162 2470578 12416
2460579 2471370 10791
2451486 2471436 19950
2459608 2472492 12884
2466140 2472789 6649
2469186 2475825 6639
2458436 2476089 17653
2463675 2478102 14427
2459057 2478729 19672
2468730 2479521 10791
2468881 2479785 10904
2467770 2480016 12246
2474774 2481435 6661
2472128 2483184 11056
2479697 2485989 6292
2481213 2487507 6294
2477866 2488827 10961
2482329 2488992 6663
2478689 2489124 10435
2483682 2491104 7422
2484168 2491632 7464
2477348 2492886 15538
2483741 2494536 10795
2486710 2497143 10433
2491807 2498100 6293
2492051 2499882 7831
2485922 2500377 14455
2489645 2503413 13768
2490138 2504271 14133
2491040 2505558 14518
2489361 2506185 16824
2490741 2506647 15906
2491857 2507439 15582
2501579 2508231 6652
2501374 2508528 7154
2499803 2510541 10738
2503981 2510640 6659
2503486 2511069 7583
2506265 2512554 6289
2502617 2513445 10828
2503059 2518461 15402
2513492 2520243 6751
2506635 2520738 14103
2503225 2521761 18536
2511300 2522091 10791
2511683 2522487 10804
2517571 2524170 6599
2515348 2525193 9845
2507958 2528526 20568
2524293 2530572 6279
2520977 2531430 10453
2515392 2533080 17688
2529216 2535522 6306
2525375 2536314 10939
2522077 2537238 15161
2525115 2538723 13608
2527575 2540406 12831
2527076 2542683 15607
2536959 2543244 6285
2534348 2545290 10942
2538779 2545422 6643
2531480 2547765 16285
2534462 2548920 14458
2543443 2550108 6665
2541790 2550372 8582
2541487 2552418 10931
2546085 2552748 6663
2545128 2555586 10458
2542859 2556840 13981
2550648 2556939 6291
2544448 2559843 15395
2548796 2559975 11179
2550685 2560536 9851
2552943 2563374 10431
2557263 2563902 6639
2554397 2564826 10429
2556391 2568225 11834
2553380 2568555 15175
2558679 2569116 10437
2558826 2569776 10950
2562323 2571228 8905
2552372 2571459 19087
2566891 2573175 6284
2563367 2574594 11227
2569737 2576376 6639
2566808 2576508 9700
2570803 2577102 6299
2566428 2577234 10806
2572860 2579148 6288
2566624 2580006 13382
2569576 2581062 11486
2576226 2582877 6651
2577798 2584098 6300
2573782 2584725 10943
2578291 2592678 14387
2581929 2592876 10947
2582931 2595351 12420
2589116 2595417 6301
2588988 2596704 7716
2589711 2597496 7785
2591980 2598618 6638
2589479 2599938 10459
2587598 2602512 14914
2589691 2603370 13679
2586251 2603799 17548
2597013 2606604 9591
2596486 2608617 12131
2594494 2609409 14915
2598300 2610201 11901
2598548 2611224 12676
2603973 2614425 10452
2608293 2614590 6297
2601881 2616537 14656
2610434 2616735 6301
2607780 2617296 9516
2611376 2618682 7306
2603181 2619276 16095
2607441 2619936 12495
2613457 2621784 8327
2613739 2621883 8144
2608946 2621916 12970
2610535 2622807 12272
2607128 2625216 18088
2614005 2625546 11541
2612146 2626041 13895
2617609 2626140 8531
2620443 2626734 6291
2612253 2626767 14514
2618420 2628879 10459
2623558 2630199 6641
2621966 2633136 11170
2622065 2633796 11731
2628785 2635083 6298
2614666 2636271 21605
2630991 2637624 6633
2622755 2639274 16519
2622226 2639406 17180
2628603 2640132 11529
2629658 2642442 12784
2628536 2642640 14104
2632829 2643762 10933
2638763 2645049 6286
2627941 2645874 17933
2639739 2646039 6300
2636277 2646930 10653
2637672 2649207 11535
2633182 2652111 18929
2646097 2652375 6278
2631333 2653134 21801
2643341 2654322 10981
2648449 2654751 6302
2637933 2655642 17709
2651506 2657787 6281
2649008 2658645 9637
2652739 2659041 6302
2640842 2659470 18628
2647819 2660328 12509
2642631 2662407 19776
2648856 2662770 13914
2656788 2663430 6642
2648370 2665509 17139
2661145 2667423 6278
2657813 2668479 10666
2663347 2669634 6287
2652057 2670492 18435
2657223 2671845 14622
2661628 2672076 10448
2665277 2675706 10429
2664863 2675805 10942
2669694 2675970 6276
2666895 2677323 10428
2672293 2678577 6284
2673483 2679765 6282
2667361 2681382 14021
2666318 2681712 15394
2666533 2681910 15377
2678321 2684616 6295
2678686 2685210 6524
2674471 2685408 10937
2679742 2686035 6293
2679485 2686134 6649
2677158 2687586 10428
2682932 2689203 6271
2672809 2689368 16559
2670873 2691348 20475
2676242 2691975 15733
2681707 2692140 10433
2685912 2696727 10815
2683423 2699268 15845
2687095 2699895 12800
2696573 2703228 6655
2693323 2704119 10796
2698139 2704416 6277
2691821 2705835 14014
2691763 2706231 14468
2695990 2706825 10835
2689539 2708574 19035
2690228 2709102 18874
2703642 2711874 8232
2698134 2713326 15192
2701084 2713425 12341
2702604 2714052 11448
2700366 2715339 14973
2704305 2715636 11331
2710088 2716428 6340
2700668 2717319 16651
2702308 2717352 15044
2698782 2717880 19098
2712089 2718672 6583
2705842 2718903 13061
2710100 2721048 10948
2716279 2722566 6287
2711806 2722797 10991
2705235 2724117 18882
2713402 2724975 11573
2711621 2726691 15070
2706580 2727417 20837
2721246 2728539 7293
2719417 2730651 11234
2715098 2732433 17335
2721725 2732532 10807
2728741 2735469 6728
2720317 2735832 15515
2726608 2737548 10940
2722018 2737581 15563
2720732 2740221 19489
2732454 2743257 10803
2725671 2743488 17817
2739511 2746161 6650
2740894 2747184 6290
2728404 2747514 19110
2733778 2748141 14363
2742495 2749131 6636
2739219 2750319 11100
2741612 2752464 10852
2744025 2754477 10452
2740304 2754774 14470
2743348 2757513 14165
2751611 2758272 6661
2751300 2760120 8820
2753627 2760351 6724
2747580 2760615 13035
2751117 2761737 10620
2749732 2764905 15173
2747614 2765334 17720
2752371 2766423 14052
2756051 2766555 10504
2752075 2766918 14843
2752428 2766984 14556
2758088 2767644 9556
2751644 2767842 16198
2762343 2768997 6654
2763397 2769690 6293
2763397 2769690 6293
2767831 2774475 6644
2755554 2775234 19680
2769147 2775795 6648
2770994 2777280 6286
2773123 2779425 6302
2770510 2780943 10433
2771247 2782197 10950
2774702 2785134 10432
2780766 2787411 6645
2781112 2787774 6662
2777966 2788401 10435
2782873 2789160 6287
2786340 2796783 10443
2790185 2796849 6664
2790956 2797674 6718
2796882 2803152 6270
2792830 2803647 10817
2797861 2804142 6281
2793300 2806188 12888
2792577 2807046 14469
2796965 2807409 10444
2804418 2810709 6291
2800429 2810874 10445
2804833 2811468 6635
2806334 2812623 6289
2807244 2813877 6633
2801673 2817540 15867
2812901 2819190 6289
2812825 2820807 7982
2810331 2824470 14139
2816223 2824503 8280
2813143 2827341 14198
2813751 2828133 14382
2818781 2829717 10936
2825006 2831301 6295
2818010 2831499 13489
2820711 2832588 11877
2827111 2833413 6302
2818339 2834865 16526
2818437 2834931 16494
2820149 2835492 15343
2829387 2835657 6270
2829419 2836251 6832
2830209 2836845 6636
2820643 2837010 16367
2834598 2841234 6636
2829248 2841861 12613
2835768 2842059 6291
2832721 2843676 10955
2829075 2844006 14931
2829343 2844138 14795
2840148 2846448 6300
2834529 2849385 14856
2838052 2850045 11993
2840908 2851365 10457
2835501 2852520 17019
2843491 2854929 11438
2848665 2854962 6297
2835971 2855292 19321
2842281 2857008 14727
2848472 2859285 10813
2853516 2861694 8178
2849023 2862486 13463
2851022 2863080 12058
2842088 2864631 22543
2855095 2865555 10460
2851758 2867073 15315
2858224 2867403 9179
2861206 2867865 6659
2854740 2870010 15270
2863729 2870010 6281
2853814 2870406 16592
2856822 2871330 14508
2856916 2871627 14711
2865466 2871759 6293
2859661 2872089 12428
2864794 2872188 7394
2859795 2874531 14736
2856977 2874696 17719
2860105 2874729 14624
2869453 2876973 7520
2872861 2879514 6653
2868799 2880999 12200
2869720 2882319 12599
2864054 2883078 19024
2863381 2884134 20753
2877753 2885388 7635
2874860 2885652 10792
2872573 2886708 14135
2880572 2887236 6664
2880952 2887236 6284
2878173 2888754 10581
2883661 2894991 11330
2889133 2895783 6650
2890708 2901525 10817
2889654 2904000 14346
2898737 2905386 6649
2894750 2905683 10933
2897324 2907201 9877
2898024 2907795 9771
2894012 2907993 13981
2899661 2910105 10444
2903959 2910600 6641
2904141 2910798 6657
2904751 2911029 6278
2901558 2911095 9537
2902326 2911623 9297
2904035 2914065 10030
2900523 2915121 14598
2901371 2917101 15730
2906972 2917794 10822
2910696 2922084 11388
2916903 2923173 6270
2911051 2924889 13838
2909554 2925747 16193
2915547 2929047 13500
2916294 2930664 14370
2921127 2931918 10791
2919301 2932149 12848
2926686 2932974 6288
2924548 2933370 8822
2924785 2935713 10928
2927698 2938650 10952
2928842 2941224 12382
2931594 2942412 10818
2937922 2944227 6305
2938097 2944392 6295
2936551 2947362 10811
2936939 2947395 10456
2938122 2948550 10428
2942603 2951685 9082
2938263 2952246 13983
2945607 2952246 6639
2938651 2955546 16895
2943079 2957559 14480
2952618 2959275 6657
2948359 2959506 11147
2949126 2959572 10446
2953403 2959704 6301
2948520 2960298 11778
2950048 2960826 10778
2950579 2961882 11303
2947196 2962179 14983
2949029 2962608 13579
2949063 2963202 14139
2952959 2963664 10705
2952687 2963730 11043
2959345 2965743 6398
2954808 2968416 13608
2958783 2969604 10821
2954463 2970132 15669
2963961 2970594 6633
2964041 2971188 7147
2961022 2971947 10925
2963855 2972112 8257
2964600 2975049 10449
2964656 2975115 10459
2966519 2975643 9124
2958203 2975775 17572
2970259 2977128 6869
2963443 2977425 13982
2971304 2977590 6286
2970566 2977656 7090
2966560 2978976 12416
2962344 2979471 17127
2970719 2981154 10435
2967268 2982639 15371
2965800 2982936 17136
2978884 2985543 6659
2973588 2985774 12186
2975173 2986368 11195
2978121 2989074 10953
2981000 2989734 8734
2982349 2990988 8639
2985486 2992143 6657
2977405 2992770 15365
2974223 2994453 20230
2989352 2995641 6289
2978107 2997126 19019
2981439 2999172 17733
2982697 3000591 17894
2985764 3001218 15454
2988417 3001383 12966
2993741 3004188 10447
2983081 3004485 21404
3000799 3007092 6293
2990906 3007884 16978
2990477 3008148 17671
2995271 3010623 15352
2998193 3010755 12562
2995443 3011646 16203
3005632 3011910 6278
2992836 3013989 21153
2984830 3014913 30083
2986463 3014913 28450
3008980 3017619 8639
2999618 3017718 18100
3010585 3018114 7529
3007160 3018972 11812
3012976 3019269 6293
2993447 3020952 27505
3011737 3021777 10040
3017179 3023460 6281
3017724 3024021 6297
3005242 3024054 18812
3009956 3024714 14758
3016092 3027024 10932
3014285 3027585 13300
3021969 3028245 6276
3017245 3028608 11363
3013928 3030093 16165
3017786 3030687 12901
3023318 3031149 7831
3017153 3031512 14359
3019601 3033789 14188
3020851 3034845 13994
3029006 3037749 8743
3019646 3038145 18499
3019725 3038805 19080
3026267 3042732 16465
3033039 3043491 10452
3030099 3043887 13788
3034089 3044613 10524
3038664 3044943 6279
3035771 3047484 11713
3033925 3048408 14483
3039228 3050223 10995
3040852 3050784 9932
3036645 3051246 14601
3045325 3051609 6284
3047100 3053391 6291
3042202 3053985 11783
3047228 3053985 6757
3041204 3055668 14464
3044988 3056130 11142
3042500 3059463 16963
3055818 3062103 6285
3050255 3062235 11980
3046997 3066789 19792
3059891 3066888 6997
3056030 3067218 11188
3057926 3070221 12295
3066131 3072795 6664
3052287 3073587 21300
3068271 3074907 6636
3061296 3075270 13974
3066975 3076326 9351
3070828 3077118 6290
3070087 3077547 7460
3070579 3078042 7463
3066175 3079857 13682
3073628 3079923 6295
3074385 3084840 10455
3069808 3084873 15065
3071164 3085137 13973
3078985 3085269 6284
3081847 3092793 10946
3082486 3093420 10934
3085510 3100119 14609
3090441 3101241 10800
3098985 3105630 6645
3094142 3108666 14524
3103086 3109359 6273
3102909 3109557 6648
3103512 3109788 6276
3099273 3110085 10812
3099783 3112164 12381
3101581 3112395 10814
3101200 3113088 11888
3104101 3114969 10868
3109194 3115827 6633
3111487 3118137 6650
3112879 3119523 6644
3116735 3123021 6286
3116474 3123120 6646
3117705 3123978 6273
3110193 3124704 14511
3118199 3124836 6637
3114534 3125331 10797
3118712 3125331 6619
3115032 3125991 10959
3120435 3126717 6282
3117335 3127839 10504
3118442 3129258 10816
3115247 3129720 14473
3121708 3131073 9365
3115504 3131865 16361
3126946 3133218 6272
3127240 3134241 7001
3121186 3134670 13484
3124518 3134967 10449
3121779 3135792 14013
3122374 3137145 14771
3127892 3138069 10177
3131863 3138135 6272
3127829 3138927 11098
3131763 3139983 8220
3133950 3140247 6297
3133794 3140610 6816
3134576 3140874 6298
3126999 3141369 14370
3129628 3143613 13985
3127668 3144669 17001
3138299 3145626 7327
3140856 3147144 6288
3129727 3147771 18044
3132525 3147771 15246
3142326 3148596 6270
3145631 3151929 6298
3135326 3154140 18814
3143754 3154701 10947
3149545 3156186 6641
3147033 3156318 9285
3151708 3158364 6656
3147549 3158496 10947
3144870 3158793 13923
3152844 3164238 11394
3156729 3164601 7872
3149682 3164634 14952
3149619 3165756 16137
3152021 3166449 14428
3160308 3166581 6273
3152822 3166680 13858
3157767 3167340 9573
3160164 3168462 8298
3158467 3169419 10952
3163166 3169452 6286
3163366 3169650 6284
3164735 3171036 6301
3150676 3171630 20954
3163349 3172059 8710
3157107 3172092 14985
3155982 3174765 18783
3160481 3175326 14845
3162106 3178428 16322
3154880 3181563 26683
3168091 3181695 13604
3177853 3184137 6284
3176341 3187272 10931
3174538 3190176 15638
3176482 3192684 16202
3183570 3194961 11391
3184601 3195555 10954
3181134 3195720 14586
3184708 3196215 11507
3191614 3198261 6647
3192406 3198690 6284
3188814 3198855 10041
3185903 3199416 13513
3193621 3199911 6290
3185668 3201033 15365
3187885 3202485 14600
3193840 3204795 10955
3197662 3208590 10928
3203128 3211032 7904
3205171 3211824 6653
3192435 3212946 20511
3206229 3217038 10809
3203498 3219150 15652
3207321 3220206 12885
3210006 3224595 14589
3214122 3225453 11331
3221612 3227895 6283
3220028 3230964 10936
3224524 3231888 7364
3218246 3231921 13675
3222421 3234231 11810
3225607 3236046 10439
3223079 3238719 15640
3224568 3239181 14613
3228119 3239346 11227
3232768 3240237 7469
3219703 3241755 22052
3225689 3242151 16462
3237301 3243603 6302
3234805 3245748 10943
3238929 3249873 10944
3240934 3251523 10589
3236552 3252348 15796
3242750 3253206 10456
3241023 3259047 18024
3244365 3260037 15672
3249925 3260367 10442
3254997 3261291 6294
3254898 3261555 6657
3250793 3261720 10927
3252196 3263964 11768
3258636 3265284 6648
3259245 3265944 6699
3261106 3267759 6653
3262100 3268749 6649
3262723 3269376 6653
3255675 3270135 14460
3266287 3272940 6653
3267155 3273435 6280
3263797 3275184 11387
3265229 3276273 11044
3263198 3277131 13933
3268273 3279045 10772
3264708 3279078 14370
3262742 3280299 17557
3266922 3281520 14598
3273701 3284160 10459
3265863 3284622 18759
3277245 3287262 10017
3283492 3289770 6278
3283386 3290034 6648
3277813 3291783 13970
3277733 3292212 14479
3283879 3294819 10940
3284309 3295116 10807
3288565 3295215 6650
3291339 3297657 6318
3292540 3299175 6635
3293582 3300231 6649
3290517 3301452 10935
3286339 3302970 16631
3297431 3304092 6661
3292927 3304884 11957
3295684 3306501 10817
3291798 3306765 14967
3296317 3306765 10448
3296385 3309669 13284
3295869 3310098 14229
3297676 3310791 13115
3302805 3313728 10923
3303299 3313728 10429
3304249 3317028 12779
3304186 3319899 15713
3311497 3321945 10448
3316742 3323034 6292
3316817 3323463 6646
3314942 3324024 9082
3318604 3325245 6641
3315582 3326400 10818
3319983 3326631 6648
3310529 3328710 18181
3319874 3330327 10453
3320196 3331053 10857
3321157 3332109 10952
3321348 3332802 11454
3327656 3335013 7357
3323682 3335046 11364
3331483 3337785 6302
3319551 3337818 18267
3323861 3338346 14485
3323873 3341019 17146
3328402 3342075 13673
3332073 3343197 11124
3338032 3344682 6650
3327807 3345243 17436
3338174 3345276 7102
3331748 3346233 14485
3340740 3347025 6285
3332132 3347982 15850
3341974 3348246 6272
3343762 3350061 6299
3343763 3350424 6661
3334428 3351513 17085
3333121 3352503 19382
3347105 3353757 6652
3348121 3354780 6659
3351723 3358014 6291
3347323 3358773 11450
3345498 3359037 13539
3347268 3360588 13320
3345858 3360687 14829
3349755 3361149 11394
3349965 3363690 13725
3357395 3363690 6295
3345058 3363822 18764
3350456 3366033 15577
3353275 3366693 13418
3354264 3366792 12528
3357231 3367353 10122
3357529 3369102 11573
3361850 3370224 8374
3363786 3370752 6966
3355902 3371148 15246
3357237 3371214 13977
3361837 3374316 12479
3355514 3374382 18868
3361124 3376692 15568
3362647 3377022 14375
3361831 3378144 16313
3367860 3378606 10746
3369800 3380256 10456
3369602 3380619 11017
3370346 3383688 13342
3373841 3386262 12421
3381538 3387813 6275
3377149 3388077 10928
3378000 3389034 11034
3382978 3389628 6650
3383560 3390288 6728
3380673 3391113 10440
3374121 3391146 17025
3386040 3392334 6294
3387000 3393291 6291
3381467 3394248 12781
3388324 3394974 6650
3391703 3397977 6274
3391894 3398175 6281
3386100 3402663 16563
3391496 3403290 11794
3398683 3405006 6323
3383609 3405039 21430
3395994 3406425 10431
3400631 3407349 6718
3401996 3408273 6277
3403042 3409692 6650
3396199 3411111 14912
3394177 3412365 18188
3404948 3414510 9562
3399942 3414543 14601
3400442 3414906 14464
3402987 3417744 14757
3407119 3418041 10922
3403895 3418206 14311
3405843 3418305 12462
3412259 3418536 6277
3410405 3421209 10804
3404201 3421308 17107
3405598 3421473 15875
3409271 3424542 15271
3406429 3424575 18146
3412642 3427347 14705
3410061 3427446 17385
3423168 3429459 6291
3413638 3430251 16613
3419691 3430614 10923
3423168 3431802 8634
3406854 3433320 26466
3412021 3433485 21464
3416119 3434013 17894
3422142 3436059 13917
3425987 3437115 11128
3424983 3437742 12759
3425950 3439062 13112
3433363 3439656 6293
3434045 3440316 6271
3423884 3441438 17554
3434956 3441603 6647
3425061 3442791 17730
3432454 3443385 10931
3427942 3444672 16730
3438048 3445695 7647
3427093 3446025 18932
3442134 3448797 6663
3438322 3449127 10805
3444000 3450282 6282
3445552 3451866 6314
3438634 3453450 14816
3444627 3455067 10440
3448628 3455265 6637
3446162 3456552 10390
3450720 3457014 6294
3452823 3459093 6270
3448123 3460380 12257
3453804 3460446 6642
3449397 3461106 11709
3456736 3463020 6284
3452317 3464835 12518
3458195 3464835 6640
3454833 3465363 10530
3452489 3467013 14524
3447278 3467904 20626
3459291 3468564 9273
3463685 3469983 6298
3459916 3472161 12245
3458839 3473415 14576
3454860 3475197 20337
3463040 3477540 14500
3457057 3477837 20780
3465322 3478365 13043
3464074 3479421 15347
3469457 3480378 10921
3475796 3482457 6661
3469944 3485427 15483
3475420 3486219 10799
3480251 3486549 6298
3476534 3487473 10939
3474701 3489057 14356
3478906 3489354 10448
3485443 3492093 6650
3482479 3492918 10439
3482711 3493512 10801
3482814 3497274 14460
3488073 3500409 12336
3493067 3503214 10147
3491678 3506349 14671
3497627 3508065 10438
3497024 3511497 14473
3502790 3513609 10819
3505312 3514830 9518
3501884 3515358 13474
3508057 3515787 7730
3510044 3516414 6370
3502630 3517041 14411
3504426 3518460 14034
3512751 3519120 6369
3511270 3519912 8642
3511513 3522321 10808
3520115 3526413 6298
3512117 3526479 14362
3524854 3531132 6278
3521856 3532287 10431
3528063 3534696 6633
3519911 3535191 15280
3525788 3536280 10492
3526095 3538359 12264
3530597 3538887 8290
3524785 3539382 14597
3529299 3545553 16254
3529580 3545784 16204
3540142 3546444 6302
3536960 3547896 10936
3534699 3549546 14847
3541892 3550371 8479
3540213 3551262 11049
3539431 3553605 14174
3541831 3554001 12170
3541080 3555651 14571
3545535 3556344 10809
3556633 3562911 6278
3558849 3565122 6273
3552438 3566409 13971
3557680 3568125 10445
3561764 3568422 6658
3561990 3571194 9204
3557738 3573504 15766
3563988 3580566 16578
3569780 3580797 11017
3574912 3581556 6644
3575291 3581952 6661
3572286 3583866 11580
3570917 3585252 14335
3579691 3586341 6650
3578822 3589278 10456
3580301 3591456 11155
3582979 3593436 10457
3582773 3593568 10795
3578733 3593898 15165
3581578 3598650 17072
3592152 3598815 6663
3584950 3600399 15449
3584612 3601884 17272
3584898 3601884 16986
3599735 3606009 6274
3596648 3607098 10450
3596605 3607296 10691
3593102 3608286 15184
3594196 3608286 14090
3593730 3609474 15744
3594449 3610035 15586
3591505 3610959 19454
3595595 3613401 17806
