4168 11451 7283
1467 11913 10446
1585 12540 10955
2464 13497 11033
2041 13959 11918
5674 14553 8879
7692 16797 9105
3748 17721 13973
11063 17721 6658
11048 19503 8455
5095 20427 15332
15725 22374 6649
19431 26136 6705
14414 28875 14461
24261 30558 6297
18540 32109 13569
26115 32406 6291
24688 35211 10523
20493 35343 14850
24250 38445 14195
29437 40260 10823
34239 40524 6285
34902 41547 6645
35722 42372 6650
37012 43296 6284
28369 45408 17039
27905 46299 18394
38909 49368 10459
35049 50622 15573
48134 54417 6283
43928 54879 10951
40132 55869 15737
41469 56067 14598
41401 56496 15095
51756 58047 6291
51937 58575 6638
49064 59532 10468
51714 59697 7983
44255 61743 17488
51723 62172 10449
43750 62799 19049
48078 63030 14952
50218 63327 13109
55897 66462 10565
60933 67221 6288
57844 68277 10433
56568 70323 13755
65539 71841 6302
64626 75438 10812
67577 78012 10435
63485 78441 14956
71844 82797 10953
68863 84051 15188
71301 85899 14598
74905 89133 14228
75299 89760 14461
80711 91872 11161
86404 92730 6326
81318 92862 11544
86648 93291 6643
78891 93357 14466
88028 94677 6649
80864 95469 14605
86621 97779 11158
91792 98076 6284
90215 98307 8092
87897 98340 10443
88802 98571 9769
91975 98637 6662
83742 100848 17106
87503 101607 14104
87699 102762 15063
96164 103290 7126
97849 104247 6398
99008 105666 6658
94791 105732 10941
97328 108273 10945
94571 111309 16738
97446 111903 14457
100622 111969 11347
101206 115170 13964
104983 115434 10451
104544 118833 14289
112587 118866 6279
114887 121176 6289
111121 122067 10946
112278 123486 11208
110909 124278 13369
109557 125136 15579
119002 125301 6299
119129 125400 6271
119640 126027 6387
119691 126324 6633
116171 127446 11275
116951 130944 13993
121416 131868 10452
119282 131901 12619
117406 132066 14660
125851 132132 6281
118689 132726 14037
123419 134211 10792
127775 134772 6997
117292 134871 17579
123958 135102 11144
128643 136026 7383
130332 136983 6651
125303 137115 11812
127962 139656 11694
139113 145464 6351
141077 147378 6301
138435 149226 10791
135675 149655 13980
140774 151701 10927
145486 151767 6281
145961 152295 6334
146555 152856 6301
146453 153087 6634
144458 154440 9982
144049 155001 10952
146190 155001 8811
144976 155793 10817
150286 156948 6662
150276 157014 6738
151079 157377 6298
152568 158862 6294
153085 159720 6635
150790 161733 10943
153444 164241 10797
151463 165924 14461
161158 172293 11135
161826 172755 10929
162684 173118 10434
159594 174240 14646
160046 176550 16504
159248 177012 17764
165459 177342 11883
163384 177870 14486
163781 180906 17125
172174 184701 12527
170824 185790 14966
175290 186285 10995
175973 186912 10939
174674 189156 14482
171758 189354 17596
184485 190773 6288
185035 191334 6299
180060 192456 12396
188278 194931 6653
184806 195261 10455
181755 197175 15420
190249 197373 7124
188576 198066 9490
191538 198264 6726
188615 200046 11431
186748 201234 14486
183720 201531 17811
186545 202422 15877
196396 202686 6290
188530 203016 14486
194135 203082 8947
194072 204039 9967
197624 204270 6646
191373 206349 14976
193073 207537 14464
199344 209451 10107
198102 210111 12009
198208 210540 12332
198255 211068 12813
201300 212223 10923
203105 214170 11065
200685 216876 16191
203099 217932 14833
211299 217932 6633
205926 220407 14481
203428 222057 18629
208930 222255 13325
206560 222618 16058
208051 223245 15194
219029 225687 6658
221829 228129 6300
220931 231363 10432
220993 231429 10436
217015 231627 14612
217627 232089 14462
222301 234366 12065
225216 234729 9513
228622 234894 6272
224967 237534 12567
233716 240009 6293
230145 241791 11646
225213 241890 16677
228022 242418 14396
237134 243408 6274
234256 244695 10439
229353 245190 15837
239352 245652 6300
231874 245685 13811
226999 247038 20039
231501 248358 16857
242618 248919 6301
244489 250767 6278
240538 252252 11714
241254 253044 11790
241484 253077 11593
242361 253605 11244
235087 254694 19607
238074 254727 16653
246109 255288 9179
248401 255816 7415
240500 257961 17461
240410 258720 18310
247674 259182 11508
253439 259710 6271
235027 261360 26333
253760 264693 10933
251538 265518 13980
260587 268356 7769
252756 268620 15864
259150 270105 10955
259105 270930 11825
254097 271392 17295
265466 271755 6289
255834 272250 16416
267933 274593 6660
270878 277530 6652
265352 279906 14554
267113 281457 14344
272730 283668 10938
274313 284658 10345
276030 286968 10938
271029 288585 17556
274802 289542 14740
283444 290103 6659
279008 291753 12745
280383 292314 11931
281550 295548 13998
288036 298485 10449
286588 298716 12128
281319 299211 17892
285546 299574 14028
288915 301620 12705
291366 301884 10518
285485 302247 16762
297942 304227 6285
295341 305085 9744
294030 305910 11880
294861 308319 13458
291456 308814 17358
292418 308847 16429
299672 309012 9340
298240 311916 13676
292179 312576 20397
307074 313368 6294
296635 314160 17525
301947 315744 13797
309943 316272 6329
306224 317361 11137
302286 318879 16593
304752 319869 15117
300824 320463 19639
301268 321189 19921
310634 322113 11479
300829 322212 21383
298845 322905 24060
309930 325314 15384
304802 326172 21370
314517 326370 11853
314625 326436 11811
316827 326997 10170
303697 328482 24785
315482 329538 14056
313820 330132 16312
325986 332277 6291
330406 336699 6293
331016 337656 6640
326097 338514 12417
326482 338877 12395
318372 339900 21528
333411 340065 6654
336923 343200 6277
331622 346104 14482
331802 349371 17569
342908 352506 9598
340388 353133 12745
339563 353925 14362
343413 354222 10809
345153 355608 10455
351044 357324 6280
353745 360030 6285
353977 360261 6284
354462 360756 6294
354840 361482 6642
351288 362109 10821
351595 362406 10811
357010 367950 10940
358172 372636 14464
359044 373527 14483
363496 376299 12803
371311 377586 6275
367255 378048 10793
366686 381150 14464
375280 381942 6662
371958 382899 10941
372649 383592 10943
373479 385176 11697
368823 385704 16881
380644 386925 6281
380566 388806 8240
376685 390093 13408
379511 390324 10813
377482 390456 12974
385083 391380 6297
385866 392502 6636
389712 396363 6651
390192 396825 6633
391138 397419 6281
391148 397782 6634
391701 398343 6642
385851 399465 13614
385934 400488 14554
386395 402567 16172
396262 402897 6635
396801 403095 6294
391491 405669 14178
397946 408375 10429
397842 408705 10863
408278 414579 6301
403686 414612 10926
408547 415206 6659
398105 416592 18487
400463 417021 16558
408756 419199 10443
402049 419859 17810
402467 420387 17920
412463 422004 9541
405789 422532 16743
413344 423786 10442
411397 424314 12917
418705 425007 6302
419469 425766 6297
418217 425964 7747
415546 429132 13586
414614 430749 16135
418997 430749 11752
417721 432201 14480
418291 432894 14603
426376 433026 6650
427950 434610 6660
428671 434973 6302
423048 435732 12684
428090 439032 10942
425866 439230 13364
422715 441144 18429
435863 442134 6271
428688 444444 15756
434832 445269 10437
428133 446853 18720
428389 448404 20015
432161 448602 16441
432862 449625 16763
444388 450681 6293
441254 451704 10450
443567 452661 9094
447425 454080 6655
438882 455004 16122
441757 455598 13841
434288 455928 21640
437865 456786 18921
441949 457215 15266
451392 458106 6714
443019 458832 15813
445608 459063 13455
443125 460911 17786
446262 460977 14715
453687 460977 7290
447654 463749 16095
451985 464442 12457
449852 464838 14986
455317 466125 10808
450569 466719 16150
456612 468732 12120
459322 469755 10433
459691 470745 11054
461045 471504 10459
459771 471867 12096
465934 472230 6296
463611 472791 9180
466347 472824 6477
467458 473748 6290
461715 476091 14376
467405 479193 11788
465330 479457 14127
474310 480612 6302
465586 480678 15092
470142 481074 10932
475245 481536 6291
472081 482889 10808
477928 484209 6281
473094 485628 12534
467596 485661 18065
475547 486420 10873
481631 488070 6439
482256 492063 9807
482194 492624 10430
488895 495528 6633
489331 496122 6791
488162 496683 8521
490736 497376 6640
482881 498729 15848
493151 499422 6271
493092 499752 6660
493386 500016 6630
493472 500214 6742
493494 500346 6852
483113 500412 17299
485027 500742 15715
490592 503811 13219
498486 504768 6282
488726 505428 16702
485578 505857 20279
492406 506913 14507
497166 507705 10539
493886 509091 15205
499076 509223 10147
495562 509718 14156
502980 509784 6804
503652 509949 6297
492828 509982 17154
504858 511137 6279
496879 512787 15908
496078 513051 16973
507513 514173 6660
497995 515889 17894
503406 516120 12714
500150 516285 16135
505958 516417 10459
505150 516648 11498
503735 517968 14233
513335 519618 6283
511138 521598 10460
517203 523479 6276
510441 523743 13302
507649 524073 16424
515446 524271 8825
514458 525261 10803
515577 526515 10938
521582 527868 6286
517135 527934 10799
518741 530211 11470
522568 533379 10811
522862 533808 10946
519827 534303 14476
523756 534666 10910
529569 535986 6417
527463 537801 10338
522297 539583 17286
526288 540672 14384
523247 541101 17854
527281 541101 13820
537818 544467 6649
520414 544830 24416
527696 545160 17464
540256 550077 9821
544262 550539 6277
539134 551067 11933
546446 553080 6634
539599 553278 13679
539150 553311 14161
543290 553740 10450
540950 555324 14374
544903 555885 10982
540847 556017 15170
544775 558063 13288
545954 560076 14122
546650 561297 14647
548425 562386 13961
548182 562749 14567
557480 563772 6292
550215 564003 13788
553767 564630 10863
549118 567303 18185
549597 567864 18267
561663 568326 6663
558788 569712 10924
555164 571065 15901
563120 572715 9595
557758 575883 18125
559623 575916 16293
570108 578325 8217
565536 579051 13515
572972 579249 6277
567395 582318 14923
571542 582879 11337
571636 586146 14510
572494 586476 13982
569869 587367 17498
581970 588258 6288
582556 588852 6296
573237 588918 15681
575918 589776 13858
580214 594693 14479
586033 596970 10937
578779 598323 19544
589880 600336 10456
595692 602349 6657
595623 603042 7419
586793 603306 16513
591260 603405 12145
594041 605121 11080
600503 606837 6334
600602 606903 6301
597118 607926 10808
599532 610137 10605
606148 612447 6299
596979 614130 17151
608190 614823 6633
603540 615087 11547
610847 617166 6319
599014 617496 18482
600641 620103 19462
606282 620565 14283
614303 620598 6295
605919 620631 14712
603434 622677 19243
608823 623535 14712
613618 625416 11798
605184 626736 21552
612902 627924 15022
612613 628485 15872
622995 629277 6282
614793 629310 14517
621767 632709 10942
619618 634128 14510
617364 634986 17622
621990 635118 13128
619524 635580 16056
626378 636933 10555
626145 637329 11184
623203 638286 15083
620530 638682 18152
633893 640530 6637
631603 640926 9323
630264 641025 10761
630944 641586 10642
620190 643071 22881
637293 643566 6273
636470 644523 8053
636547 644853 8306
637338 645414 8076
638201 645480 7279
639737 646371 6634
638952 646767 7815
638517 647790 9273
632740 648615 15875
635179 648648 13469
641403 648648 7245
627167 649110 21943
629393 650562 21169
638638 650958 12320
645488 652608 7120
647591 653862 6271
641066 654060 12994
645334 655776 10442
637366 656601 19235
650468 656766 6298
642202 657162 14960
651786 658086 6300
648351 658944 10593
639268 660990 21722
654568 665016 10448
645097 666039 20942
658440 668877 10437
654081 669042 14961
658886 669537 10651
665241 671517 6276
657182 671649 14467
657601 671814 14213
660958 672474 11516
665590 675576 9986
670934 677589 6655
672807 679107 6300
673612 680691 7079
672510 680922 8412
671574 682605 11031
666018 682935 16917
673431 684618 11187
669722 685410 15688
676526 688413 11887
682096 688743 6647
679516 690096 10580
683519 690162 6643
679339 693825 14486
681933 693858 11925
680374 694980 14606
688359 696333 7974
685957 696762 10805
689094 698610 9516
685928 699501 13573
688692 699633 10941
686536 701580 15044
692908 703362 10454
688194 703923 15729
699268 705540 6272
694356 705573 11217
692390 706101 13711
693550 706167 12617
700192 710985 10793
704578 711216 6638
692991 711513 18522
705886 713064 7178
697468 715110 17642
710223 716859 6636
706617 717420 10803
712450 719103 6653
710281 720720 10439
707175 722139 14964
709747 723492 13745
718157 724812 6655
714991 724911 9920
715608 726066 10458
717285 726099 8814
724584 730884 6300
727386 738177 10791
727534 738342 10808
733472 739761 6289
729017 740487 11470
735933 742566 6633
737035 743325 6290
730972 743622 12650
737741 744381 6640
738325 744612 6287
730981 745734 14753
737427 747879 10452
742500 748770 6270
738674 749133 10459
744179 750453 6274
739836 750981 11145
740157 752433 12276
745801 756261 10460
752419 758736 6317
745898 758934 13036
750132 758967 8835
746042 759891 13849
749651 760452 10801
750217 762993 12776
753673 764115 10442
759140 766227 7087
753407 767877 14470
754885 769263 14378
753708 769956 16248
752981 770385 17404
753505 771375 17870
765577 771870 6293
766000 772398 6398
761519 772563 11044
762744 773190 10446
766548 773190 6642
761567 775830 14263
767541 775830 8289
765374 776325 10951
766223 779592 13369
774720 781077 6357
770418 782331 11913
771983 782430 10447
768822 783651 14829
771510 785631 14121
779225 785796 6571
773645 785928 12283
773422 786918 13496
776009 787578 11569
778932 789855 10923
785367 791637 6270
784891 792429 7538
775736 793386 17650
777849 796158 18309
779675 796554 16879
779176 797082 17906
778249 797214 18965
781850 799821 17971
796846 803154 6308
788260 803748 15488
790857 804540 13683
792092 805530 13438
794329 806388 12059
792184 807840 15656
798288 808896 10608
795243 810744 15501
791712 811074 19362
793110 811404 18294
795441 813153 17712
808484 814770 6286
798202 815496 17294
808928 815562 6634
807514 817971 10457
799014 818136 19122
796960 819654 22694
813468 820116 6648
803248 820281 17033
811018 822426 11408
813617 824439 10822
814740 825198 10458
815924 826848 10924
817151 827871 10720
812673 829323 16650
819260 832590 13330
816345 833052 16707
817907 833316 15409
819082 833547 14465
823364 835725 12361
816820 836253 19433
825858 839520 13662
833588 841005 7417
829491 842490 12999
829116 843579 14463
830923 843612 12689
837112 850872 13760
841031 851466 10435
845243 851532 6289
841633 854337 12704
840084 854568 14484
845261 856185 10924
845801 856449 10648
844484 857472 12988
857078 863742 6664
853561 864369 10808
855533 866349 10816
855232 866877 11645
856450 869847 13397
855768 870243 14475
866327 872850 6523
863759 872949 9190
859494 873279 13785
858875 874269 15394
864741 874401 9660
868014 874401 6387
865973 876777 10804
866732 877602 10870
860036 877635 17599
864474 877701 13227
870328 879912 9584
866714 880902 14188
864446 881661 17215
876425 883080 6655
874470 888921 14451
877028 889680 12652
884838 891495 6657
886067 892716 6649
882360 893310 10950
883176 894102 10926
891985 898260 6275
890465 901395 10930
895711 901989 6278
895763 902055 6292
895980 903375 7395
891358 905817 14459
893524 906114 12590
899042 909282 10240
903385 910041 6656
905946 912582 6636
906319 912615 6296
907074 917895 10821
912513 918786 6273
908351 919149 10798
910447 920898 10451
909986 920931 10945
912125 922251 10126
912193 922647 10454
915160 926112 10952
911341 926805 15464
921269 927564 6295
920104 929181 9077
917187 932415 15228
927454 933735 6281
923473 934296 10823
917446 935154 17708
929096 935748 6652
925668 936606 10938
932799 939081 6282
934237 940533 6296
930691 941490 10799
937323 943965 6642
929620 944031 14411
939415 945714 6299
941400 948024 6624
941471 948123 6652
931058 948717 17659
938397 949212 10815
935399 949377 13978
935371 950070 14699
939331 950664 11333
944073 951588 7515
937043 951984 14941
940515 952116 11601
932774 952512 19738
939021 952776 13755
941562 953436 11874
941130 954921 13791
949242 955878 6636
939868 956142 16274
939197 956538 17341
944623 958089 13466
949180 959343 10163
942491 960696 18205
941707 960828 19121
953915 963534 9619
945795 963831 18036
958280 965019 6739
947307 965250 17943
959588 965877 6289
959975 966273 6298
954954 968022 13068
947020 968286 21266
961861 968517 6656
960421 970794 10373
951009 971454 20445
958088 972543 14455
968325 974622 6297
961114 974985 13871
968517 975150 6633
968558 977790 9232
971567 977856 6289
964889 978153 13264
962247 979440 17193
966835 981189 14354
974939 983829 8890
974024 984819 10795
978894 985182 6288
971726 986337 14611
979182 986436 7254
968986 986832 17846
977527 988482 10955
977942 988515 10573
977629 988680 11051
984551 991188 6637
985399 991683 6284
977909 991815 13906
987165 993465 6300
986622 997425 10803
983726 998250 14524
984759 999240 14481
988241 999636 11395
995348 1001649 6301
989853 1001946 12093
994394 1004982 10588
990335 1005378 15043
991197 1005741 14544
991393 1007688 16295
995015 1008645 13630
998585 1009041 10456
996875 1009173 12298
1004034 1010922 6888
1000745 1012077 11332
998842 1013496 14654
1007430 1013760 6330
998262 1014387 16125
1008435 1014717 6282
1004959 1015773 10814
1007489 1018974 11485
1006303 1020294 13991
1013406 1021548 8142
1011675 1022472 10797
1006985 1022670 15685
1016540 1023198 6658
1017653 1024155 6502
1009175 1024947 15772
1020761 1027422 6661
1018753 1029204 10451
1023473 1029765 6292
1023528 1029798 6270
1025494 1032141 6647
1016582 1034847 18265
1028814 1035111 6297
1029740 1036530 6790
1029650 1040094 10444
1030745 1041183 10438
1034589 1043955 9366
1031656 1046298 14642
1036142 1046958 10816
1032903 1047387 14484
1044488 1051215 6727
1036926 1051611 14685
1039218 1053030 13812
1035979 1053129 17150
1046911 1053624 6713
1044298 1055241 10943
1044930 1055373 10443
1040185 1056264 16079
1045817 1056693 10876
1051782 1058079 6297
1047330 1058145 10815
1047748 1058541 10793
1044421 1058673 14252
1054435 1060719 6284
1055236 1061874 6638
1052400 1062336 9936
1057452 1064085 6633
1051090 1065999 14909
1059969 1066263 6294
1051871 1066329 14458
1054460 1066626 12166
1056677 1069266 12589
1062738 1069464 6726
1056000 1070949 14949
1060331 1071213 10882
1065679 1071972 6293
1062992 1072005 9013
1066097 1072368 6271
1061415 1073556 12141
1061820 1073622 11802
1069467 1075767 6300
1067031 1076691 9660
1063463 1076757 13294
1071423 1078077 6654
1067444 1078242 10798
1072887 1079166 6279
1073395 1080321 6926
1073924 1080849 6925
1073285 1083720 10435
1078696 1084974 6278
1079176 1085832 6656
1079275 1086426 7151
1070685 1088934 18249
1076628 1089330 12702
1079149 1089957 10808
1081092 1091904 10812
1080252 1094841 14589
1085331 1095765 10434
1090095 1096392 6297
1094075 1100352 6277
1088673 1100550 11877
1088451 1102134 13683
1091830 1102266 10436
1093203 1102497 9294
1097061 1103718 6657
1092842 1105038 12196
1095000 1105434 10434
1092761 1107216 14455
1096942 1111671 14729
1095186 1112001 16815
1107358 1113651 6293
1094818 1114674 19856
1101151 1116687 15536
1101788 1118040 16252
1104314 1118403 14089
1106278 1118403 12125
1112495 1119888 7393
1104616 1121142 16526
1107563 1122891 15328
1106722 1123947 17225
1115602 1123980 8378
1114667 1124310 9643
1117282 1124607 7325
1111359 1125300 13941
1120399 1127049 6650
1108023 1127478 19455
1121461 1128105 6644
1112484 1129689 17205
1119294 1130646 11352
1126558 1133748 7190
1127572 1133847 6275
1110831 1133946 23115
1120320 1134474 14154
1131434 1137708 6274
1123311 1138203 14892
1124225 1140315 16090
1125584 1140942 15358
1124841 1141899 17058
1137723 1144011 6288
1126369 1145694 19325
1134593 1145760 11167
1127148 1146354 19206
1133285 1147212 13927
1142328 1149192 6864
1143376 1150017 6641
1134645 1150875 16230
1140940 1151832 10892
1132658 1153614 20956
1148958 1155264 6306
1140790 1155396 14606
1151406 1157706 6300
1146880 1161336 14456
1146225 1162656 16431
1147713 1162689 14976
1152097 1162920 10823
1155746 1166055 10309
1159401 1169850 10449
1159680 1170477 10797
1159980 1170609 10629
1161652 1172457 10805
1164253 1173348 9095
1162457 1173711 11254
1164166 1173843 9677
1164335 1174767 10432
1169351 1175988 6637
1155673 1176879 21206
1163566 1178001 14435
1173252 1179552 6300
1168125 1179618 11493
1165329 1181169 15840
1175123 1181400 6277
1175532 1181994 6462
1164047 1183710 19663
1175852 1184568 8716
1166234 1184799 18565
1167989 1185492 17503
1168003 1186152 18149
1175202 1186812 11610
1179069 1186878 7809
1181512 1187802 6290
1181834 1188495 6661
1179636 1188924 9288
1171360 1189122 17762
1182905 1189188 6283
1173179 1190739 17560
1173884 1191102 17218
1186039 1192323 6284
1187388 1193676 6288
1184264 1193709 9445
1175994 1194237 18243
1182934 1194765 11831
1181197 1194996 13799
1184300 1198428 14128
1191955 1198593 6638
1185627 1199220 13593
1189249 1200243 10994
1196379 1203015 6636
1198290 1204566 6276
1192033 1205424 13391
1195458 1205886 10428
1201209 1207866 6657
1201641 1208460 6819
1194344 1209021 14677
1194817 1209417 14600
1202989 1209714 6725
1203714 1211067 7353
1206163 1212453 6290
1203936 1214730 10794
1204165 1215720 11555
1202979 1216479 13500
1211721 1217997 6276
1213008 1219647 6639
1208915 1219845 10930
1202255 1220043 17788
1205103 1222353 17250
1214622 1222452 7830
1211665 1222749 11084
1207427 1224993 17566
1219934 1226214 6280
1222598 1229151 6553
1219281 1230207 10926
1214955 1231725 16770
1222287 1232715 10428
1222331 1232781 10450
1223885 1234332 10447
1232000 1238292 6292
1228287 1239051 10764
1228435 1242318 13883
1225454 1243638 18184
1237731 1244364 6633
1237162 1246443 9281
1236952 1247895 10943
1239059 1249908 10849
1245014 1251294 6280
1237855 1251690 13835
1246489 1252779 6290
1245848 1253604 7756
1247826 1254099 6273
1247129 1254165 7036
1250071 1256706 6635
1251374 1258026 6652
1245202 1258092 12890
1243664 1258125 14461
1248169 1258620 10451
1253032 1260270 7238
1244563 1260699 16136
1247602 1262085 14483
1246484 1262910 16426
1256768 1264032 7264
1258163 1264857 6694
1259055 1265352 6297
1256092 1266540 10448
1257301 1268124 10823
1251324 1268883 17559
1261545 1271424 9879
1258592 1272018 13426
1267052 1273338 6286
1254790 1274361 19571
1263899 1274394 10495
1258201 1274790 16589
1269250 1275912 6662
1258701 1276869 18168
1261618 1277397 15779
1260034 1277463 17429
1261136 1278321 17185
1260734 1280136 19402
1271962 1282908 10946
1273524 1284624 11100
1282220 1288881 6661
1278672 1290168 11496
1277027 1291488 14461
1285544 1292181 6637
1279508 1293468 13960
1287980 1294623 6643
1288386 1295613 7227
1282171 1297923 15752
1285362 1299837 14475
1293967 1300662 6695
1288840 1301751 12911
1297066 1303368 6302
1297607 1303896 6289
1294336 1305546 11210
1299513 1306173 6660
1292601 1307493 14892
1293006 1308516 15510
1298065 1309011 10946
1303925 1310232 6307
1306418 1313070 6652
1306544 1313202 6658
1302502 1313862 11360
1307952 1314225 6273
1302042 1316502 14460
1303433 1319076 15643
1304069 1319274 15205
1311537 1321980 10443
1305243 1322046 16803
1315172 1324719 9547
1316396 1326831 10435
1309510 1327491 17981
1312231 1327887 15656
1321041 1330593 9552
1321089 1332045 10956
1320259 1334718 14459
1327933 1337853 9920
1337110 1343760 6650
1333617 1344552 10935
1338204 1344849 6645
1336059 1350525 14466
1344310 1350987 6677
1341644 1352076 10432
1338903 1354947 16044
1349772 1356069 6297
1344101 1357620 13519
1346972 1357983 11011
1344775 1358181 13406
1347901 1358346 10445
1345480 1361283 15803
1339599 1361910 22311
1355653 1361943 6290
1354210 1364649 10439
1350915 1365012 14097
1358495 1365144 6649
1356429 1367223 10794
1363734 1370028 6294
1356180 1370787 14607
1361512 1371942 10430
1362548 1372998 10450
1367200 1378014 10814
1365174 1380324 15150
1366218 1380423 14205
1369714 1380654 10940
1370459 1381512 11053
1371369 1381842 10473
1380386 1386660 6274
1373453 1387617 14164
1377697 1388508 10811
1382331 1388607 6276
1378343 1389135 10792
1379022 1390224 11202
1381336 1391775 10439
1375755 1392534 16779
1388508 1395174 6666
1388989 1395273 6284
1386305 1397319 11014
1384713 1399167 14454
1392865 1403820 10955
1396052 1406856 10804
1396484 1407285 10801
1401851 1408143 6292
1403417 1409694 6277
1396164 1409760 13596
1400653 1412103 11450
1405809 1412466 6657
1407007 1413291 6284
1403170 1413621 10451
1401228 1415205 13977
1409058 1419495 10437
1412231 1423158 10927
1421350 1427646 6296
1413301 1427778 14477
1424109 1430385 6276
1418106 1431441 13335
1422205 1433025 10820
1427604 1433883 6279
1422516 1433949 11433
1428829 1435467 6638
1417144 1435500 18356
1425964 1436424 10460
1432580 1438866 6286
1430483 1441341 10858
1435149 1441440 6291
1426331 1442397 16066
1432356 1442397 10041
1428811 1443024 14213
1419943 1443222 23279
1430007 1444509 14502
1438820 1445103 6283
1430472 1447446 16974
1433127 1447974 14847
1442677 1448964 6287
1435314 1449822 14508
1432209 1450647 18438
1433000 1451175 18175
1440129 1453584 13455
1434199 1454838 20639
1448606 1455168 6562
1443183 1456785 13602
1446992 1456917 9925
1442116 1458468 16352
1447445 1459095 11650
1445697 1459986 14289
1451343 1461801 10458
1448278 1464012 15734
1451977 1464078 12101
1450039 1465134 15095
1454723 1465530 10807
1453326 1467345 14019
1451668 1467378 15710
1456915 1468071 11156
1458002 1470513 12511
1454226 1470810 16584
1460603 1471074 10471
1464836 1471470 6634
1454470 1474077 19607
1466511 1474341 7830
1469705 1476354 6649
1466022 1477476 11454
1460036 1478466 18430
1473219 1479489 6270
1465849 1479984 14135
1473641 1480281 6640
1474356 1480644 6288
1473881 1480809 6928
1474486 1481139 6653
1471373 1481832 10459
1467069 1483350 16281
1475337 1486485 11148
1471984 1486650 14666
1475308 1488762 13454
1473974 1491171 17197
1486741 1493019 6278
1478047 1493349 15302
1488120 1494768 6648
1479107 1496088 16981
1492036 1498695 6659
1490831 1500279 9448
1485008 1504272 19264
1493097 1507506 14409
1488099 1507539 19440
1497418 1509783 12365
1498639 1510476 11837
1493130 1510773 17643
1504640 1510938 6298
1496421 1511037 14616
1498157 1511697 13540
1505381 1512027 6646
1496871 1512093 15222
1509923 1516218 6295
1502147 1518330 16183
1503389 1519551 16162
1513928 1520211 6283
1515905 1522554 6649
1506606 1522818 16212
1508413 1523115 14702
1518276 1524567 6291
1513517 1524732 11215
1515391 1526250 10859
1519597 1526250 6653
1517460 1529154 11694
1521341 1529880 8539
1520079 1530507 10428
1513453 1531629 18176
1518438 1533444 15006
1520022 1533642 13620
1520760 1533708 12948
1522987 1534533 11546
1525424 1535886 10462
1530182 1536480 6298
1530133 1536777 6644
1527651 1538460 10809
1520904 1539120 18216
1527477 1542816 15339
1533005 1543443 10438
1538505 1545159 6654
1536287 1546215 9928
1530609 1546512 15903
1533579 1548954 15375
1539894 1549284 9390
1545712 1551990 6278
1548438 1555158 6720
1539577 1556445 16868
1547416 1558227 10811
1552029 1558326 6297
1548739 1559613 10874
1553740 1560042 6302
1553911 1560570 6659
1550399 1561197 10798
1547476 1562253 14777
1544431 1562352 17921
1549019 1562649 13630
1545116 1563771 18655
1545508 1563771 18263
1554924 1566576 11652
1556122 1566939 10817
1561302 1567599 6297
1561378 1568193 6815
1562184 1568457 6273
1551623 1569513 17890
1554520 1572615 18095
1560619 1575090 14471
1570366 1577004 6638
1566730 1577532 10802
1569813 1584297 14484
1579343 1590270 10927
1575980 1590435 14455
1585540 1592184 6644
1580387 1592943 12556
1583770 1593636 9866
1590022 1596672 6650
1591583 1598223 6640
1584219 1598388 14169
1584788 1598421 13633
1592535 1598817 6282
1583807 1599312 15505
1589176 1600104 10928
1586201 1602612 16411
1592963 1603404 10441
1593248 1604526 11278
1598228 1605153 6925
1592265 1606143 13878
1589835 1606638 16803
1602980 1609641 6661
1599820 1610268 10448
1600524 1613997 13473
1602020 1614096 12076
1607855 1614492 6637
1601673 1614690 13017
1603378 1615317 11939
1609463 1615746 6283
1609780 1621983 12203
1613901 1624359 10458
1618487 1624788 6301
1621008 1627659 6651
1617280 1627725 10445
1617363 1628286 10923
1621844 1628550 6706
1617655 1631586 13931
1617029 1635150 18121
1623074 1635777 12703
1623452 1636206 12754
1621884 1638384 16500
1624428 1638549 14121
1632544 1638846 6302
1621268 1639044 17776
1622479 1639143 16664
1634247 1640529 6282
1626559 1641024 14465
1637907 1644555 6648
1635736 1646205 10469
1640738 1647030 6292
1630438 1647558 17120
1641037 1647756 6719
1642137 1648416 6279
1633624 1649274 15650
1640449 1651254 10805
1644222 1655115 10893
1650095 1656369 6274
1646353 1656798 10445
1646330 1659834 13504
1655950 1662243 6293
1657337 1663629 6292
1654151 1664586 10435
1653716 1664652 10936
1659052 1665345 6293
1661871 1668150 6279
1660735 1670889 10154
1658041 1671945 13904
1667949 1674585 6636
1669776 1676433 6657
1671768 1678050 6282
1672289 1678578 6289
1674284 1680558 6274
1667633 1682241 14608
1674444 1683264 8820
1673509 1683957 10448
1673133 1684419 11286
1680280 1686927 6647
1678178 1687125 8947
1683176 1689468 6292
1674143 1690128 15985
1675876 1691580 15704
1686615 1692900 6285
1679969 1693362 13393
1682140 1693593 11453
1680841 1694253 13412
1684483 1698510 14027
1682345 1698972 16627
1689452 1699896 10444
1682158 1700424 18266
1684600 1701480 16880
1682257 1702206 19949
1692632 1704615 11983
1687852 1706331 18479
1700145 1706793 6648
1702031 1708311 6280
1690751 1710126 19375
1699622 1710786 11164
1701794 1712601 10807
1695063 1713096 18033
1702429 1717386 14957
1707483 1718409 10926
1708790 1719333 10543
1702654 1720653 17999
1714145 1720785 6640
1703378 1721214 17836
1705201 1722468 17267
1709546 1723920 14374
1717350 1723986 6636
1719698 1726362 6664
1721562 1727847 6285
1715471 1728540 13069
1722764 1729035 6271
1716226 1731246 15020
1720628 1731444 10816
1725930 1732203 6273
1727602 1734249 6647
1725838 1736790 10952
1730713 1737351 6638
1727258 1737714 10456
1732347 1739001 6654
1727435 1742400 14965
1728503 1742961 14458
1738057 1744710 6653
1738676 1746261 7585
1732766 1747746 14980
1735666 1750122 14456
1736195 1750320 14125
1745141 1751442 6301
1743708 1753059 9351
1747122 1753785 6663
1748587 1754874 6287
1749213 1756425 7212
1741738 1757052 15314
1743015 1757613 14598
1752252 1758537 6285
1753230 1759527 6297
1754207 1760517 6310
1744789 1760583 15794
1750585 1765071 14486
1755342 1769823 14481
1759109 1769922 10813
1756797 1772199 15402
1766075 1772430 6355
1763117 1774377 11260
1764752 1775004 10252
1760962 1775664 14702
1761314 1775895 14581
1765327 1776423 11096
1763604 1777545 13941
1766930 1777743 10813
1773459 1779756 6297
1771702 1780911 9209
1768628 1781208 12580
1771421 1782231 10810
1772970 1783947 10977
1776182 1787115 10933
1770798 1789128 18330
1782074 1792527 10453
1786993 1793418 6425
1785275 1795629 10354
1783556 1795893 12337
1784128 1797477 13349
1790816 1797477 6661
1784193 1797642 13449
1786523 1797939 11416
1795254 1801536 6282
1792086 1802526 10440
1786894 1803813 16919
1792531 1804341 11810
1798043 1804704 6661
1794662 1805595 10933
1794330 1807344 13014
1803095 1809390 6295
1802992 1809819 6827
1798629 1811964 13335
1807046 1813317 6271
1806345 1816782 10437
1807209 1819191 11982
1810951 1821996 11045
1811372 1822359 10987
1816279 1822920 6641
1811417 1823613 12196
1813698 1824504 10806
1818495 1825131 6636
1815088 1828728 13640
1813712 1829355 15643
1822957 1829619 6662
1814600 1831269 16669
1825827 1832127 6300
1819277 1832259 12982
1820372 1832622 12250
1824919 1838529 13610
1833845 1840575 6730
1831281 1841730 10449
1839177 1845822 6645
1832243 1846845 14602
1836322 1850805 14483
1845000 1851300 6300
1837335 1851795 14460
1841863 1852818 10955
1844588 1855524 10936
1849276 1856646 7370
1850787 1857438 6651
1849037 1859979 10942
1845989 1860210 14221
1854068 1860342 6274
1855357 1862025 6668
1855753 1863444 7691
1846221 1864269 18048
1854773 1865688 10915
1861038 1867338 6300
1852668 1867371 14703
1852590 1867503 14913
1855849 1870605 14756
1859467 1873443 13976
1858612 1875423 16811
1865932 1877469 11537
1871450 1877733 6283
1867010 1877964 10954
1864314 1878723 14409
1872583 1879218 6635
1860906 1880142 19236
1873940 1880604 6664
1868767 1881825 13058
1870277 1882386 12109
1876642 1883937 7295
1874579 1885389 10810
1876244 1887171 10927
1877069 1887534 10465
1870595 1887666 17071
1877676 1889382 11706
1881857 1889778 7921
1871219 1890471 19252
1875124 1890900 15776
1887192 1893837 6645
1874043 1894167 20124
1891351 1897632 6281
1891475 1897764 6289
1881951 1897797 15846
1881960 1898457 16497
1893775 1900074 6299
1890237 1900668 10431
1897255 1903539 6284
1896881 1903737 6856
1896922 1904364 7442
1898564 1904859 6295
1894262 1905057 10795
1894438 1908291 13853
1899551 1910370 10819
1896488 1911426 14938
1901957 1912416 10459
1900148 1913505 13357
1908175 1914462 6287
1909153 1915452 6299
1910352 1916640 6288
1904205 1917201 12996
1907132 1918059 10927
1912694 1919346 6652
1905086 1919907 14821
1913780 1920435 6655
1910729 1921854 11125
1908376 1923042 14666
1915689 1930302 14613
1926799 1933074 6275
1919377 1933833 14456
1930930 1937628 6698
1928503 1939311 10808
1924503 1939476 14973
1926919 1940796 13877
1934853 1941522 6669
1930095 1941555 11460
1936582 1942875 6293
1937398 1943733 6335
1937246 1943898 6652
1934406 1944657 10251
1930279 1944888 14609
1939442 1946076 6634
1934492 1947363 12871
1932778 1948749 15971
1944497 1951158 6661
1945748 1952412 6664
1946671 1952973 6302
1941960 1954095 12135
1948076 1954722 6646
1943662 1955052 11390
1944787 1955580 10793
1949644 1955943 6299
1951633 1957923 6290
1951933 1958220 6287
1955591 1961883 6292
1951268 1962081 10813
1952413 1966272 13859
1953169 1968615 15446
1962798 1969077 6279
1951501 1969869 18368
1951727 1970529 18802
1964430 1970727 6297
1953962 1970793 16831
1964916 1971321 6405
1963872 1974819 10947
1970191 1976469 6278
1966852 1980033 13181
1970952 1981749 10797
1970883 1981815 10932
1977109 1983399 6290
1978496 1984785 6289
1969912 1985181 15269
1971331 1986963 15632
1971457 1987623 16166
1981251 1987887 6636
1974638 1988415 13777
1982713 1989009 6296
1984084 1990725 6641
1977163 1991649 14486
1980113 1992309 12196
1978749 1993134 14385
1984775 1994454 9679
1989612 1995906 6294
1991056 1997358 6302
1982952 1997457 14505
1988324 1998777 10453
1989092 2000625 11533
1995645 2001945 6300
1991211 2003067 11856
1996983 2003265 6282
1999288 2005575 6287
1993026 2006994 13968
2002615 2008908 6293
1989808 2008974 19166
1998890 2009337 10447
2000007 2011020 11013
2002854 2012439 9585
2006211 2012505 6294
2006859 2013561 6702
2007932 2014584 6652
2000523 2016003 15480
2004735 2017290 12555
2010964 2017620 6656
2007482 2018280 10798
2009591 2020029 10438
2009761 2020194 10433
2007505 2022273 14768
2015462 2028477 13015
2011669 2029302 17633
2014117 2029500 15383
2014230 2029566 15336
2013328 2031216 17888
2023273 2032305 9032
2012159 2032536 20377
2022190 2032998 10808
2027730 2034021 6291
2027861 2034582 6721
2028471 2034747 6276
2028827 2035341 6514
2019769 2035737 15968
2029861 2036133 6272
2024905 2037354 12449
2030923 2037783 6860
2032038 2038674 6636
2025670 2040654 14984
2036023 2042667 6644
2036908 2043195 6287
2033022 2043888 10866
2029031 2044812 15781
2038319 2048772 10453
2040873 2051808 10935
2044392 2054547 10155
2044298 2054745 10447
2042948 2056923 13975
2050967 2057253 6286
2051645 2058012 6367
2047657 2060058 12401
2050674 2061477 10803
2059472 2065767 6295
2056443 2067384 10941
2062149 2068803 6654
2056995 2070024 13029
2064497 2070783 6286
2054099 2072400 18301
2059909 2073027 13118
2060300 2073621 13321
2059968 2076888 16920
2067781 2078604 10823
2070949 2081772 10823
2069830 2083818 13988
2079280 2085567 6287
2078031 2085798 7767
2071134 2087250 16116
2073529 2091639 18110
2082630 2093058 10428
2076519 2093355 16836
2080961 2094642 13681
2091679 2098338 6659
2092865 2099526 6661
2093506 2099790 6284
2087029 2100153 13124
2095254 2101539 6285
2095857 2102133 6276
2092696 2103156 10460
2097932 2104212 6280
2088802 2105268 16466
2100306 2106951 6645
2101262 2107545 6283
2100953 2107611 6658
2094259 2108403 14144
2105014 2111307 6293
2105020 2111901 6881
2102393 2113188 10795
2101596 2113881 12285
2104724 2115663 10939
2097426 2116224 18798
2106519 2116356 9837
2102380 2118237 15857
2102791 2120349 17558
2111405 2121834 10429
2102610 2122857 20247
2113789 2124606 10817
2116455 2127246 10791
2115096 2129556 14460
2122823 2133615 10792
2123287 2134110 10823
2120087 2134242 14155
2133846 2140479 6633
2126810 2141040 14230
2134768 2141040 6272
2134941 2141601 6660
2129251 2143713 14462
2137105 2143746 6641
2133510 2149026 15516
2135005 2149422 14417
2138154 2149620 11466
2135820 2149851 14031
2137873 2151798 13925
2138892 2151864 12972
2141136 2151897 10761
2139785 2153085 13300
2141872 2155032 13160
2141652 2155164 13512
2149945 2156220 6275
2144727 2157804 13077
2145163 2159289 14126
2149207 2159652 10445
2147584 2160840 13256
2151757 2162457 10700
2157309 2163612 6303
2149771 2163744 13973
2151275 2164041 12766
2148894 2165955 17061
2150787 2166516 15729
2153423 2167374 13951
2163009 2169288 6279
2151494 2169783 18289
2161464 2170377 8913
2155665 2174337 18672
2165161 2175954 10793
2154276 2177076 22800
2156500 2177505 21005
2164136 2177505 13369
2168292 2178726 10434
2165726 2180178 14452
2169354 2181828 12474
2177005 2183280 6275
2177937 2184336 6399
2166952 2185128 18176
2173437 2185392 11955
2178945 2185590 6645
2172531 2185755 13224
2171642 2187405 15763
2180142 2187768 7626
2176119 2188230 12111
2178863 2188230 9367
2177590 2189022 11432
2175822 2192025 16203
2176742 2193015 16273
2187395 2193675 6280
2178743 2194830 16087
2188728 2195028 6300
2185660 2196117 10457
2174324 2196183 21859
2184078 2198361 14283
2177674 2199384 21710
2183992 2202156 18164
2178377 2203014 24637
2194114 2204895 10781
2188974 2206710 17736
2186616 2208921 22305
2189190 2210307 21117
2204829 2211099 6270
2201381 2213409 12028
2201037 2213904 12867
2205394 2215917 10523
2191271 2216577 25306
2195011 2217204 22193
2198487 2217798 19311
2198700 2219019 20319
2209736 2221131 11395
2209671 2221296 11625
2205945 2224398 18453
2210006 2224398 14392
2208960 2224893 15933
2210993 2224992 13999
2211175 2225553 14378
2211434 2225916 14482
2214202 2228160 13958
2217575 2228523 10948
2212249 2228985 16736
2212291 2229645 17354
2209486 2232285 22799
2213861 2232351 18490
2226309 2232582 6273
2224427 2235222 10795
2221134 2235354 14220
2222423 2235486 13063
2213037 2235519 22482
2224529 2235882 11353
2225833 2239017 13184
2213745 2239809 26064
2216664 2240865 24201
2235722 2242020 6298
2230809 2243802 12993
2233264 2244066 10802
2237554 2247993 10439
2234764 2249247 14483
2243432 2250072 6640
2244721 2251359 6638
2248683 2255319 6636
2249335 2255616 6281
2249067 2255715 6648
2241540 2256012 14472
2251743 2258025 6282
2242194 2258685 16491
2248294 2259246 10952
2248648 2259906 11258
2253986 2260368 6382
2251432 2262876 11444
2256812 2263470 6658
2253849 2264790 10941
2253255 2268222 14967
2260612 2271060 10448
2256405 2273436 17031
2258451 2274426 15975
2268939 2275218 6279
2268702 2275350 6648
2265146 2276076 10930
2264895 2276703 11808
2260157 2276736 16579
2261883 2277627 15744
2271247 2280069 8822
2266267 2280861 14594
2276757 2283039 6282
2276860 2283138 6278
2266310 2283336 17026
2269902 2284161 14259
2269299 2286537 17238
2280687 2286966 6279
2281181 2287560 6379
2283088 2289738 6650
2274449 2291289 16840
2286724 2293368 6644
2278483 2293632 15149
2278335 2294094 15759
2277462 2294589 17127
2274479 2295678 21199
2283115 2297328 14213
2294412 2300694 6282
2286811 2301387 14576
2278933 2301849 22916
2291559 2302608 11049
2292490 2303763 11273
2290189 2305677 15488
2286047 2305809 19762
2290277 2305809 15532
2296753 2306931 10178
2300742 2307393 6651
2286016 2309109 23093
2287509 2309538 22029
2287504 2309637 22133
2292817 2310066 17249
2304374 2311584 7210
2305633 2312277 6644
2294896 2312970 18074
2300246 2313201 12955
2303633 2314092 10459
2309336 2315610 6274
2307494 2316468 8974
2311515 2317788 6273
2304238 2320098 15860
2314751 2321022 6271
2314636 2321286 6650
2308410 2321748 13338
2311041 2321979 10938
2316744 2323365 6621
2317799 2324091 6292
2310544 2324289 13745
2315842 2326302 10460
2317336 2327787 10451
2317677 2328909 11232
2318369 2329305 10936
2324144 2331054 6910
2318946 2331615 12669
2322421 2332869 10448
2316481 2333496 17015
2318572 2334090 15518
2329260 2335905 6645
2326247 2339766 13519
2324988 2341515 16527
2332926 2343858 10932
2325489 2344287 18798
2339378 2345673 6295
2325888 2347389 21501
2334220 2349171 14951
2343262 2349534 6272
2340174 2351118 10944
2346108 2352768 6660
2344018 2354517 10499
2342162 2356068 13906
2351094 2357751 6657
2354214 2360490 6276
2350563 2361513 10950
2356587 2363163 6576
2349831 2364285 14454
2360738 2367024 6286
2356315 2367123 10808
2360124 2370555 10431
2365696 2372337 6641
2364285 2373162 8877
2357809 2375109 17300
2368961 2375241 6280
2362503 2377518 15015
2368883 2379333 10450
2363742 2379663 15921
2366707 2381313 14606
2375211 2381874 6663
2373573 2382666 9093
2372759 2382798 10039
2378597 2384877 6280
2375839 2385735 9896
2368782 2385834 17052
2372409 2386296 13887
2369456 2386956 17500
2381123 2387781 6658
2381362 2388342 6980
2379527 2389728 10201
2374691 2390784 16093
2386432 2392731 6299
2388829 2395470 6641
2385706 2396658 10952
2383918 2398704 14786
2384180 2399232 15052
2392821 2399463 6642
2393389 2399661 6272
2389690 2402070 12380
2395726 2402433 6707
2396087 2402730 6643
2393891 2404941 11050
2399609 2405898 6289
2401003 2407284 6281
2401563 2408208 6645
2394781 2409396 14615
2398466 2411046 12580
2407390 2413686 6296
2407076 2413719 6643
2399854 2414379 14525
2402011 2415039 13028
2402235 2415237 13002
2402523 2416491 13968
2405714 2416524 10810
2409263 2418339 9076
2401887 2419626 17739
2406307 2420715 14408
2410704 2421144 10440
2411639 2423685 12046
2405452 2424312 18860
2414292 2426523 12231
2418085 2426985 8900
2416958 2427447 10489
2419781 2427975 8194
2421955 2428602 6647
2419017 2429658 10641
2411906 2431275 19369
2424980 2431671 6691
2418141 2432925 14784
2419011 2433981 14970
2429127 2435631 6504
2428585 2436291 7706
2432402 2439063 6661
2429312 2440119 10807
2430005 2440548 10543
2426154 2441208 15054
2434691 2445564 10873
2434642 2445597 10955
2439675 2445960 6285
2438235 2448666 10431
2436661 2451075 14414
2442636 2452098 9462
2442232 2452692 10460
2437925 2452824 14899
2447001 2453286 6285
2445424 2455662 10238
2447349 2457807 10458
2448201 2458995 10794
2446900 2460381 13481
2445590 2461305 15715
2451165 2462097 10932
2450678 2463087 12409
2452836 2464440 11604
2458050 2464704 6654
2459940 2470875 10935
2461955 2472888 10933
2459032 2473515 14483
2467769 2474043 6274
2467902 2474571 6669
2461307 2476122 14815
2465663 2476320 10657
2466434 2476881 10447
2467204 2478135 10931
2472464 2478762 6298
2465113 2479983 14870
2464945 2480412 15467
2475469 2482557 7088
2467992 2483184 15192
2476816 2486352 9536
2479216 2487276 8060
2469054 2489388 20334
2484081 2490741 6660
2477963 2492424 14461
2480115 2493117 13002
2483338 2493777 10439
2487768 2494074 6306
2488601 2494965 6364
2480523 2499651 19128
2485677 2500278 14601
2483486 2504535 21049
2488120 2505426 17306
2499612 2505954 6342
2492909 2506548 13639
2491194 2507670 16476
2494741 2508726 13985
2492947 2509452 16505
2498822 2509749 10927
2491479 2510310 18831
2504333 2510607 6274
2504997 2511630 6633
2496972 2512191 15219
2496758 2512719 15961
2506708 2513346 6638
2502279 2516349 14070
2510119 2516778 6659
2495497 2517471 21974
2511455 2518098 6643
2508042 2519418 11376
2510262 2521134 10872
2500982 2521761 20779
2520680 2526975 6295
2517662 2528262 10600
2520366 2529813 9447
2520849 2531661 10812
2515683 2531925 16242
2522513 2533311 10798
2517552 2533410 15858
2528390 2534664 6274
2521009 2535225 14216
2519937 2535621 15684
2530136 2536413 6277
2526716 2537172 10456
2537150 2543805 6655
2534568 2545026 10458
2538857 2545521 6664
2534347 2545851 11504
2539497 2546148 6651
2540370 2547006 6636
2540834 2547468 6634
2534582 2548458 13876
2535064 2549547 14483
2541124 2550108 8984
2532337 2551164 18827
2535292 2553342 18050
2539276 2553738 14462
2541120 2554563 13443
2544899 2555949 11050
2544289 2556444 12155
2545304 2556642 11338
2547098 2557005 9907
2551425 2557698 6273
2552609 2558886 6277
2553203 2559546 6343
2553697 2559975 6278
2544354 2560239 15885
2555150 2561790 6640
2551431 2562384 10953
2546906 2562978 16072
2554233 2564661 10428
2555457 2565915 10458
2559816 2566113 6297
2560465 2567103 6638
2556419 2567268 10849
2561143 2567499 6356
2552041 2569677 17636
2559397 2570205 10808
2565691 2572350 6659
2560374 2573142 12768
2566567 2573274 6707
2560948 2578026 17078
2572228 2580798 8570
2573835 2581293 7458
2571591 2582382 10791
2569678 2584098 14420
2564092 2584692 20600
2585612 2591886 6274
2581381 2592183 10802
2579234 2593701 14467
2585640 2596077 10437
2581164 2596143 14979
2592839 2599113 6274
2592693 2599344 6651
2592398 2599410 7012
2594929 2601225 6296
2588535 2601324 12789
2591581 2602380 10799
2581591 2603073 21482
2589790 2603238 13448
2599234 2605515 6281
2587263 2605977 18714
2588804 2606142 17338
2590992 2608122 17130
2595905 2608650 12745
2596722 2609310 12588
2597958 2609904 11946
2599542 2610333 10791
2602581 2611422 8841
2602590 2611785 9195
2602661 2617131 14470
2602628 2618682 16054
2610070 2619639 9569
2612386 2620167 7781
2609566 2620365 10799
2608532 2621058 12526
2607843 2622312 14469
2616423 2623071 6648
2613957 2624457 10500
2619280 2625579 6299
2619696 2626338 6642
2618760 2626701 7941
2620537 2626833 6296
2611211 2628318 17107
2622630 2628912 6282
2624061 2630331 6270
2609775 2630760 20985
2620797 2631420 10623
2619351 2631717 12366
2620923 2632509 11586
2618993 2633103 14110
2616148 2635149 19001
2626081 2635314 9233
2623777 2638449 14672
2632944 2639274 6330
2625885 2640693 14808
2634631 2640924 6293
2626008 2642640 16632
2631738 2642739 11001
2628683 2643036 14353
2629310 2644092 14782
2634367 2645181 10814
2638915 2645214 6299
2635543 2645412 9869
2640556 2646831 6275
2640700 2647359 6659
2636366 2650824 14458
2644848 2651121 6273
2646164 2652804 6640
2641774 2653761 11987
2642964 2657424 14460
2648847 2659668 10821
2650229 2661153 10924
2647793 2662275 14482
2656095 2662737 6642
2657054 2663694 6640
2651358 2665608 14250
2653263 2665707 12444
2660178 2666829 6651
2661096 2667390 6294
2657121 2667555 10434
2661654 2667951 6297
2654051 2668446 14395
2659011 2669964 10953
2662146 2672604 10458
2659597 2673099 13502
2666577 2673231 6654
2659341 2675739 16398
2664673 2675838 11165
2670135 2676795 6660
2663504 2677224 13720
2675822 2682471 6649
2668627 2683098 14471
2668940 2683725 14785
2678056 2684352 6296
2679454 2685738 6284
2679335 2685969 6634
2675197 2686002 10805
2669874 2688840 18966
2682201 2689038 6837
2684707 2690985 6278
2680323 2691117 10794
2682846 2691546 8700
2687228 2693889 6661
2687775 2694417 6642
2689140 2695440 6300
2683771 2696331 12560
2687481 2699334 11853
2690149 2700951 10802
2693596 2702139 8543
2692071 2702436 10365
2688118 2704086 15968
2700273 2706924 6651
2692694 2708871 16177
2698094 2709432 11338
2698558 2709762 11204
2697140 2710125 12985
2694359 2711346 16987
2700420 2713227 12807
2693579 2713260 19681
2707282 2718078 10796
2709765 2720586 10821
2714484 2720784 6300
2708310 2722269 13959
2709947 2724348 14401
2713531 2726559 13028
2712026 2726625 14599
2716732 2727681 10949
2717409 2728242 10833
2717312 2730981 13669
2717279 2732235 14956
2725897 2732532 6635
2723482 2733720 10238
2718804 2734314 15510
2724514 2738505 13991
2720855 2740716 19861
2732974 2741706 8732
2726878 2742135 15257
2727371 2745270 17899
2731965 2745963 13998
2732910 2746095 13185
2731087 2748933 17846
2727609 2749032 21423
2739023 2749263 10240
2740717 2749956 9239
2745454 2751738 6284
2745365 2752002 6637
2731883 2752431 20548
2731178 2752959 21781
2737291 2753916 16625
2750417 2756688 6271
2743413 2757084 13671
2752414 2758701 6287
2747076 2760252 13176
2747098 2762826 15728
2734563 2763552 28989
2751409 2764113 12704
2741503 2764410 22907
2745787 2766654 20867
2747876 2767149 19273
2749241 2767578 18337
2759387 2769921 10534
2753603 2770317 16714
2749885 2771010 21125
2764514 2772165 7651
2766437 2772726 6289
2762056 2772858 10802
2760502 2773419 12917
2754162 2773815 19653
2763645 2774079 10434
2762873 2774805 11932
2757162 2776587 19425
2758391 2777247 18856
2761734 2778237 16503
2767446 2778369 10923
2765493 2780349 14856
2776265 2782923 6658
2771334 2783121 11787
2770956 2783484 12528
2776516 2784012 7496
2786665 2793417 6752
2783802 2794242 10440
2779857 2794341 14484
2784793 2795595 10802
2786635 2797080 10445
2787131 2797938 10807
2785641 2800116 14475
2786024 2800611 14587
2794085 2800743 6658
2791190 2801865 10675
2795045 2803119 8074
2797866 2804142 6276
2799364 2805792 6428
2792673 2806320 13647
2796318 2808102 11784
2803901 2810181 6280
2799810 2810610 10800
2802133 2812590 10457
2804720 2812854 8134
2793962 2813349 19387
2807582 2814834 7252
2807696 2815329 7633
2798902 2815692 16790
2810606 2817771 7165
2810139 2817804 7665
2809247 2820048 10801
2807442 2820444 13002
2814842 2821137 6295
2803208 2823315 20107
2809072 2823546 14474
2810730 2823909 13179
2812105 2824437 12332
2809592 2824767 15175
2814409 2824998 10589
2817949 2825625 7676
2804450 2826549 22099
2814640 2827770 13130
2807499 2827902 20403
2823151 2831070 7919
2825072 2831367 6295
2818905 2831862 12957
2816011 2835030 19019
2818433 2837241 18808
2823304 2837274 13970
2823144 2837604 14460
2819060 2837670 18610
2824967 2839914 14947
2826460 2840079 13619
2831839 2840178 8339
2822866 2840343 17477
2826382 2840772 14390
2826212 2841069 14857
2829863 2844864 15001
2835922 2846382 10460
2831714 2847042 15328
2832329 2847504 15175
2839319 2849121 9802
2843589 2849880 6291
2834502 2853774 19272
2843011 2853807 10796
2838336 2854071 15735
2837923 2854698 16775
2841054 2855655 14601
2844274 2856282 12008
2845364 2858922 13558
2844133 2859549 15416
2849254 2861265 12011
2847715 2866842 19127
2860694 2866974 6280
2857262 2868195 10933
2862588 2868888 6300
2860288 2869614 9326
2871006 2877303 6297
2862454 2877336 14882
2865332 2879811 14479
2875238 2881890 6652
2872862 2882880 10018
2872784 2883243 10459
2869841 2883804 13963
2872478 2884266 11788
2878030 2884332 6302
2868727 2885388 16661
2878807 2888160 9353
2876478 2888523 12045
2881909 2888556 6647
2880046 2890503 10457
2873087 2890767 17680
2874958 2891196 16238
2875785 2891823 16038
2875633 2892351 16718
2885839 2894826 8987
2877771 2895288 17517
2882385 2897895 15510
2881174 2898060 16886
2883606 2898588 14982
2892613 2899248 6635
2893626 2899908 6282
2889094 2900139 11045
2886363 2900898 14535
2892797 2901327 8530
2891343 2902152 10809
2885730 2902581 16851
2898159 2904429 6270
2892473 2904825 12352
2895890 2906343 10453
2894603 2907960 13357
2902389 2908686 6297
2902681 2908983 6302
2902678 2909313 6635
2896222 2910699 14477
2897083 2911557 14474
2901121 2914857 13736
2910938 2917596 6658
2911100 2917761 6661
2913185 2919840 6655
2910581 2921391 10810
2914788 2921424 6636
2912590 2923965 11375
2915852 2926308 10456
2917161 2928090 10929
2926240 2932512 6272
2930140 2936439 6299
2922158 2936637 14479
2931101 2938848 7747
2927116 2939178 12062
2930114 2940564 10450
2926693 2941158 14465
2930844 2941290 10446
2933913 2943369 9456
2933424 2944227 10803
2926889 2946504 19615
2937295 2947065 9770
2925402 2948022 22620
2942779 2949078 6299
2932918 2949738 16820
2939937 2952114 12177
2941874 2953302 11428
2936460 2953401 16941
2934095 2955480 21385
2943182 2956404 13222
2946655 2958582 11927
2952694 2959539 6845
2944596 2959704 15108
2940987 2961387 20400
2938129 2961882 23753
2940439 2962245 21806
2935890 2962476 26586
2956355 2962641 6286
2943817 2962806 18989
2952761 2965677 12916
2946558 2965743 19185
2952668 2966271 13603
2961691 2967987 6296
2961590 2968317 6727
2954403 2968713 14310
2956750 2969340 12590
2962713 2969373 6660
2962980 2969835 6855
2964489 2970759 6270
2959558 2971023 11465
2965046 2971320 6274
2960633 2971452 10819
2961488 2971584 10096
2962940 2973399 10459
2963082 2973894 10812
2958205 2974587 16382
2970291 2976567 6276
2969247 2976666 7419
2969566 2980494 10928
2974781 2981055 6274
2976682 2982969 6287
2978766 2985048 6282
2970699 2985312 14613
2979293 2985576 6283
2976343 2987292 10949
2976046 2987490 11444
2975060 2987985 12925
2979669 2990460 10791
2977515 2992869 15354
2980530 2993694 13164
2987356 2993991 6635
2981145 2995047 13902
2987943 2998380 10437
2984489 2998974 14485
2982398 2999403 17005
2989308 3001515 12207
2990067 3001779 11712
2992545 3002538 9993
2987840 3004914 17074
2994654 3004947 10293
2998875 3005145 6270
3000767 3007059 6292
2998943 3007587 8644
3003589 3009864 6275
3003605 3009897 6292
3003842 3012240 8398
2997396 3012339 14943
3001843 3012636 10793
2997521 3012999 15478
3003580 3015276 11696
3006771 3015507 8736
3010731 3017388 6657
3005438 3018015 12577
3001897 3018675 16778
3015014 3021744 6730
3009429 3022371 12942
3014427 3025374 10947
3013212 3025473 12261
3013891 3026067 12176
3012064 3027420 15356
3022131 3030258 8127
3020928 3031875 10947
3025590 3031875 6285
3016439 3033228 16789
3022297 3033690 11393
3029885 3036165 6280
3030619 3036891 6272
3028848 3039861 11013
3022876 3039894 17018
3034262 3040554 6292
3026144 3042534 16390
3029304 3042666 13362
3024651 3042798 18147
3030692 3042831 12139
3032674 3043293 10619
3029253 3045306 16053
3034917 3045372 10455
3030392 3046527 16135
3042337 3048639 6302
3042425 3049233 6808
3033510 3051774 18264
3032137 3052203 20066
3042173 3053028 10855
3043674 3054480 10806
3044887 3056229 11342
3048850 3056757 7907
3048696 3057318 8622
3050998 3057648 6650
3044669 3059133 14464
3043143 3059397 16254
3043273 3059925 16652
3055860 3062499 6639
3057376 3063654 6278
3057304 3063951 6647
3051218 3067053 15835
3054948 3067449 12501
3054525 3067779 13254
3053779 3068736 14957
3064163 3071673 7510
3063632 3072036 8404
3065069 3072333 7264
3062656 3073455 10799
3067450 3074115 6665
3058068 3074874 16806
3062788 3074874 12086
3069632 3075930 6298
3070915 3077580 6665
3057811 3078042 20231
3058892 3079758 20866
3067991 3080055 12064
3068238 3080748 12510
3070700 3081639 10939
3071901 3082827 10926
3068098 3083025 14927
3072756 3084741 11985
3077201 3085434 8233
3071002 3086556 15554
3072534 3086919 14385
3079310 3087744 8434
3074880 3089592 14712
3076815 3090318 13503
3074921 3090417 15496
3077925 3091308 13383
3076759 3091638 14879
3085994 3092265 6271
3078277 3092760 14483
3084845 3092826 7981
3084112 3092991 8879
3076714 3094641 17927
3085615 3095895 10280
3090225 3096885 6660
3069628 3097677 28049
3088249 3098700 10451
3090645 3100812 10167
3085043 3100944 15901
3091349 3103089 11740
3099135 3105432 6297
3106108 3112395 6287
3106287 3112560 6273
3101965 3112890 10925
3102308 3113121 10813
3103563 3114012 10449
3103755 3114969 11214
3107616 3118401 10785
3108533 3118962 10429
3109929 3119061 9132
3107759 3122724 14965
3110391 3125001 14610
3119147 3125793 6646
3120204 3127014 6810
3121433 3128169 6736
3119384 3129819 10435
3125921 3132195 6274
3127141 3133416 6275
3122184 3136551 14367
3124117 3138597 14480
3132782 3139422 6640
3133543 3140181 6638
3134086 3140742 6656
3129422 3140907 11485
3132799 3143250 10451
3131409 3143613 12204
3129110 3143712 14602
3135356 3146154 10798
3136279 3146715 10436
3141095 3147375 6280
3137953 3148893 10940
3138225 3152193 13968
3137079 3154008 16929
3138655 3154536 15881
3145643 3155295 9652
3149094 3155889 6795
3141883 3156615 14732
3144251 3157671 13420
3150025 3159123 9098
3144942 3159288 14346
3149430 3160245 10815
3154768 3161070 6302
3151113 3161730 10617
3146900 3162984 16084
3157243 3163545 6302
3155312 3166317 11005
3160332 3166614 6282
3162700 3168990 6290
3160218 3169056 8838
3154848 3169452 14604
3162961 3169584 6623
3155875 3169881 14006
3152935 3170673 17738
3155721 3171168 15447
3150337 3172323 21986
3162182 3172983 10801
3162963 3173577 10614
3162971 3174369 11398
3167960 3174600 6640
3169160 3175458 6298
3171573 3177867 6294
3172548 3178824 6276
3173714 3180012 6298
3165936 3180639 14703
3174785 3181431 6646
3179614 3185886 6272
3179025 3189978 10953
3184098 3190737 6639
3185931 3192222 6291
3179571 3193179 13608
3186481 3195918 9437
3187396 3196479 9083
3179711 3197238 17527
3191235 3197535 6300
3188447 3199449 11002
3179788 3199746 19958
3193969 3204894 10925
3191105 3205686 14581
3189452 3207072 17620
3200335 3207600 7265
3192018 3208392 16374
3198629 3209085 10456
3197098 3210603 13505
3197422 3211692 14270
3196905 3212319 15414
3199917 3214332 14415
3200177 3214662 14485
3199460 3214926 15466
3207326 3216213 8887
3210666 3217302 6636
3205455 3217368 11913
3213182 3219480 6298
3205627 3219777 14150
3209477 3219909 10432
3204296 3221658 17362
3213905 3224364 10459
3219506 3226047 6541
3220690 3227334 6644
3210394 3228819 18425
3213059 3231063 18004
3220544 3231360 10816
3225148 3231426 6278
3217594 3233703 16109
3218165 3235617 17452
3224745 3235815 11070
3227125 3238059 10934
3229014 3238719 9705
3228818 3240336 11518
3226551 3241194 14643
3234886 3243999 9113
3235999 3245781 9782
3235882 3246837 10955
3240374 3247068 6694
3234707 3248685 13978
3243057 3249345 6288
3239133 3250071 10938
3235946 3250137 14191
3236846 3251490 14644
3242891 3253338 10447
3239196 3254097 14901
3245022 3255450 10428
3245852 3257232 11380
3246486 3258552 12066
3250374 3259839 9465
3248932 3260037 11105
3254329 3260994 6665
3245306 3262941 17635
3249129 3263535 14406
3257480 3263766 6286
3249881 3264492 14611
3249558 3266835 17277
3255116 3267858 12742
3262422 3269508 7086
3261776 3272214 10438
3259498 3272643 13145
3262274 3272709 10435
3259886 3273732 13846
3258042 3273765 15723
3260271 3274392 14121
3262463 3276900 14437
3263866 3280068 16202
3275037 3281322 6285
3276563 3282840 6277
3277507 3283830 6323
3273581 3284391 10810
3272948 3287427 14479
3275535 3288153 12618
3282309 3288582 6273
3278489 3289572 11083
3280370 3291321 10951
3280561 3291486 10925
3281344 3291849 10505
3286849 3293136 6287
3289474 3295776 6302
3281273 3296964 15691
3287357 3298317 10960
3283561 3299208 15647
3293072 3299373 6301
3293404 3299967 6563
3293743 3300033 6290
3282965 3300132 17167
3289424 3300231 10807
3285575 3300297 14722
3294338 3300990 6652
3286777 3302475 15698
3287718 3302970 15252
3298050 3304323 6273
3295004 3306105 11101
3300465 3307128 6663
3291785 3309339 17554
3298147 3309537 11390
3303490 3309768 6278
3296498 3311583 15085
3301441 3312375 10934
3298958 3313926 14968
3308569 3315213 6644
3306236 3315411 9175
3312349 3319074 6725
3307300 3320196 12896
3311600 3322407 10807
3304926 3323034 18108
3313334 3324552 11218
3318906 3325542 6636
3314845 3325641 10796
3311707 3325773 14066
3320138 3326433 6295
3313164 3327819 14655
3313492 3328908 15416
3316458 3329964 13506
3323525 3332967 9442
3326635 3333495 6860
3315663 3333825 18162
3320851 3334221 13370
3319814 3334716 14902
3319416 3335112 15696
3328691 3335541 6850
3319045 3336201 17156
3325285 3336828 11543
3320967 3337950 16983
3328386 3339204 10818
3330650 3340689 10039
3334254 3340953 6699
3328389 3342075 13686
3324528 3342108 17580
3333320 3342141 8821
3337036 3344154 7118
3324796 3345375 20579
3339893 3346167 6274
3328595 3346365 17770
3342558 3348840 6282
3333354 3349467 16113
3327309 3350688 23379
3344894 3351183 6289
3341080 3351876 10796
3331707 3353493 21786
3344421 3356562 12141
3347449 3357123 9674
3352178 3358476 6298
3344098 3358575 14477
3344324 3358806 14482
3347656 3361479 13823
3347237 3361578 14341
3353464 3361941 8477
3355324 3361974 6650
3352633 3365868 13235
3348199 3368145 19946
3347582 3368508 20926
3357355 3371742 14387
3354971 3374811 19840
3362093 3374943 12850
3359749 3375405 15656
3363584 3375537 11953
3364673 3375702 11029
3357353 3376692 19339
3371574 3377847 6273
3357374 3378771 21397
3372992 3379266 6274
3360066 3379728 19662
3370062 3381015 10953
3376327 3382599 6272
3372802 3383424 10622
3362466 3383523 21057
3366794 3384711 17917
3380305 3386592 6287
3373907 3387747 13840
3374182 3388869 14687
3378087 3389034 10947
3372743 3390783 18040
3376552 3391014 14462
3389666 3395964 6298
3391443 3397713 6270
3385554 3398604 13050
3384985 3399462 14477
3389612 3400782 11170
3390861 3401310 10449
3384518 3402729 18211
3392690 3403125 10435
3388025 3403356 15331
3394240 3405171 10931
3399827 3406491 6664
3399977 3406986 7009
3404974 3411639 6665
3407143 3413421 6278
3399466 3413949 14483
3410099 3416391 6292
3406710 3417150 10440
3407415 3418008 10593
3411305 3420780 9475
3410749 3421209 10460
3414749 3421341 6592
3416430 3422727 6297
3415895 3423090 7195
3416948 3423321 6373
3412311 3426786 14475
3418833 3426786 7953
3417118 3428502 11384
3419563 3430020 10457
3423315 3433749 10434
3423550 3433980 10430
3415872 3434112 18240
3423813 3434739 10926
3429346 3435630 6284
3429713 3440844 11131
3427177 3441636 14459
3433071 3443517 10446
3434265 3445200 10935
3440659 3447444 6785
3440203 3451008 10805
3443768 3454572 10804
3449309 3456816 7507
3444661 3459258 14597
3454077 3460347 6270
3456228 3462525 6297
3451927 3464307 12380
3447944 3464703 16759
3455139 3466089 10950
3459969 3466254 6285
3454836 3468564 13728
3457041 3469059 12018
3454370 3469356 14986
3457650 3469554 11904
3463550 3469851 6301
3460038 3470709 10671
3464919 3471204 6285
3468580 3474867 6287
3462331 3476814 14483
3470191 3476847 6656
3466970 3477903 10933
3463969 3479157 15188
3469142 3479586 10444
3473320 3479619 6299
3474731 3481005 6274
3472605 3482325 9720
3477002 3483447 6445
3478092 3484371 6279
3477990 3485394 7404
3476482 3487341 10859
3477120 3487572 10452
3474641 3489255 14614
3477799 3490476 12677
3476029 3490938 14909
3475366 3492489 17123
3484761 3493215 8454
3487017 3493809 6792
3487436 3493941 6505
3479480 3495657 16177
3487064 3497505 10441
3491940 3498231 6291
3480251 3498759 18508
3489016 3501564 12548
3493924 3504864 10940
3494323 3505128 10805
3499390 3505689 6299
3486354 3506151 19797
3495909 3506349 10440
3499917 3506613 6696
3490564 3508824 18260
3495974 3508857 12883
3498708 3509385 10677
3500506 3511431 10925
3505648 3511926 6278
3495638 3512553 16915
3501296 3514269 12973
3510560 3517338 6778
3507758 3517437 9679
3505573 3523839 18266
3507388 3524268 16880
3508554 3524697 16143
3514358 3525159 10801
3514879 3525819 10940
3519760 3526314 6554
3512902 3529119 16217
3519407 3529845 10438
3525537 3531825 6288
3518520 3531924 13404
3521782 3532221 10439
3526377 3533013 6636
3528048 3534333 6285
3527836 3534498 6662
3528865 3535521 6656
3528716 3541692 12976
3530735 3542748 12013
3528222 3542814 14592
3531999 3542946 10947
3528455 3548028 19573
3534120 3548655 14535
3533993 3549150 15157
3539153 3550107 10954
3546178 3552450 6272
3543707 3554529 10822
3532202 3555420 23218
3547880 3558819 10939
3533879 3559215 25336
3554055 3560865 6810
3555227 3561525 6298
3556135 3562416 6281
3537980 3562515 24535
3539418 3563142 23724
3555290 3566739 11449
3558535 3567366 8831
3561287 3567564 6277
3557686 3568125 10439
3556428 3569973 13545
3558071 3571128 13057
3561483 3573339 11856
3567059 3573339 6280
3560252 3576012 15760
3570931 3577233 6302
3556378 3577266 20888
3567188 3577992 10804
3573865 3580566 6701
3574409 3580698 6289
3574585 3581226 6641
3571244 3582678 11434
3569884 3583239 13355
3572936 3583866 10930
3573069 3583866 10797
3575250 3585450 10200
3579300 3585582 6282
3577084 3586011 8927
3576870 3586440 9570
3576845 3588915 12070
3583449 3589740 6291
3578491 3592974 14483
3585797 3595746 9949
3590317 3596604 6287
3586207 3596637 10430
3592943 3599244 6301
3590311 3601125 10814
3596633 3602907 6274
3591366 3603798 12432
3599083 3605382 6299
3594943 3605877 10934
3596630 3610992 14362
