2338 8613 6275
632 11451 10819
5457 11748 6291
5690 12342 6652
2432 13365 10933
6619 17820 11201
7393 18216 10823
11127 21054 9927
13043 21747 8704
10988 21912 10924
15373 22110 6737
7722 23727 16005
12290 24717 12427
13692 25740 12048
11194 26796 15602
12265 27951 15686
17645 28446 10801
14110 28479 14369
22556 28842 6286
8711 31020 22309
15997 33000 17003
26827 33099 6272
14688 33594 18906
28712 35013 6301
25926 36729 10803
31985 38280 6295
24410 39402 14992
19072 41778 22706
36317 42603 6286
32095 43032 10937
35529 46134 10605
39652 46299 6647
33233 49830 16597
39847 52734 12887
32107 53196 21089
48012 54285 6273
48886 55176 6290
46974 56166 9192
44020 56430 12410
52560 58839 6279
43063 59994 16931
55443 61743 6300
54737 62007 7270
53034 63195 10161
59633 66297 6664
53414 68046 14632
59112 69564 10452
63426 69696 6270
64166 70818 6652
57325 71280 13955
61610 72402 10792
57252 73953 16701
69256 75537 6281
69658 75933 6275
70644 76923 6279
70428 77088 6660
71003 77286 6283
73370 80025 6655
65945 80487 14542
62947 81015 18068
66958 82500 15542
77530 84183 6653
63535 84282 20747
76911 85140 8229
78556 85239 6683
79085 90090 11005
77635 92664 15029
76939 93225 16286
86537 95370 8833
73374 95502 22128
82213 95964 13751
81745 96525 14780
81023 99462 18439
85013 102465 17452
89558 103026 13468
82561 103059 20498
86826 103587 16761
88920 105798 16878
89828 107580 17752
101858 108966 7108
87262 109329 22067
90299 110484 20185
96910 111111 14201
100109 112101 11992
87265 112695 25430
94689 113223 18534
92285 113421 21136
91374 113982 22608
97836 113982 16146
102667 116985 14318
110426 117084 6658
100867 117117 16250
102199 120417 18218
114660 120945 6285
114768 121110 6342
106107 121176 15069
107985 122001 14016
107774 124608 16834
118355 124641 6286
121022 127677 6655
124324 130977 6653
111203 131769 20566
113747 133584 19837
115370 134640 19270
115793 135036 19243
125160 135597 10437
128584 137280 8696
126686 137742 11056
126646 137775 11129
128761 137841 9080
133282 139920 6638
135999 142296 6297
130301 142758 12457
137416 143715 6299
128852 144903 16051
136586 147378 10792
142778 149424 6646
137345 149622 12277
140658 151206 10548
139993 151668 11675
137613 153978 16365
140383 154770 14387
140181 155595 15414
148207 156750 8543
137111 157047 19936
149110 157278 8168
151347 157641 6294
152986 159258 6272
144288 160578 16290
153947 163515 9568
152828 164175 11347
153558 164571 11013
158282 164571 6289
145196 164637 19441
152675 166749 14074
157175 167673 10498
155047 168333 13286
156397 169917 13520
167914 174207 6293
161039 177177 16138
175479 181764 6285
171030 181962 10932
176470 183117 6647
171282 184404 13122
178301 184965 6664
172737 187803 15066
181899 188562 6663
173402 190377 16975
184167 190443 6276
178290 191631 13341
180919 191730 10811
173172 192093 18921
181866 192687 10821
186879 193974 7095
188171 194832 6661
186090 195459 9369
185400 196152 10752
185173 197670 12497
183873 198594 14721
188383 199155 10772
193244 199881 6637
196685 202983 6298
196796 203082 6286
188459 204930 16471
195489 206415 10926
197124 208065 10941
197581 208065 10484
198175 209121 10946
197833 209253 11420
203558 209847 6289
196888 211233 14345
201948 212388 10440
200140 214500 14360
206647 214665 8018
200969 215028 14059
205963 217767 11804
206230 217800 11570
209053 218130 9077
212121 218394 6273
211763 218427 6664
213217 224301 11084
213974 224928 10954
221095 227370 6275
217427 227865 10438
219885 229482 9597
224460 230736 6276
224400 231033 6633
219176 233640 14464
219374 234003 14629
224623 235785 11162
229986 236280 6294
227996 238788 10792
235930 242220 6290
232161 242616 10455
233415 243870 10455
236318 246774 10456
239908 250338 10430
240338 252450 12112
236322 252516 16194
240045 254034 13989
247384 254034 6650
239459 254991 15532
250176 256575 6399
240537 257334 16797
249578 260007 10429
248939 261228 12289
255831 262119 6288
243694 262647 18953
256502 262878 6376
251290 264330 13040
259423 266079 6656
259851 266145 6294
255124 266475 11351
248099 268125 20026
257521 268950 11429
262305 268950 6645
263065 269775 6710
266007 272646 6639
266184 273240 7056
258431 273438 15007
263299 275847 12548
261597 276672 15075
263088 277101 14013
272593 278883 6290
264611 279411 14800
273135 279411 6276
265838 279972 14134
274574 280863 6289
268995 281094 12099
278497 284790 6293
274727 285351 10624
267708 287199 19491
281952 288222 6270
277676 288618 10942
267013 289179 22166
272099 289971 17872
272887 291060 18173
284837 291720 6883
282012 291984 9972
286217 292809 6592
286089 293073 6984
282908 293337 10429
285641 293601 7960
284326 295119 10793
290631 297264 6633
287784 298584 10800
292836 299112 6276
289152 299970 10818
282059 300696 18637
288415 301785 13370
290149 302346 12197
291745 302676 10931
293704 302676 8972
297512 304161 6649
298331 304623 6292
296497 305679 9182
296711 307791 11080
303840 310134 6294
309356 319803 10447
309767 322773 13006
315456 322839 7383
312535 323466 10931
313407 323862 10455
314109 328449 14340
313525 331089 17564
325585 331881 6296
325565 333531 7966
318609 334290 15681
327927 334587 6660
327260 337062 9802
321700 337161 15461
327577 338514 10937
331073 341517 10444
331282 341715 10433
335383 342045 6662
325719 342111 16392
333356 343794 10438
335920 346863 10943
341426 348084 6658
329073 348447 19374
336298 351087 14789
345842 352143 6301
338278 352341 14063
346553 353199 6646
338830 353298 14468
348972 355608 6636
350765 357060 6295
350996 357291 6295
352955 359238 6283
356910 363198 6288
353963 364452 10489
354762 365574 10812
351548 366135 14587
359890 366168 6278
359797 366432 6635
355375 368874 13499
354785 371910 17125
365926 372207 6281
356611 372273 15662
367918 374220 6302
362299 375375 13076
368221 375903 7682
365413 376365 10952
360510 376431 15921
374041 380325 6284
373513 380490 6977
371648 382800 11152
372231 383328 11097
372590 383625 11035
373185 383724 10539
376900 383790 6890
374399 384846 10447
379048 385770 6722
371946 386430 14484
376329 387552 11223
381026 391479 10453
374128 393162 19034
382816 393756 10940
376915 394086 17171
388930 395571 6641
389774 396495 6721
380344 397254 16910
380938 398046 17108
382164 398706 16542
393952 400587 6635
385698 400752 15054
381274 401643 20369
396034 402336 6302
397665 403953 6288
394080 404514 10434
388221 404580 16359
398698 405339 6641
396682 407319 10637
395601 407385 11784
397263 408210 10947
401146 410025 8879
403407 410058 6651
398313 411081 12768
405473 413622 8149
400154 414612 14458
399447 414678 15231
399981 416526 16545
410587 416889 6302
402803 417945 15142
402969 420618 17649
406511 423423 16912
409988 423885 13897
414646 425106 10460
403414 425205 21791
408123 426657 18534
412457 426723 14266
421521 427812 6291
417031 427845 10814
417748 428274 10526
419511 428637 9126
423686 430320 6634
420476 430980 10504
415883 432003 16120
427422 433719 6297
425407 435864 10457
425885 437382 11497
428374 439329 10955
429633 440088 10455
427644 442035 14391
427934 442398 14464
434227 443355 9128
432212 446655 14443
437196 446886 9690
434056 447414 13358
441367 447645 6278
441945 448239 6294
437592 449691 12099
440561 451011 10450
447329 453618 6289
435679 454113 18434
444196 455136 10940
450532 456819 6287
445145 457644 12499
446266 460746 14480
447007 462198 15191
449070 463551 14481
450821 463848 13027
451657 464112 12455
452802 465201 12399
456099 466752 10653
460690 466983 6293
449778 467082 17304
455165 470613 15448
466704 472989 6285
462341 473748 11407
467949 474243 6294
454480 474342 19862
456528 475860 19332
469847 476124 6277
456602 476223 19621
471362 478005 6643
469761 480579 10818
472795 483615 10820
473706 483747 10041
469418 484374 14956
479235 485892 6657
474676 485925 11249
474937 485991 11054
476946 488070 11124
481160 489456 8296
480120 490941 10821
485662 491964 6302
488378 494670 6292
485839 496650 10811
486532 497508 10976
487229 498036 10807
486732 498168 11436
488611 500082 11471
494864 501501 6637
495478 501765 6287
496032 502425 6393
493512 502854 9342
494871 505329 10458
500686 507342 6656
498109 508926 10817
502750 513183 10433
507102 513381 6279
509359 515658 6299
509385 516021 6636
502847 516318 13471
504405 519552 15147
512446 523248 10802
513638 524073 10435
504937 524898 19961
514519 525921 11402
525350 531630 6280
527599 533973 6374
527709 538659 10950
527064 541530 14466
531143 541596 10453
533147 544071 10924
531635 546249 14614
536863 547305 10442
539238 549681 10443
543675 550308 6633
536977 550506 13529
542612 553047 10435
543023 553707 10684
542839 557304 14465
552905 559548 6643
552881 560109 7228
540681 561561 20880
551210 564300 13090
545211 564894 19683
558972 565620 6648
556425 567402 10977
549510 567435 17925
563088 569745 6657
563456 571230 7774
556780 571263 14483
554574 572418 17844
565596 573837 8241
559232 574695 15463
560468 576576 16108
565278 577797 12519
554599 577863 23264
556201 578490 22289
560745 578853 18108
568077 580503 12426
560283 580800 20517
574972 581262 6290
571561 581625 10064
572314 583539 11225
573843 584067 10224
573655 584100 10445
577773 584430 6657
576335 587136 10801
578301 589116 10815
574421 589149 14728
583684 590337 6653
576802 591360 14558
585053 591690 6637
590755 597399 6644
587299 598092 10793
591977 598620 6643
582550 598686 16136
590512 600963 10451
585330 601062 15732
596437 602712 6275
594033 604197 10164
585294 604593 19299
589856 605814 15958
597421 610269 12848
604547 610830 6283
601105 611556 10451
606128 614856 8728
605364 614922 9558
600475 615087 14612
600328 615285 14957
608168 618453 10285
603865 618552 14687
605054 619014 13960
608175 619641 11466
605228 622215 16987
616722 624690 7968
620462 626736 6274
613750 628254 14504
614795 629277 14482
620167 630597 10430
626471 633303 6832
627079 633930 6851
624175 635316 11141
625154 635976 10822
621707 636801 15094
626170 636801 10631
626416 637230 10814
624053 638418 14365
625558 639540 13982
635021 641718 6697
625189 641982 16793
634843 645777 10934
628775 646569 17794
635017 648978 13961
646132 652773 6641
646792 654258 7466
650541 657195 6654
645196 659670 14474
653386 659670 6284
647851 659901 12050
650168 660990 10822
655747 662046 6299
652812 663630 10818
655866 666303 10437
656528 666402 9874
657224 667656 10432
661477 667755 6278
657522 667986 10464
661650 668349 6699
658816 669636 10820
664457 670758 6301
651725 670824 19099
662663 673101 10438
658450 674421 15971
664120 674553 10433
656466 675213 18747
665997 676434 10437
663064 677655 14591
670189 679074 8885
677842 684189 6347
668702 685575 16873
679231 685872 6641
680717 686994 6277
680525 687159 6634
673457 688215 14758
672698 689238 16540
677775 690162 12387
670201 691383 21182
678279 691581 13302
682070 691977 9907
681299 692802 11503
687854 694155 6301
673303 694485 21182
688110 694749 6639
689250 695541 6291
689241 695541 6300
687857 697224 9367
677826 699138 21312
681455 699369 17914
680026 700425 20399
678230 700524 22294
693566 702108 8542
692532 705606 13074
694703 706134 11431
686662 706200 19538
696365 706794 10429
685324 709434 24110
699213 709698 10485
704631 711282 6651
697585 712536 14951
700410 713361 12951
707519 713790 6271
704139 715110 10971
711021 717321 6300
706951 717750 10799
710945 721875 10930
702905 722601 19696
712756 723525 10769
699634 724020 24386
718254 724911 6657
715765 726627 10862
713922 726693 12771
716816 726759 9943
716032 727221 11189
714304 729234 14930
714994 730521 15527
725290 731577 6287
721105 732039 10934
725522 733029 7507
726093 733590 7497
717903 733722 15819
721593 734184 12591
721432 735900 14468
726603 736461 9858
723660 737253 13593
726343 737286 10943
725078 739530 14452
728566 740058 11492
729310 740058 10748
730663 740454 9791
730595 745107 14512
732359 745305 12946
735080 746427 11347
733290 751872 18582
741234 752169 10935
735992 754644 18652
748591 754875 6284
748991 755634 6643
745213 755667 10454
742617 757581 14964
749234 759693 10459
749499 760749 11250
750377 761310 10933
754244 761772 7528
755725 763851 8126
759001 765303 6302
755907 766359 10452
760294 766590 6296
755078 766722 11644
754279 768240 13961
757166 768438 11272
756019 771012 14993
761448 772398 10950
766029 772662 6633
764938 773652 8714
767440 774081 6641
764045 774477 10432
768679 774972 6293
770413 777051 6638
765057 777942 12885
773351 779625 6274
770733 781341 10608
776563 783222 6659
772760 784377 11617
770107 784575 14468
778561 785202 6641
778296 787314 9018
774450 788634 14184
774988 789591 14603
780767 791208 10441
785636 791934 6298
780648 792231 11583
786985 793287 6302
788112 794409 6297
784415 794871 10456
792463 798765 6302
788385 799128 10743
788629 799425 10796
789466 799920 10454
796418 804408 7990
794000 804441 10441
790385 807081 16696
796392 807345 10953
792856 807510 14654
793855 807609 13754
794354 807708 13354
794185 808830 14645
800758 810150 9392
795668 810216 14548
800363 813351 12988
797584 814407 16823
797469 816222 18753
809771 816420 6649
800805 816618 15813
812080 818730 6650
811216 819885 8669
800790 821205 20415
805354 821799 16445
808606 823119 14513
810077 823482 13405
806863 823779 16916
813738 824043 10305
810180 824340 14160
810580 827079 16499
817222 828630 11408
817882 828696 10814
820080 830511 10431
820660 831600 10940
816571 833613 17042
825186 834009 8823
827432 834075 6643
829194 835494 6300
825035 835989 10954
819999 837309 17310
824655 838167 13512
826485 838530 12045
828230 838662 10432
828218 838860 10642
829016 841962 12946
830574 842457 11883
832564 843018 10454
833492 843744 10252
829642 846813 17171
829943 847506 17563
836788 847737 10949
841518 847803 6285
842724 849024 6300
842551 849189 6638
833588 850674 17086
831825 853776 21951
840250 854007 13757
845001 854568 9567
834061 854733 20672
850565 857208 6643
846871 857802 10931
839392 857967 18575
851471 860838 9367
855720 862356 6636
855841 862950 7109
847911 864765 16854
855281 864765 9484
855978 867042 11064
860769 867405 6636
851097 868494 17397
861779 869352 7573
858620 869550 10930
863937 870210 6273
864704 871002 6298
858537 871596 13059
853981 872322 18341
866319 872619 6300
868134 874434 6300
864972 874698 9726
862470 875721 13251
864914 875721 10807
869162 875820 6658
865805 878460 12655
870685 879087 8402
866826 881463 14637
865597 882750 17153
877340 884004 6664
875440 884136 8696
876566 884697 8131
870122 886248 16126
869763 887733 17970
874831 890868 16037
885979 892254 6275
876319 893673 17354
881058 897336 16278
881650 897534 15884
887638 901230 13592
889760 901725 11965
887585 901989 14404
888667 903210 14543
886662 904134 17472
894354 904233 9879
894065 904497 10432
888824 907467 18643
893975 907797 13822
904137 910437 6300
906344 912615 6271
901845 912648 10803
903344 914298 10954
902373 914562 12189
907388 914595 7207
904175 914991 10816
909264 915552 6288
915527 922185 6658
912239 922680 10441
917459 924099 6640
918369 924660 6291
909034 924891 15857
914812 925749 10937
911756 926673 14917
921674 927960 6286
916733 929478 12745
924152 930435 6283
924845 931194 6349
923158 933966 10808
920800 935286 14486
929984 940434 10450
930847 941655 10808
936239 942876 6637
934679 943206 8527
924112 943602 19490
934924 945384 10460
940962 947232 6270
930533 947628 17095
941142 947793 6651
941158 947826 6668
933530 950433 16903
938324 954162 15838
941029 954690 13661
945066 955977 10911
945741 956175 10434
944556 957858 13302
940966 958188 17222
953353 959640 6287
948192 962676 14484
949578 963567 13989
954779 969243 14464
958443 969375 10932
957932 973038 15106
966878 973170 6292
968164 974457 6293
956151 976569 20418
972154 978450 6296
965411 979341 13930
969023 979341 10318
973809 980100 6291
963984 982278 18294
965830 983202 17372
970140 984126 13986
973205 986271 13066
980685 987327 6642
982049 988713 6664
982703 989439 6736
985685 991980 6295
988334 994983 6649
990035 996336 6301
986607 997425 10818
987995 998811 10816
993335 999636 6301
989255 1000197 10942
992152 1001979 9827
997916 1008843 10927
999415 1010229 10814
1004584 1010856 6272
995500 1011714 16214
1003658 1014090 10432
1007553 1014189 6636
1004545 1016301 11756
1009666 1019931 10265
1003728 1019997 16269
1008684 1020954 12270
1015837 1022472 6635
1005490 1022736 17246
1011569 1023495 11926
1006613 1023792 17179
1010748 1024122 13374
1020790 1027092 6302
1014358 1030953 16595
1021803 1032240 10437
1026076 1032372 6296
1023575 1034055 10480
1021741 1036233 14492
1022629 1036926 14297
1021996 1037289 15293
1024562 1038312 13750
1022744 1039401 16657
1028812 1040325 11513
1031348 1040325 8977
1023190 1040820 17630
1027361 1042041 14680
1029744 1043658 13914
1037667 1043955 6288
1034717 1044153 9436
1033875 1048806 14931
1033459 1049400 15941
1033286 1050951 17665
1042271 1051908 9637
1042575 1052238 9663
1043010 1052535 9525
1042319 1054020 11701
1040339 1055076 14737
1039101 1055472 16371
1036162 1055802 19640
1033655 1056198 22543
1049038 1058409 9371
1041115 1058607 17492
1054278 1060554 6276
1042034 1062171 20137
1049832 1063227 13395
1056791 1063425 6634
1045731 1064976 19245
1048931 1065504 16573
1057612 1069200 11588
1050953 1070223 19270
1049860 1073028 23168
1057968 1073556 15588
1067100 1076394 9294
1063978 1076955 12977
1063910 1077879 13969
1064877 1079463 14586
1070962 1080156 9194
1070501 1081311 10810
1068916 1083786 14870
1072069 1084149 12080
1068921 1084182 15261
1076610 1087548 10938
1076913 1087845 10932
1081533 1090221 8688
1080890 1090980 10090
1079376 1095105 15729
1081849 1095831 13982
1081746 1096227 14481
1089250 1096392 7142
1091014 1097679 6665
1092507 1099164 6657
1082510 1099593 17083
1094237 1100517 6280
1083735 1103784 20049
1093110 1103916 10806
1101185 1107843 6658
1099610 1110549 10939
1105022 1111671 6649
1104344 1114773 10429
1108495 1115136 6641
1105517 1115961 10444
1109364 1116027 6663
1109786 1116060 6274
1111019 1117677 6658
1110105 1121076 10971
1115373 1121670 6297
1117442 1124079 6637
1114188 1124640 10452
1110451 1124871 14420
1118377 1127676 9299
1121663 1128303 6640
1119089 1130151 11062
1124705 1130976 6271
1115829 1131042 15213
1117072 1132296 15224
1126740 1133385 6645
1125270 1140249 14979
1134432 1142658 8226
1135641 1146453 10812
1142016 1148301 6285
1139775 1148400 8625
1143224 1149522 6298
1138896 1149687 10791
1140368 1152195 11827
1141048 1155528 14480
1144078 1156056 11978
1145363 1156155 10792
1148361 1158795 10434
1148412 1159356 10944
1153987 1160643 6656
1153188 1161435 8247
1146499 1162656 16157
1151584 1162920 11336
1147264 1163316 16052
1149342 1164735 15393
1150570 1165395 14825
1149481 1165758 16277
1149169 1166616 17447
1155484 1168497 13013
1155964 1170477 14513
1155102 1173744 18642
1170327 1176615 6288
1157874 1176879 19005
1160647 1176978 16331
1160859 1177044 16185
1163196 1177869 14673
1164692 1178496 13804
1169802 1179849 10047
1168789 1179915 11126
1154451 1180542 26091
1161273 1181235 19962
1162147 1181829 19682
1157928 1182720 24792
1165932 1183545 17613
1165290 1185789 20499
1169443 1185954 16511
1174170 1189254 15084
1173247 1189287 16040
1174685 1192323 17638
1175044 1192455 17411
1176769 1192752 15983
1187441 1193808 6367
1178070 1194369 16299
1178281 1194996 16715
1182304 1195260 12956
1178769 1195557 16788
1178508 1195623 17115
1185636 1195788 10152
1181599 1196085 14486
1170909 1196877 25968
1185348 1197603 12255
1179726 1200012 20286
1178953 1200342 21389
1180172 1200606 20434
1184005 1200837 16832
1186421 1201002 14581
1193999 1201068 7069
1183342 1201134 17792
1185748 1201794 16046
1189671 1204797 15126
1191619 1205589 13970
1195168 1205754 10586
1195975 1206282 10307
1189528 1207503 17975
1186641 1209516 22875
1194292 1211364 17072
1195295 1212915 17620
1206302 1212948 6646
1205384 1214070 8686
1194108 1214268 20160
1188508 1216083 27575
1203986 1216809 12823
1211821 1218096 6275
1206925 1219218 12293
1210589 1221033 10444
1207392 1222518 15126
1213923 1224729 10806
1218594 1224894 6300
1211589 1225620 14031
1208309 1226610 18301
1211166 1227171 16005
1208277 1227369 19092
1216883 1227831 10948
1214716 1227963 13247
1221663 1227963 6300
1212619 1230306 17687
1222013 1230933 8920
1212219 1231329 19110
1214537 1232055 17518
1225939 1232583 6644
1226364 1232649 6285
1226598 1233342 6744
1215316 1234002 18686
1213045 1234959 21914
1222844 1235487 12643
1224246 1235751 11505
1221980 1238754 16774
1224867 1239018 14151
1232815 1242780 9965
1223389 1242978 19589
1232633 1243077 10444
1237718 1244001 6283
1233217 1244034 10817
1234791 1245222 10431
1231782 1247598 15816
1231487 1249809 18322
1243770 1250040 6270
1235600 1250073 14473
1244319 1250601 6282
1236662 1251294 14632
1237341 1251756 14415
1241024 1252185 11161
1251872 1258521 6649
1242395 1259082 16687
1253674 1259973 6299
1245038 1260501 15463
1251447 1262250 10803
1248709 1263174 14465
1256808 1263900 7092
1255097 1265913 10816
1255916 1266870 10954
1260789 1269873 9084
1258834 1276143 17309
1263753 1276737 12984
1272374 1278651 6277
1268925 1279740 10815
1264431 1282644 18213
1267107 1282710 15603
1273531 1282710 9179
1267353 1285383 18030
1272698 1285449 12751
1273738 1287429 13691
1281600 1289937 8337
1283282 1289937 6655
1284652 1295448 10796
1286273 1297197 10924
1291636 1302444 10808
1297370 1304028 6658
1293346 1304160 10814
1290253 1304589 14336
1294179 1307163 12984
1294473 1307856 13383
1294308 1308780 14472
1299183 1310958 11775
1303132 1311123 7991
1301846 1312773 10927
1297552 1313433 15881
1308304 1314588 6284
1298367 1315248 16881
1298586 1317954 19368
1304588 1318350 13762
1304793 1318977 14184
1305159 1320198 15039
1306767 1320726 13959
1314146 1320792 6646
1312005 1321716 9711
1310925 1324323 13398
1307661 1324389 16728
1312100 1324554 12454
1318417 1324719 6302
1319053 1325445 6392
1303962 1326336 22374
1311170 1326534 15364
1320612 1326897 6285
1320538 1327194 6656
1311298 1328217 16919
1315395 1328844 13449
1318698 1330494 11796
1316554 1331022 14468
1321832 1332639 10807
1317688 1334223 16535
1328164 1334817 6653
1322249 1335345 13096
1318236 1336830 18594
1332405 1338678 6273
1331232 1341681 10449
1332934 1343364 10430
1326299 1343727 17428
1331745 1344486 12741
1338187 1346268 8081
1323035 1346697 23662
1341640 1348281 6641
1342220 1348941 6721
1328455 1349073 20618
1340226 1350855 10629
1333553 1351878 18325
1342538 1356432 13894
1350371 1356663 6292
1351279 1358247 6968
1350346 1362900 12554
1341709 1363197 21488
1356828 1363461 6633
1353683 1364121 10438
1359346 1365639 6293
1344763 1365936 21173
1360569 1367223 6654
1361195 1367487 6292
1352936 1368246 15310
1358266 1368708 10442
1362307 1368972 6665
1364321 1370622 6301
1365660 1372305 6645
1367931 1374219 6288
1369448 1376100 6652
1365013 1376892 11879
1363647 1379862 16215
1366374 1380984 14610
1366195 1381149 14954
1372653 1383459 10806
1378344 1384614 6270
1374637 1385076 10439
1379430 1385703 6273
1379178 1385835 6657
1379946 1386627 6681
1380410 1386693 6283
1376515 1387551 11036
1378946 1387782 8836
1374232 1388838 14606
1384002 1390290 6288
1372976 1390389 17413
1383953 1390587 6634
1381337 1391610 10273
1381440 1391973 10533
1385554 1392204 6650
1379609 1392567 12958
1381813 1392567 10754
1385728 1392798 7070
1381886 1393227 11341
1387945 1394217 6272
1388176 1394481 6305
1382528 1395537 13009
1386356 1396527 10171
1390709 1397220 6511
1385834 1398705 12871
1390987 1400421 9434
1386550 1401312 14762
1384541 1401510 16969
1388833 1401543 12710
1389401 1403061 13660
1386231 1404150 17919
1394182 1406658 12476
1400907 1407186 6279
1389399 1407417 18018
1402678 1408968 6290
1399689 1410486 10797
1396708 1410684 13976
1395561 1411938 16377
1406475 1412763 6288
1404417 1413720 9303
1407437 1414083 6646
1407489 1414149 6660
1408321 1414611 6290
1408345 1415007 6662
1401019 1415172 14153
1404677 1415700 11023
1405424 1418868 13444
1408576 1423323 14747
1409951 1424940 14989
1417074 1425963 8889
1415069 1425996 10927
1413442 1426227 12785
1418087 1428537 10450
1415126 1429065 13939
1416587 1429461 12874
1422282 1432200 9918
1420315 1434774 14459
1429227 1435500 6273
1426008 1437711 11703
1420904 1438371 17467
1428850 1439790 10940
1426841 1441011 14170
1428565 1441638 13073
1432772 1442892 10120
1430914 1444410 13496
1429744 1444905 15161
1433154 1445565 12411
1431941 1446555 14614
1431191 1448007 16816
1432507 1448601 16094
1436254 1449129 12875
1442801 1449624 6823
1439842 1452462 12620
1441722 1453089 11367
1435696 1456422 20726
1451988 1458699 6711
1452576 1459227 6651
1449782 1460712 10930
1455036 1461306 6270
1456133 1462428 6295
1448369 1462956 14587
1451093 1465068 13975
1451454 1466058 14604
1457955 1470678 12723
1454207 1471536 17329
1458133 1472526 14393
1458756 1472724 13968
1461181 1475166 13985
1460282 1475430 15148
1462659 1475562 12903
1469486 1475760 6274
1472032 1478334 6302
1460379 1478664 18285
1462432 1478928 16496
1465591 1479192 13601
1470379 1480842 10463
1467835 1480974 13139
1465615 1481997 16382
1467012 1484439 17427
1478422 1485066 6644
1475777 1486584 10807
1473799 1487277 13478
1480007 1489191 9184
1479451 1490247 10796
1483564 1490445 6881
1485561 1492590 7029
1482017 1493910 11893
1485363 1495791 10428
1489874 1496517 6643
1480486 1497210 16724
1491982 1498266 6284
1482752 1499322 16570
1486591 1499850 13259
1494025 1504833 10808
1497112 1507572 10460
1500438 1510872 10434
1495962 1510938 14976
1497176 1512687 15511
1503514 1514964 11450
1506087 1516647 10560
1507789 1518231 10442
1506991 1519353 12362
1513798 1520442 6644
1511084 1520970 9886
1506709 1522455 15746
1506287 1522686 16399
1508456 1523445 14989
1518501 1524798 6297
1513018 1524831 11813
1517050 1527504 10454
1515148 1529979 14831
1516328 1530738 14410
1520989 1531431 10442
1526986 1533642 6656
1527352 1534005 6653
1528927 1535787 6860
1525899 1536711 10812
1530502 1537140 6638
1526926 1537899 10973
1533058 1539351 6293
1525634 1539978 14344
1524498 1541727 17229
1529605 1542618 13013
1531401 1543212 11811
1537200 1543476 6276
1536704 1544796 8092
1528899 1544862 15963
1534602 1546413 11811
1536842 1547634 10792
1533674 1548063 14389
1542051 1548690 6639
1540361 1549350 8989
1539693 1550142 10449
1537397 1552881 15484
1543467 1554135 10668
1545075 1556478 11403
1547288 1557237 9949
1553489 1559778 6289
1545799 1560273 14474
1553771 1560405 6634
1553933 1563309 9376
1557266 1563540 6274
1550779 1564926 14147
1555758 1569051 13293
1557782 1569777 11995
1558049 1570305 12256
1564561 1570833 6272
1560592 1571790 11198
1555211 1572087 16876
1565072 1574892 9820
1560820 1575321 14501
1562554 1578093 15539
1564112 1578456 14344
1578834 1585221 6387
1578817 1585452 6635
1579573 1585848 6275
1577252 1587696 10444
1578204 1588653 10449
1586555 1593207 6652
1587042 1593339 6297
1583553 1595715 12162
1585660 1596540 10880
1586648 1597596 10948
1583592 1598190 14598
1585534 1599906 14372
1590697 1600632 9935
1590850 1601655 10805
1589999 1603437 13438
1592344 1604427 12083
1593416 1604922 11506
1592537 1606011 13474
1592580 1606143 13563
1598216 1608024 9808
1596765 1608750 11985
1595881 1609245 13364
1604473 1610763 6290
1605494 1611819 6325
1591599 1611918 20319
1596725 1612578 15853
1606641 1612941 6300
1604020 1614954 10934
1609922 1616208 6286
1599185 1616241 17056
1601924 1616868 14944
1608001 1618485 10484
1605892 1620366 14474
1603070 1620894 17824
1600639 1624062 23423
1618152 1624425 6273
1613737 1624986 11249
1614153 1625580 11427
1608962 1627164 18202
1612733 1627725 14992
1611305 1627956 16651
1615191 1629672 14481
1609663 1630464 20801
1621969 1633929 11960
1623691 1634622 10931
1624227 1635315 11088
1620623 1635942 15319
1623872 1637724 13852
1632299 1638582 6283
1619010 1639176 20166
1622288 1639176 16888
1627751 1640727 12976
1628115 1641354 13239
1624861 1641750 16889
1635200 1641915 6715
1630756 1642014 11258
1627763 1642311 14548
1630347 1642839 12492
1629521 1643862 14341
1633047 1645017 11970
1628991 1645545 16554
1633837 1646106 12269
1633694 1647558 13864
1636417 1648845 12428
1643287 1649571 6284
1643738 1650033 6295
1643561 1650198 6637
1639937 1650891 10954
1646267 1652904 6637
1647324 1654488 7164
1646716 1657293 10577
1647246 1657689 10443
1651815 1658448 6633
1645760 1659504 13744
1646926 1660362 13436
1653753 1660461 6708
1644322 1660890 16568
1654832 1661484 6652
1649324 1662243 12919
1653830 1663365 9535
1653009 1663695 10686
1656082 1663893 7811
1647088 1664190 17102
1648656 1664718 16062
1649610 1666962 17352
1656217 1667226 11009
1661544 1667820 6276
1662280 1668579 6299
1663173 1669470 6297
1659652 1670097 10445
1661887 1673760 11873
1667108 1673760 6652
1663977 1674915 10938
1670046 1676697 6651
1662816 1678017 15201
1671380 1679403 8023
1667751 1681713 13962
1667999 1681812 13813
1672419 1683231 10812
1670019 1683462 13443
1679248 1685904 6656
1668362 1686234 17872
1681905 1688544 6639
1680755 1688874 8119
1683237 1689897 6660
1682620 1689930 7310
1679566 1692801 13235
1680268 1694220 13952
1684838 1696299 11461
1683171 1696926 13755
1687603 1696992 9389
1680881 1697487 16606
1692778 1699071 6293
1683530 1699995 16465
1695776 1702074 6298
1696147 1702437 6290
1693526 1702800 9274
1684908 1703526 18618
1691983 1703757 11774
1697847 1704120 6273
1697084 1704285 7201
1690584 1707321 16737
1693433 1707915 14482
1701497 1708146 6649
1699452 1709895 10443
1704815 1711479 6664
1706199 1712469 6270
1702597 1712997 10400
1707086 1713756 6670
1709332 1715604 6272
1708364 1717551 9187
1701906 1718607 16701
1711036 1718739 7703
1708565 1719729 11164
1708342 1721412 13070
1711414 1721412 9998
1705440 1721907 16467
1709448 1722006 12558
1712832 1723755 10923
1712565 1724811 12246
1711687 1727154 15467
1719474 1728210 8736
1719680 1728738 9058
1724649 1731378 6729
1724785 1731906 7121
1718479 1732962 14483
1722700 1733160 10460
1721238 1734777 13539
1728541 1734843 6302
1718557 1735272 16715
1718585 1735470 16885
1725794 1737021 11227
1717273 1738275 21002
1729224 1738605 9381
1730659 1739166 8507
1733737 1740024 6287
1736991 1743654 6663
1737683 1743984 6301
1730987 1745139 14152
1734585 1745403 10818
1733637 1750056 16419
1737669 1750683 13014
1742010 1752465 10455
1747745 1754016 6271
1740839 1754775 13936
1739928 1755138 15210
1743895 1757382 13487
1752785 1759065 6280
1750259 1760484 10225
1757381 1766094 8713
1752261 1766193 13932
1759115 1766589 7474
1756487 1766919 10432
1760287 1767051 6764
1757214 1768008 10794
1753427 1768800 15373
1755909 1769427 13518
1763337 1770945 7608
1758102 1771968 13866
1762612 1773057 10445
1768126 1774773 6647
1763378 1775598 12220
1766938 1777380 10442
1771561 1777842 6281
1760982 1777908 16926
1766099 1778172 12073
1766644 1778865 12221
1774508 1780779 6271
1774541 1781010 6469
1771342 1781307 9965
1774676 1781340 6664
1768431 1782033 13602
1772240 1783056 10816
1776621 1783254 6633
1778913 1785201 6288
1769972 1785465 15493
1781863 1788138 6275
1767810 1789359 21549
1784215 1791075 6860
1778369 1792494 14125
1787447 1794210 6763
1786693 1797642 10949
1791379 1798038 6659
1782907 1798170 15263
1789233 1800183 10950
1784079 1800480 16401
1795124 1801767 6643
1795521 1802361 6840
1792524 1805496 12972
1797522 1807971 10449
1792744 1811106 18362
1803283 1814208 10925
1803291 1820940 17649
1811396 1821831 10435
1816549 1822821 6272
1812521 1823316 10795
1808467 1823448 14981
1810268 1824141 13873
1811776 1824966 13190
1814808 1825263 10455
1820391 1826682 6291
1820541 1830048 9507
1816377 1830840 14463
1824820 1831467 6647
1819865 1833678 13813
1820642 1835559 14917
1826574 1837374 10800
1828865 1839321 10456
1832972 1839618 6646
1829979 1840146 10167
1837076 1843380 6304
1834659 1845492 10833
1841428 1847703 6275
1833939 1847901 13962
1841871 1848528 6657
1831642 1848594 16952
1839989 1850442 10453
1836033 1850508 14475
1840389 1850838 10449
1837483 1851828 14345
1842067 1852554 10487
1842193 1852686 10493
1846385 1853049 6664
1846543 1853808 7265
1844623 1855557 10934
1844128 1856118 11990
1850106 1856382 6276
1847969 1858791 10822
1854275 1860936 6661
1856008 1862652 6644
1857765 1864401 6636
1852149 1866810 14661
1853381 1867371 13990
1853112 1867569 14457
1861991 1868262 6271
1854787 1868526 13739
1862851 1869219 6368
1853581 1870638 17057
1859778 1871100 11322
1865709 1872354 6645
1870247 1876545 6298
1876281 1882551 6270
1871342 1886313 14971
1880003 1889349 9346
1879169 1889613 10444
1880632 1891065 10433
1878211 1892616 14405
1888143 1894431 6288
1889025 1895322 6297
1881276 1899579 18303
1888886 1899678 10792
1884990 1900206 15216
1895116 1902285 7169
1891314 1903308 11994
1892449 1903374 10925
1899291 1905585 6294
1893622 1906641 13019
1889088 1906872 17784
1886482 1906905 20423
1901804 1909644 7840
1896809 1909710 12901
1903984 1910271 6287
1904544 1911195 6651
1894404 1912614 18210
1898609 1913142 14533
1902787 1917168 14381
1899347 1917564 18217
1907674 1921029 13355
1915974 1922250 6276
1916474 1922844 6370
1913193 1924131 10938
1913872 1924329 10457
1903153 1925055 21902
1919033 1925682 6649
1917212 1931193 13981
1922098 1932909 10811
1919323 1934064 14741
1928057 1934691 6634
1929898 1936176 6278
1929957 1936704 6747
1927807 1939014 11207
1929349 1939476 10127
1929199 1940004 10805
1929830 1940763 10933
1932099 1943040 10941
1931997 1943106 11109
1926832 1943931 17099
1927787 1944558 16771
1938682 1945317 6635
1939315 1946076 6761
1934475 1947825 13350
1936880 1948584 11704
1939083 1949541 10458
1935183 1950762 15579
1943412 1950828 7416
1939781 1953897 14116
1938753 1955778 17025
1935989 1956405 20416
1941213 1957032 15819
1940291 1957197 16906
1951121 1957395 6274
1946081 1957725 11644
1943285 1957758 14473
1951177 1957989 6812
1953160 1959441 6281
1944023 1960365 16342
1949238 1960893 11655
1951015 1961454 10439
1948327 1963467 15140
1949091 1964127 15036
1948094 1966899 18805
1961504 1968153 6649
1959441 1970298 10857
1964405 1970694 6289
1964324 1970958 6634
1962012 1972443 10431
1962026 1972839 10813
1963359 1975776 12417
1963176 1977162 13986
1963581 1977426 13845
1971654 1979835 8181
1969951 1980891 10940
1974953 1981254 6301
1967430 1982607 15177
1972813 1983399 10586
1977239 1983531 6292
1979618 1986270 6652
1976994 1987425 10431
1982090 1988382 6292
1978926 1989735 10809
1975311 1990692 15381
1980962 1992012 11050
1981919 1992375 10456
1982582 1993233 10651
1983639 1994586 10947
1988540 1994817 6277
1982910 1996962 14052
1985913 1998909 12996
1980969 1999635 18666
1993736 2000031 6295
1994293 2000955 6662
1989064 2001153 12089
1994537 2001186 6649
1996147 2002803 6656
1988912 2002902 13990
1986374 2006004 19630
1986390 2007225 20835
2001106 2007753 6647
1990279 2008050 17771
1996220 2008611 12391
1998047 2009271 11224
2004619 2010921 6302
1997695 2011317 13622
1998118 2012340 14222
1994841 2015772 20931
2007043 2016168 9125
2005497 2019633 14136
2007084 2020986 13902
2006539 2022834 16295
2010143 2023032 12889
2008906 2023296 14390
2013013 2023626 10613
2017367 2023659 6292
2006523 2023725 17202
2018546 2025210 6664
2015629 2026431 10802
2013646 2026926 13280
2014679 2027619 12940
2011917 2029533 17616
2014420 2030292 15872
2021024 2034219 13195
2022366 2034483 12117
2020814 2034780 13966
2022076 2036067 13991
2025477 2036661 11184
2020923 2036958 16035
2031600 2040786 9186
2035681 2042337 6656
2025421 2043855 18434
2025802 2043855 18053
2027163 2044482 17319
2028581 2044878 16297
2040170 2046462 6292
2039024 2046858 7834
2029080 2046957 17877
2037241 2047914 10673
2038840 2049729 10889
2036461 2051214 14753
2037285 2051544 14259
2036655 2051742 15087
2039967 2054910 14943
2038552 2057352 18800
2037398 2058144 20746
2034964 2058309 23345
2041723 2058705 16982
2044500 2059629 15129
2054025 2060322 6297
2043884 2060949 17065
2051547 2061477 9930
2040930 2062533 21603
2042359 2062962 20603
2044956 2063985 19029
2049074 2064711 15637
2051494 2066196 14702
2051519 2067087 15568
2049411 2068011 18600
2058575 2069397 10822
2060007 2072433 12426
2057455 2073159 15704
2059591 2073720 14129
2067895 2074182 6287
2060579 2074677 14098
2072135 2078406 6271
2061197 2078868 17671
2069035 2079495 10460
2060052 2081112 21060
2066861 2081706 14845
2077098 2083389 6291
2073157 2083653 10496
2077502 2083983 6481
2070718 2084610 13892
2067077 2084808 17731
2073479 2085369 11890
2075684 2085435 9751
2078952 2085600 6648
2075569 2086392 10823
2066366 2088009 21643
2067549 2088174 20625
2083331 2089626 6295
2083702 2090352 6650
2064842 2091111 26269
2075567 2093190 17623
2076914 2093982 17068
2084056 2098536 14480
2085597 2098998 13401
2081997 2099856 17859
2093900 2100747 6847
2085299 2101143 15844
2090317 2102133 11816
2093514 2102892 9378
2098061 2104806 6745
2087590 2105367 17777
2091478 2106192 14714
2095617 2106522 10905
2100870 2107149 6279
2096367 2109195 12828
2098283 2109855 11572
2095240 2111208 15968
2096025 2112099 16074
2106538 2116983 10445
2102824 2117412 14588
2112130 2118633 6503
2111748 2122560 10812
2116912 2123550 6638
2117295 2123583 6288
2118533 2125167 6634
2116911 2127840 10929
2121916 2128203 6287
2123374 2133813 10439
2117705 2134473 16768
2121437 2135892 14455
2127952 2136651 8699
2126349 2136717 10368
2122263 2137740 15477
2126475 2139951 13476
2132883 2143812 10929
2137515 2144538 7023
2135282 2146023 10741
2132586 2147541 14955
2142485 2148762 6277
2143783 2150082 6299
2140082 2150511 10429
2144711 2151369 6658
2137279 2151765 14486
2139596 2152953 13357
2147479 2154141 6662
2144335 2157111 12776
2151872 2158167 6295
2145838 2158233 12395
2148673 2160906 12233
2147320 2161335 14015
2147249 2161830 14581
2151518 2162325 10807
2148555 2164866 16311
2158714 2165361 6647
2160153 2166450 6297
2164916 2171565 6649
2157299 2171664 14365
2157648 2172159 14511
2166038 2172324 6286
2164838 2175657 10819
2170387 2176680 6293
2171226 2177868 6642
2168706 2179155 10449
2173694 2179980 6286
2175281 2186085 10804
2175065 2189550 14485
2184770 2191068 6298
2185790 2192454 6664
2187171 2193444 6273
2184846 2195787 10941
2181790 2196249 14459
2188726 2199549 10823
2192976 2199615 6639
2194853 2201496 6643
2189724 2202354 12630
2199938 2206215 6277
2193567 2208030 14463
2200657 2211462 10805
2197605 2212881 15276
2193879 2213277 19398
2199017 2213508 14491
2207271 2213904 6633
2207356 2217798 10442
2212048 2218887 6839
2213306 2219580 6274
2210490 2221296 10806
2215127 2221791 6664
2211630 2227566 15936
2222543 2228820 6277
2214722 2229183 14461
2224257 2230932 6675
2223238 2234034 10796
2224213 2235486 11273
2230973 2237631 6658
2229085 2238621 9536
2228617 2239413 10796
2233231 2239512 6281
2234091 2240436 6345
2232191 2242647 10456
2236248 2242911 6663
2236965 2243241 6276
2237887 2244165 6278
2237519 2244363 6844
2236008 2245749 9741
2241527 2248191 6664
2235490 2249016 13526
2240351 2251161 10810
2245396 2251689 6293
2241866 2253438 11572
2247424 2253702 6278
2239449 2256111 16662
2251168 2257464 6296
2251454 2258091 6637
2243502 2258124 14622
2243905 2261226 17321
2255523 2261820 6297
2255790 2262447 6657
2250458 2264328 13870
2252041 2264988 12947
2255177 2265747 10570
2251200 2268618 17418
2246169 2269080 22911
2263729 2270367 6638
2262166 2271357 9191
2262304 2271720 9416
2249743 2272017 22274
2253008 2272149 19141
2264689 2272248 7559
2249814 2272776 22962
2266965 2273238 6273
2266733 2273370 6637
2268289 2274591 6302
2258760 2275284 16524
2267479 2278287 10808
2272812 2281224 8412
2274525 2281752 7227
2275696 2281983 6287
2274007 2284821 10814
2268008 2287032 19024
2278076 2288880 10804
2276620 2290068 13448
2281565 2292510 10945
2283041 2292609 9568
2287203 2293500 6297
2278460 2295348 16888
2284270 2295876 11606
2281841 2296305 14464
2283532 2297988 14456
2291686 2298351 6665
2283097 2299506 16409
2292933 2301057 8124
2295831 2302113 6282
2297076 2303367 6291
2296966 2303631 6665
2296994 2303829 6835
2293694 2304126 10432
2291696 2306667 14971
2294494 2307261 12767
2302447 2308746 6299
2303103 2309373 6270
2305004 2311287 6283
2302244 2313399 11155
2303267 2314191 10924
2305702 2316633 10931
2303248 2316930 13682
2312231 2318514 6283
2314186 2320461 6275
2316664 2322936 6272
2304734 2323926 19192
2316772 2323992 7220
2308300 2324817 16517
2315854 2326665 10811
2320311 2326665 6354
2316763 2327193 10430
2312726 2328546 15820
2322066 2328711 6645
2323260 2329536 6276
2327446 2333727 6281
2319009 2333925 14916
2320099 2334651 14552
2323766 2337159 13393
2330031 2338248 8217
2330459 2340888 10429
2329472 2340921 11449
2327481 2342802 15321
2336848 2343132 6284
2330193 2345574 15381
2330171 2346267 16096
2331586 2346927 15341
2329003 2347257 18254
2341125 2347422 6297
2336734 2347686 10952
2337660 2350161 12501
2340818 2350491 9673
2337472 2351943 14471
2345345 2352801 7456
2347354 2353725 6371
2339295 2353758 14463
2349936 2356596 6660
2349489 2359929 10440
2343609 2360391 16782
2356289 2362569 6280
2352544 2363493 10949
2354195 2364648 10453
2354878 2365308 10430
2352823 2367288 14465
2361836 2368476 6640
2355302 2370588 15286
2360061 2370852 10791
2359926 2374581 14655
2365230 2376033 10803
2364370 2377419 13049
2367099 2378112 11013
2368097 2378541 10444
2370756 2381247 10491
2372611 2381445 8834
2375330 2381610 6280
2377253 2383887 6634
2377389 2384052 6663
2374697 2385504 10807
2379586 2385867 6281
2376290 2387451 11161
2381648 2387946 6298
2383348 2389992 6644
2380140 2392863 12723
2376978 2394216 17238
2381615 2397021 15406
2382735 2397285 14550
2385474 2398275 12801
2386606 2399463 12857
2385684 2400156 14472
2395184 2401476 6292
2394213 2403192 8979
2398119 2404413 6294
2391504 2405733 14229
2393260 2407977 14717
2397987 2408439 10452
2401711 2410617 8906
2404592 2411178 6586
2397173 2411409 14236
2404954 2411706 6752
2401194 2412135 10941
2403896 2412267 8371
2391513 2414841 23328
2404728 2415171 10443
2409244 2415534 6290
2405512 2416458 10946
2406351 2419329 12978
2404993 2419593 14600
2405010 2419659 14649
2414124 2421606 7482
2410812 2421738 10926
2414283 2422101 7818
2403037 2422266 19229
2410103 2422761 12658
2408739 2422794 14055
2419268 2425863 6595
2411824 2425995 14171
2414362 2428041 13679
2416178 2428635 12457
2416153 2430219 14066
2424895 2431176 6281
2421624 2431440 9816
2417958 2432430 14472
2419195 2433651 14456
2423668 2434113 10445
2421572 2435697 14125
2430490 2436786 6296
2428130 2436819 8689
2428721 2437479 8758
2430334 2438007 7673
2420982 2438865 17883
2420579 2438898 18319
2432866 2439525 6659
2424465 2439855 15390
2433661 2439954 6293
2437066 2443716 6650
2433016 2443815 10799
2433022 2444475 11453
2434304 2446191 11887
2440172 2446818 6646
2437524 2447973 10449
2437575 2448006 10431
2442557 2449194 6637
2434035 2451075 17040
2437025 2451702 14677
2446745 2453022 6277
2444211 2454870 10659
2449225 2455497 6272
2449534 2456190 6656
2451236 2457510 6274
2444477 2458170 13693
2453703 2460084 6381
2448108 2460810 12702
2447204 2461899 14695
2444743 2462262 17519
2445545 2462955 17410
2448905 2463318 14413
2452952 2463582 10630
2458427 2464704 6277
2458914 2465199 6285
2460448 2466750 6302
2458230 2468664 10434
2455093 2470215 15122
2464417 2470710 6293
2460873 2473548 12675
2460311 2474274 13963
2468274 2474571 6297
2455458 2474670 19212
2470197 2476848 6651
2473976 2480610 6634
2474282 2480940 6658
2475772 2482062 6290
2476040 2482326 6286
2474352 2485329 10977
2476699 2487144 10445
2481623 2488266 6643
2483657 2490312 6655
2483936 2490906 6970
2485263 2491896 6633
2486548 2492820 6272
2487410 2493711 6301
2482484 2496978 14494
2482953 2497407 14454
2492282 2498661 6379
2494282 2500938 6656
2495158 2505591 10433
2494748 2505657 10909
2492716 2508165 15449
2502086 2508363 6277
2498372 2508825 10453
2498980 2511003 12023
2496105 2511432 15327
2498331 2514600 16269
2505685 2516118 10433
2502786 2517867 15081
2506250 2521893 15643
2509252 2523708 14456
2512995 2523807 10812
2506987 2524764 17777
2519156 2525490 6334
2519296 2525952 6656
2517239 2526975 9736
2516816 2527866 11050
2515991 2530473 14482
2516012 2530473 14461
2520307 2533047 12740
2519804 2534367 14563
2520841 2535027 14186
2530204 2536644 6440
2520258 2537601 17343
2521236 2539152 17916
2523467 2539152 15685
2530718 2541891 11173
2527393 2542419 15026
2533449 2547930 14481
2533834 2553375 19541
2543159 2553606 10447
2546669 2553903 7234
2538085 2554761 16676
2549349 2555619 6270
2543242 2556279 13037
2542070 2556972 14902
2551423 2558061 6638
2544608 2558127 13519
2552168 2558886 6718
2545054 2559513 14459
2543668 2560932 17264
2552240 2560965 8725
2551932 2562384 10452
2552631 2565618 12987
2552207 2567433 15226
2557510 2568588 11078
2558760 2569611 10851
2559258 2570139 10881
2560109 2570931 10822
2567297 2573934 6637
2568146 2574825 6679
2569344 2575617 6273
2565729 2576871 11142
2559742 2578191 18449
2567942 2578389 10447
2567739 2578719 10980
2569150 2580006 10856
2576721 2583372 6651
2577045 2587860 10815
2577104 2587926 10822
2582138 2588421 6283
2578520 2589444 10924
2585010 2593965 8955
2588328 2594625 6297
2577794 2596209 18415
2577188 2596605 19417
2585941 2596737 10796
2591270 2597562 6292
2586987 2597925 10938
2583752 2597958 14206
2589870 2599575 9705
2594022 2600301 6279
2590964 2601060 10096
2591495 2602314 10819
2592072 2604261 12189
2598527 2605251 6724
2599989 2606274 6285
2584512 2607264 22752
2603765 2610036 6271
2589055 2610498 21443
2605851 2612280 6429
2591827 2612412 20585
2602098 2613303 11205
2606797 2613435 6638
2598504 2613798 15294
2597123 2614326 17203
2608683 2614953 6270
2600687 2615052 14365
2605414 2616042 10628
2604898 2618748 13850
2604843 2622312 17469
2617392 2623863 6471
2618835 2625117 6282
2616049 2625414 9365
2620044 2626701 6657
2619244 2628285 9041
2617696 2628648 10952
2620664 2628813 8149
2616995 2629407 12412
2618129 2631420 13291
2625596 2631882 6286
2630672 2636964 6292
2626406 2637360 10954
2623997 2639604 15607
2633708 2640363 6655
2628469 2643696 15227
2631160 2646930 15770
2638117 2647194 9077
2631734 2647293 15559
2632941 2647557 14616
2639148 2647788 8640
2634797 2647887 13090
2634682 2649141 14459
2638785 2649735 10950
2649067 2655708 6641
2647557 2657985 10428
2647280 2658084 10804
2653092 2659734 6642
2656828 2663463 6635
2653115 2664123 11008
2658841 2665476 6635
2659177 2665476 6299
2661166 2667819 6653
2662486 2668776 6290
2662360 2669007 6647
2654063 2669040 14977
2662934 2669568 6634
2663937 2670624 6687
2656946 2670921 13975
2659596 2670954 11358
2664550 2672241 7691
2666128 2673000 6872
2668782 2675442 6660
2672282 2678940 6658
2673507 2679798 6291
2662574 2679831 17257
2673082 2679831 6749
2668621 2683098 14477
2672942 2683395 10453
2675581 2686398 10817
2682255 2688543 6288
2676112 2689170 13058
2682849 2690094 7245
2683791 2690424 6633
2677122 2690655 13533
2684245 2691018 6773
2682842 2693790 10948
2684602 2695407 10805
2686246 2697057 10811
2688006 2698542 10536
2694815 2701479 6664
2687547 2702007 14460
2689734 2702898 13164
2692493 2703195 10702
2692790 2705406 12616
2689031 2706198 17167
2693498 2708706 15208
2692876 2708937 16061
2702428 2709069 6641
2701406 2711874 10468
2702122 2713062 10940
2707465 2713755 6290
2699715 2714745 15030
2699626 2715240 15614
2698633 2715438 16805
2711542 2717814 6272
2707363 2718177 10814
2701911 2718606 16695
2709845 2720289 10444
2699763 2721213 21450
2713691 2724381 10690
2719032 2725305 6273
2715130 2726163 11033
2716573 2727384 10811
2713065 2727483 14418
2720817 2728077 7260
2717522 2728407 10885
2716592 2730948 14356
2724657 2731542 6885
2727003 2733291 6288
2724019 2734677 10658
2725470 2734677 9207
2721045 2734776 13731
2730811 2737647 6836
2720636 2737944 17308
2724170 2738340 14170
2733331 2739627 6296
2721518 2740155 18637
2734760 2741046 6286
2730756 2742564 11808
2731076 2742795 11719
2737885 2744181 6296
2738458 2745105 6647
2728947 2745435 16488
2745318 2751606 6288
2740857 2751804 10947
2741007 2751903 10896
2743016 2753487 10471
2742839 2755071 12232
2745164 2755566 10402
2742465 2755665 13200
2750380 2757018 6638
2745006 2759262 14256
2745852 2759955 14103
2745786 2760516 14730
2745652 2761110 15458
2750433 2762331 11898
2756804 2763090 6286
2746538 2764344 17806
2747851 2764872 17021
2755697 2766126 10429
2749636 2768139 18503
2756244 2768667 12423
2759241 2770053 10812
2761618 2772726 11108
2758974 2774178 15204
2763754 2774574 10820
2770310 2776950 6640
2773307 2779590 6283
2766999 2779656 12657
2772658 2779755 7097
2764500 2780217 15717
2768614 2781867 13253
2770817 2782461 11644
2769492 2782692 13200
2775733 2782956 7223
2777908 2784573 6665
2763966 2785266 21300
2770977 2787609 16632
2773329 2788203 14874
2771501 2788500 16999
2783498 2790711 7213
2781171 2791602 10431
2773611 2792790 19179
2786885 2793549 6664
2788646 2795298 6652
2788863 2795892 7029
2782014 2798136 16122
2787367 2798169 10802
2777540 2799291 21751
2789343 2799852 10509
2790689 2801139 10450
2792075 2801172 9097
2792837 2803350 10513
2796718 2803383 6665
2800810 2807112 6302
2797866 2808663 10797
2803110 2809389 6279
2805051 2811699 6648
2796622 2814174 17552
2805720 2816253 10533
2805433 2817177 11744
2804351 2817210 12859
2806110 2818365 12255
2810064 2819256 9192
2803939 2820873 16934
2818280 2824932 6652
2818957 2825229 6272
2819524 2826186 6662
2820778 2827440 6662
2824265 2831070 6805
2820426 2831466 11040
2822543 2833017 10474
2822542 2833479 10937
2820458 2834832 14374
2823818 2838132 14314
2832170 2838462 6292
2835805 2842092 6287
2826288 2842323 16035
2829679 2843643 13964
2834705 2845128 10423
2827904 2849385 21481
2836567 2849715 13148
2839851 2850837 10986
2830037 2852619 22582
2836794 2853180 16386
2836218 2853840 17622
2848412 2854698 6286
2842020 2855424 13404
2836610 2855886 19276
2841524 2856315 14791
2837379 2857800 20421
2839841 2859549 19708
2854151 2860572 6421
2850825 2861760 10935
2847583 2863377 15794
2849684 2864499 14815
2843650 2864664 21014
2862152 2868426 6274
2854785 2869251 14466
2863575 2869911 6336
2862606 2873211 10605
2866574 2873541 6967
2868142 2874432 6290
2867900 2874630 6730
2868586 2876676 8090
2862068 2876775 14707
2858585 2877039 18454
2863333 2877402 14069
2871530 2877831 6301
2866310 2879976 13666
2867676 2880570 12894
2866693 2880768 14075
2870807 2883078 12271
2876530 2883177 6647
2877221 2883507 6286
2872299 2883672 11373
2869463 2884794 15331
2874584 2886114 11530
2880056 2886345 6289
2878822 2891691 12869
2874395 2892219 17824
2881988 2892912 10924
2884465 2894925 10460
2889111 2895948 6837
2883383 2897763 14380
2885462 2899545 14083
2886860 2900106 13246
2897198 2903472 6274
2898154 2904429 6275
2894493 2906871 12378
2892553 2907168 14615
2893027 2910237 17210
2903872 2910534 6662
2898002 2912547 14545
2898741 2913702 14961
2902875 2916441 13566
2904224 2917167 12943
2911473 2917761 6288
2906063 2918124 12061
2908743 2919675 10932
2910291 2920005 9714
2913209 2920137 6928
2913651 2920302 6651
2906955 2920863 13908
2915664 2921952 6288
2915931 2923041 7110
2911715 2925021 13306
2914158 2925318 11160
2919355 2925648 6293
2920179 2927067 6888
2916514 2927331 10817
2920416 2930169 9753
2925282 2931918 6636
2918432 2933172 14740
2928910 2935185 6275
2929172 2935779 6607
2929244 2935878 6634
2924602 2938023 13421
2925153 2938584 13431
2928780 2939706 10926
2923935 2940003 16068
2930591 2941521 10930
2931136 2941752 10616
2935144 2941785 6641
2930949 2945415 14466
2938772 2948220 9448
2938100 2948913 10813
2940935 2951982 11047
2933720 2952609 18889
2940735 2954127 13392
2944610 2955348 10738
2939863 2956965 17102
2943258 2959308 16050
2947318 2960100 12782
2946361 2961321 14960
2955451 2962113 6662
2952707 2962146 9439
2952851 2962707 9856
2953500 2963928 10428
2952950 2964423 11473
2954335 2964786 10451
2953663 2967129 13466
2961680 2967954 6274
2963968 2970627 6659
2966045 2973201 7156
2968865 2975148 6283
2960727 2975181 14454
2965792 2975247 9455
2964843 2975280 10437
2971112 2977755 6643
2964467 2978448 13981
2965373 2978976 13603
2975199 2981484 6285
2964225 2982144 17919
2962936 2982177 19241
2966545 2982309 15764
2971138 2984949 13811
2969455 2985312 15857
2973496 2985477 11981
2975737 2985873 10136
2979800 2986434 6634
2968230 2988975 20745
2975062 2989536 14474
2984746 2991186 6440
2985014 2991714 6700
2984139 2991912 7773
2982640 2993595 10955
2976086 2994189 18103
2988063 2998512 10449
2993551 2999832 6281
2990073 3000525 10452
2992203 3001218 9015
2988174 3001416 13242
2997205 3003858 6653
2997899 3004650 6751
2989595 3006168 16573
3001781 3008082 6301
2999594 3008676 9082
2994494 3009501 15007
3003754 3010029 6275
2998902 3010293 11391
2997411 3011976 14565
2997198 3012570 15372
2998669 3012603 13934
3002096 3013032 10936
3006965 3013626 6661
3006971 3013626 6655
3003631 3014715 11084
2999920 3015870 15950
2998357 3016530 18173
3012301 3018642 6341
3002133 3019038 16905
3013774 3020424 6650
3012181 3023361 11180
3003652 3023922 20270
3009736 3024219 14483
3010274 3024747 14473
3012906 3027453 14547
3019669 3028575 8906
3023712 3029994 6282
3017471 3030621 13150
3016103 3032238 16135
3007928 3035406 27478
3027170 3036759 9589
3022109 3037650 15541
3026975 3040356 13381
3033346 3040917 7571
3026391 3041346 14955
3033955 3044085 10130
3038047 3044349 6302
3028912 3045108 16196
3034666 3045108 10442
3039652 3045933 6281
3035460 3047814 12354
3042462 3049101 6639
3040108 3051180 11072
3037879 3051840 13961
3042114 3052566 10452
3039202 3054480 15278
3055066 3061410 6344
3051503 3061938 10435
3055896 3062235 6339
3049958 3064413 14455
3054302 3065106 10804
3058222 3068241 10019
3063104 3069759 6655
3056545 3071145 14600
3064951 3071607 6656
3061614 3073422 11808
3059548 3074016 14468
3060824 3074808 13984
3068870 3075171 6301
3065617 3076557 10940
3060584 3076920 16336
3066683 3077613 10930
3071518 3077811 6293
3073930 3080220 6290
3064707 3082563 17856
3061845 3085302 23457
3063036 3085368 22332
3071791 3086226 14435
3075911 3087315 11404
3074394 3088470 14076
3082420 3088701 6281
3082971 3089361 6390
3071804 3089790 17986
3079101 3093090 13989
3088953 3095598 6645
3083266 3097743 14477
3093490 3099789 6299
3087680 3100185 12505
3090704 3101505 10801
3095272 3101571 6299
3095748 3103782 8034
3092217 3107544 15327
3093958 3108435 14477
3095675 3109656 13981
3104066 3110349 6283
3105593 3111867 6274
3105955 3112593 6638
3108184 3114837 6653
3099649 3116322 16673
3100023 3117444 17421
3108882 3119688 10806
3106935 3120645 13710
3107758 3122493 14735
3107843 3123681 15838
3113646 3123912 10266
3108413 3124836 16423
3106694 3125232 18538
3119368 3125661 6293
3111108 3126222 15114
3111841 3126981 15140
3112644 3127641 14997
3111855 3129522 17667
3115499 3129885 14386
3121087 3130776 9689
3116362 3132393 16031
3121749 3132954 11205
3127411 3135561 8150
3120962 3137442 16480
3122661 3137739 15078
3129764 3140577 10813
3134279 3140940 6661
3137115 3143415 6300
3137272 3143910 6638
3138617 3145263 6646
3133327 3145296 11969
3136617 3145824 9207
3132264 3146253 13989
3142037 3148332 6295
3130837 3148530 17693
3134665 3149190 14525
3139611 3149388 9777
3135241 3150675 15434
3136740 3153282 16542
3144366 3153315 8949
3141745 3153579 11834
3135962 3153678 17716
3147541 3153843 6302
3149977 3156615 6638
3150028 3157209 7181
3149096 3159552 10456
3149010 3159849 10839
3154029 3160311 6282
3154245 3160905 6660
3155322 3161961 6639
3146758 3162192 15434
3156507 3162786 6279
3154896 3165789 10893
3154272 3170871 16599
3159439 3171498 12059
3164906 3173610 8704
3163287 3175425 12138
3161611 3176118 14507
3170011 3176646 6635
3162818 3177273 14455
3168227 3179022 10795
3166116 3180705 14589
3176392 3182685 6293
3177157 3183807 6650
3178127 3184401 6274
3174000 3184929 10929
3179274 3185556 6282
3166752 3186315 19563
3166449 3186480 20031
3179248 3187701 8453
3180872 3188229 7357
3176728 3188889 12161
3172233 3193014 20781
3182772 3193212 10440
3187043 3193344 6301
3178653 3196314 17661
3183543 3196974 13431
3178389 3197964 19575
3186383 3199383 13000
3183533 3200274 16741
3190536 3200769 10233
3187328 3200802 13474
3194678 3201099 6421
3185076 3201297 16221
3192260 3202584 10324
3187799 3203541 15742
3186197 3203838 17641
3185866 3204300 18434
3193135 3205488 12353
3190607 3206841 16234
3194736 3207105 12369
3196475 3207666 11191
3190293 3210042 19749
3191537 3210240 18703
3188983 3210372 21389
3200037 3213309 13272
3204372 3213870 9498
3207726 3214002 6276
3207574 3214233 6659
3208523 3214893 6370
3191523 3217368 25845
3197215 3219645 22430
3213240 3219876 6636
3210237 3220173 9936
3207810 3220206 12396
3203593 3220602 17009
3205958 3220668 14710
3211977 3222780 10803
3219009 3225288 6279
3216392 3227334 10942
3214821 3227664 12843
3216401 3227763 11362
3215418 3228126 12708
3222355 3229842 7487
3218280 3230436 12156
3225289 3231954 6665
3206353 3233571 27218
3221946 3234264 12318
3230538 3237201 6663
3231274 3237927 6653
3227059 3241656 14597
3227744 3242712 14968
3237092 3243372 6280
3233049 3243504 10455
3231477 3244791 13314
3235528 3245979 10451
3236728 3247959 11231
3240248 3248784 8536
3240594 3251028 10434
3238802 3251589 12787
3245172 3251820 6648
3248121 3254394 6273
3243145 3254724 11579
3240745 3256044 15299
3243187 3256671 13484
3246392 3256836 10444
3251543 3257826 6283
3252480 3259113 6633
3246914 3259905 12991
3248904 3260433 11529
3255334 3261621 6287
3251224 3262017 10793
3250678 3262050 11372
3250463 3264921 14458
3256218 3264954 8736
3259302 3267297 7995
3253268 3267726 14458
3253975 3268452 14477
3256294 3270993 14699
3254539 3271092 16553
3258550 3272280 13730
3263183 3273996 10813
3260810 3274227 13417
3262527 3275382 12855
3260275 3278088 17813
3267636 3279672 12036
3271068 3279969 8901
3269827 3280266 10439
3267228 3282378 15150
3262607 3282708 20101
3270708 3283698 12990
3275121 3285942 10821
3269487 3287856 18369
3281900 3288186 6286
3265086 3288780 23694
3275413 3290100 14687
3278336 3290331 11995
3276815 3291948 15133
3282229 3293037 10808
3279356 3294291 14935
3284326 3296667 12341
3280696 3297030 16334
3285153 3298977 13824
3280184 3299439 19255
3283002 3300297 17295
3293592 3301089 7497
3294390 3301617 7227
3295175 3301815 6640
3282374 3302244 19870
3290008 3302244 12236
3292102 3302805 10703
3290883 3303432 12549
3295538 3306567 11029
3292551 3307623 15072
3293793 3308547 14754
3295005 3309504 14499
3299179 3309999 10820
3297938 3310164 12226
3304990 3311649 6659
3299793 3312144 12351
3301510 3312903 11393
3302269 3312936 10667
3304446 3315015 10569
3307585 3315279 7694
3308985 3315642 6657
3303178 3317853 14675
3312813 3319272 6459
3306025 3323067 17042
3318168 3324453 6285
3311577 3325047 13470
3307747 3326532 18785
3318944 3326796 7852
3310064 3327621 17557
3319190 3329667 10477
3320881 3330195 9314
3323869 3330525 6656
3316601 3330888 14287
3322829 3333924 11095
3314007 3334155 20148
3331156 3337818 6662
3329294 3339732 10438
3325632 3339996 14364
3334140 3340788 6648
3335466 3341745 6279
3333062 3342867 9805
3336272 3342933 6661
3332060 3343032 10972
3330875 3343362 12487
3336048 3343395 7347
3333867 3345639 11772
3340180 3346464 6284
3334738 3349038 14300
3337925 3350622 12697
3344888 3353031 8143
3347323 3353988 6665
3340529 3355407 14878
3341359 3356166 14807
3343413 3357387 13974
3341363 3358641 17278
3355497 3361776 6279
3344135 3362139 18004
3348030 3362634 14604
3345811 3363921 18110
3345750 3364185 18435
3352092 3365208 13116
3357387 3366726 9339
3360688 3367353 6665
3352995 3367419 14424
3361099 3371544 10445
3361461 3375306 13845
3357446 3375438 17992
3369228 3378309 9081
3365009 3378474 13465
3364781 3378573 13792
3361032 3378672 17640
3368412 3378870 10458
3368855 3380652 11797
3366536 3381147 14611
3376487 3382764 6277
3377567 3383853 6286
3368120 3384909 16789
3370366 3385965 15599
3370703 3386097 15394
3380598 3387549 6951
3377545 3388341 10796
3373239 3388440 15201
3381640 3388440 6800
3383555 3390387 6832
3385799 3392433 6634
3380365 3392631 12266
3380409 3394875 14466
3379669 3395040 15371
3385684 3397152 11468
3391291 3397581 6290
3392261 3398901 6640
3391311 3399627 8316
3388442 3402927 14485
3393610 3405402 11792
3395355 3405798 10443
3399638 3405930 6292
3398260 3406557 8297
3397033 3408504 11471
3399502 3408537 9035
3403728 3410022 6294
3394735 3411012 16277
3405100 3411738 6638
3401696 3412497 10801
3407833 3414147 6314
3397148 3414840 17692
3404813 3415632 10819
3401998 3415698 13700
3410379 3416655 6276
3410432 3421374 10942
3402269 3422100 19831
3412077 3423321 11244
3412372 3424476 12104
3417473 3425235 7762
3419006 3425664 6658
3419283 3425895 6612
3416107 3427677 11570
3406837 3427809 20972
3420124 3431142 11018
3417400 3431802 14402
3419397 3432627 13230
3417771 3433551 15780
3427646 3434739 7093
3425596 3434871 9275
3426067 3435399 9332
3431331 3437610 6279
3431260 3437907 6647
3432005 3438666 6661
3428347 3439722 11375
3427955 3440382 12427
3427591 3440910 13319
3434530 3441933 7403
3424365 3442131 17766
3424767 3444837 20070
3434389 3445200 10811
3433464 3445959 12495
3436375 3446949 10574
3439899 3448995 9096
3443271 3449556 6285
3443109 3449754 6645
3440415 3451206 10791
3436119 3451701 15582
3450518 3456816 6298
3446036 3456849 10813
3446953 3457443 10490
3447951 3458994 11043
3446039 3461700 15661
3447368 3462063 14695
3456327 3462624 6297
3457999 3464274 6275
3456279 3466716 10437
3462019 3468663 6644
3460213 3469455 9242
3462233 3473514 11281
3468263 3474537 6274
3461342 3474636 13294
3465441 3476352 10911
3470047 3476682 6635
3464390 3478365 13975
3469171 3480114 10943
3474897 3482292 7395
3467840 3482325 14485
3471730 3482655 10925
3476789 3483447 6658
3472225 3486186 13961
3480096 3486384 6288
3475192 3489948 14756
3484802 3491103 6301
3483864 3491631 7767
3479620 3493182 13562
3482537 3493347 10810
3487051 3493347 6296
3480925 3495294 14369
3477639 3496317 18678
3491600 3502422 10822
3490859 3505227 14368
3494737 3505689 10952
3500833 3511761 10928
3500324 3512124 11800
3497046 3513411 16365
3498814 3513906 15092
3503236 3513972 10736
3503619 3514599 10980
3501668 3516150 14482
3510336 3516975 6639
3504653 3519219 14566
3505298 3519285 13987
3514072 3520407 6335
3517839 3524136 6297
3507239 3524367 17128
3516345 3526776 10431
3508301 3527106 18805
3520203 3530637 10434
3520898 3531693 10795
3521665 3532122 10457
3522110 3533310 11200
3527265 3533541 6276
3524740 3535224 10484
3527829 3535554 7725
3527029 3535884 8855
3530284 3536940 6656
3523713 3538194 14481
3521444 3539118 17674
3536976 3543276 6300
3534628 3545421 10793
3525973 3546378 20405
3531694 3546543 14849
3541811 3548457 6646
3538706 3548589 9883
3535827 3550305 14478
3538446 3550932 12486
3539936 3553407 13471
3542997 3553440 10443
3540119 3555849 15730
3545865 3556509 10644
3548153 3557136 8983
3549256 3557730 8474
3543415 3558159 14744
3546435 3559314 12879
3554840 3561129 6289
3551970 3562449 10479
3544313 3562680 18367
3548526 3563175 14649
3550391 3565815 15424
3555397 3565848 10451
3556338 3566772 10434
3557619 3568323 10704
3557282 3568818 11536
3557431 3569643 12212
3558264 3570534 12270
3561029 3571458 10429
3564855 3571689 6834
3566992 3573273 6281
3567671 3574329 6658
3568794 3575451 6657
3567025 3578619 11594
3565574 3580038 14464
3569148 3580203 11055
3570957 3581127 10170
3572824 3582975 10151
3575396 3585846 10450
3569318 3586770 17452
3577521 3591555 14034
3575786 3593304 17518
3584722 3595647 10925
3579654 3597726 18072
3594619 3600894 6275
3586578 3601125 14547
3588910 3603369 14459
3586721 3604260 17539
3595428 3605877 10449
3599432 3605943 6511
3590971 3607428 16457
3593086 3607956 14870
3595867 3612015 16148
3597532 3612147 14615
3596863 3615249 18386
