1543 11979 10436
1319 12243 10924
1733 12540 10807
5114 15675 10561
9663 16632 6969
12279 18942 6663
8677 20361 11684
11702 22638 10936
15157 25608 10451
15754 26697 10943
21770 32703 10933
28226 34518 6292
25105 36960 11855
27805 38742 10937
27807 39501 11694
29577 40524 10947
31294 42240 10946
36145 42438 6293
29687 44550 14863
36507 46959 10452
37646 51942 14296
42184 53262 11078
39364 55143 15779
40217 58410 18193
39374 59631 20257
46286 60588 14302
47048 62436 15388
52236 67089 14853
54692 67815 13123
49689 69729 20040
61016 75471 14455
66237 77187 10950
70689 81510 10821
65725 82896 17171
72668 83490 10822
73953 84876 10923
74813 85272 10459
80445 87285 6840
74585 87582 12997
82346 88638 6292
82158 88803 6645
78436 89760 11324
86740 97548 10808
94660 105600 10940
94916 105732 10816
100675 107316 6641
110237 121044 10807
117132 123420 6288
112819 123750 10931
110583 124212 13629
121559 127842 6283
115345 129393 14048
116555 131142 14587
114950 132297 17347
115842 134277 18435
120995 134310 13315
124713 135663 10950
126469 137412 10943
116527 137610 21083
127459 138435 10976
127804 138732 10928
129071 139524 10453
134002 141768 7766
129282 145497 16215
131103 146124 15021
136152 146949 10797
134842 147444 12602
133777 148203 14426
131671 149061 17390
135131 151437 16306
144614 155067 10453
147256 157707 10451
146994 157938 10944
149440 164406 14966
141325 164736 23411
156101 166551 10450
154956 166947 11991
154318 168003 13685
155376 170247 14871
168304 174966 6662
165672 176484 10812
169501 180312 10811
175372 182028 6656
175508 182358 6850
182811 189090 6279
175958 189783 13825
184191 191928 7737
186486 192786 6300
184220 194931 10711
185221 196152 10931
181199 198066 16867
186911 198627 11716
187426 201894 14468
194206 203412 9206
192875 204171 11296
193672 208626 14954
198862 210969 12107
194663 211695 17032
200038 211794 11756
200413 218790 18377
205302 221496 16194
210660 221595 10935
212840 223839 10999
210447 223905 13458
208756 226875 18119
221689 227964 6275
218399 228525 10126
214213 229944 15731
218585 230340 11755
221302 233310 12008
221900 233904 12004
222845 236940 14095
219708 237138 17430
232683 238953 6270
229347 240273 10926
230823 242121 11298
236242 247038 10796
239494 250437 10943
246260 252549 6289
243547 258027 14480
247125 260040 12915
249012 260634 11622
247647 261261 13614
247665 262614 14949
253919 264000 10081
249382 264792 15410
258210 267432 9222
255787 270534 14747
253009 273966 20957
267551 274197 6646
260130 275088 14958
272006 278289 6283
270578 281523 10945
271995 283998 12003
275444 286374 10930
277653 288717 11064
274090 289608 15518
274453 289674 15221
280896 290433 9537
280290 291225 10935
285001 291291 6290
279804 292479 12675
278906 294657 15751
288588 299541 10953
284070 300003 15933
288750 302841 14091
293799 306702 12903
303993 310266 6273
302688 313137 10449
300078 314688 14610
299610 316041 16431
304251 317361 13110
307491 318417 10926
307975 318417 10442
300091 319275 19184
310252 321189 10937
306506 322377 15871
308382 325875 17493
307297 326733 19436
321269 332970 11701
324633 335577 10944
327605 338547 10942
327349 342111 14762
335820 342474 6654
328882 342639 13757
326223 343035 16812
329716 344718 15002
334792 345246 10454
332445 346137 13692
336533 346962 10429
336726 349899 13173
341085 352110 11025
339997 353463 13466
348567 354882 6315
347257 358446 11189
351814 362274 10460
351816 362637 10821
352824 363792 10968
352988 366960 13972
357458 368412 10954
357719 369963 12244
360071 374946 14875
361840 375804 13964
370212 376497 6285
367040 377982 10942
368668 379104 10436
364716 381216 16500
371764 386364 14600
378162 389103 10941
382936 389235 6299
383307 389598 6291
377159 391644 14485
378493 392370 13877
379610 393822 14212
387036 397980 10944
387465 398409 10944
390826 401775 10949
394981 405438 10457
394804 407517 12713
397591 408045 10454
396829 408243 11414
397065 408837 11772
398777 410454 11677
396516 412071 15555
402825 413754 10929
403452 415437 11985
402194 419529 17335
409012 422664 13652
404518 422697 18179
409205 425436 16231
414474 425931 11457
417109 427911 10802
424408 430683 6275
421208 435336 14128
421719 437811 16092
425682 439956 14274
429531 439989 10458
429707 442200 12493
428431 443256 14825
430012 445269 15257
432427 446490 14063
433607 447414 13807
433047 447480 14433
435854 450648 14794
437888 451341 13453
441759 453321 11562
441481 453651 12170
443257 453717 10460
441463 456588 15125
450422 457083 6661
444228 458040 13812
443330 458766 15436
440301 459261 18960
445557 461472 15915
451216 461736 10520
456313 463848 7535
456438 464079 7641
455609 467181 11572
451176 468864 17688
461519 472461 10942
462656 473484 10828
463717 474672 10955
466068 476289 10221
465889 476817 10928
469790 480612 10822
471339 482262 10923
469991 484605 14614
474685 485133 10448
475578 486123 10545
475944 486453 10509
477559 488796 11237
477637 488829 11192
479921 490380 10459
484430 490710 6280
481781 496254 14473
483941 497640 13699
493388 504339 10951
494292 505230 10938
501915 508563 6648
499405 510807 11402
506685 513348 6663
501615 513711 12096
504490 514998 10508
512444 523380 10936
513013 523941 10928
513744 524667 10923
516826 526746 9920
516275 526779 10504
520572 527208 6636
518030 532620 14590
520351 534171 13820
530026 536316 6290
528214 538659 10445
532962 543411 10449
533401 544335 10934
540078 547767 7689
538645 549582 10937
550730 561165 10435
552076 562881 10805
553205 564135 10930
561405 567699 6294
565987 572649 6662
565819 577005 11186
566488 577434 10946
572067 578358 6291
568204 579150 10946
575011 581658 6647
568104 582714 14610
569733 584430 14697
574035 587664 13629
575456 588192 12736
581721 596310 14589
583531 597498 13967
588774 599709 10935
588980 599808 10828
590488 601293 10805
590497 601425 10928
598101 604395 6294
594339 606045 11706
598300 609114 10814
596562 611160 14598
596158 611259 15101
600437 614493 14056
601782 615120 13338
602479 619872 17393
610239 621060 10821
613932 624723 10791
619821 630762 10941
625008 633534 8526
630683 641124 10441
631435 643731 12296
631576 646206 14630
637544 648483 10939
634146 648516 14370
635294 649770 14476
641895 652839 10944
646297 652938 6641
642252 653499 11247
643708 654654 10946
648559 655215 6656
650210 656502 6292
646642 657591 10949
645255 658284 13029
647241 660891 13650
649975 660924 10949
648447 661419 12972
650211 661452 11241
653136 663663 10527
651848 663894 12046
649620 666699 17079
650891 666831 15940
653079 668316 15237
651250 668712 17462
658211 671517 13306
661789 673035 11246
657711 674256 16545
663679 675477 11798
667491 677556 10065
662503 677820 15317
666997 681648 14651
670446 681681 11235
668197 682242 14045
668445 682902 14457
678083 688512 10429
677986 688941 10955
675829 690426 14597
683181 694122 10941
687953 694617 6664
686399 697389 10990
682479 699897 17418
684815 700458 15643
693760 704715 10955
689798 706563 16765
695756 706695 10939
700743 707388 6645
696989 708807 11818
699893 710820 10927
700068 710886 10818
699902 710985 11083
700113 713856 13743
701145 714615 13470
706195 717189 10994
709213 723690 14477
714804 725736 10932
720241 732303 12062
722620 733062 10442
728301 738738 10437
728148 739101 10953
737813 744084 6271
734257 745206 10949
734880 749496 14616
742941 749595 6654
743768 750420 6652
739160 753753 14593
744909 756030 11121
747454 758406 10952
755951 762234 6283
754664 765468 10804
754682 765501 10819
761559 768207 6648
758918 769857 10939
764040 770682 6642
763730 774675 10945
767417 780054 12637
769660 780648 10988
766316 780780 14464
775805 782100 6295
772391 783486 11095
774702 785631 10929
779082 785730 6648
780006 787578 7572
776367 788073 11706
778479 789459 10980
778000 790284 12284
777675 791340 13665
774946 791571 16625
781074 794574 13500
781412 794970 13558
784590 795531 10941
784353 795630 11277
784878 796290 11412
783559 798831 15272
798219 804870 6651
800967 807246 6279
799167 810117 10950
802294 813219 10925
804255 815199 10944
808116 818301 10185
808763 819192 10429
809221 820017 10796
812678 822294 9616
809620 823152 13532
812323 823251 10928
813781 825594 11813
813362 827937 14575
812906 830445 17539
819969 833580 13611
824978 835923 10945
826880 837804 10924
832887 839157 6270
831682 842622 10940
837142 843777 6635
831534 845988 14454
833321 847935 14614
843180 854205 11025
841121 856878 15757
847830 858627 10797
844904 860145 15241
851778 868263 16485
859194 870243 11049
864515 870804 6289
861313 872256 10943
867254 873543 6289
862803 873609 10806
856143 875523 19380
865476 876414 10938
864849 878295 13446
866795 878922 12127
866214 879450 13236
868759 882024 13265
876290 882585 6295
870088 882618 12530
873069 884004 10935
877151 888096 10945
878233 890406 12173
886819 894729 7910
884861 895785 10924
885460 898656 13196
884632 899613 14981
890296 900768 10472
886041 902319 16278
889362 904992 15630
892442 905916 13474
892475 906345 13870
888888 906543 17655
892155 908127 15972
887972 908523 20551
894121 909843 15722
900992 911427 10435
903415 917103 13688
906026 917961 11935
914572 921228 6656
915580 921855 6275
911508 922449 10941
910913 925386 14473
915324 926145 10821
916273 927234 10961
917817 928752 10935
914808 929379 14571
915605 929511 13906
916255 930006 13751
918008 931062 13054
919274 931062 11788
921437 932382 10945
926557 933207 6650
915361 934296 18935
928384 934659 6275
934548 940830 6282
924490 942480 17990
934830 945648 10818
940060 950499 10439
941303 952116 10813
944720 955647 10927
946500 959211 12711
949291 960234 10943
958857 965514 6657
955348 966273 10925
962432 973368 10936
965643 976569 10926
970303 976602 6299
965808 976734 10926
965989 976800 10811
967473 978285 10812
969171 979605 10434
966452 979902 13450
970503 981321 10818
972140 985479 13339
971640 986601 14961
980145 987723 7578
979895 990825 10930
980296 992904 12608
982835 993762 10927
985293 996105 10812
986267 996732 10465
988210 1000527 12317
990697 1001517 10820
994345 1005279 10934
998623 1009569 10946
1006158 1012440 6282
1006721 1013364 6643
1007129 1013859 6730
999105 1014057 14952
1004865 1015674 10809
1004185 1017027 12842
1006306 1017126 10820
1009181 1023495 14314
1009555 1024419 14864
1010099 1024584 14485
1019017 1029831 10814
1020385 1031316 10931
1017147 1032108 14961
1021948 1033758 11810
1024570 1035012 10442
1023701 1037190 13489
1029898 1039632 9734
1026281 1040424 14143
1034377 1041843 7466
1029515 1043724 14209
1030661 1046001 15340
1040357 1051281 10924
1045337 1056264 10927
1046366 1056825 10459
1046973 1058046 11073
1051071 1062006 10935
1049532 1063491 13959
1053324 1064118 10794
1052322 1067253 14931
1062372 1068936 6564
1061038 1071972 10934
1058594 1073061 14467
1059930 1074546 14616
1063756 1074579 10823
1064158 1075107 10949
1067070 1075767 8697
1067229 1076328 9099
1062917 1078374 15457
1072671 1078968 6297
1068033 1081014 12981
1071115 1081476 10361
1070638 1081575 10937
1081274 1092003 10729
1082481 1093290 10809
1083049 1094049 11000
1082121 1094874 12753
1087384 1101144 13760
1081887 1102167 20280
1086590 1102794 16204
1090310 1103421 13111
1093416 1104213 10797
1100018 1110813 10795
1100980 1111935 10955
1103010 1113948 10938
1105718 1115004 9286
1110510 1116786 6276
1104487 1118040 13553
1113396 1119690 6294
1107390 1121208 13818
1113381 1123815 10434
1116063 1126521 10458
1118919 1129854 10935
1115999 1131306 15307
1125049 1138599 13550
1132595 1145991 13396
1137523 1151997 14474
1147615 1158564 10949
1149698 1160511 10813
1146127 1165758 19631
1154663 1167606 12943
1154208 1168893 14685
1157796 1172160 14364
1159220 1172688 13468
1168993 1180707 11714
1171336 1181796 10460
1171439 1183512 12073
1174281 1185096 10815
1177760 1190673 12913
1181326 1191300 9974
1180775 1191597 10822
1182947 1193874 10927
1180297 1194534 14237
1180793 1196316 15523
1182215 1197801 15586
1187997 1203741 15744
1195411 1206348 10937
1198088 1209021 10933
1199915 1211166 11251
1201815 1212750 10935
1203951 1214895 10944
1204099 1218558 14459
1213326 1220835 7509
1210991 1221924 10933
1212485 1223409 10924
1217812 1228623 10811
1217365 1231824 14459
1226369 1233012 6643
1224470 1235289 10819
1228997 1235289 6292
1223329 1235685 12356
1225996 1237335 11339
1224135 1239777 15642
1226085 1240437 14352
1233663 1244595 10932
1233479 1247961 14482
1238325 1249248 10923
1244235 1250931 6696
1253572 1260237 6665
1253860 1264758 10898
1252464 1267035 14571
1257131 1267563 10432
1256359 1268487 12128
1258082 1269048 10966
1259445 1270236 10791
1254008 1271985 17977
1255962 1272282 16320
1262028 1278321 16293
1271786 1278420 6634
1268054 1278486 10432
1268666 1280499 11833
1275191 1281852 6661
1272649 1284987 12338
1271379 1286340 14961
1277283 1288023 10740
1272627 1289310 16683
1278875 1289805 10930
1283817 1292808 8991
1281654 1296075 14421
1288976 1299903 10927
1293550 1303995 10445
1298479 1309407 10928
1298848 1309803 10955
1298151 1311090 12939
1298989 1311717 12728
1302179 1312608 10429
1302345 1313664 11319
1299550 1314852 15302
1300991 1315512 14521
1312816 1323762 10946
1317109 1327557 10448
1318116 1328547 10431
1331117 1341549 10432
1332708 1343661 10953
1337892 1344189 6297
1336309 1347258 10949
1341649 1348314 6665
1344576 1350855 6279
1341984 1352934 10950
1341810 1353297 11487
1337137 1354353 17216
1344563 1355508 10945
1346724 1357653 10929
1348116 1359039 10923
1346659 1360194 13535
1353995 1364946 10951
1356869 1367322 10453
1357603 1368543 10940
1364146 1370424 6278
1361746 1372701 10955
1363356 1373790 10434
1374705 1380984 6279
1371393 1382205 10812
1368728 1384185 15457
1376203 1391577 15374
1377250 1392237 14987
1382208 1393161 10953
1376233 1395273 19040
1386882 1398375 11493
1389253 1400058 10805
1389206 1400553 11347
1401362 1407648 6286
1397907 1412862 14955
1408669 1414941 6272
1401600 1416129 14529
1405204 1419363 14159
1404268 1419429 15161
1408669 1422993 14324
1409133 1426194 17061
1404524 1426689 22165
1413044 1437150 24106
1434222 1440516 6294
1433635 1444575 10940
1430344 1444938 14594
1434448 1445268 10820
1434757 1445697 10940
1440980 1447281 6301
1439056 1449987 10931
1435719 1450383 14664
1439467 1450416 10949
1439938 1453617 13679
1447541 1453815 6274
1443046 1453980 10934
1447434 1454079 6645
1450814 1457115 6301
1451838 1462296 10458
1447551 1465431 17880
1456067 1466883 10816
1456585 1467675 11090
1461371 1473747 12376
1464840 1475298 10458
1464763 1475694 10931
1461966 1477014 15048
1462887 1477641 14754
1470963 1478928 7965
1467959 1483086 15127
1479360 1490313 10953
1481895 1492821 10926
1484149 1495098 10949
1490302 1501236 10934
1496405 1507341 10936
1503530 1509816 6286
1501027 1510113 9086
1505804 1512093 6289
1502606 1513545 10939
1501754 1515261 13507
1506493 1516944 10451
1506794 1517637 10843
1507955 1518363 10408
1512954 1519617 6663
1514740 1521399 6659
1511324 1522257 10933
1520538 1531332 10794
1529126 1535424 6298
1527957 1538889 10932
1531510 1542321 10811
1533650 1544598 10948
1538619 1545258 6639
1535439 1546380 10941
1541284 1552221 10937
1538902 1553640 14738
1543120 1554069 10949
1541839 1556808 14969
1548633 1563804 15171
1554314 1564761 10447
1550184 1566642 16458
1549394 1570536 21142
1553539 1570767 17228
1556730 1570899 14169
1556669 1571130 14461
1560093 1571460 11367
1557546 1571889 14343
1561305 1574793 13488
1571047 1577697 6650
1567485 1577928 10443
1575672 1581954 6282
1574912 1585848 10936
1577845 1588785 10940
1580050 1592976 12926
1583040 1593966 10926
1583002 1597959 14957
1588728 1599741 11013
1589853 1602909 13056
1592947 1605813 12866
1596226 1607166 10940
1596724 1607529 10805
1599131 1610268 11137
1604196 1615119 10923
1602008 1615185 13177
1610266 1616901 6635
1606037 1616967 10930
1608999 1622478 13479
1614542 1625481 10939
1616619 1627560 10941
1615512 1627989 12477
1613880 1628484 14604
1619480 1630431 10951
1619767 1630695 10928
1621628 1632576 10948
1622071 1633005 10934
1619895 1635876 15981
1630966 1637262 6296
1627325 1638252 10927
1628909 1639836 10927
1619388 1639968 20580
1633978 1640628 6650
1631159 1642146 10987
1634629 1646634 12005
1634544 1647525 12981
1640446 1651386 10940
1642410 1653036 10626
1647120 1658052 10932
1647484 1661154 13670
1647262 1661253 13991
1644942 1661682 16740
1654766 1664817 10051
1659382 1666038 6656
1661018 1671450 10432
1665415 1671714 6299
1668509 1674783 6274
1666835 1677786 10951
1665627 1680096 14469
1674518 1682241 7723
1673506 1687983 14477
1677581 1688511 10930
1679017 1690161 11144
1685924 1692570 6646
1680278 1693131 12853
1683796 1694616 10820
1683863 1696266 12403
1693919 1700193 6274
1689339 1700952 11613
1691071 1703493 12422
1692708 1704219 11511
1698747 1705473 6726
1700055 1710489 10434
1703348 1713789 10441
1705006 1715934 10928
1706786 1717716 10930
1706240 1718640 12400
1714121 1720785 6664
1721247 1727880 6633
1720396 1731213 10817
1725295 1731576 6281
1717512 1731972 14460
1726711 1733358 6647
1722692 1733490 10798
1727670 1738473 10803
1730193 1740651 10458
1727874 1742466 14592
1734632 1745568 10936
1736034 1746987 10953
1736250 1747185 10935
1748747 1755402 6655
1745321 1756260 10939
1745428 1758306 12878
1749335 1759032 9697
1748575 1759527 10952
1749858 1760781 10923
1754458 1764906 10448
1761698 1768338 6640
1758084 1768899 10815
1758412 1769559 11147
1763782 1770417 6635
1759759 1770582 10823
1763856 1774674 10818
1763599 1776588 12989
1766727 1777677 10950
1768485 1779294 10809
1770004 1781538 11534
1775960 1786389 10429
1780200 1786488 6288
1779090 1790019 10929
1784975 1791636 6661
1782527 1792956 10429
1789368 1795662 6294
1785796 1796751 10955
1785360 1799094 13734
1789023 1799952 10929
1789416 1800480 11064
1790157 1801107 10950
1787715 1802427 14712
1787412 1803780 16368
1794028 1805529 11501
1799361 1805661 6300
1795971 1806420 10449
1792150 1809060 16910
1799673 1810611 10938
1808335 1814637 6302
1809180 1815825 6645
1806121 1816551 10430
1806311 1817244 10933
1806921 1819884 12963
1808909 1823085 14176
1809402 1823250 13848
1824798 1831071 6273
1817841 1832820 14979
1826216 1835955 9739
1821740 1836153 14413
1824670 1839420 14750
1831736 1842192 10456
1831861 1842786 10925
1831479 1845459 13980
1836614 1847538 10924
1837068 1848000 10932
1837053 1848198 11145
1843207 1854138 10931
1844377 1854831 10454
1845514 1856448 10934
1848155 1858593 10438
1849234 1860177 10943
1849816 1864962 15146
1855509 1866447 10938
1860317 1866975 6658
1854863 1868130 13267
1857974 1868427 10453
1859642 1869549 9907
1866392 1872684 6292
1862630 1873575 10945
1863712 1874532 10820
1878762 1889217 10455
1884498 1890768 6270
1877888 1891857 13969
1882476 1893936 11460
1882433 1894431 11998
1884080 1895025 10945
1894057 1900338 6281
1887930 1900800 12870
1890519 1900965 10446
1893956 1904892 10936
1896487 1906938 10451
1896481 1907433 10952
1901244 1907532 6288
1900334 1911261 10927
1907026 1917465 10439
1907989 1918917 10928
1909417 1919874 10457
1914225 1920963 6738
1913415 1921095 7680
1911676 1926441 14765
1917504 1928454 10950
1915410 1929444 14034
1921164 1932117 10953
1923521 1934328 10807
1923705 1937628 13923
1931640 1937925 6285
1929547 1940499 10952
1927332 1940829 13497
1936327 1942974 6647
1930743 1943139 12396
1933032 1943568 10536
1934432 1943898 9466
1930965 1945944 14979
1933354 1947231 13877
1937878 1949046 11168
1933419 1951290 17871
1935219 1951554 16335
1944373 1954029 9656
1943480 1954425 10945
1949476 1956141 6665
1943534 1957098 13564
1948928 1959870 10942
1947578 1960959 13381
1947321 1961784 14463
1949524 1962477 12953
1952468 1963137 10669
1952799 1963731 10932
1958205 1965183 6978
1955414 1965876 10462
1956581 1967526 10945
1958618 1969572 10954
1959137 1972344 13207
1965055 1975347 10292
1964769 1975776 11007
1969929 1976205 6276
1970646 1976931 6285
1966099 1977657 11558
1974800 1981452 6652
1968580 1983795 15215
1974918 1986303 11385
1976032 1986468 10436
1977307 1987755 10448
1976285 1989306 13021
1978204 1990428 12224
1972339 1991022 18683
1980391 1991187 10796
1980865 1991979 11114
1981863 1992804 10941
1982138 1994982 12844
1987580 1998018 10438
1987450 1998381 10931
1991054 2001978 10924
1993060 2003562 10502
1992568 2004255 11687
1995134 2005938 10804
1997919 2008842 10923
2012849 2019204 6355
2014944 2021580 6636
2013866 2024682 10816
2015487 2026431 10944
2012242 2026728 14486
2015751 2029995 14244
2019470 2034087 14617
2025814 2036760 10946
2034622 2045571 10949
2034720 2049333 14613
2041348 2052303 10955
2041492 2054580 13088
2044164 2055108 10944
2048594 2055240 6646
2044890 2055966 11076
2044290 2062434 18144
2057049 2063325 6276
2047727 2063358 15631
2052586 2067186 14600
2052615 2067219 14604
2061548 2069793 8245
2060036 2070981 10945
2065444 2071740 6296
2070257 2076954 6697
2059745 2077185 17440
2063486 2079561 16075
2069268 2080221 10953
2069839 2080650 10811
2067724 2084577 16853
2079084 2085369 6285
2077714 2088669 10955
2085126 2093322 8196
2082917 2093850 10933
2083532 2094048 10516
2080727 2095698 14971
2083513 2096886 13373
2091437 2097711 6274
2086817 2098404 11587
2085486 2100450 14964
2093931 2100582 6651
2091500 2102298 10798
2098773 2105070 6297
2098747 2105400 6653
2100302 2106588 6286
2094563 2109030 14467
2099047 2111637 12590
2106147 2117082 10935
2106243 2117181 10938
2111893 2118897 7004
2108314 2118996 10682
2110000 2121009 11009
2113460 2122230 8770
2115397 2127246 11849
2122766 2130051 7285
2115616 2130084 14468
2112913 2130315 17402
2121249 2132064 10815
2120609 2132625 12016
2116212 2134176 17964
2130538 2137179 6641
2127363 2139027 11664
2125218 2139324 14106
2134245 2140974 6729
2131197 2142129 10932
2136053 2146848 10795
2133425 2148036 14611
2134833 2149752 14919
2146605 2152887 6282
2143665 2154603 10938
2141606 2155296 13690
2150416 2156715 6299
2145945 2156880 10935
2150678 2157342 6664
2146912 2157507 10595
2149579 2159982 10403
2147818 2160246 12428
2150214 2160642 10428
2155973 2167605 11632
2152101 2167869 15768
2156147 2168133 11986
2158486 2168925 10439
2159542 2170938 11396
2161926 2172357 10431
2164333 2174766 10433
2161152 2175261 14109
2162732 2176218 13486
2170647 2176944 6297
2163819 2178495 14676
2164754 2178561 13807
2168993 2181333 12340
2172589 2183412 10823
2173646 2184600 10954
2173587 2184930 11343
2178528 2185491 6963
2182091 2188362 6271
2184751 2195688 10937
2186928 2197371 10443
2193407 2199681 6274
2193455 2200110 6655
2187169 2201133 13964
2195648 2201925 6277
2186124 2203443 17319
2191220 2203575 12355
2194101 2205027 10926
2199569 2206215 6646
2195627 2206578 10951
2196253 2207172 10919
2204542 2210835 6293
2196994 2210967 13973
2197912 2211594 13682
2205856 2212518 6662
2202134 2213079 10945
2200113 2214729 14616
2204178 2215125 10947
2204257 2217996 13739
2204869 2218854 13985
2209487 2221032 11545
2212479 2223276 10797
2211502 2226180 14678
2217749 2230140 12391
2219450 2230404 10954
2220836 2231790 10954
2222068 2232879 10811
2224557 2235486 10929
2225530 2236377 10847
2231191 2237466 6275
2231149 2237994 6845
2229646 2239479 9833
2231101 2242053 10952
2238827 2250171 11344
2236492 2251095 14603
2241173 2251986 10813
2247115 2253768 6653
2250621 2261556 10935
2251308 2262282 10974
2251923 2262381 10458
2247578 2262546 14968
2258548 2269476 10928
2261300 2272116 10816
2265910 2275185 9275
2263199 2276736 13537
2272538 2278815 6277
2275719 2282016 6297
2268181 2282148 13967
2274096 2284524 10428
2285763 2296701 10938
2287102 2298054 10952
2289540 2300463 10923
2295535 2301816 6281
2294811 2302740 7929
2296451 2302773 6322
2288489 2304357 15868
2293575 2304522 10947
2293688 2304621 10933
2287315 2307723 20408
2297420 2307855 10435
2297710 2314488 16778
2310151 2321088 10937
2315125 2325939 10814
2316361 2328678 12317
2320542 2331351 10809
2324476 2335410 10934
2326268 2337192 10924
2326484 2337423 10939
2324144 2340426 16282
2327176 2340558 13382
2336509 2346960 10451
2343169 2349468 6299
2338700 2349633 10933
2341108 2351547 10439
2338713 2352900 14187
2342961 2353758 10797
2340989 2354781 13792
2344471 2355276 10805
2351141 2357421 6280
2353195 2359467 6272
2345428 2361150 15722
2350871 2361810 10939
2351316 2365077 13761
2355676 2366628 10952
2354061 2369037 14976
2358363 2369301 10938
2363665 2370324 6659
2361273 2372205 10932
2364548 2373624 9076
2362319 2376792 14473
2363953 2377617 13664
2367282 2378838 11556
2368972 2381115 12143
2369640 2383425 13785
2371989 2383953 11964
2373175 2384316 11141
2373503 2385108 11605
2366484 2385735 19251
2375793 2386593 10800
2375674 2386692 11018
2376269 2391114 14845
2389066 2395338 6272
2385596 2396526 10930
2387859 2398308 10449
2389662 2400453 10791
2394785 2401080 6295
2391042 2401839 10797
2395589 2406063 10474
2406599 2413257 6658
2403300 2415798 12498
2410713 2417349 6636
2406630 2417580 10950
2414159 2420814 6655
2410550 2422959 12409
2411957 2425269 13312
2415662 2426589 10927
2415762 2427051 11289
2413029 2427678 14649
2422489 2428767 6278
2420839 2431275 10436
2416740 2432166 15426
2417101 2432826 15725
2418475 2432925 14450
2421870 2436555 14685
2425574 2437281 11707
2429460 2439888 10428
2423294 2439987 16693
2427624 2440944 13320
2435194 2441472 6278
2437902 2448699 10797
2440537 2451339 10802
2446985 2453286 6301
2444448 2454144 9696
2447537 2457972 10435
2447957 2458896 10939
2448468 2459655 11187
2453660 2460744 7084
2449172 2463648 14476
2454983 2465496 10513
2450654 2465628 14974
2458536 2465793 7257
2460801 2471238 10437
2463316 2474109 10793
2467111 2477541 10430
2467611 2478432 10821
2464525 2479125 14600
2474901 2481534 6633
2471763 2486220 14457
2478175 2489124 10949
2479925 2491302 11377
2478683 2491566 12883
2481671 2492490 10819
2483976 2493678 9702
2482932 2494371 11439
2483893 2497506 13613
2483808 2498760 14952
2488624 2499948 11324
2495511 2502159 6648
2490321 2502390 12069
2496635 2507439 10804
2498469 2513082 14613
2499010 2513478 14468
2500829 2515788 14959
2505659 2516118 10459
2506577 2517537 10960
2506140 2520408 14268
2510923 2523510 12587
2515297 2526117 10820
2513793 2526216 12423
2509496 2527536 18040
2517363 2527800 10437
2520533 2535060 14527
2528025 2538459 10434
2534566 2541231 6665
2531613 2541264 9651
2531451 2542386 10935
2537624 2544267 6643
2528219 2545983 17764
2537875 2551395 13520
2539762 2551989 12227
2541570 2552517 10947
2540462 2553804 13342
2544452 2555388 10936
2551930 2558589 6659
2557826 2568621 10795
2558223 2569413 11190
2561049 2571987 10938
2563678 2574132 10454
2565712 2576640 10928
2570337 2576970 6633
2571573 2582019 10446
2572932 2584098 11166
2575421 2586375 10954
2574105 2588586 14481
2581149 2592084 10935
2587381 2597826 10445
2587261 2601720 14459
2591523 2602446 10923
2596370 2605548 9178
2592275 2609673 17398
2598957 2610102 11145
2592283 2610366 18083
2603816 2610663 6847
2597406 2611884 14478
2601867 2612808 10941
2598405 2613369 14964
2605345 2619705 14360
2614553 2624985 10432
2610973 2625348 14375
2618234 2632707 14473
2618208 2632740 14532
2627210 2633499 6289
2628313 2634588 6275
2623408 2635050 11642
2621792 2636502 14710
2628044 2638977 10933
2633038 2639703 6665
2637843 2648778 10935
2634509 2648976 14467
2639822 2651286 11464
2637966 2652078 14112
2646073 2657028 10955
2643356 2657820 14464
2643460 2658183 14723
2651946 2658744 6798
2639970 2659338 19368
2653639 2660295 6656
2648005 2662638 14633
2650884 2664915 14031
2646955 2665278 18323
2649208 2666631 17423
2654988 2668512 13524
2656659 2671779 15120
2657211 2672406 15195
2662935 2673363 10428
2662994 2677125 14131
2668752 2679699 10947
2673575 2679864 6289
2669567 2684418 14851
2676325 2687256 10931
2674329 2687487 13158
2679703 2690358 10655
2678709 2693163 14454
2688619 2695275 6656
2683916 2695704 11788
2687303 2695737 8434
2681765 2697651 15886
2688913 2699367 10454
2692075 2703030 10955
2694025 2704977 10952
2696467 2710950 14483
2700481 2715438 14957
2705347 2716296 10949
2705755 2718045 12290
2715806 2722104 6298
2718479 2724777 6298
2717772 2724810 7038
2716984 2727912 10928
2717556 2728374 10818
2715104 2729562 14458
2714499 2731674 17175
2720490 2732631 12141
2735302 2746095 10793
2736639 2747448 10809
2736570 2747514 10944
2741150 2752464 11314
2742960 2753388 10428
2743960 2755434 11474
2741402 2755797 14395
2745317 2756820 11503
2746162 2758536 12374
2752433 2758734 6301
2745490 2759856 14366
2746581 2761836 15255
2747801 2762364 14563
2752672 2762628 9956
2754092 2764905 10813
2757305 2767743 10438
2754752 2769558 14806
2758679 2771736 13057
2759585 2771901 12316
2759553 2773023 13470
2766403 2773056 6653
2765047 2775630 10583
2762141 2778567 16426
2762878 2779260 16382
2768517 2781801 13284
2768678 2782362 13684
2777685 2783979 6294
2767109 2784276 17167
2773629 2785233 11604
2773018 2788302 15284
2786262 2792922 6660
2788590 2794869 6279
2785485 2796420 10935
2794874 2805330 10456
2801110 2807409 6299
2802764 2813712 10948
2803649 2816682 13033
2804056 2816946 12890
2813101 2819388 6287
2809153 2820081 10928
2803857 2820114 16257
2808467 2823414 14947
2815196 2825988 10792
2813306 2827374 14068
2810688 2827770 17082
2814935 2830278 15343
2825002 2831664 6662
2821520 2832456 10936
2824015 2834964 10949
2824393 2835624 11231
2832323 2838957 6634
2833531 2839815 6284
2830180 2841003 10823
2837917 2844567 6650
2834791 2846118 11327
2837257 2848197 10940
2842183 2848824 6641
2843512 2854467 10955
2847363 2858823 11460
2845806 2860242 14436
2844790 2861166 16376
2848331 2861364 13033
2847102 2862453 15351
2846721 2864400 17679
2849388 2865786 16398
2850356 2867634 17278
2856290 2868096 11806
2853329 2868525 15196
2855068 2871792 16724
2856483 2872320 15837
2861095 2872452 11357
2857739 2873178 15439
2862753 2874432 11679
2868546 2875191 6645
2862138 2876478 14340
2858970 2879118 20148
2865411 2881758 16347
2867248 2881824 14576
2871449 2882385 10936
2872395 2885322 12927
2871654 2886708 15054
2877785 2888226 10441
2878579 2890899 12320
2878913 2891493 12580
2882525 2893473 10948
2880920 2893704 12784
2889280 2900073 10793
2890259 2900700 10441
2899416 2905716 6300
2893583 2907498 13915
2898414 2909346 10932
2898749 2909676 10927
2902797 2913240 10443
2904178 2914758 10580
2905954 2916771 10817
2910275 2916936 6661
2906403 2917332 10929
2912178 2922612 10434
2918408 2925054 6646
2922120 2928783 6663
2916604 2931192 14588
2921714 2933205 11491
2924113 2935053 10940
2927152 2938089 10937
2933732 2940366 6634
2928996 2943468 14472
2942228 2948517 6289
2940995 2951817 10822
2946029 2953236 7207
2945996 2956932 10936
2951870 2958153 6283
2946487 2960958 14471
2952086 2963202 11116
2958040 2964324 6284
2956401 2967327 10926
2956950 2967393 10443
2962397 2969406 7009
2960656 2971683 11027
2965420 2972079 6659
2962138 2975049 12911
2969872 2980692 10820
2974592 2980890 6298
2979379 2985675 6296
2976342 2987292 10950
2973842 2989074 15232
2983487 2989767 6280
2979411 2990361 10950
2979996 2990922 10926
2989715 2996367 6652
2983279 2997621 14342
2981220 3000162 18942
2988331 3003429 15098
2989860 3004584 14724
2995601 3010062 14461
2999883 3010920 11037
3009246 3015540 6294
3009675 3020127 10452
3008681 3023361 14680
3011452 3024681 13229
3014750 3025572 10822
3018048 3028839 10791
3019954 3031017 11063
3019357 3031545 12188
3021502 3031941 10439
3020464 3034482 14018
3025746 3039729 13983
3025482 3039993 14511
3027627 3042105 14478
3031430 3042369 10939
3031938 3042369 10431
3030765 3042534 11769
3033482 3044283 10801
3043135 3049860 6725
3044253 3050553 6300
3039813 3050751 10938
3041113 3051906 10793
3040166 3052467 12301
3042689 3053622 10933
3043240 3055041 11801
3048850 3055305 6455
3044826 3055767 10941
3049324 3055833 6509
3046102 3056163 10061
3042457 3057054 14597
3042220 3058506 16286
3045485 3060453 14968
3045063 3063390 18327
3057604 3063918 6314
3059160 3065799 6639
3048310 3067944 19634
3061688 3067977 6289
3061346 3068010 6664
3061520 3072333 10813
3066402 3076854 10452
3067415 3078537 11122
3073342 3079626 6284
3071883 3082827 10944
3067139 3084147 17008
3078772 3086424 7652
3076340 3087513 11173
3081086 3087744 6658
3078693 3089493 10800
3079856 3091968 12112
3086414 3093057 6643
3084115 3094575 10460
3087037 3094938 7901
3089039 3095763 6724
3085753 3096687 10934
3082631 3098073 15442
3088855 3099657 10802
3089257 3100482 11225
3094456 3100746 6290
3091192 3103287 12095
3094635 3105564 10929
3092794 3107412 14618
3099344 3110283 10939
3097600 3114606 17006
3108437 3114738 6301
3101825 3116850 15025
3103166 3117906 14740
3110920 3121008 10088
3116491 3127311 10820
3118536 3128994 10458
3129253 3135891 6638
3131815 3138465 6650
3132308 3138960 6652
3128922 3139851 10929
3129074 3144174 15100
3138488 3145593 7105
3135673 3146616 10943
3136761 3147210 10449
3132230 3148068 15838
3138364 3149289 10925
3141791 3152589 10798
3137992 3153843 15851
3151669 3157968 6299
3152202 3158595 6393
3147771 3158826 11055
3149858 3160806 10948
3142437 3161169 18732
3150829 3161994 11165
3154663 3165459 10796
3156670 3167604 10934
3161454 3172389 10935
3161498 3172554 11056
3163051 3174072 11021
3165174 3176118 10944
3167763 3178692 10929
3168162 3178956 10794
3166689 3180969 14280
3171455 3181629 10174
3166916 3182124 15208
3176558 3183213 6655
3172262 3184368 12106
3176454 3184863 8409
3170318 3185391 15073
3174545 3187041 12496
3177031 3187965 10934
3176789 3192222 15433
3180185 3195489 15304
3187024 3197832 10808
3187568 3197997 10429
3187996 3199152 11156
3190211 3201264 11053
3190537 3201858 11321
3193291 3204234 10943
3197974 3204267 6293
3197246 3208194 10948
3197287 3211296 14009
3201542 3211989 10447
3207459 3218259 10800
3207807 3222780 14973
3211896 3222846 10950
3213735 3224958 11223
3214223 3227763 13540
3218542 3228984 10442
3220412 3231360 10948
3227213 3233505 6292
3221672 3233934 12262
3227730 3234000 6270
3225143 3236079 10936
3226248 3237201 10953
3222542 3237762 15220
3227976 3238785 10809
3231509 3242316 10807
3236822 3243108 6286
3231538 3245616 14078
3236903 3247827 10924
3238689 3249147 10458
3243312 3249609 6297
3235480 3249840 14360
3239328 3250236 10908
3248220 3254493 6273
3250433 3257067 6634
3253701 3259971 6270
3255393 3266208 10815
3258510 3268947 10437
3256569 3270729 14160
3259209 3271587 12378
3259124 3273699 14575
3262271 3274293 12022
3270204 3276504 6300
3266380 3276834 10454
3272680 3278979 6299
3268740 3279672 10932
3265111 3280332 15221
3268194 3282180 13986
3268254 3282807 14553
3268827 3284226 15399
3277194 3285480 8286
3278444 3286602 8158
3276027 3287823 11796
3282640 3293433 10793
3288980 3295281 6301
3281306 3295776 14470
3289481 3295875 6394
3296936 3303234 6298
3292577 3303399 10822
3292852 3304125 11273
3293976 3304158 10182
3294283 3305181 10898
3295362 3307953 12591
3292715 3310725 18010
3300836 3311286 10450
3301521 3312210 10689
3299604 3313959 14355
3303389 3314190 10801
3304317 3316632 12315
3306250 3318942 12692
3309977 3320427 10450
3309636 3321945 12309
3306999 3323661 16662
3311573 3326169 14596
3311069 3327390 16321
3316245 3329304 13059
3315760 3331746 15986
3315409 3332934 17525
3318942 3334551 15609
3315940 3335046 19106
3321134 3336003 14869
3325956 3336894 10938
3318531 3338280 19749
3320157 3338841 18684
3333074 3339732 6658
3316212 3340194 23982
3327367 3346134 18767
3338560 3349500 10940
3331498 3350820 19322
3343774 3352239 8465
3345189 3353130 7941
3343526 3353988 10462
3344344 3355143 10799
3345563 3356364 10801
3346065 3359532 13467
3346754 3361776 15022
3350849 3362304 11455
3358121 3368574 10453
3362730 3373656 10926
3371791 3382731 10940
3369674 3384051 14377
3373721 3384645 10924
3370373 3385338 14965
3375220 3388539 13319
3374737 3389727 14990
3377369 3391740 14371
3377671 3391773 14102
3379865 3392697 12832
3373078 3394875 21797
3385418 3396360 10942
3389324 3399132 9808
3390027 3403686 13659
3389688 3404148 14460
3396635 3407085 10450
3396648 3407580 10932
3403677 3410319 6642
3406644 3412926 6282
3406295 3416754 10459
3408043 3418998 10955
3408163 3419097 10934
3406909 3421506 14597
3412865 3423816 10951
3414536 3424971 10435
3414860 3427215 12355
3411499 3428172 16673
3419554 3429987 10433
3422873 3430515 7642
3425852 3432132 6280
3416812 3434640 17828
3426214 3437148 10934
3422981 3437874 14893
3424921 3439887 14966
3429595 3440547 10952
3434415 3442659 8244
3434476 3445431 10955
3431600 3446718 15118
3433261 3447741 14480
3438513 3449523 11010
3436630 3450678 14048
3437182 3452592 15410
3441384 3453384 12000
3438559 3455034 16475
3440617 3455661 15044
3444703 3458961 14258
3453247 3459951 6704
3454743 3461403 6660
3449079 3461931 12852
3449814 3462426 12612
3451364 3463218 11854
3456927 3463218 6291
3449204 3465726 16522
3459648 3465924 6276
3459348 3465990 6642
3460985 3475461 14476
3465894 3476352 10458
3466763 3477210 10447
3471264 3481698 10434
3472393 3483348 10955
3479291 3485955 6664
3484651 3490938 6287
3484781 3491532 6751
3485956 3496416 10460
3486118 3497472 11354
3496168 3502818 6650
3494943 3505755 10812
3496479 3507273 10794
3498580 3509451 10871
3499885 3510837 10952
3502330 3513147 10817
3508754 3515028 6274
3500590 3516744 16154
3506542 3517569 11027
3507638 3518097 10459
3505548 3520836 15288
3507888 3522354 14466
3514881 3523509 8628
3509065 3523674 14609
3514069 3524334 10265
3512052 3525390 13338
3512554 3526908 14354
3516296 3527634 11338
3517653 3528591 10938
3521005 3534333 13328
3523909 3535290 11381
3517941 3536181 18240
3528771 3536445 7674
3522546 3536907 14361
3522985 3537798 14813
3523690 3538161 14471
3523881 3539415 15534
3530057 3545619 15562
3527528 3547236 19708
3530096 3548325 18229
3530427 3548853 18426
3536264 3550767 14503
3546127 3552417 6290
3541613 3552549 10936
3530883 3552879 21996
3540791 3553539 12748
3542626 3554166 11540
3549005 3559941 10936
3546717 3561030 14313
3545390 3561591 16201
3548198 3562812 14614
3549270 3564825 15555
3552558 3565584 13026
3557416 3568224 10808
3555784 3570270 14486
3559786 3570864 11078
3560661 3573306 12645
3561733 3574692 12959
3565102 3576078 10976
3556347 3577101 20754
3567279 3578223 10944
3567144 3580137 12993
3572549 3580962 8413
3571686 3581028 9342
3570461 3584163 13702
3585814 3592479 6665
3583233 3597825 14592
3593894 3600168 6274
3587105 3601059 13954
3593009 3603963 10954
3593779 3604590 10811
3594077 3607857 13780
3591685 3608385 16700
3592767 3609078 16311
3597878 3611256 13378
3597527 3612279 14752
3598811 3613071 14260
