8059 27555 19496
1021 37554 36533
11298 37884 26586
16359 38412 22053
23859 38940 15081
20413 40062 19649
18967 43560 24593
27150 44121 16971
6490 49071 42581
19024 49533 30509
22429 53988 31559
37303 53988 16685
28075 62139 34064
38485 62700 24215
30223 64053 33830
35916 64614 28698
57029 67320 10291
40620 67551 26931
26388 70059 43671
39418 70620 31202
46450 73062 26612
51614 74019 22405
38926 85536 46610
55792 85899 30107
47719 86064 38345
58346 86658 28312
64521 86955 22434
47897 87186 39289
71779 88077 16298
67992 91542 23550
69729 92070 22341
59019 92136 33117
56499 92631 36132
68520 92697 24177
70906 93225 22319
66714 94578 27864
92958 98901 5943
93497 99924 6427
78190 102003 23813
67456 109560 42104
71309 110121 38812
89760 112068 22308
53250 115566 62316
82144 116094 33950
88433 116127 27694
100980 116160 15180
84552 118074 33522
88255 121077 32822
89450 121638 32188
100062 122793 22731
109196 128007 18811
120696 131538 10842
97237 133419 36182
104421 133881 29460
112221 134409 22188
116833 134937 18104
113100 136059 22959
101905 136587 34682
122815 139491 16676
109020 139557 30537
109201 140118 30917
114904 140184 25280
117810 141273 23463
123516 142065 18549
116226 145068 28842
125950 145629 19679
121554 149985 28431
133485 150480 16995
137590 151998 14408
117758 157542 39784
129628 157905 28277
140214 159918 19704
143762 160644 16882
133650 164142 30492
135112 164703 29591
129907 166056 36149
131836 166617 34781
132678 167211 34533
140251 169092 28841
145409 169620 24211
132005 170214 38209
134936 175065 40129
152193 175428 23235
159011 177936 18925
140789 181566 40777
154419 182094 27675
150375 182127 31752
158916 185889 26973
180682 187308 6626
164776 187539 22763
156967 190047 33080
156252 193083 36831
182169 194172 12003
177644 201927 24283
169605 205425 35820
170912 206118 35206
189863 210936 21073
183215 211563 28348
184807 212124 27317
188098 212685 24587
170353 214071 43718
188631 214599 25968
206832 217041 10209
193579 217074 23495
212119 218064 5945
208884 226479 17595
204356 229548 25192
170896 230142 59246
202727 230703 27976
207534 235554 28020
214234 236082 21848
227394 237336 9942
213785 238062 24277
214332 238623 24291
227453 253440 25987
225973 253770 27797
226087 254463 28376
235325 254991 19666
242689 255948 13259
233325 258951 25626
236554 259545 22991
216540 262053 45513
237502 263736 26234
236331 264330 27999
228492 265089 36597
246918 266178 19260
247331 271425 24094
247267 271986 24719
239793 277563 37770
220278 283536 63258
222475 284097 61622
232247 284130 51883
267368 284658 17290
258335 284691 26356
261492 285252 23760
269311 285252 15941
272901 285945 13044
243708 286077 42369
255912 286605 30693
287600 293568 5968
264085 293997 29912
276920 294525 17605
256608 301554 44946
256984 302148 45164
279102 302148 23046
274791 308121 33330
278618 308649 30031
284837 308682 23845
267515 310068 42553
281829 312939 31110
302508 319407 16899
294716 331551 36835
300991 337062 36071
304848 337524 32676
321200 338151 16951
328271 338712 10441
313797 349536 35739
303659 350064 46405
304934 350625 45691
313422 351186 37764
325595 351747 26152
324362 352077 27715
311227 352275 41048
336674 352638 15964
319515 358050 38535
344139 358578 14439
326948 359832 32884
352975 374121 21146
348539 376068 27529
358119 376629 18510
336598 379566 42968
345018 382668 37650
348140 383229 35089
365480 383790 18310
353847 384945 31098
360362 385605 25243
363726 386199 22473
372402 387255 14853
363678 389994 26316
364975 390027 25052
380902 391248 10346
359183 397551 38368
341742 403557 61815
371747 404118 32371
383350 404151 20801
382989 404646 21657
386541 405174 18633
390582 405735 15153
359245 406065 46820
367787 406593 38806
361632 409068 47436
382590 409629 27039
393144 410157 17013
406916 412863 5947
366750 414579 47829
392061 415668 23607
393077 421905 28828
392324 423918 31594
397057 424644 27587
408048 425238 17190
411457 426954 15497
421951 427911 5960
405785 427944 22159
386562 430056 43494
397238 430584 33346
397122 433092 35970
418529 439065 20536
430202 442497 12295
398636 445566 46930
424333 445896 21563
423567 452133 28566
437225 452661 15436
440120 452727 12607
422865 454047 31182
415780 457083 41303
422954 457644 34690
438310 462000 23690
448637 469887 21250
449779 470316 20537
457350 470844 13494
437704 472065 34361
438448 472659 34211
460737 476124 15387
463048 476652 13604
429883 478071 48188
440358 478632 38274
446819 481074 34255
450668 481635 30967
459273 482196 22923
460708 485496 24788
467001 493548 26547
475774 493878 18104
462617 496056 33439
484810 499521 14711
491438 500709 9271
465129 504933 39804
471710 505659 33949
473643 517539 43896
489166 518067 28901
507213 522951 15738
471550 523545 51995
502485 523644 21159
488433 524073 35640
507478 524139 16661
507443 524667 17224
512753 524733 11980
508192 529089 20897
497917 535062 37145
519091 541761 22670
517422 542091 24669
512354 544071 31717
516567 544896 28329
506192 547536 41344
531497 548097 16600
532081 548130 16049
523151 553080 29929
550901 556842 5941
518300 559086 40786
528551 559713 31162
532212 559746 27534
535744 560802 25058
548791 565884 17093
552338 568062 15724
555025 568590 13565
531926 569217 37291
546049 572121 26072
532640 574068 41428
540708 574596 33888
548336 576939 28603
557529 577632 20103
572691 583440 10749
552803 589545 36742
559879 589875 29996
570194 592053 21859
570376 596145 25769
572858 596145 23287
557843 596673 38830
563281 597234 33953
566484 598059 31575
584926 598950 14024
560000 601062 41062
574999 601590 26591
563491 607068 43577
566739 607101 40362
598461 608553 10092
593299 613899 20600
580570 616077 35507
593384 616638 23254
574898 617265 42367
591837 620136 28299
587547 622050 34503
587084 625086 38002
580502 631092 50590
602633 631752 29119
610172 637428 27256
614442 637956 23514
618096 640068 21972
630030 640299 10269
615899 644127 28228
619127 648384 29257
626680 649077 22397
635976 655413 19437
632971 661881 28910
629843 662112 32269
622798 664851 42053
633218 667557 34339
633833 668118 34285
649100 668679 19579
627317 670065 42748
632801 670626 37825
634737 673068 38331
649442 673629 24187
663351 677985 14634
671498 678315 6817
661596 685542 23946
651776 688050 36274
667216 691449 24233
669249 694056 24807
662785 697092 34307
677202 697653 20451
684583 699567 14984
693027 704517 11490
660264 709566 49302
678890 710094 31204
677112 712074 34962
691877 712635 20758
689524 714945 25421
694727 715044 20317
697596 716133 18537
701515 720390 18875
699126 721083 21957
698208 726000 27792
710223 726528 16305
704353 733557 29204
704661 733887 29226
709947 734118 24171
719223 736527 17304
712469 739563 27094
708297 742071 33774
717277 742104 24827
703274 745074 41800
709241 745635 36394
728169 751080 22911
726853 751740 24887
731867 752268 20401
740226 756591 16365
718678 757548 38870
714018 758142 44124
735553 758703 23150
742073 759198 17125
746723 759726 13003
731735 760056 28321
738342 763554 25212
747386 763950 16564
738587 766062 27475
736984 769065 32081
757143 769065 11922
728140 769494 41354
745159 770187 25028
769962 776424 6462
739528 781539 42011
755222 781902 26680
750845 782100 31255
765840 782430 16590
756990 782694 25704
761600 784047 22447
757973 787545 29572
753751 792957 39206
789033 796620 7587
776503 797973 21470
775753 805893 30140
774572 808071 33499
796298 810942 14644
771747 811536 39789
797993 811536 13543
781764 812097 30333
800631 817641 17010
802388 821502 19114
821707 828036 6329
788329 830148 41819
802720 830709 27989
783476 832062 48586
798645 835560 36915
807364 838068 30704
798924 841071 42147
817370 845988 28618
820946 846483 25537
838712 846846 8134
808260 853545 45285
837047 853743 16696
809028 854139 45111
822053 854766 32713
814568 855888 41320
828831 858561 29730
841184 859518 18334
832384 859551 27167
837077 860112 23035
847018 860112 13094
826746 862059 35313
837619 862587 24968
841644 869451 27807
840827 869979 29152
856866 870507 13641
836929 877536 40607
860078 877668 17590
852108 880077 27969
847123 883542 36419
850431 884136 33705
857270 884697 27427
855008 886050 31042
859231 886116 26885
841986 889086 47100
858440 889548 31108
870678 894003 23325
877462 894531 17069
886330 898491 12161
860604 902121 41517
877515 902682 25167
879745 904068 24323
876131 908127 31996
884642 908688 24046
864827 910074 45247
886265 911163 24898
882586 913077 30491
878256 913869 35613
887364 917499 30135
900890 920568 19678
913192 925254 12062
890484 925419 34935
913653 925782 12129
916636 926904 10268
902838 927927 25089
911605 928620 17015
914369 929181 14812
896643 931557 34914
909498 932118 22620
897092 934065 36973
897550 934659 37109
896384 937068 40684
905504 937596 32092
931227 938949 7722
915121 941985 26864
922170 942480 20310
936434 942744 6310
922200 943008 20808
928149 943536 15387
922850 944559 21709
919402 945945 26543
927402 950334 22932
939699 951159 11460
907785 952842 45057
924929 953436 28507
927618 955647 28029
942177 956802 14625
916830 958056 41226
953327 961059 7732
930982 961620 30638
950555 965976 15421
939247 973566 34319
955265 973896 18631
920584 974094 53510
959925 974424 14499
964611 975117 10506
960078 975942 15864
937756 979539 41783
954190 979605 25415
969441 982047 12606
945950 985083 39133
966831 991419 24588
957105 997557 40452
976503 998118 21615
957248 998151 40903
980054 998712 18658
962028 998778 36750
974325 999240 24915
975065 1000065 25000
965666 1003563 37897
967733 1004124 36391
970569 1004124 33555
983454 1004685 21231
989655 1005213 15558
960926 1006071 45145
985195 1009074 23879
984467 1013463 28996
1009497 1015443 5946
1010676 1020096 9420
993939 1021878 27939
998410 1022406 23996
1002648 1022934 20286
1004594 1023528 18934
990948 1024749 33801
998200 1027554 29354
998273 1028148 29875
999684 1028214 28530
1008937 1029303 20366
1009944 1029864 19920
988987 1033065 44078
1001587 1033626 32039
1000694 1039071 38377
1029125 1041942 12817
1000173 1045539 45366
1032836 1046430 13594
1029989 1048047 18058
1037896 1048179 10283
1033773 1048608 14835
1020038 1051545 31507
1028621 1051611 22990
1010498 1052139 41641
1049369 1069893 20524
1061725 1071873 10148
1041654 1072071 30417
1056079 1072632 16553
1038785 1075536 36751
1048723 1076097 27374
1062662 1076130 13468
1053444 1076691 23247
1033045 1081080 48035
1054790 1081608 26818
1059242 1082169 22927
1051105 1093554 42449
1059539 1094082 34543
1077032 1094148 17116
1068848 1094676 25828
1073695 1094709 21014
1078005 1099560 21555
1066445 1100121 33676
1091931 1101870 9939
1068939 1105071 36132
1076345 1117545 41200
1091550 1118106 26556
1065656 1118139 52483
1092978 1118535 25557
1095899 1119921 24022
1087659 1124145 36486
1110519 1124673 14154
1112754 1125234 12480
1106852 1129062 22210
1117716 1133979 16263
1092092 1141536 49444
1113912 1147542 33630
1116115 1148103 31988
1124673 1148136 23463
1131020 1148697 17677
1122730 1148730 26000
1126390 1149324 22934
1103792 1150050 46258
1128759 1150380 21621
1118345 1153086 34741
1131125 1159092 27967
1129213 1159752 30539
1149497 1160016 10519
1132069 1160280 28211
1146524 1160841 14317
1139571 1161930 22359
1142312 1162491 20179
1157343 1165032 7689
1148926 1168629 19703
1110252 1171566 61314
1152139 1172094 19955
1146862 1172127 25265
1129080 1174074 44994
1134857 1174635 39778
1137697 1175229 37532
1146701 1176351 29650
1156073 1181499 25426
1178419 1189155 10736
1142643 1190145 47502
1174478 1192059 17581
1180015 1192554 12539
1153273 1195062 41789
1159742 1196118 36376
1167733 1196118 28385
1177182 1196151 18969
1179702 1197174 17472
1184462 1197735 13273
1164052 1198065 34013
1166118 1198626 32508
1179886 1205985 26099
1187351 1216050 28699
1202271 1220637 18366
1189253 1222056 32803
1201092 1223838 22746
1202236 1225092 22856
1226236 1236873 10637
1208246 1240074 31828
1209779 1240668 30889
1211814 1241163 29349
1219365 1241856 22491
1194130 1242351 48221
1205155 1243539 38384
1220345 1244100 23755
1205756 1244133 38377
1221989 1244661 22672
1230079 1249050 18971
1229910 1249512 19602
1240500 1254000 13500
1234131 1257927 23796
1237014 1261557 24543
1209468 1262085 52617
1233832 1262118 28286
1239786 1262382 22596
1245121 1263042 17921
1248787 1263438 14651
1247591 1267563 19972
1237706 1268124 30418
1261847 1268157 6310
1241750 1268685 26935
1247192 1272942 25750
1251500 1273602 22102
1250143 1277991 27848
1255800 1278519 22719
1259222 1279410 20188
1264938 1281918 16980
1273285 1286340 13055
1264862 1288056 23194
1267312 1288617 21305
1258517 1291059 32542
1277178 1291224 14046
1277911 1291752 13841
1259794 1292148 32354
1256286 1294062 37776
1264299 1294623 30324
1264552 1297065 32513
1276458 1302444 25986
1290516 1303632 13116
1285564 1303995 18431
1292793 1304160 11367
1263472 1309539 46067
1282629 1309770 27141
1272951 1310100 37149
1287813 1310430 22617
1260150 1312047 51897
1274021 1312575 38554
1275403 1313169 37766
1280035 1313730 33695
1281574 1316139 34565
1288266 1316139 27873
1284530 1318053 33523
1272794 1321089 48295
1282662 1321650 38988
1292714 1322244 29530
1277217 1327062 49845
1294078 1327623 33545
1302503 1333563 31060
1306318 1334124 27806
1309184 1334685 25501
1321990 1335213 13223
1303177 1339536 36359
1308587 1340130 31543
1320906 1350525 29619
1337602 1351053 13451
1345807 1357026 11219
1318475 1357554 39079
1329922 1358115 28193
1348797 1359072 10275
1334908 1360062 25154
1336103 1360623 24520
1321874 1363560 41686
1318332 1363626 45294
1332800 1364682 31882
1347366 1366068 18702
1334861 1368939 34078
1357467 1375968 18501
1352697 1381545 28848
1350949 1381743 30794
1351027 1382106 31079
1365611 1382403 16792
1344192 1382700 38508
1353981 1384053 30072
1355440 1384581 29141
1361126 1385142 24016
1354007 1387551 33544
1361758 1388112 26354
1344948 1390059 45111
1381770 1397451 15681
1370428 1397979 27551
1383400 1398474 15074
1377207 1405536 28329
1384315 1406130 21815
1377138 1406691 29553
1373900 1407945 34045
1375712 1408671 32959
1373626 1411047 37421
1381202 1412136 30934
1384226 1412697 28471
1385355 1413225 27870
1412280 1418241 5961
1408429 1421640 13211
1417206 1423158 5952
1408297 1428570 20273
1391339 1429560 38221
1404376 1432068 27692
1416997 1435500 18503
1396725 1435566 38841
1417128 1435929 18801
1413691 1438074 24383
1421699 1438602 16903
1432281 1442133 9852
1426927 1446522 19595
1444992 1450944 5952
1412108 1453551 41443
1432526 1453881 21355
1419926 1454079 34153
1435858 1456059 20201
1422243 1459062 36819
1437021 1459623 22602
1424665 1460118 35453
1417441 1462065 44624
1440787 1462362 21575
1429324 1465068 35744
1425091 1465596 40505
1443364 1466157 22793
1462297 1468269 5972
1456461 1469457 12996
1472742 1482558 9816
1455676 1482921 27245
1460805 1484142 23337
1457137 1484703 27566
1460752 1489092 28340
1464881 1489653 24772
1468626 1490181 21555
1467971 1493976 26005
1482284 1494504 12220
1471178 1504074 32896
1474759 1504635 29876
1479197 1505262 26065
1482690 1505856 23166
1484594 1506945 22351
1479620 1508628 29008
1485072 1508694 23622
1468147 1510047 41900
1472573 1510608 38035
1495968 1511169 15201
1476029 1512324 36295
1464437 1513083 48646
1506105 1514832 8727
1471298 1519089 47791
1484499 1519650 35151
1495966 1520277 24311
1497502 1525887 28385
1504430 1528065 23635
1508246 1528593 20347
1499689 1529154 29465
1502012 1529715 27703
1502893 1530309 27416
1497674 1531563 33889
1512470 1531629 19159
1508701 1532091 23390
1516611 1532718 16107
1498570 1537074 38504
1517410 1541991 24581
1529475 1548591 19116
1518488 1549548 31060
1529433 1549878 20445
1487486 1555554 68068
1518767 1556082 37315
1544598 1565982 21384
1555879 1566048 10169
1556466 1567071 10605
1540443 1567434 26991
1550092 1569942 19850
1528158 1573539 45381
1543429 1574100 30671
1543002 1576047 33045
1572155 1578126 5971
1545882 1579545 33663
1573779 1580106 6327
1547112 1580139 33027
1549842 1580700 30858
1551703 1581228 29525
1553908 1581723 27815
1550589 1585089 34500
1564488 1585617 21129
1571165 1586178 15013
1547017 1591062 44045
1566542 1591656 25114
1569144 1600632 31488
1571848 1601259 29411
1585416 1601853 16437
1537453 1603536 66083
1539299 1604097 64798
1578954 1604130 25176
1561285 1604658 43373
1579608 1604691 25083
1567554 1605186 37632
1588952 1605252 16300
1574936 1605747 30811
1566035 1606077 40042
1578778 1606308 27530
1577087 1606605 29518
1575401 1609080 33679
1578912 1609608 30696
1593264 1618485 25221
1576087 1621422 45335
1566743 1622016 55273
1594942 1627560 32618
1605504 1627626 22122
1587676 1628682 41006
1589227 1630068 40841
1592635 1630629 37994
1598758 1630728 31970
1601663 1631784 30121
1595153 1632939 37786
1617797 1633632 15835
1601802 1633665 31863
1610906 1637988 27082
1613079 1645545 32466
1631586 1645875 14289
1620876 1645974 25098
1632336 1646436 14100
1622166 1646634 24468
1623325 1647162 23837
1625179 1647690 22511
1631420 1648614 17194
1629470 1651518 22048
1616310 1651551 35241
1619490 1652112 32622
1641218 1652574 11356
1620956 1655841 34885
1624674 1656930 32256
1631175 1661979 30804
1651719 1662540 10821
1662895 1668975 6080
1623950 1669404 45454
1633140 1670064 36924
1624047 1670130 46083
1645173 1672077 26904
1640552 1675542 34990
1644220 1676136 31916
1662126 1686531 24405
1673593 1687158 13565
1675690 1687686 11996
1655870 1693560 37690
1670506 1694088 23582
1660330 1694121 33791
1655927 1694649 38722
1661868 1694682 32814
1678291 1695210 16919
1672424 1696068 23644
1660471 1696596 36125
1669790 1699566 29776
1655781 1700127 44346
1685003 1700655 15652
1670450 1704945 34495
1675994 1705572 29578
1677811 1706166 28355
1687331 1706166 18835
1675470 1711083 35613
1696619 1711743 15124
1677668 1717551 39883
1692079 1717881 25802
1696664 1718310 21646
1697933 1718937 21004
1691659 1723557 31898
1696552 1724118 27566
1698906 1724745 25839
1681398 1726065 44667
1694306 1726593 32287
1700989 1727814 26825
1696498 1729068 32570
1700638 1729629 28991
1697590 1741410 43820
1710642 1741872 31230
1705145 1748142 42997
1729982 1748670 18688
1715145 1750056 34911
1721482 1750584 29102
1716020 1753092 37072
1718848 1753653 34805
1747545 1757481 9936
1731004 1765566 34562
1744240 1765896 21656
1731335 1766160 34825
1750703 1766325 15622
1743572 1766721 23149
1752854 1768602 15748
1755780 1771638 15858
1758359 1772694 14335
1760791 1782000 21209
1776935 1786488 9553
1743755 1789557 45802
1750622 1790118 39496
1755521 1790646 35125
1776272 1791174 14902
1778418 1791735 13317
1757663 1792626 34963
1771189 1795563 24374
1767211 1798071 30860
1772942 1798104 25162
1756734 1801074 44340
1764999 1801635 36636
1779392 1805991 26599
1785902 1807410 21508
1795152 1810479 15327
1783114 1813416 30302
1761706 1814142 52436
1774776 1814670 39894
1788824 1815264 26440
1791087 1815759 24672
1796687 1816287 19600
1785262 1819059 33797
1790635 1822062 31427
1800252 1822854 22602
1792685 1831071 38386
1819106 1831698 12592
1830239 1836549 6310
1800168 1837539 37371
1822969 1837902 14933
1800909 1838100 37191
1791585 1838694 47109
1818839 1840047 21208
1827554 1840674 13120
1810285 1843545 33260
1810482 1844139 33657
1816286 1844700 28414
1826591 1845228 18637
1818075 1846053 27978
1805153 1849089 43936
1834404 1854468 20064
1835363 1854996 19633
1815961 1861563 45602
1818056 1861992 43936
1828721 1862124 33403
1847753 1862652 14899
1827888 1864071 36183
1848580 1865226 16646
1843784 1867536 23752
1827148 1868130 40982
1840418 1868658 28240
1825107 1870077 44970
1842867 1870638 27771
1829063 1873080 44017
1851895 1873509 21614
1846930 1877469 30539
1836351 1885554 49203
1834985 1886148 51163
1871064 1887930 16866
1849420 1891626 42206
1878160 1892616 14456
1884912 1906509 21597
1884829 1909875 25046
1888814 1910964 22150
1893711 1911525 17814
1891725 1912053 20328
1898097 1916145 18048
1879273 1918653 39380
1891294 1918752 27458
1893685 1919775 26090
1880648 1921062 40414
1877165 1921260 44095
1898477 1921491 23014
1912096 1923570 11474
1910800 1925979 15179
1913269 1926507 13238
1914025 1930500 16475
1892970 1933404 40434
1903588 1933899 30311
1914511 1936638 22127
1919917 1939542 19625
1899076 1942050 42974
1905623 1942611 36988
1911049 1943205 32156
1916255 1943799 27544
1918571 1950003 31432
1929124 1950531 21407
1928306 1952577 24271
1933360 1957560 24200
1900226 1958121 57895
1929870 1958682 28812
1941671 1959210 17539
1924201 1963566 39365
1939817 1963929 24112
1939605 1964127 24522
1924809 1968945 44136
1933821 1969605 35784
1935599 1970199 34600
1944388 1973994 29606
1955249 1975413 20164
1958663 1975974 17311
1968218 1976469 8251
1932740 1981551 48811
1937279 1981980 44701
1952730 1987557 34827
1950438 1990065 39627
1953002 1990626 37624
1986141 1992111 5970
1949326 1992936 43610
1995629 2001945 6316
1969244 2005542 36298
1987348 2006136 18788
1980117 2011647 31530
1980508 2012703 32195
2001165 2012703 11538
1972294 2014056 41762
1983918 2014617 30699
1983958 2015244 31286
1978590 2017092 38502
2010880 2017422 6542
1980330 2017653 37323
2006863 2019567 12704
1985224 2023065 37841
1991731 2023593 31862
1994999 2023659 28660
2021784 2028114 6330
2003616 2029566 25950
2006167 2029896 23729
2007528 2030424 22896
2023126 2036001 12875
1991443 2038047 46604
2008238 2038608 30370
2010633 2039202 28569
2022767 2041644 18877
2019126 2046000 26874
2037694 2047485 9791
2009250 2053557 44307
2030448 2053887 23439
2016998 2054118 37120
2040441 2054415 13974
2021748 2056065 34317
2024402 2059563 35161
2019358 2060124 40766
2032969 2060124 27155
2030741 2060652 29911
2040469 2065074 24605
2060856 2067318 6462
2039956 2069463 29507
2038809 2069496 30687
2055524 2080848 25324
2062059 2083554 21495
2055834 2084148 28314
2048570 2086062 37492
2060287 2087184 26897
2071766 2097942 26176
2063681 2101407 37726
2046794 2102133 55339
2067741 2102133 34392
2073298 2102760 29462
2077953 2103288 25335
2077700 2104047 26347
2051433 2107545 56112
2066114 2108073 41959
2080990 2108139 27149
2071775 2108667 36892
2081197 2109261 28064
2078375 2109789 31414
2085841 2110053 24212
2103644 2117478 13834
2088598 2117973 29375
2089664 2118501 28837
2098519 2118996 20477
2115301 2121273 5972
2100772 2125893 25121
2110777 2126421 15644
2112437 2126949 14512
2116971 2127477 10506
2115034 2128566 13532
2107548 2132097 24549
2105270 2132130 26860
2105741 2132658 26917
2119718 2132691 12973
2110697 2133153 22456
2109723 2133582 23859
2099815 2136948 37133
2132761 2138862 6101
2117112 2141469 24357
2115181 2143086 27905
2095600 2143614 48014
2120671 2143746 23075
2133889 2144802 10913
2092376 2150148 57772
2113288 2152062 38774
2121284 2152887 31603
2148131 2154075 5944
2122013 2155626 33613
2133419 2156121 22702
2126910 2161071 34161
2130592 2161632 31040
2139734 2162061 22327
2154281 2166648 12367
2155610 2167176 11566
2147573 2173545 25972
2154212 2173875 19663
2151876 2175921 24045
2143255 2179551 36296
2146392 2180112 33720
2137625 2182059 44434
2150920 2182620 31700
2177789 2183940 6151
2179605 2185557 5952
2175297 2187570 12273
2177798 2200077 22279
2153968 2204136 50168
2188418 2204697 16279
2190689 2205291 14602
2177118 2209086 31968
2176074 2209647 33573
2176175 2210076 33901
2178696 2210769 32073
2186520 2214003 27483
2192631 2215026 22395
2211755 2218062 6307
2196273 2221560 25287
2202553 2221890 19337
2203224 2222418 19194
2198576 2224068 25492
2204217 2224629 20412
2207850 2225751 17901
2210960 2226939 15979
2190966 2228127 37161
2199739 2233077 33338
2208191 2233605 25414
2217521 2237994 20473
2229326 2239116 9790
2211394 2245419 34025
2211793 2246079 34286
2198962 2246145 47183
2240508 2246475 5967
2229233 2246706 17473
2227094 2248059 20965
2221152 2248587 27435
2221292 2249181 27889
2211504 2252118 40614
2241929 2252580 10651
2232235 2252646 20411
2229359 2254065 24706
2229699 2256936 27237
2255403 2261358 5955
2242967 2261490 18523
2240967 2263998 23031
2226064 2269542 43478
2227278 2270730 43452
2226997 2273436 46439
2252858 2276142 23284
2263738 2281059 17321
2244941 2281653 36712
2254484 2282247 27763
2253791 2293566 39775
2241887 2293995 52108
2275111 2300067 24956
2283397 2300133 16736
2267156 2305083 37927
2285216 2311089 25873
2258933 2311617 52684
2287662 2312145 24483
2304495 2314488 9993
2276897 2317557 40660
2269418 2318118 48700
2285036 2318679 33643
2289738 2319207 29469
2298582 2320065 21483
2313568 2323365 9797
2269779 2323563 53784
2294621 2324718 30097
2300443 2325279 24836
2290832 2326071 35239
2295898 2326632 30734
2297094 2329074 31980
2291998 2335080 43082
2294605 2335641 41036
2318954 2341548 22594
2327308 2341878 14570
2330072 2342373 12301
2330703 2343957 13254
2323309 2347554 24245
2322718 2348148 25430
2312462 2350062 37600
2351111 2357058 5947
2328251 2357487 29236
2329599 2358510 28911
2329700 2358543 28843
2337993 2359533 21540
2328119 2365539 37420
2342380 2365902 23522
2343277 2371545 28268
2347114 2374053 26939
2347467 2375835 28368
2345856 2377089 31233
2364831 2377584 12753
2347567 2377650 30083
2354756 2378244 23488
2351448 2381973 30525
2365115 2382633 17518
2354691 2389563 34872
2365402 2389893 24491
2362729 2390091 27362
2366963 2390454 23491
2356258 2392071 35813
2359454 2395536 36082
2373176 2396097 22921
2368623 2396130 27507
2366244 2398077 31833
2364277 2401080 36803
2380656 2405997 25341
2388923 2406525 17602
2383796 2407416 23620
2378857 2413554 34697
2388921 2413884 24963
2387819 2414115 26296
2392056 2416062 24006
2401875 2416623 14748
2388550 2418009 29459
2389752 2419065 29313
2377141 2422068 44927
2398254 2422596 24342
2385141 2424939 39798
2386707 2425632 38925
2395367 2426226 30859
2395993 2426820 30827
2395717 2427216 31499
2416995 2430021 13026
2405236 2431407 26171
2423387 2435004 11617
2394398 2437545 43147
2415187 2437875 22688
2415719 2440053 24334
2420547 2440614 20067
2416851 2444079 27228
2414909 2444145 29236
2427718 2444178 16460
2401195 2448930 47735
2404174 2455068 50894
2423304 2455662 32358
2428707 2456190 27483
2434207 2456685 22478
2451971 2458302 6331
2440357 2462130 21773
2443135 2463945 20810
2456579 2467014 10435
2427375 2470050 42675
2443732 2470611 26879
2453517 2473647 20130
2467371 2477838 10467
2460265 2478531 18266
2448271 2485560 37289
2460246 2486121 25875
2466749 2488068 21319
2449654 2492127 42473
2469124 2492688 23564
2477548 2493282 15734
2468483 2497077 28594
2490146 2498199 8053
2473701 2503083 29382
2478130 2503743 25613
2483523 2504568 21045
2498671 2509056 10385
2474060 2509419 35359
2453715 2510079 56364
2502091 2512356 10265
2490223 2516118 25895
2478649 2521068 42419
2473219 2521266 48047
2491663 2521497 29834
2492369 2522058 29689
2479202 2527074 47872
2514058 2528229 14171
2506508 2533542 27034
2504844 2540142 35298
2524823 2549481 24658
2510858 2551065 40207
2519787 2551659 31872
2543212 2552088 8876
2523657 2552187 28530
2532320 2552682 20362
2549745 2555685 5940
2518373 2557566 39193
2530856 2557896 27040
2526055 2558127 32072
2532976 2558721 25745
2533778 2559249 25471
2529014 2560074 31060
2530138 2560602 30464
2528222 2563539 35317
2542613 2566047 23434
2546381 2570172 23791
2554144 2575089 20945
2565181 2577927 12746
2539851 2582118 42267
2556834 2584065 27231
2537137 2584890 47753
2580212 2586540 6328
2554285 2590104 35819
2545022 2593272 48250
2565137 2599080 33943
2572245 2599707 27462
2570974 2605548 34574
2572083 2606109 34026
2588534 2606439 17905
2584454 2611554 27100
2579714 2612148 32434
2582686 2612709 30023
2588529 2613237 24708
2587976 2617065 29089
2597045 2617065 20020
2607585 2621454 13869
2587829 2623071 35242
2588044 2623137 35093
2601306 2624292 22986
2622672 2628615 5943
2606558 2629902 23344
2608810 2630430 21620
2614117 2637558 23441
2634103 2640099 5996
2624071 2641650 17579
2623210 2647062 23852
2638557 2650527 11970
2637933 2653761 15828
2650416 2656368 5952
2623335 2659536 36201
2633411 2660097 26686
2641887 2660130 18243
2643409 2660130 16721
2634550 2662077 27527
2657907 2664585 6678
2635320 2665080 29760
2637340 2665674 28334
2634282 2671086 36804
2646707 2671746 25039
2654074 2671977 17903
2655120 2677125 22005
2640651 2677554 36903
2642496 2678115 35619
2643987 2678577 34590
2659511 2680062 20551
2667647 2681151 13504
2663099 2683560 20461
2650604 2684121 33517
2666278 2688411 22133
2652272 2689071 36799
2653944 2689632 35688
2663918 2690094 26176
2669773 2690193 20420
2672617 2695044 22427
2691363 2697321 5958
2694991 2701017 6026
2645273 2702139 56866
2689756 2703030 13274
2666678 2704053 37375
2667770 2704581 36811
2682404 2707551 25147
2685931 2708079 22148
2666731 2708145 41414
2678471 2708673 30202
2696534 2708673 12139
2696857 2709300 12443
2675465 2710059 34594
2691369 2717451 26082
2704079 2717979 13900
2708757 2719035 10278
2714808 2720751 5943
2693117 2725536 32419
2716789 2727054 10265
2697937 2728077 30140
2715943 2728704 12761
2723781 2729727 5946
2708816 2732136 23320
2708116 2734050 25934
2699732 2737086 37354
2730682 2742267 11585
2730941 2742795 11854
2719612 2744016 24404
2738479 2744445 5966
2739812 2746128 6316
2720791 2749560 28769
2711203 2750121 38918
2716787 2750121 33334
2722524 2750682 28158
2710133 2751243 41110
2729336 2752068 22732
2727915 2754939 27024
2717491 2758074 40583
2730826 2758932 28106
2745239 2765994 20755
2756509 2768007 11498
2757045 2769921 12876
2754244 2772594 18350
2738570 2773551 34981
2754380 2775927 21547
2768154 2779029 10875
2756562 2785068 28506
2784077 2793186 9109
2760525 2797542 37017
2771156 2797905 26749
2777221 2798433 21212
2782372 2798961 16589
2790758 2803515 12757
2761449 2803548 42099
2786861 2804736 17875
2772390 2806056 33666
2783968 2809092 25124
2791110 2809653 18543
2763030 2815065 52035
2790029 2815659 25630
2791867 2816187 24320
2811104 2821368 10264
2785782 2821566 35784
2793750 2824074 30324
2797773 2824635 26862
2807677 2825196 17519
2811206 2825724 14518
2796251 2827539 31288
2803940 2828133 24193
2804457 2828133 23676
2812363 2828694 16331
2797633 2830047 32414
2794788 2833083 38295
2807261 2833611 26350
2808678 2834172 25494
2830286 2840508 10222
2809159 2851563 42404
2823382 2852124 28742
2825273 2852124 26851
2825522 2852652 27130
2817822 2856942 39120
2819238 2857668 38430
2831229 2858295 27066
2818992 2858790 39798
2825097 2869548 44451
2845739 2870076 24337
2818187 2870142 51955
2847711 2870703 22992
2854533 2871066 16533
2844517 2872056 27539
2824058 2876148 52090
2834333 2876709 42376
2838047 2881065 43018
2870948 2881626 10678
2870259 2885487 15228
2876450 2889942 13492
2861233 2893539 32306
2872704 2895915 23211
2873327 2896641 23314
2876509 2897268 20759
2861798 2899545 37747
2872025 2900139 28114
2873433 2900205 26772
2877448 2902053 24605
2874181 2905089 30908
2865438 2905650 40212
2903711 2917893 14182
2878611 2920071 41460
2905148 2920599 15451
2901159 2922942 21783
2883190 2923536 40346
2891627 2923602 31975
2885975 2924130 38155
2894444 2924691 30247
2895897 2924757 28860
2902582 2925813 23231
2885405 2926077 40672
2890822 2926143 35321
2899307 2929080 29773
2890531 2941554 51023
2917836 2948121 30285
2910943 2948154 37211
2923049 2948781 25732
2918868 2949309 30441
2919952 2950068 30116
2937952 2950926 12974
2927768 2953071 25303
2920278 2959077 38799
2936906 2959407 22501
2907955 2959605 51650
2925522 2965545 40023
2945094 2965875 20781
2938393 2966106 27713
2945325 2966436 21111
2947868 2966964 19096
2949802 2968053 18251
2939977 2971056 31079
2943500 2972112 28612
2941256 2972145 30889
2933016 2977062 44046
2953767 2977590 23823
2966099 2978151 12052
2957172 2981979 24807
2961062 2992077 31015
2989468 2995410 5942
2956248 2995542 39294
2971417 2996136 24719
2966585 2996664 30079
2975988 2996697 20709
2985336 2997786 12450
2956541 2998050 41509
2983487 3001581 18094
2997038 3007323 10285
2987674 3009930 22256
2997034 3012570 15536
3001049 3013098 12049
2963699 3013560 49861
3005648 3013626 7978
2989758 3014088 24330
2979321 3014121 34800
2980296 3016068 35772
2988664 3016596 27932
3003496 3017157 13661
2999606 3018939 19333
2993299 3019566 26267
2997828 3022074 24246
2982281 3025077 42796
2997329 3025638 28309
3000758 3026265 25507
3015709 3027552 11843
3015549 3040059 24510
3023743 3040620 16877
3018910 3043557 24647
3009636 3044118 34482
3028342 3044646 16304
3006708 3049068 42360
3017187 3049629 32442
3040383 3050157 9774
3031245 3052104 20859
3046732 3052698 5966
3015824 3055074 39250
3040963 3055635 14672
3030475 3064050 33575
3031091 3064644 33553
3045217 3066954 21737
3020336 3067548 47212
3027602 3068076 40474
3042118 3068142 26024
3035028 3068670 33642
3045652 3068703 23051
3043564 3069264 25700
3044673 3069363 24690
3063210 3069792 6582
3038351 3073092 34741
3044733 3073653 28920
3050389 3079065 28676
3051331 3079659 28328
3064899 3079659 14760
3037322 3091539 54217
3062981 3092133 29152
3067721 3094047 26326
3071497 3097644 26147
3087232 3097644 10412
3071543 3098238 26695
3075742 3102000 26258
3068613 3109557 40944
3065157 3110085 44928
3089128 3112065 22937
3095395 3115563 20168
3094729 3116091 21362
3097905 3116124 18219
3099935 3116685 16750
3106157 3118896 12739
3083087 3121074 37987
3095194 3121536 26342
3095083 3125991 30908
3108594 3126519 17925
3118374 3127971 9597
3109709 3134043 24334
3077139 3134142 57003
3110969 3134472 23503
3089815 3134703 44888
3110750 3136056 25306
3126284 3136551 10267
3121434 3136584 15150
3094817 3137046 42229
3129006 3138960 9954
3103190 3139554 36364
3117306 3140148 22842
3106839 3145065 38226
3108988 3145626 36638
3131936 3146154 14218
3118973 3149982 31009
3136992 3153942 16950
3156578 3162522 5944
3138901 3164139 25238
3142343 3164700 22357
3125179 3166053 40874
3124687 3169089 44402
3141384 3169650 28266
3159407 3169650 10243
3150085 3175062 24977
3146222 3175656 29434
3155134 3176184 21050
3154617 3181563 26946
3158773 3182421 23648
3165515 3182850 17335
3174856 3186942 12086
3148376 3187536 39160
3153857 3187602 33745
3166875 3187635 20760
3165768 3190077 24309
3148689 3193080 44391
3151599 3193641 42042
3156568 3194103 37535
3190987 3196941 5954
3164734 3199086 34352
3169618 3199746 30128
3180027 3205554 25527
3191509 3205884 14375
3186961 3208062 21101
3199499 3211197 11698
3178191 3211560 33369
3187081 3214068 26987
3185974 3223077 37103
3181735 3223638 41903
3188868 3229545 40677
3215424 3229677 14253
3202933 3229875 26942
3190453 3230106 39653
3216937 3230403 13466
3194098 3230568 36470
3219235 3230931 11696
3174467 3231261 56794
3196153 3235551 39398
3207141 3236145 29004
3211220 3236706 25486
3196770 3238059 41289
3201926 3241062 39136
3239703 3245649 5946
3216743 3245979 29236
3230597 3247992 17395
3223229 3253536 30307
3225196 3256077 30881
3251608 3260004 8396
3228489 3260136 31647
3218152 3262050 43898
3248112 3262941 14829
3220871 3265086 44215
3241363 3270003 28640
3258300 3273105 14805
3267967 3273930 5963
3234085 3277560 43475
3239151 3278121 38970
3252014 3278649 26635
3258722 3279177 20455
3260743 3279705 18962
3262205 3280200 17995
3271581 3283500 11919
3245986 3286074 40088
3246813 3289077 42264
3249146 3289638 40492
3282686 3294225 11539
3256400 3301551 45151
3279789 3301881 22092
3268288 3303927 35639
3273605 3304653 31048
3287739 3307557 19818
3280664 3313068 32404
3285943 3313629 27686
3289567 3314223 24656
3290787 3317490 26703
3312353 3318315 5962
3285614 3325542 39928
3302030 3326070 24040
3294090 3328050 33960
3298790 3328611 29821
3304374 3329238 24864
3310824 3329832 19008
3307510 3330954 23444
3303814 3331548 27734
3310511 3332076 21565
3307570 3332142 24572
3307163 3334056 26893
3300406 3334584 34178
3300701 3335178 34477
3297690 3337092 39402
3320822 3343428 22606
3315229 3349434 34205
3321824 3351282 29458
3333863 3352074 18211
3317431 3353328 35897
3320457 3354021 33564
3327924 3356133 28209
3339926 3356694 16768
3323243 3361083 37840
3331502 3361644 30142
3354006 3373095 19089
3353506 3373887 20381
3346653 3376065 29412
3344371 3376890 32519
3350513 3379563 29050
3349912 3380124 30212
3355218 3380124 24906
3360371 3382071 21700
3349588 3385074 35486
3366982 3385569 18587
3347121 3385635 38514
3358607 3386229 27622
3371276 3387582 16306
3360054 3391080 31026
3359210 3391740 32530
3386173 3392136 5963
3364337 3397548 33211
3370806 3398109 27303
3391918 3403158 11240
3360905 3406062 45157
3379377 3406623 27246
3386012 3421539 35527
3406524 3421902 15378
3394319 3427545 33226
3405421 3428106 22685
3407030 3428139 21109
3404552 3430053 25501
3405355 3430581 25226
3395173 3433089 37916
3420159 3435267 15108
3408541 3437973 29432
3412190 3437973 25783
3418560 3438996 20436
3431698 3439029 7331
3413478 3439425 25947
3420098 3439491 19393
3434951 3441273 6322
3412417 3445563 33146
3397920 3446124 48204
3414643 3446124 31481
3415139 3446751 31612
3436944 3447213 10269
3417094 3447345 30251
3427744 3448071 20327
3438516 3450942 12426
3441012 3451305 10293
3413860 3454077 40217
3426108 3454638 28530
3441191 3455496 14305
3435879 3456948 21069
3430554 3463086 32532
3431766 3463746 31980
3437912 3464010 26098
3439382 3464241 24859
3453034 3464769 11735
3442043 3469884 27841
3445082 3471930 26848
3447497 3472656 25159
3435306 3475560 40254
3448522 3476121 27599
3448885 3476121 27236
3449808 3478068 28260
3452884 3478629 25745
3444695 3481071 36376
3445503 3481533 36030
3455019 3485988 30969
3470076 3486483 16407
3471216 3487011 15795
3473899 3487044 13145
3465358 3496053 30695
3462579 3499056 36477
3473037 3500145 27108
3457977 3502059 44082
3476211 3505623 29412
3464360 3506217 41857
3467671 3506778 39107
3488169 3509517 21348
3488942 3510507 21565
3501720 3511992 10272
3493628 3517899 24271
3462255 3518064 55809
3505756 3518559 12803
3479322 3520077 40755
3493458 3520869 27411
3491060 3523542 32482
3482658 3529086 46428
3490199 3529647 39448
3491565 3530241 38676
3529374 3543936 14562
3527207 3547566 20359
3516649 3548127 31478
3512507 3550074 37567
3512003 3553077 41074
3548872 3558918 10046
3530599 3559083 28484
3550774 3570930 20156
3551045 3572085 21040
3550924 3572646 21722
3560805 3574065 13260
3547075 3577068 29993
3555460 3577596 22136
3548543 3577662 29119
3568826 3578157 9331
3548831 3583074 34243
3554755 3583668 28913
3567461 3584163 16702
3553026 3589542 36516
3558689 3590103 31414
3559631 3590697 31066
3564182 3591258 27076
3562691 3592644 29953
3583017 3595515 12498
3566192 3595548 29356
3556877 3598056 41179
3574229 3598584 24355
3575763 3601092 25329
3570025 3601620 31595
3598441 3604392 5951
3595086 3606009 10923
3598518 3608550 10032
3581419 3613566 32147
3561233 3614127 52894
3589034 3614688 25654
3585576 3617427 31851
3594177 3622047 27870
3583506 3625083 41577
3588359 3631089 42730
3588777 3631617 42840
3599512 3632178 32666
3592847 3637557 44710
3583502 3638118 54616
