5105 11055 5950
5056 11385 6329
8520 14850 6330
1010 16269 15259
3521 16863 13342
4709 17358 12649
13373 22275 8902
15377 27786 12409
2268 28743 26475
8319 29766 21447
32724 38676 5952
7781 40260 32479
8649 44781 36132
7229 45771 38542
13151 45837 32686
23506 47685 24179
31954 48213 16259
26732 52734 26002
40801 53196 12395
13679 53988 40309
48610 54582 5972
26158 58740 32582
48983 61017 12034
57405 63723 6318
58802 64746 5944
56011 69168 13157
41894 69762 27868
43113 70785 27672
44507 71676 27169
49370 72204 22834
64740 74514 9774
69720 80289 10569
56209 82137 25928
56658 82863 26205
62758 83226 20468
51575 83391 31816
75378 83754 8376
81910 87879 5969
54549 88275 33726
61651 88737 27086
78071 89265 11194
73512 94380 20868
78749 94908 16159
90481 99759 9278
90531 101211 10680
90667 101310 10643
95036 101739 6703
78968 106128 27160
100485 106425 5940
59609 106722 47113
74968 107415 32447
82579 112134 29555
88065 113454 25389
89426 114147 24721
98680 117876 19196
105140 118899 13759
100303 124740 24437
105161 126423 21262
125026 131934 6908
112887 132462 19575
113133 134640 21507
98237 136257 38020
105438 136356 30918
125565 136620 11055
102218 136686 34468
102370 137247 34877
119422 140778 21356
136646 149193 12547
115114 154737 39623
149464 155430 5966
144943 156123 11180
140881 159819 18938
153874 166386 12512
138382 167706 29324
164820 172557 7737
153348 172722 19374
157307 176286 18979
156083 178134 22051
134758 178860 44102
160326 179190 18864
158665 184734 26069
177258 187044 9786
180894 190674 9780
195576 201531 5955
195492 202488 6996
168221 202719 34498
199519 205491 5972
179172 208263 29091
176932 212124 35192
198986 214269 15283
200371 214368 13997
206023 214863 8840
171761 218295 46534
201287 227568 26281
222462 228426 5964
199442 233706 34264
208283 234234 25951
206298 235554 29256
204280 236775 32495
206847 237798 30951
205079 239679 34600
235931 241890 5959
218943 242187 23244
230645 245190 14545
221616 246444 24828
234971 248820 13849
243223 249942 6719
222091 250866 28775
206300 251295 44995
232957 256872 23915
236270 260634 24364
232562 263703 31141
238819 264231 25412
254793 268719 13926
266989 272943 5954
255011 275550 20539
264158 279213 15055
261167 280137 18970
239765 280368 40603
251500 286275 34775
243691 286308 42617
283125 289080 5955
272406 291786 19380
286313 292281 5968
284288 293007 8719
284951 298122 13171
260009 298749 38740
266678 299409 32731
288746 301653 12907
262482 304260 41778
268547 304854 36307
273101 304887 31786
284786 308022 23236
283769 308649 24880
286354 309276 22922
281467 309771 28304
286876 311190 24314
286911 311784 24873
286821 312840 26019
286427 314787 28360
293146 314853 21707
289940 322872 32932
315228 323235 8007
317322 323268 5946
290543 323433 32890
307835 328383 20548
301713 329571 27858
302843 330297 27454
316722 332772 16050
314147 346731 32584
331047 347556 16509
326481 350658 24177
340605 351219 10614
309080 352275 43195
327761 352704 24943
335652 353694 18042
340849 354123 13274
317401 359205 41804
335344 359766 24422
345835 362604 16769
321778 362769 40991
344791 363759 18968
361812 368643 6831
346281 370128 23847
365643 371976 6333
366329 372636 6307
340120 376134 36014
350382 376728 26346
344011 376761 32750
353821 377487 23666
359702 377685 17983
358781 377949 19168
347254 378510 31256
352439 380490 28051
375208 381315 6107
380160 386100 5940
343053 386892 43839
381050 386991 5941
373091 387420 14329
380555 394680 14125
382658 395208 12550
377321 396132 18811
390647 396594 5947
386535 397188 10653
379585 398640 19055
363178 400125 36947
370420 400686 30266
384344 400851 16507
371093 401214 30121
372319 401676 29357
372808 401775 28967
381238 404778 23540
375617 406263 30646
395850 406890 11040
370130 410784 40654
383481 411345 27864
401462 411774 10312
385719 418737 33018
392886 419430 26544
409396 419562 10166
414670 420981 6311
411904 423192 11288
382802 424281 41479
406351 425700 19349
384617 428076 43459
389642 429759 40117
397448 430320 32872
420526 431475 10949
420962 432036 11074
410488 435270 24782
417236 435864 18628
422747 436392 13645
397407 437976 40569
418210 442134 23924
409276 442728 33452
403823 448272 44449
410548 448371 37823
409531 449427 39896
427914 450516 22602
421379 458271 36892
442380 459063 16683
446426 464277 17851
429770 466851 37081
425410 467280 41870
420564 472857 52293
445226 476784 31558
456977 477774 20797
481205 489390 8185
475409 490149 14740
460827 490875 30048
461908 491304 29396
462448 491997 29549
457076 492360 35284
448757 492888 44131
465069 499455 34386
479771 503712 23941
486285 506286 20001
464704 506880 42176
499761 509256 9495
493959 514701 20742
487456 514734 27278
500993 516120 15127
483628 520278 36650
488916 521697 32781
495283 524634 29351
518799 525261 6462
496668 525525 28857
520270 534369 14099
530884 536844 5960
526462 538692 12230
533100 539055 5955
527557 539220 11663
493307 544137 50830
522937 544863 21926
525243 548790 23547
534418 550374 15956
534887 551694 16807
513413 555324 41911
513706 555918 42212
533537 555951 22414
511719 557964 46245
552521 558492 5971
550768 560802 10034
552476 562122 9646
534976 564465 29489
547334 572979 25645
547732 578787 31055
575258 584826 9568
575200 593571 18371
581636 597498 15862
573078 598257 25179
572167 599676 27509
595072 604725 9653
590628 605187 14559
596611 605385 8774
589640 610137 20497
604240 610203 5963
588155 611556 23401
605635 611589 5954
594627 612117 17490
599883 614658 14775
596992 617595 20603
587564 619476 31912
600859 620004 19145
601181 621357 20176
605928 622380 16452
609058 622908 13850
610139 623469 13330
619853 625812 5959
602976 626769 23793
610474 628749 18275
617227 628782 11555
628114 634062 5948
608753 634722 25969
616809 640266 23457
624375 644886 20511
636605 646404 9799
626292 647196 20904
622250 650694 28444
645653 652080 6427
639421 652740 13319
643374 653301 9927
642081 656271 14190
630492 658746 28254
636776 662640 25864
635554 665676 30122
635424 666105 30681
652347 670263 17916
660669 670890 10221
650132 675147 25015
655593 676731 21138
652698 677721 25023
652909 677985 25076
661999 680295 18296
664482 680823 16341
657934 682737 24803
668426 688380 19954
657402 689700 32298
668401 690855 22454
672832 693231 20399
667129 693924 26795
675682 695211 19529
686114 701184 15070
691665 704286 12621
699647 705969 6322
677095 706728 29633
682965 707289 24324
652044 707949 55905
698177 710655 12478
702279 711282 9003
669495 712272 42777
677217 712866 35649
673447 713691 40244
677443 716034 38591
690155 716793 26638
686526 718278 31752
716006 721974 5968
696688 722766 26078
714294 725307 11013
722493 728442 5949
702848 736131 33283
704005 740784 36779
721045 741246 20201
721168 741906 20738
708125 742269 34144
726821 742368 15547
717036 746889 29853
707585 749991 42406
723396 754743 31347
745181 756129 10948
734770 763554 28784
749577 764775 15198
721365 766260 44895
752106 766359 14253
725903 767184 41281
745207 767349 22142
750707 772299 21592
748426 772728 24302
763235 772860 9625
758521 773190 14669
771709 777678 5969
762657 778140 15483
762393 783255 20862
766018 783783 17765
753527 784146 30619
738889 784377 45488
779082 785037 5955
745771 788997 43226
761188 789756 28568
777092 790383 13291
764861 791703 26842
776326 795762 19436
782056 796719 14663
789837 797247 7410
779528 797709 18181
795512 802494 6982
761965 802725 40760
780928 803550 22622
798757 804705 5948
792241 805002 12761
788403 812790 24387
782573 813417 30844
776947 813780 36833
798084 813945 15861
791314 815199 23885
790696 818268 27572
800377 818829 18452
805856 820743 14887
810739 822327 11588
806096 828465 22369
799257 833679 34422
814237 839685 25448
798228 842787 44559
839782 845724 5942
824145 846318 22173
810603 850872 40269
805012 856383 51371
835249 856515 21266
828929 857703 28774
827154 859551 32397
826096 860772 34676
845137 862257 17120
841045 866778 25733
851151 867339 16188
862218 868527 6309
852674 869187 16513
865240 871200 5960
867058 873015 5957
852496 875556 23060
859287 876645 17358
857913 883575 25662
870063 886380 16317
889897 895851 5954
883347 898128 14781
860720 898722 38002
869921 899316 29395
883271 899547 16276
889653 900108 10455
894148 900768 6620
882399 902649 20250
896770 903738 6968
897947 904398 6451
855666 904860 49194
892752 905322 12570
882668 907566 24898
866878 908787 41909
901876 909942 8066
900756 916740 15984
908349 916971 8622
911195 917565 6370
897779 920799 23020
910025 921360 11335
904620 922119 17499
890097 922878 32781
908245 928125 19880
895011 928356 33345
913921 929379 15458
904665 929676 25011
880956 934263 53307
906345 934791 28446
908753 934890 26137
893711 935682 41971
895007 935748 40741
907817 938190 30373
909915 939279 29364
918522 939774 21252
927056 941193 14137
922679 946143 23464
911831 946869 35038
932409 947232 14823
924518 952281 27763
916023 952380 36357
913870 952710 38840
934336 952908 18572
927128 953238 26110
925732 956637 30905
925740 957264 31524
933027 957858 24831
943307 958551 15244
919086 959112 40026
929580 959640 30060
932470 959706 27236
935850 963303 27453
928182 963831 35649
931425 963864 32439
948804 965184 16380
952188 965382 13194
949770 965745 15975
916470 965976 49506
958909 966867 7958
948799 968088 19289
953259 968286 15027
952300 971553 19253
946855 976866 30011
958755 976899 18144
966630 977889 11259
953610 978153 24543
951111 980892 29781
955414 982278 26864
968963 982806 13843
976182 987162 10980
982880 988845 5965
980087 992805 12718
984894 994092 9198
981572 995544 13972
989324 996138 6814
973554 998646 25092
960143 1000263 40120
966451 1000791 34340
971453 1000890 29437
966123 1004784 38661
974033 1005345 31312
959386 1007688 48302
968052 1010790 42738
972754 1010823 38069
1010335 1016301 5966
973657 1018875 45218
1007654 1020162 12508
994880 1025574 30694
972125 1030260 58135
1012879 1030359 17480
1017442 1030887 13445
1017317 1031679 14362
1007536 1034781 27245
1020347 1035276 14929
1020894 1036728 15834
1028714 1038312 9598
1011263 1042866 31603
1036766 1043922 7156
1038039 1043988 5949
1031514 1044417 12903
1020326 1046661 26335
1007185 1048278 41093
1007469 1048377 40908
1028412 1052766 24354
1017136 1053723 36587
1029071 1058706 29635
1022934 1058904 35970
1041028 1059465 18437
1049249 1061181 11932
1033379 1066857 33478
1058593 1068738 10145
1018092 1072863 54771
1060556 1073523 12967
1043552 1079694 36142
1062830 1082697 19867
1070677 1083654 12977
1080972 1086921 5949
1052863 1090881 38018
1057836 1092036 34200
1054714 1096755 42041
1067777 1099461 31684
1087865 1100550 12685
1076825 1100913 24088
1071726 1103190 31464
1062848 1106292 43444
1089287 1106853 17566
1092295 1108734 16439
1109395 1115367 5972
1067870 1120878 53008
1094818 1121406 26588
1111435 1121967 10532
1094155 1126257 32102
1104143 1126290 22147
1119913 1127973 8060
1121977 1132296 10319
1125678 1132824 7146
1104077 1133880 29803
1130339 1136289 5950
1132165 1138137 5972
1135007 1140975 5968
1107635 1144275 36640
1125013 1145397 20384
1129823 1145562 15739
1118114 1148136 30022
1117573 1148763 31190
1128347 1149291 20944
1126399 1154769 28370
1112726 1155297 42571
1135986 1155363 19377
1137199 1156353 19154
1133242 1156749 23507
1154279 1160247 5968
1129492 1162722 33230
1137916 1163283 25367
1140001 1166649 26648
1126719 1171566 44847
1169336 1175295 5959
1143413 1178793 35380
1166355 1179783 13428
1167200 1180344 13144
1147885 1186878 38993
1162118 1187307 25189
1132386 1187835 55449
1167724 1188660 20936
1136392 1192851 56459
1164693 1196778 32085
1166234 1197339 31105
1158169 1197768 39599
1174239 1197900 23661
1154432 1199682 45250
1167878 1199748 31870
1167880 1202850 34970
1192957 1203411 10454
1170091 1205985 35894
1187454 1208295 20841
1195587 1210704 15117
1196151 1214631 18480
1204044 1217436 13392
1177687 1217700 40013
1188029 1218228 30199
1190148 1220637 30489
1199938 1222782 22844
1219424 1225389 5965
1189193 1226775 37582
1215024 1232286 17262
1216510 1234134 17624
1224596 1236642 12046
1218824 1238655 19831
1230164 1239249 9085
1185118 1240371 55253
1213247 1241394 28147
1221799 1241460 19661
1208556 1244661 36105
1220690 1245387 24697
1212586 1245783 33197
1217874 1246311 28437
1234553 1253208 18655
1239494 1256277 16783
1246324 1256805 10481
1252276 1258620 6344
1247128 1261557 14429
1248184 1262646 14462
1230784 1264131 33347
1234038 1265550 31512
1249313 1268124 18811
1247858 1268652 20794
1254482 1274889 20407
1257445 1277199 19754
1271263 1277232 5969
1264083 1277298 13215
1271521 1282149 10628
1274579 1284129 9550
1249715 1288254 38539
1250122 1288386 38264
1249980 1289244 39264
1264574 1292148 27574
1268938 1292775 23837
1275620 1293006 17386
1279580 1294788 15208
1284559 1298649 14090
1276319 1298880 22561
1288340 1300728 12388
1274455 1301982 27527
1290067 1306140 16073
1291894 1306701 14807
1295939 1307229 11290
1264176 1312872 48696
1305457 1315248 9791
1310271 1317558 7287
1280567 1319208 38641
1279127 1322772 43645
1312974 1324290 11316
1305439 1324719 19280
1310609 1330131 19522
1284227 1330857 46630
1294015 1331319 37304
1320526 1332012 11486
1326239 1332210 5971
1320068 1336368 16300
1309928 1336797 26869
1300085 1337688 37603
1312069 1339569 27500
1326638 1346697 20059
1345021 1354023 9002
1349818 1358214 8396
1323415 1360128 36713
1310254 1360359 50105
1340116 1361349 21233
1347657 1364781 17124
1324591 1365012 40421
1302993 1366266 63273
1344537 1366299 21762
1344229 1367685 23456
1361897 1367850 5953
1336677 1370787 34110
1344303 1371348 27045
1347898 1372734 24836
1356605 1372899 16294
1360431 1374384 13953
1358229 1376298 18069
1370321 1377024 6703
1371174 1381314 10140
1358308 1384119 25811
1368004 1384911 16907
1349443 1389003 39560
1348248 1390257 42009
1385764 1391709 5945
1355613 1394844 39231
1383488 1395933 12445
1387076 1397748 10672
1392660 1398969 6309
1389270 1403754 14484
1391724 1404117 12393
1392730 1404315 11585
1381694 1405008 23314
1381676 1408737 27061
1376801 1410255 33454
1382682 1410816 28134
1393042 1412763 19721
1389265 1413324 24059
1386442 1413786 27344
1376851 1413885 37034
1387786 1414941 27155
1360356 1415700 55344
1377463 1416228 38765
1387686 1418208 30522
1401623 1419759 18136
1393026 1419990 26964
1403631 1420320 16689
1403940 1420914 16974
1403946 1426128 22182
1396338 1432266 35928
1408099 1432794 24695
1409032 1439691 30659
1402032 1439724 37692
1422199 1444311 22112
1443621 1449591 5970
1427767 1450119 22352
1398088 1450878 52790
1444750 1452627 7877
1444564 1455201 10637
1416820 1459557 42737
1441032 1461867 20835
1446979 1462395 15416
1441348 1462890 21542
1431377 1462923 31546
1449147 1463451 14304
1431967 1463682 31715
1441894 1464210 22316
1417008 1466289 49281
1439965 1466850 26885
1463450 1469391 5941
1449635 1472823 23188
1430759 1474869 44110
1437179 1475430 38251
1449999 1475562 25563
1447964 1479819 31855
1438024 1480875 42851
1457963 1480908 22945
1448633 1484769 36136
1451537 1485330 33793
1469384 1491270 21886
1476886 1491798 14912
1480652 1492293 11641
1484832 1492887 8055
1477715 1493184 15469
1467044 1493976 26932
1479410 1494273 14863
1479624 1494867 15243
1484233 1495395 11162
1489216 1495923 6707
1484000 1498134 14134
1491490 1498662 7172
1478984 1499553 20569
1496726 1503744 7018
1464955 1505691 40736
1469247 1510278 41031
1478772 1510311 31539
1490186 1511202 21016
1485824 1514766 28942
1488382 1528263 39881
1491140 1528791 37651
1505972 1534269 28297
1518792 1538691 19899
1529590 1539780 10190
1534766 1544796 10030
1532660 1547304 14644
1531887 1550637 18750
1545154 1551462 6308
1533641 1552947 19306
1546826 1553145 6319
1531893 1554003 22110
1524166 1556775 32609
1531278 1557402 26124
1539893 1557798 17905
1540303 1559712 19409
1554396 1560339 5943
1532998 1562781 29783
1544114 1563342 19228
1544436 1571559 27123
1543058 1572483 29425
1556904 1573209 16305
1528546 1576377 47831
1554013 1580634 26621
1565690 1581327 15637
1526226 1582251 56025
1547725 1586772 39047
1577125 1587201 10076
1582614 1589412 6798
1583925 1589874 5949
1564432 1590303 25871
1587880 1593834 5954
1570426 1594131 23705
1584679 1598652 13973
1571884 1600137 28253
1555284 1600863 45579
1570085 1600896 30811
1567895 1601688 33793
1588776 1602150 13374
1568322 1605582 37260
1572683 1606275 33592
1571926 1610763 38837
1599065 1612743 13678
1606950 1612908 5958
1610415 1616373 5958
1606700 1618122 11422
1611910 1622643 10733
1616444 1623699 7255
1585537 1624260 38723
1598189 1624854 26665
1597791 1625679 27888
1610352 1628649 18297
1598572 1629474 30902
1583689 1630266 46577
1588454 1630827 42373
1620898 1637196 16298
1623720 1637295 13575
1627713 1637724 10011
1632462 1638417 5955
1636479 1642806 6327
1613536 1642872 29336
1637072 1643037 5965
1638550 1644885 6335
1625341 1646634 21293
1612229 1648251 36022
1638450 1650165 11715
1610355 1651980 41625
1632327 1652904 20577
1642205 1654356 12151
1642279 1654917 12638
1627208 1658778 31570
1643276 1660296 17020
1640778 1661187 20409
1658938 1664883 5945
1640198 1666137 25939
1640066 1672374 32308
1646376 1673397 27021
1640752 1673496 32744
1641416 1682769 41353
1667070 1685772 18702
1669993 1686333 16340
1675324 1686861 11537
1673550 1688280 14730
1666822 1690128 23306
1672809 1691778 18969
1687047 1692999 5952
1668608 1697586 28978
1670815 1698015 27200
1665783 1700787 35004
1686752 1701183 14431
1676330 1703691 27361
1678092 1706199 28107
1691481 1708740 17259
1688226 1714119 25893
1690591 1714680 24089
1680996 1714746 33750
1696780 1715571 18791
1694324 1715736 21412
1687618 1719135 31517
1693109 1721148 28039
1709698 1724778 15080
1721896 1727847 5951
1720072 1744380 24308
1718244 1745403 27159
1721512 1745997 24485
1715200 1748637 33437
1722316 1750254 27938
1714742 1754775 40033
1730980 1754808 23828
1751718 1758042 6324
1753315 1759296 5981
1754348 1760319 5971
1754752 1760814 6062
1738744 1762563 23819
1730727 1762728 32001
1720231 1763388 43157
1758519 1765269 6750
1715351 1768140 52789
1749890 1768866 18976
1734822 1769691 34869
1737129 1772661 35532
1740564 1773783 33219
1749731 1773882 24151
1753592 1774905 21313
1748744 1778766 30022
1748852 1779360 30508
1775173 1781142 5969
1772060 1781274 9214
1774243 1783386 9143
1767354 1784805 17451
1773664 1785366 11702
1769039 1786125 17086
1749870 1786719 36849
1743774 1787346 43572
1756688 1792857 36169
1786913 1792857 5944
1772613 1793451 20838
1758392 1795563 37171
1763346 1796784 33438
1765877 1798302 32425
1786345 1798368 12023
1769813 1799391 29578
1770203 1802790 32587
1791422 1804737 13315
1799026 1808268 9242
1785956 1810149 24193
1797560 1810710 13150
1771550 1810875 39325
1798141 1811568 13427
1761067 1816386 55319
1798449 1820775 22326
1758285 1822260 63975
1819055 1824999 5944
1819272 1829190 9918
1815132 1840146 25014
1810539 1841565 31026
1821079 1842192 21113
1821479 1844766 23287
1818427 1847703 29276
1820293 1848264 27971
1827093 1848825 21732
1817861 1853973 36112
1841850 1858131 16281
1852633 1858593 5960
1831997 1858857 26860
1853031 1859418 6387
1845048 1862652 17604
1852959 1863213 10254
1853711 1863741 10030
1847138 1865457 18319
1825906 1867569 41663
1847968 1868658 20690
1836666 1871199 34533
1840449 1871760 31311
1841244 1874763 33519
1847894 1876083 28189
1860149 1876743 16594
1866510 1876776 10266
1857025 1877205 20180
1872866 1881495 8629
1875775 1881726 5951
1861947 1882122 20175
1874454 1882650 8196
1874762 1883145 8383
1858262 1883574 25312
1867584 1888623 21039
1850500 1891461 40961
1868862 1895685 26823
1888156 1899777 11621
1894252 1900239 5987
1878956 1900734 21778
1885227 1906146 20919
1888643 1912746 24103
1881163 1916640 35477
1890230 1917069 26839
1902443 1922778 20335
1910804 1922778 11974
1909607 1924857 15250
1910031 1925187 15156
1912939 1925385 12446
1921150 1927464 6314
1888253 1930863 42610
1909590 1931556 21966
1913298 1935219 21921
1904932 1936869 31937
1908728 1937694 28966
1905601 1946769 41168
1922539 1947792 25253
1929648 1948749 19101
1940797 1949772 8975
1927357 1950498 23141
1932308 1951488 19180
1933287 1952280 18993
1929018 1954128 25110
1946505 1954656 8151
1908268 1954722 46454
1933357 1955547 22190
1940293 1960233 19940
1910428 1960365 49937
1946705 1961223 14518
1930031 1964787 34756
1940632 1965216 24584
1950050 1966272 16222
1958775 1966965 8190
1951516 1970298 18782
1957554 1971783 14229
1947618 1973730 26112
1954827 1974291 19464
1940328 1974357 34029
1970508 1976667 6159
1972872 1979175 6303
1959707 1980462 20755
1945762 1984125 38363
1978721 1984686 5965
1950130 1984752 34622
1975755 1988514 12759
1946680 1989768 43088
1985282 1991253 5971
1981934 1991715 9781
1967260 1994784 27524
1988596 2000295 11699
1984541 2004123 19582
1993293 2008281 14988
1985983 2013198 27215
1993138 2014254 21116
1999757 2015706 15949
2004220 2018610 14390
1983287 2018775 35488
2001192 2020722 19530
2012230 2020953 8723
2006128 2021184 15056
2014292 2021448 7156
2012462 2026695 14233
1981833 2026728 44895
1997007 2032140 35133
2003858 2032800 28942
1997928 2032866 34938
2001293 2032932 31639
2007501 2033295 25794
2006239 2033988 27749
2020780 2038377 17597
2004585 2039202 34617
2014840 2040258 25418
2020444 2040819 20375
2026890 2043294 16404
2038705 2048277 9572
2013249 2050851 37602
2024624 2051544 26920
2036442 2053194 16752
2046460 2053623 7163
2024731 2056263 31532
2041028 2057451 16423
2026093 2061345 35252
2026866 2061774 34908
2027417 2061906 34489
2034757 2062434 27677
2028026 2063325 35299
2050942 2063556 12614
2034716 2066790 32074
2039176 2067351 28175
2058273 2073390 15117
2058963 2073984 15021
2059023 2074578 15555
2022665 2074743 52078
2045870 2080254 34384
2032210 2080386 48176
2047494 2080815 33321
2050954 2081343 30389
2046348 2081442 35094
2067224 2082564 15340
2064760 2086260 21500
2077629 2087448 9819
2057940 2087679 29739
2064429 2090781 26352
2073774 2091606 17832
2082573 2092860 10287
2074509 2093751 19242
2076670 2099559 22889
2083666 2100120 16454
2095245 2101209 5964
2074059 2109756 35697
2094641 2110746 16105
2092221 2110911 18690
2065043 2111703 46660
2077567 2114772 37205
2089871 2115366 25495
2106287 2117181 10894
2109085 2117808 8723
2099758 2122131 22373
2090962 2122857 31895
2106996 2123550 16554
2111458 2126652 15194
2102783 2129589 26806
2116428 2138763 22335
2130823 2144274 13451
2134118 2151204 17086
2145382 2151336 5954
2133348 2152854 19506
2147006 2152953 5947
2118316 2156781 38465
2123996 2157243 33247
2118881 2157771 38890
2141043 2157870 16827
2122558 2158332 35774
2134398 2159388 24990
2135840 2160246 24406
2135828 2161335 25507
2144806 2162193 17387
2153931 2163711 9780
2153361 2163777 10416
2154371 2171565 17194
2159959 2172654 12695
2157338 2176251 18913
2158573 2181333 22760
2135105 2182257 47152
2131798 2182290 50492
2171408 2182917 11509
2156526 2183346 26820
2171678 2188296 16618
2173537 2188824 15287
2185419 2191365 5946
2186452 2194665 8213
2154989 2194863 39874
2144906 2195292 50386
2182852 2195556 12704
2176813 2198658 21845
2170819 2200275 29456
2162550 2200374 37824
2174943 2201694 26751
2188824 2204631 15807
2190419 2206908 16489
2196688 2207469 10781
2178596 2207700 29104
2182694 2211495 28801
2194643 2218128 23485
2183742 2224266 40524
2211142 2230371 19229
2220231 2233209 12978
2216609 2236740 20131
2228889 2236905 8016
2216362 2242119 25757
2233475 2242713 9238
2194699 2242746 48047
2235407 2243208 7801
2215684 2244462 28778
2240062 2246376 6314
2224459 2251557 27098
2225781 2252019 26238
2241742 2254362 12620
2243402 2254890 11488
2226272 2255682 29410
2210449 2258289 47840
2226638 2258850 32212
2256064 2267562 11498
2239988 2268486 28498
2240060 2272281 32221
2252935 2276769 23834
2260354 2277297 16943
2250089 2278254 28165
2259916 2278782 18866
2256882 2282214 25332
2258119 2283270 25151
2265408 2283336 17928
2260696 2284293 23597
2279459 2285415 5956
2280264 2286207 5943
2280643 2286603 5960
2282670 2288616 5946
2271408 2291553 20145
2278498 2292114 13616
2277048 2294655 17607
2282422 2295216 12794
2289836 2295777 5941
2277302 2296272 18970
2272471 2297394 24923
2283685 2303202 19517
2283426 2304225 20799
2268056 2306766 38710
2273235 2307294 34059
2258873 2307327 48454
2305179 2311122 5943
2296538 2311518 14980
2295494 2314125 18631
2285154 2314851 29697
2310118 2316072 5954
2314021 2320329 6308
2298976 2320362 21386
2285472 2321682 36210
2287211 2322243 35032
2300386 2330889 30503
2315921 2331780 15859
2316376 2332737 16361
2322890 2333199 10309
2329528 2337489 7961
2333100 2339040 5940
2319508 2340129 20621
2322750 2342637 19887
2302033 2344122 42089
2299841 2344782 44941
2335064 2344848 9784
2325837 2345343 19506
2335309 2349270 13961
2317327 2349666 32339
2325012 2349765 24753
2332846 2350293 17447
2335161 2351481 16320
2325285 2351679 26394
2330817 2354682 23865
2332268 2355243 22975
2341761 2355771 14010
2343625 2360292 16667
2317411 2362866 45455
2342350 2364120 21770
2348751 2364648 15897
2356697 2365308 8611
2359504 2365473 5969
2353005 2368212 15207
2338018 2368872 30854
2335533 2369697 34164
2339318 2372634 33316
2347547 2373492 25945
2364099 2376297 12198
2340862 2378772 37910
2364916 2379366 14450
2362727 2380884 18157
2361156 2386857 25701
2368816 2390652 21836
2355183 2394249 39066
2363634 2394678 31044
2375215 2395371 20156
2380576 2397285 16709
2354733 2397846 43113
2346704 2398275 51571
2383531 2399463 15932
2357708 2399694 41986
2369419 2399760 30341
2375096 2400849 25753
2382307 2403225 20918
2390503 2403786 13283
2389592 2405304 15712
2396168 2405832 9664
2400442 2406393 5951
2377676 2410749 33073
2382484 2416821 34337
2397061 2416854 19793
2400866 2417580 16714
2380440 2419560 39120
2377599 2422266 44667
2418383 2428305 9922
2410419 2428734 18315
2415761 2432298 16537
2425900 2433156 7256
2419257 2437017 17760
2423575 2440119 16544
2411982 2441703 29721
2403662 2444772 41110
2415576 2445762 30186
2424976 2446917 21941
2397656 2447676 50020
2424933 2447709 22776
2435993 2449326 13333
2424919 2450580 25661
2433486 2450778 17292
2428611 2451966 23355
2438647 2462658 24011
2440813 2463780 22967
2423592 2464143 40551
2428039 2464935 36896
2442916 2465364 22448
2428519 2465991 37472
2425798 2468136 42338
2442762 2468895 26133
2433216 2469786 36570
2468218 2474175 5957
2435260 2474274 39014
2435515 2474802 39287
2458497 2475759 17262
2461198 2477211 16013
2462303 2482128 19825
2473895 2482821 8926
2439029 2482854 43825
2461722 2486649 24927
2449110 2488860 39750
2488851 2494800 5949
2463341 2496219 32878
2479978 2496813 16835
2486485 2501202 14717
2487504 2501763 14259
2488009 2502357 14348
2478968 2504832 25864
2474448 2506878 32430
2474627 2507340 32713
2470181 2508000 37819
2478790 2508660 29870
2474498 2512356 37858
2483120 2512917 29797
2459645 2518263 58618
2480925 2519187 38262
2505902 2520771 14869
2515450 2521398 5948
2519489 2525457 5968
2522215 2528163 5948
2518534 2530143 11609
2493122 2530869 37747
2504263 2532486 28223
2506556 2540769 34213
2509680 2541297 31617
2518754 2541858 23104
2505028 2542254 37226
2509179 2542782 33603
2517388 2543706 26318
2527941 2546709 18768
2538817 2554695 15878
2547212 2555190 7978
2526438 2556477 30039
2535259 2556642 21383
2551345 2557302 5957
2548440 2557731 9291
2534654 2558655 24001
2509850 2560866 51016
2548184 2561592 13408
2524119 2564793 40674
2545035 2565255 20220
2535151 2565882 30731
2539909 2566278 26369
2526969 2567202 40233
2529770 2568225 38455
2553343 2570700 17357
2548817 2571987 23170
2557267 2572746 15479
2564964 2578686 13722
2541947 2578719 36772
2552618 2579544 26926
2532191 2584362 52171
2570497 2585022 14525
2559586 2588784 29198
2575006 2589180 14174
2560633 2594790 34157
2590735 2597067 6332
2589213 2602743 13530
2567214 2602875 35661
2555686 2608881 53195
2587838 2613006 25168
2600952 2616207 15255
2584398 2618880 34482
2609299 2619078 9779
2601979 2627559 25580
2599352 2628483 29131
2607278 2638251 30973
2629694 2639472 9778
2616176 2639703 23527
2617609 2642211 24602
2620161 2643234 23073
2624267 2645280 21013
2639765 2645709 5944
2636466 2645775 9309
2635106 2648811 13705
2612297 2650725 38428
2626093 2652474 26381
2634879 2654652 19773
2621999 2656269 34270
2605047 2656368 51321
2630887 2662275 31388
2656497 2662737 6240
2643976 2663694 19718
2648589 2664255 15666
2658631 2668908 10277
2653530 2669205 15675
2662084 2669700 7616
2635666 2669898 34232
2671077 2677389 6312
2671693 2678016 6323
2664048 2680260 16212
2656776 2684649 27873
2653629 2690787 37158
2687766 2698707 10941
2669271 2698872 29601
2674812 2699565 24753
2674044 2704383 30339
2671904 2705571 33667
2686120 2708772 22652
2690419 2711676 21257
2694732 2714778 20046
2697041 2717187 20146
2714926 2721246 6320
2675468 2722731 47263
2699158 2723556 24398
2718497 2724810 6313
2685401 2728836 43435
2688558 2728869 40311
2709087 2729364 20277
2683935 2731476 47541
2699668 2734281 34613
2713929 2735205 21276
2723660 2740749 17089
2727261 2741211 13950
2730127 2741739 11612
2737531 2746755 9224
2729076 2748999 19923
2732026 2752134 20108
2721052 2752629 31577
2734422 2753091 18669
2733290 2756655 23365
2736494 2759691 23197
2742597 2760054 17457
2735621 2762298 26677
2738406 2763321 24915
2753216 2764311 11095
2744702 2764410 19708
2745626 2765202 19576
2746554 2765730 19176
2763047 2770548 7501
2759502 2771571 12069
2754774 2774640 19866
2737896 2776257 38361
2747866 2776356 28490
2739177 2776785 37608
2761440 2777907 16467
2761345 2780547 19202
2751619 2781768 30149
2752227 2786784 34557
2763446 2786883 23437
2750419 2787345 36926
2772839 2787972 15133
2779027 2789292 10265
2786206 2792163 5957
2786606 2795298 8692
2793651 2799984 6333
2774464 2800842 26378
2774167 2801370 27203
2783113 2801700 18587
2762746 2803581 40835
2799200 2805330 6130
2790628 2812722 22094
2792130 2813877 21747
2798999 2818134 19135
2786421 2818860 32439
2813052 2818992 5940
2791921 2824272 32351
2774312 2824371 50059
2794615 2828793 34178
2812024 2830905 18881
2804920 2831697 26777
2806673 2834700 28027
2814965 2836284 21319
2821603 2836845 15242
2833086 2839056 5970
2832598 2842125 9527
2807483 2842851 35368
2835011 2850144 15133
2834647 2852784 18137
2814318 2854269 39951
2822533 2854335 31802
2818592 2854929 36337
2821565 2855490 33925
2832441 2858790 26349
2818573 2859318 40745
2810390 2859912 49522
2856020 2866149 10129
2841389 2866875 25486
2842877 2867997 25120
2861850 2871165 9315
2844635 2872980 28345
2853035 2874102 21067
2840277 2876775 36498
2872075 2878029 5954
2852424 2878260 25836
2842032 2879679 37647
2857331 2879712 22381
2841958 2882781 40823
2879712 2890701 10989
2848744 2890734 41990
2880170 2891559 11389
2863645 2896278 32633
2865762 2896806 31044
2877126 2897400 20274
2878862 2898258 19396
2868369 2898720 30351
2883090 2899413 16323
2883252 2899842 16590
2872669 2900898 28229
2878193 2903703 25510
2866272 2906772 40500
2891469 2907762 16293
2886003 2908719 22716
2887303 2909313 22010
2894683 2912283 17600
2905490 2913339 7849
2897890 2917002 19112
2902322 2919741 17419
2909206 2920269 11063
2899970 2920863 20893
2906571 2921688 15117
2888764 2923569 34805
2896674 2925219 28545
2885056 2926869 41813
2912390 2931786 19396
2930881 2936835 5954
2896957 2938881 41924
2896855 2939310 42455
2921974 2943237 21263
2923219 2943765 20546
2895290 2944260 48970
2930835 2944821 13986
2882319 2944854 62535
2934497 2945382 10885
2925798 2945679 19881
2913472 2948649 35177
2927284 2949309 22025
2916430 2949936 33506
2930625 2950464 19839
2944538 2951949 7411
2924806 2955216 30410
2941274 2957196 15922
2950328 2957691 7363
2937026 2962146 25120
2921470 2962872 41402
2929170 2963400 34230
2959876 2966205 6329
2922459 2968878 46419
2923441 2971551 48110
2949938 2973333 23395
2951095 2973894 22799
2954654 2974356 19702
2933950 2975676 41726
2970428 2980692 10264
2962867 2980725 17858
2966825 2981286 14461
2958007 2982441 24434
2980271 2986236 5965
2951296 2986863 35567
2967632 2990658 23026
2982644 2991219 8575
2984035 2991747 7712
2984392 2992242 7850
2967207 2992275 25068
2959725 2992374 32649
2973822 2993364 19542
2960619 2993562 32943
2970924 2996037 25113
2974533 2998842 24309
2987402 3002208 14806
2996935 3002901 5966
2988155 3005310 17155
2994501 3005838 11337
2999205 3016695 17490
2974528 3016860 42332
2986172 3017190 31018
3007859 3017685 9826
2985431 3019566 34135
3006006 3020655 14649
3011735 3023493 11758
3001903 3026694 24791
3002327 3026760 24433
3022707 3028674 5967
3004172 3028740 24568
3021167 3029796 8629
3024711 3031512 6801
3027075 3034779 7704
3014609 3038640 24031
3010074 3043557 33483
3012582 3050784 38202
3013198 3051345 38147
3021438 3064149 42711
3018404 3064380 45976
3034385 3064809 30424
3036795 3065403 28608
3034854 3065700 30846
3037130 3065931 28801
3040960 3066492 25532
3021251 3071706 50455
3049177 3072234 23057
3043145 3077976 34831
3050599 3078537 27938
3072530 3082134 9604
3043294 3082860 39566
3050479 3083421 32942
3070568 3086655 16087
3071101 3087249 16148
3055766 3088272 32506
3070173 3088866 18693
3025348 3089493 64145
3061344 3094278 32934
3079940 3094377 14437
3081626 3094905 13279
3090455 3096423 5968
3093661 3100053 6392
3069324 3101967 32643
3082649 3106125 23476
3082090 3106719 24629
3084103 3107544 23441
3086436 3108468 22032
3100238 3110646 10408
3074153 3112857 38704
3091054 3113451 22397
3092830 3114012 21182
3097800 3118368 20568
3115137 3125727 10590
3116821 3128268 11447
3111698 3131568 19870
3121194 3135198 14004
3108004 3136815 28811
3107516 3136881 29365
3109576 3137706 28130
3111494 3139554 28060
3114119 3140775 26656
3108335 3141765 33430
3126209 3141897 15688
3124090 3142788 18698
3113763 3146880 33117
3128073 3147771 19698
3142305 3148266 5961
3135623 3148728 13105
3139982 3149718 9736
3135973 3152292 16319
3129017 3154140 25123
3132614 3154701 22087
3117399 3154866 37467
3132146 3156153 24007
3141782 3157209 15427
3151913 3158232 6319
3135558 3162093 26535
3131934 3164634 32700
3130421 3165723 35302
3161209 3171498 10289
3162966 3172290 9324
3154662 3172719 18057
3149626 3173907 24281
3168217 3174534 6317
3135906 3178857 42951
3133399 3184368 50969
3150630 3190275 39645
3169616 3190374 20758
3168945 3191199 22254
3160576 3194829 34253
3181720 3197205 15485
3184471 3197733 13262
3177585 3203574 25989
3193029 3206643 13614
3164233 3215685 51452
3180034 3216213 36179
3188464 3219150 30686
3201341 3220734 19393
3190110 3221988 31878
3211256 3232119 20863
3226612 3232581 5969
3203921 3238257 34336
3194467 3238323 43856
3220852 3239676 18824
3206055 3242778 36723
3213868 3242844 28976
3223989 3244725 20736
3226733 3245286 18553
3236358 3248289 11931
3233511 3250698 17187
3236550 3253041 16491
3247305 3253635 6330
3221506 3256275 34769
3225618 3256869 31251
3235500 3261324 25824
3223210 3261885 38675
3223611 3262380 38769
3249772 3262380 12608
3255324 3267759 12435
3257805 3268287 10482
3257461 3269310 11849
3256749 3269739 12990
3259472 3269838 10366
3263130 3270267 7137
3250878 3274722 23844
3229147 3275283 46136
3270392 3276702 6310
3260373 3280266 19893
3261347 3280827 19480
3260933 3282213 21280
3251304 3284787 33483
3262078 3285744 23666
3259359 3287691 28332
3254433 3287757 33324
3274764 3293301 18537
3287731 3293697 5966
3250891 3293994 43103
3291449 3297393 5944
3259000 3298878 39878
3288942 3299571 10629
3283546 3300462 16916
3261256 3304257 43001
3272157 3304686 32529
3291850 3308877 17027
3304598 3315774 11176
3311591 3317556 5965
3301469 3320295 18826
3301525 3320856 19331
3312813 3321549 8736
3298245 3322143 23898
3283326 3322869 39543
3301897 3324123 22226
3300185 3326631 26446
3295091 3333759 38668
3324805 3334683 9878
3324307 3340722 16415
3328008 3341481 13473
3326823 3346134 19311
3331757 3346695 14938
3300066 3346860 46794
3329950 3347553 17603
3343966 3349929 5963
3334923 3351216 16293
3345427 3351381 5954
3338265 3351975 13710
3333964 3352140 18176
3352897 3364746 11849
3351533 3365208 13675
3326697 3365967 39270
3360133 3366099 5966
3359430 3368244 8814
3365732 3371676 5944
3329691 3376131 46440
3370695 3387153 16458
3365884 3388737 22853
3379181 3389463 10282
3364174 3389991 25817
3374726 3392829 18103
3376569 3394149 17580
3388023 3394776 6753
3387554 3396129 8575
3385391 3399726 14335
3374334 3405765 31431
3384484 3406788 22304
3374114 3407679 33565
3372029 3410781 38752
3391079 3411771 20692
3403760 3418140 14380
3402464 3419559 17095
3402492 3422661 20169
3375040 3424278 49238
3389776 3424377 34601
3382682 3430251 47569
3408204 3434904 26700
3413322 3436290 22968
3412933 3436719 23786
3427167 3436851 9684
3429808 3437247 7439
3432752 3438699 5947
3394447 3442725 48278
3419859 3446652 26793
3439169 3447180 8011
3408878 3448368 39490
3409185 3454275 45090
3438863 3454374 15511
3445779 3459786 14007
3444575 3464802 20227
3437660 3466749 29089
3446094 3467574 21480
3439524 3468465 28941
3441564 3472260 30696
3445163 3473283 28120
3450721 3473811 23090
3458743 3474438 15695
3441643 3476154 34511
3445629 3476781 31152
3459444 3478365 18921
3464402 3482787 18385
3461552 3483480 21928
3475417 3484602 9185
3473817 3485196 11379
3473144 3496251 23107
3485398 3497439 12041
3475049 3500112 25063
3463598 3501003 37405
3459735 3502257 42522
3487722 3502356 14634
3477543 3506778 29235
3500175 3508362 8187
3503762 3509715 5953
3468273 3514731 46458
3499269 3518658 19389
3499891 3519252 19361
3493084 3520275 27191
3505382 3520341 14959
3470015 3520374 50359
3484668 3520836 36168
3512015 3520968 8953
3501546 3521958 20412
3506523 3524895 18372
3485795 3526281 40486
3514419 3526380 11961
3504703 3526809 22106
3515851 3526941 11090
3493171 3530769 37598
3487052 3530835 43783
3500502 3530901 30399
3513543 3531759 18216
3518481 3532287 13806
3511994 3538128 26134
3535603 3557301 21698
3551693 3557697 6004
3535321 3562119 26798
3540877 3563571 22694
3507580 3568356 60776
3551376 3570204 18828
3530088 3571458 41370
3544750 3572646 27896
3567084 3573240 6156
3543687 3573273 29586
3542274 3573768 31494
3548078 3578883 30805
3574192 3581655 7463
3575533 3581853 6320
3544078 3581985 37907
3559651 3586143 26492
3581322 3587265 5943
3574923 3588354 13431
3572462 3592743 20281
3573394 3593304 19910
3574699 3593832 19133
3570448 3596769 26321
3552631 3598254 45623
3587005 3598386 11381
3586416 3599706 13290
3593863 3605184 11321
3593547 3605283 11736
3566143 3610728 44585
3591046 3611553 20507
3583494 3612477 28983
3594192 3612675 18483
3585345 3619473 34128
3588304 3623697 35393
3592660 3634719 42059
