4104 10065 5961
5729 12045 6316
676 12276 11600
7530 13860 6330
431 19800 19369
5641 20064 14423
3944 23694 19750
3722 27291 23569
6073 27522 21449
447 27852 27405
11008 27918 16910
13946 28974 15028
15527 29568 14041
3804 31449 27645
5143 32043 26900
9474 32637 23163
17994 34419 16425
17265 36564 19299
30957 36927 5970
21197 37092 15895
5338 37950 32612
13823 38511 24688
7670 39039 31369
16724 39138 22414
21537 39369 17832
8915 39534 30619
15869 40029 24160
5481 41052 35571
6367 41613 35246
6329 42174 35845
16812 42735 25923
8917 45276 36359
6909 45507 38598
9470 45870 36400
7108 46101 38993
12533 46497 33964
10314 46728 36414
6578 47058 40480
23441 47256 23815
10888 47619 36731
14613 48213 33600
18202 48246 30044
16476 49863 33387
11045 51282 40237
3135 51513 48378
15248 51579 36331
14579 51810 37231
372 52338 51966
15533 52371 36838
41483 52569 11086
23118 52701 29583
22005 53262 31257
43291 53658 10367
17392 55473 38081
17864 55902 38038
32416 57156 24740
24228 57915 33687
24738 58476 33738
28684 59070 30386
35707 60027 24320
23076 61347 38271
32003 61347 29344
24547 61875 37328
25476 62436 36960
31241 63030 31789
33102 63558 30456
34942 63921 28979
23841 65043 41202
24025 65604 41579
43405 66231 22826
34706 67287 32581
16015 69399 53384
47088 69828 22740
43128 69993 26865
19097 70059 50962
23555 70389 46834
44179 70752 26573
24892 70950 46058
16113 71049 54936
28019 71346 43327
21684 71610 49926
28984 72006 43022
18741 72171 53430
31439 72270 40831
23887 73326 49439
18525 75273 56748
42547 75504 32957
20264 75834 55570
46959 76065 29106
22031 76395 54364
23620 76461 52841
22134 76725 54591
42121 77253 35132
28941 77517 48576
37413 79464 42051
38816 80058 41242
42412 80652 38240
48268 81180 32912
53709 81345 27636
46879 81708 34829
39717 84051 44334
42807 85404 42597
48160 86427 38267
49348 87021 37673
51654 87615 35961
45520 87978 42458
45542 88539 42997
38419 89034 50615
40354 89496 49142
41908 90189 48281
51509 93291 41782
32568 93522 60954
32313 93720 61407
33419 94413 60994
40504 94941 54437
38254 95040 56786
41782 95502 53720
59591 95568 35977
71446 96228 24782
27903 97317 69414
33812 97911 64099
41525 98472 56947
47418 99033 51615
24582 99297 74715
53854 99528 45674
26091 99825 73734
56700 100188 43488
38577 100386 61809
45338 100419 55081
58673 100716 42043
61498 101079 39581
70552 101706 31154
71625 101739 30114
62294 102036 39742
63602 102201 38599
48984 103455 54471
68278 104115 35837
51355 104544 53189
58306 105105 46799
64709 105468 40759
61766 106293 44527
76192 106590 30398
49860 107481 57621
47689 109989 62300
54875 110088 55213
53251 111078 57827
70608 111606 40998
85992 112134 26142
76891 112266 35375
79650 112827 33177
46248 112926 66678
86484 113883 27399
57265 115335 58070
61889 115896 54007
87076 117183 30107
49143 117513 68370
43414 117711 74297
58907 118041 59134
57590 118569 60979
50557 119328 68771
75430 119592 44162
70812 119691 48879
57126 119889 62763
82466 120153 37687
84663 120714 36051
63067 121803 58736
60456 123519 63063
47202 123816 76614
62650 124047 61397
66986 124377 57391
64730 124608 59878
74673 124905 50232
51902 125136 73234
86570 125697 39127
78686 127446 48760
62542 127974 65432
72303 128898 56595
91260 129327 38067
96567 130119 33552
58054 130911 72857
107445 132099 24654
112013 132297 20284
91908 133254 41346
83628 133452 49824
73450 137049 63599
95783 137610 41827
93202 137676 44474
89055 140217 51162
82928 141504 58576
54088 142626 88538
48177 143055 94878
57626 143187 85561
58527 143583 85056
60896 144177 83281
100140 144210 44070
101474 147279 45805
79285 147510 68225
87773 147840 60067
87638 148038 60400
74889 148203 73314
92058 148995 56937
97872 149094 51222
104034 149127 45093
101238 149622 48384
105205 149985 44780
96513 152394 55881
65748 154836 89088
88264 157476 69212
89545 158004 68459
96668 158565 61897
64955 159126 94171
108709 159687 50978
109861 159786 49925
92346 165528 73182
64754 166056 101302
65643 166518 100875
88897 167046 78149
114568 167079 52511
72500 167244 94744
83148 169917 86769
106353 171501 65148
92969 171600 78631
116028 172062 56034
117407 176385 58978
120598 176913 56315
114579 181335 66756
121162 195525 74363
121796 196086 74290
122106 196713 74607
128497 205458 76961
