1594 15147 13553
5937 16203 10266
4214 23034 18820
2505 27291 24786
4322 27819 23497
6960 28413 21453
8213 28974 20761
12853 36861 24008
12858 37917 25059
27371 38478 11107
28565 43857 15292
18421 46530 28109
18935 47058 28123
24266 47586 23320
29482 48147 18665
43308 49269 5961
34506 51282 16776
6868 51513 44645
35598 51843 16245
18701 52041 33340
18847 55473 36626
31553 56034 24481
45533 57321 11788
38870 65043 26173
41593 65571 23978
40506 67353 26847
41139 67914 26775
39454 69300 29846
40159 69531 29372
41527 69861 28334
33742 71049 37307
49017 71577 22560
69099 75042 5943
48541 75273 26732
30362 75504 45142
60366 75834 15468
48005 76065 28060
63642 76494 12852
50464 76626 26162
51599 77121 25522
41205 79464 38259
54850 80388 25538
77447 83754 6307
77828 83787 5959
70351 88737 18386
65034 89034 24000
76305 89298 12993
67839 91212 23373
79973 91872 11899
66591 93291 26700
59242 93522 34280
60869 94083 33214
61304 94677 33373
66769 95040 28271
67174 95634 28460
90013 96822 6809
84213 99297 15084
63472 99528 36056
60492 103455 42963
63743 103917 40174
65137 104478 39341
91428 109329 17901
89070 113058 23988
87397 115203 27806
96048 117282 21234
97042 119064 22022
105333 121341 16008
91165 123288 32123
91390 123882 32492
106672 124509 17837
108394 124608 16214
88231 127446 39215
92435 128007 35572
108103 133452 25349
89985 133980 43995
106948 134508 27560
123665 135036 11371
116925 135399 18474
106339 137049 30710
117701 139920 22219
106856 141504 34648
106288 142560 36272
115275 143154 27879
103524 147510 43986
133439 148764 15325
127685 151470 23785
142868 152658 9790
131570 157344 25774
134211 157872 23661
139546 158400 18854
145803 158499 12696
127871 161040 33169
131550 161568 30018
146980 163350 16370
138221 165165 26944
141955 165528 23573
132843 167046 34203
140255 167607 27352
144858 171501 26643
141171 175329 34158
145053 176055 31002
145575 176682 31107
146506 177243 30737
150240 177804 27564
156623 189288 32665
143634 189519 45885
143124 191037 47913
157067 191070 34003
179608 195294 15686
174732 195525 20793
182766 195888 13122
168156 199452 31296
196666 206943 10277
197848 208131 10283
161806 209055 47249
200465 210969 10504
195705 211332 15627
187344 213279 25935
182217 213510 31293
193986 217338 23352
178516 219516 41000
209853 220539 10686
211465 225555 14090
218821 229911 11090
215356 235785 20429
200092 237270 37178
198845 237501 38656
200665 237864 37199
207500 239052 31552
219026 239580 20554
205254 243276 38022
228939 243771 14832
212070 253473 41403
232425 254034 21609
222901 257037 34136
226540 257466 30926
243895 258159 14264
230679 259347 28668
242954 261294 18340
221133 261525 40392
225636 263043 37407
233588 263571 29983
248335 263670 15335
233761 266805 33044
231707 271458 39751
242701 271986 29285
255806 272382 16576
228787 272547 43760
233265 273108 39843
242240 273669 31429
246300 274230 27930
268675 274626 5951
273367 279675 6308
263102 279939 16837
264611 280467 15856
258455 283338 24883
265136 285285 20149
238109 285516 47407
269946 285813 15867
245059 286077 41018
248398 286704 38306
248174 287034 38860
256272 287595 31323
280844 289938 9094
260376 291291 30915
262047 291852 29805
283813 303138 19325
267621 305052 37431
275809 305481 29672
272311 309507 37196
283809 310662 26853
282404 311058 28654
292719 311190 18471
284243 311619 27376
290383 312246 21863
296497 315282 18785
273057 315513 42456
298379 315843 17464
275528 316074 40546
288224 316668 28444
287034 319341 32307
294108 320628 26520
293885 321057 27172
287165 325446 38281
299717 326007 26290
311933 331353 19420
321349 331980 10631
304862 333531 28669
313981 333729 19748
308860 334059 25199
290774 334587 43813
329446 335412 5966
308457 339273 30816
312124 339504 27380
308695 343464 34769
295777 343992 48215
322191 349338 27147
328495 349932 21437
323017 353034 30017
325846 353595 27749
325969 355344 29375
329437 355872 26435
329762 357291 27529
327515 357390 29875
329054 358050 28996
332974 358578 25604
337086 359040 21954
336962 363297 26335
326764 363528 36764
339082 363858 24776
341850 364485 22635
360258 366201 5943
339903 367455 27552
350587 368379 17792
354333 370392 16059
346543 370920 24377
339545 373461 33916
345184 374022 28838
359079 374550 15471
361641 375045 13404
343281 381513 38232
360261 381843 21582
366029 382305 16276
343480 382569 39089
367321 382866 15545
347277 383130 35853
351348 383757 32409
361737 384747 23010
353253 387288 34035
356159 387519 31360
349012 388047 39035
357648 391446 33798
368626 397353 28727
385951 398442 12491
393137 399102 5965
388998 399267 10269
379552 401049 21497
394811 401115 6304
381084 405504 24420
381743 406032 24289
362201 406560 44359
366168 407649 41481
370314 408243 37929
374762 409464 34702
361992 411510 49518
371274 412566 41292
374465 415470 41005
395480 421476 25996
400170 425040 24870
397610 425601 27991
402159 427218 25059
394583 429297 34714
405057 429528 24471
406073 429858 23785
409314 430485 21171
383327 430551 47224
411188 431046 19858
390463 431607 41144
395067 435270 40203
397290 435501 38211
407430 435897 28467
401438 436062 34624
406396 436161 29765
419366 436953 17587
406894 437250 30356
419437 437514 18077
403461 439032 35571
402379 439461 37082
414518 439956 25438
419066 440616 21550
424225 441012 16787
425198 445401 20203
434113 445995 11882
432456 447381 14925
427719 448932 21213
435784 453288 17504
447479 453420 5941
432248 459294 27046
416334 459525 43191
454030 460878 6848
414064 463452 49388
436703 463914 27211
461025 471306 10281
449356 477279 27923
455559 477840 22281
457649 478467 20818
448572 483516 34944
466446 483813 17367
472430 484539 12109
472828 485100 12272
475266 489027 13761
479416 493878 14462
479487 494439 14952
483614 495000 11386
483049 496254 13205
472359 501270 28911
463995 501501 37506
475869 501732 25863
486355 502557 16202
457599 503052 45453
469879 504174 34295
474803 504735 29932
481642 505296 23654
465949 507276 41327
481002 511467 30465
489548 513843 24295
487553 514866 27313
489780 515361 25581
498571 517341 18770
501342 517869 16527
509319 519585 10266
480854 525525 44671
482560 526086 43526
500267 526515 26248
486179 527043 40864
501050 527175 26125
500307 527571 27264
512038 528264 16226
509697 530409 20712
499968 530805 30837
484847 531531 46684
500514 531894 31380
502042 532092 30050
488270 535458 47188
522423 547338 24915
537273 547833 10560
529836 549285 19449
504913 549384 44471
518706 551034 32328
508742 555522 46780
509349 555621 46272
542992 556545 13553
512190 556743 44553
522963 558492 35529
547773 564861 17088
509101 569052 59951
540738 571329 30591
542806 573276 30470
533936 573507 39571
557900 574035 16135
553749 575058 21309
545344 575190 29846
545881 579282 33401
546288 579513 33225
548681 579843 31162
548670 580074 31404
552380 580470 28090
554897 580635 25738
555935 581031 25096
552498 583473 30975
571505 585948 14443
560013 586905 26892
580145 587037 6892
561650 589347 27697
562480 589908 27428
563027 590469 27442
544542 593043 48501
579948 595881 15933
557563 597531 39968
565332 597861 32529
577666 599049 21383
561540 599148 37608
570277 599643 29366
573035 600204 27169
574797 601326 26529
581563 603273 21710
588430 603339 14909
571211 603504 32293
576488 604032 27544
589837 604461 14624
568985 604560 35575
583419 607464 24045
564829 607992 43163
568484 608553 40069
586057 612843 26786
596742 615714 18972
609468 615780 6312
608083 618354 10271
589531 621291 31760
577089 621522 44433
594839 622083 27244
596494 622644 26150
595073 623040 27967
605471 623040 17569
607511 623700 16189
600230 627297 27067
578478 627528 49050
605627 628056 22429
594066 631455 37389
597764 631983 34219
607813 632577 24764
615387 637329 21942
623417 637857 14440
634062 640002 5940
632754 643038 10284
607819 645282 37463
607192 645513 38321
608564 645876 37312
614322 646074 31752
617057 646503 29446
619377 646668 27291
621874 647064 25190
625877 647097 21220
624234 647625 23391
630480 647691 17211
634971 649341 14370
617602 651288 33686
622383 651519 29136
621198 651849 30651
629549 652476 22927
631119 653070 21951
630465 655314 24849
650308 656271 5963
631417 660858 29441
633319 661914 28595
640130 662442 22312
645677 662508 16831
649142 663531 14389
653910 667326 13416
643434 669504 26070
655240 669801 14561
640830 671055 30225
655262 675279 20017
630758 675510 44752
669065 677127 8062
648170 679470 31300
653894 679998 26104
661729 680790 19061
665838 681021 15183
672689 681417 8728
665909 685905 19996
665010 687159 22149
666317 691350 25033
676396 691482 15086
675951 691878 15927
657956 693297 35341
650002 693528 43526
668843 693858 25015
668356 694056 25700
677500 695046 17546
672633 699270 26637
657347 699501 42154
682840 699798 16958
683874 700392 16518
689442 700557 11115
699349 709632 10283
698416 711744 13328
706059 714879 8820
684576 715341 30765
702011 717288 15277
687172 717519 30347
684414 718080 33666
687965 718674 30709
689751 719136 29385
668287 719235 50948
678928 722733 43805
706688 722799 16111
710315 723327 13012
697006 727452 30446
703335 727980 24645
716253 728805 12552
707425 733260 25835
684772 733458 48686
716010 734283 18273
722218 735108 12890
699113 737055 37942
721375 737616 16241
714236 739332 25096
709619 741279 31660
696789 741378 44589
722369 741840 19471
717381 743061 25680
704386 747516 43130
715516 748077 32561
728487 749100 20613
713872 751476 37604
720580 752004 31424
727249 752598 25349
729092 753159 24067
742524 754050 11526
749728 755700 5972
726098 756789 30691
727859 757812 29953
728057 765270 37213
729241 765369 36128
732854 765831 32977
729512 766095 36583
731805 766722 34917
732833 767052 34219
746490 771276 24786
727529 771507 43978
731595 772035 40440
731970 772596 40626
753347 773157 19810
743943 775467 31524
745683 776028 30345
750492 776622 26130
752643 777216 24573
745539 777612 32073
767910 777876 9966
744546 781473 36927
753613 782034 28421
754824 782562 27738
761377 783057 21680
762842 783090 20248
760740 783387 22647
764619 783915 19296
760868 787908 27040
754207 789294 35087
746471 789525 43054
758848 789756 30908
757166 790086 32920
759570 790713 31143
753855 791043 37188
760874 791604 30730
771965 792198 20233
775707 793320 17613
782182 794772 12590
757257 799458 42201
764217 800019 35802
765307 800646 35339
753113 805464 52351
769463 806025 36562
791079 806553 15474
794017 807048 13031
788363 808236 19873
799575 810216 10641
778518 813384 34866
798022 819291 21269
772946 819522 46576
786869 819852 32983
773252 820083 46831
797086 820413 23327
775141 820644 45503
793521 821172 27651
782155 823449 41294
783352 824010 40658
772833 824571 51738
813939 825561 11622
806287 829356 23069
821559 831336 9777
814978 837804 22826
815208 838398 23190
799828 839058 39230
802670 839124 36454
807629 840213 32584
813000 843282 30282
797434 843513 46079
798488 844074 45586
817135 844635 27500
830100 845328 15228
805577 847341 41764
833242 848793 15551
836592 853347 16755
815367 857043 41676
841463 859353 17890
841342 859947 18605
826980 861300 34320
827751 861795 34044
828331 862521 34190
842942 863148 20206
831971 866778 34807
859554 866943 7389
839269 867801 28532
844722 871464 26742
862033 871827 9794
864449 873543 9094
868188 874665 6477
860126 877338 17212
852078 881034 28956
862313 883344 21031
851520 885159 33639
839133 885522 46389
852454 885885 33431
845978 886083 40105
850984 886710 35726
870442 887700 17258
864730 891297 26567
867247 891825 24578
854512 895455 40943
859527 896016 36489
889516 899481 9965
875029 901296 26267
873790 901461 27671
882351 902286 19935
885146 902814 17668
887814 903342 15528
892585 904761 12176
877040 909282 32242
874887 909381 34494
881489 909843 28354
874099 911064 36965
881059 911163 30104
887231 913341 26110
890466 915288 24822
890004 915519 25515
900651 915849 15198
875868 919446 43578
881424 919908 38484
882267 920469 38202
885950 921162 35212
907809 923472 15663
894832 925353 30521
919129 925452 6323
907211 926442 19231
908518 927003 18485
921536 927861 6325
899585 929049 29464
895318 929610 34292
904938 933273 28335
916283 933702 17419
922640 938784 16144
924530 939840 15310
926579 940401 13822
915566 941325 25759
913988 943932 29944
916405 944658 28253
928300 944790 16490
918816 949344 30528
938362 950400 12038
940415 951027 10612
924437 957297 32860
913634 957528 43894
925102 957759 32657
919034 958056 39022
927221 958485 31264
927013 958650 31637
927285 959046 31761
936461 959046 22585
932015 959211 27196
905048 959607 54559
937370 959640 22270
939044 961323 22279
956753 962709 5956
933930 963270 29340
928847 963303 34456
922600 963501 40901
927001 967461 40460
939646 968022 28376
941051 968484 27433
963699 969639 5940
948853 970926 22073
959759 973335 13576
959874 979869 19995
939121 981519 42398
956493 981948 25455
960204 983037 22833
961221 983598 22377
965382 983631 18249
962657 983697 21040
980358 987030 6672
961190 987294 26104
973109 987822 14713
954067 991452 37385
975562 992805 17243
955842 997458 41616
984558 997986 13428
985067 999141 14074
970267 1000923 30656
972141 1005378 33237
974304 1006005 31701
985515 1006566 21051
976537 1006599 30062
988704 1007589 18885
992838 1011285 18447
970995 1011516 40521
981340 1012572 31232
990612 1015476 24864
991529 1016004 24475
1010589 1016664 6075
1012036 1017984 5948
984435 1020954 36519
1009135 1021911 12776
1017705 1024023 6318
994302 1029501 35199
1002385 1031052 28667
1012026 1031580 19554
997722 1035507 37785
1023749 1035771 12022
1028504 1037223 8719
1005491 1038477 32986
1010551 1039467 28916
1017331 1045341 28010
1032748 1045902 13154
1010621 1049037 38416
1042811 1049136 6325
1036224 1049565 13341
1031075 1053525 22450
1040080 1053690 13610
1029224 1055043 25819
1033625 1059300 25675
1042633 1059861 17228
1030313 1060092 29779
1032635 1060653 28018
1022134 1063458 41324
1023826 1064019 40193
1032094 1064613 32519
1016149 1069464 53315
1053389 1075206 21817
1044873 1077285 32412
1047254 1077516 30262
1061583 1078077 16494
1043195 1079034 35839
1048723 1079595 30872
1048834 1083522 34688
1056156 1084050 27894
1045188 1087317 42129
1069714 1089330 19616
1065898 1093455 27557
1070746 1094016 23270
1073571 1094544 20973
1067747 1097052 29305
1074317 1103586 29269
1074454 1104147 29693
1081841 1104675 22834
1078368 1107282 28914
1058546 1107513 48967
1064457 1108074 43617
1065230 1108602 43372
1088797 1109328 20531
1070906 1111473 40567
1101717 1113321 11604
1093704 1114146 20442
1088844 1114905 26061
1109048 1115004 5956
1088839 1117347 28508
1089026 1117908 28882
1099377 1118997 19620
1092482 1119162 26680
1109668 1119459 9791
1106119 1119954 13835
1103673 1123353 19680
1101669 1125300 23631
1086512 1125531 39019
1092916 1126059 33143
1094847 1126554 31707
1099297 1131504 32207
1101139 1132065 30926
1125663 1132857 7194
1095942 1136025 40083
1098197 1136619 38422
1135440 1141404 5964
1109186 1144902 35716
1111765 1145595 33830
1123675 1147344 23669
1117628 1149159 31531
1123737 1149522 25785
1095365 1150050 54685
1111377 1151040 39663
1115121 1151601 36480
1116532 1152195 35663
1140600 1155297 14697
1125652 1156056 30404
1127786 1156617 28831
1141625 1156749 15124
1134164 1160379 26215
1138771 1160907 22136
1147904 1164009 16105
1124394 1165461 41067
1146366 1166022 19656
1141046 1171335 30289
1143709 1171863 28154
1140507 1173282 32775
1148899 1173513 24614
1146064 1173843 27779
1136955 1175064 38109
1142308 1175625 33317
1146856 1176219 29363
1151193 1176780 25587
1152996 1177374 24378
1152436 1177902 25466
1151306 1179288 27982
1156801 1179849 23048
1175959 1181928 5969
1157184 1183446 26262
1144343 1183974 39631
1162519 1184370 21851
1156883 1184403 27520
1162889 1189452 26563
1172596 1190013 17417
1151286 1193049 41763
1156768 1193610 36842
1157508 1194237 36729
1150358 1194732 44374
1179213 1195260 16047
1184375 1195788 11413
1160066 1197141 37075
1160021 1197504 37483
1173198 1197867 24669
1165372 1198065 32693
1173875 1198626 24751
1159506 1199055 39549
1163884 1199583 35699
1176747 1207470 30723
1206942 1212882 5940
1195121 1213344 18223
1198541 1213872 15331
1197243 1215720 18477
1204049 1219350 15301
1178989 1221297 42308
1185466 1221858 36392
1193869 1222452 28583
1196577 1222881 26304
1198647 1223046 24399
1212949 1227270 14321
1179792 1227501 47709
1200291 1227534 27243
1213247 1227831 14584
1214208 1228425 14217
1217433 1233012 15579
1209912 1237467 27555
1222558 1238457 15899
1231005 1239744 8739
1220607 1243341 22734
1222486 1243869 21383
1208438 1245288 36850
1209144 1245387 36243
1208668 1245882 37214
1215585 1246113 30528
1228553 1246509 17956
1195496 1246674 51178
1216204 1247037 30833
1221799 1247367 25568
1220197 1251294 31097
1219091 1251525 32434
1228670 1251822 23152
1222274 1255320 33046
1245296 1256805 11509
1242571 1258917 16346
1247366 1259181 11815
1231665 1261359 29694
1236313 1261887 25574
1239003 1262415 23412
1242712 1262976 20264
1257033 1263339 6306
1228797 1265055 36258
1248829 1267860 19031
1246667 1269279 22612
1234227 1269510 35283
1249431 1269840 20409
1245390 1269906 24516
1232781 1270368 37587
1236314 1270995 34681
1257879 1273338 15459
1237066 1275516 38450
1263802 1276539 12737
1265169 1277100 11931
1254090 1281753 27663
1248987 1285350 36363
1271061 1290960 19899
1275345 1291356 16011
1275412 1291917 16505
1267551 1293270 25719
1259410 1293369 33959
1255766 1295052 39286
1256365 1295646 39281
1276125 1296207 20082
1269224 1299276 30052
1287040 1299903 12863
1280298 1300761 20463
1283933 1301322 17389
1263927 1303335 39408
1282838 1305315 22477
1301691 1307658 5967
1268683 1309473 40790
1297271 1310001 12730
1289153 1315215 26062
1304787 1315908 11121
1300020 1317294 17274
1291829 1317525 25696
1278109 1319043 40934
1290937 1319571 28634
1298622 1320132 21510
1302293 1323300 21007
1280211 1323531 43320
1284528 1324092 39564
1290851 1324224 33373
1287361 1327458 40097
1288831 1328052 39221
1304745 1328679 23934
1312440 1333332 20892
1313893 1333893 20000
1314865 1334421 19556
1306888 1337061 30173
1312815 1339866 27051
1309920 1341285 31365
1294810 1341516 46706
1309984 1341879 31895
1309923 1342077 32154
1319169 1342506 23337
1312436 1342704 30268
1308472 1343100 34628
1317053 1343232 26179
1315888 1343793 27905
1308990 1347522 38532
1319303 1347588 28285
1340244 1355475 15231
1331331 1357356 26025
1341908 1358445 16537
1315188 1360920 45732
1319391 1361613 42222
1319923 1362240 42317
1331769 1362735 30966
1352655 1363329 10674
1347420 1364055 16635
1331337 1365837 34500
1337574 1366398 28824
1341994 1366794 24800
1343369 1367058 23689
1351316 1367355 16039
1346492 1369335 22843
1338494 1371282 32788
1337228 1371513 34285
1342084 1371843 29759
1340983 1372074 31091
1343591 1372173 28582
1333272 1375968 42696
1351585 1377288 25703
1325456 1377849 52393
1351721 1381875 30154
1357889 1382403 24514
1362510 1382964 20454
1367642 1383492 15850
1350540 1385043 34503
1350156 1389531 39375
1355667 1390059 34392
1357448 1390653 33205
1367489 1390686 23197
1368377 1391049 22672
1332589 1391181 58592
1343826 1391709 47883
1381723 1395273 13550
1347742 1395504 47762
1349046 1396098 47052
1350937 1396725 45788
1357063 1397319 40256
1361344 1399464 38120
1393965 1404381 10416
1381351 1411344 29993
1384090 1413291 29201
1394804 1414545 19741
1389687 1423323 33636
1392628 1423983 31355
1419096 1434972 15876
1412219 1435335 23116
1415908 1437282 21374
1391903 1437513 45610
1394312 1438074 43762
1399698 1439592 39894
1411322 1440153 28831
1417976 1443519 25543
1408264 1444047 35783
1415928 1447446 31518
1418961 1448007 29046
1425287 1448634 23347
1422651 1453353 30702
1447217 1454343 7126
1423810 1457049 33239
1440693 1458963 18270
1444945 1461273 16328
1414616 1461504 46888
1437668 1462032 24364
1433378 1463055 29677
1442352 1463583 21231
1449422 1467279 17857
1421289 1468104 46815
1437455 1468731 31276
1436748 1471470 34722
1444702 1471998 27296
1449703 1472394 22691
1449811 1472955 23144
1459265 1474902 15637
1418287 1477476 59189
1450681 1478037 27356
1464331 1478565 14234
1453067 1479159 26092
1443614 1481040 37426
1463299 1485297 21998
1446640 1487046 40406
1447578 1487607 40029
1466179 1488168 21989
1464769 1495461 30692
1464903 1496022 31119
1467449 1496616 29167
1463896 1497177 33281
1488719 1500708 11989
1482307 1509288 26981
1466724 1509519 42795
1471908 1509750 37842
1483363 1510080 26717
1485528 1510443 24915
1484341 1510542 26201
1490273 1511004 20731
1463304 1511037 47733
1493777 1511565 17788
1472422 1511598 39176
1471580 1512192 40612
1477511 1512225 34714
1482826 1515294 32468
1497214 1515855 18641
1500329 1517307 16978
1519472 1526283 6811
1517813 1528098 10285
1499307 1529055 29748
1521151 1531299 10148
1502686 1533147 30461
1488466 1533510 45044
1511991 1533873 21882
1498984 1535061 36077
1516545 1535589 19044
1530577 1537668 7091
1521334 1539285 17951
1522375 1539846 17471
1523963 1540440 16477
1492447 1549449 57002
1493099 1550010 56911
1523967 1550538 26571
1528543 1551066 22523
1526523 1553046 26523
1541397 1553607 12210
1545676 1555950 10274
1542008 1558953 16945
1538188 1559151 20963
1544889 1563276 18387
1550592 1563276 12684
1557773 1564992 7219
1559958 1565916 5958
1526760 1567467 40707
1533474 1568028 34554
1537204 1568655 31451
1522513 1569183 46670
1532661 1569579 36918
1551384 1571493 20109
1555744 1572021 16277
1527434 1573473 46039
1543896 1574034 30138
1560209 1577037 16828
1540341 1581525 41184
1562579 1581822 19243
1564387 1582383 17996
1547826 1583043 35217
1552405 1587300 34895
1558171 1587366 29195
1547797 1587531 39734
1560325 1588092 27767
1567467 1589049 21582
1550673 1591458 40785
1560434 1592019 31585
1545591 1592580 46989
1566225 1596837 30612
1586539 1598355 11816
1585604 1599147 13543
1576894 1601061 24167
1583121 1603338 20217
1581817 1605285 23468
1563926 1607034 43108
1571979 1607562 35583
1594904 1609344 14440
1577094 1611291 34197
1580020 1611951 31931
1592748 1615449 22701
1614724 1621059 6335
1584289 1621455 37166
1594089 1622016 27927
1602803 1622544 19741
1598216 1623138 24922
1617243 1623204 5961
1608791 1627329 18538
1614722 1627857 13135
1595854 1629276 33422
1597538 1629507 31969
1594864 1631058 36194
1600104 1631619 31515
1608133 1632213 24080
1609530 1633335 23805
1605408 1635282 29874
1621292 1635282 13990
1622124 1635843 13719
1622805 1636866 14061
1616347 1639473 23126
1624680 1641882 17202
1622952 1643466 20514
1626313 1645347 19034
1619103 1649043 29940
1640963 1651254 10291
1618992 1653300 34308
1615257 1653531 38274
1618729 1653828 35099
1615390 1654092 38702
1614473 1654620 40147
1622849 1655049 32200
1631837 1658778 26941
1623785 1660098 36313
1641513 1663464 21951
1658334 1665411 7077
1646467 1666929 20462
1655832 1667490 11658
1646027 1669305 23278
1616145 1669470 53325
1650459 1671945 21486
1647937 1675344 27407
1658649 1677291 18642
1635234 1677522 42288
1647120 1683528 36408
1659217 1683891 24674
1645323 1684056 38733
1655538 1687323 31785
1681825 1687785 5960
1649065 1697058 47993
1662034 1697619 35585
1674262 1699335 25073
1676491 1699863 23372
1668558 1701282 32724
1662113 1701513 39400
1679901 1701744 21843
1679974 1702338 22364
1657899 1703064 45165
1670667 1703592 32925
1675181 1707288 32107
1662232 1707519 45287
1665963 1708080 42117
1684302 1711446 27144
1702541 1714680 12139
1687448 1716858 29410
1697461 1717881 20420
1701009 1718409 17400
1680488 1721049 40561
1686914 1721610 34696
1698489 1723359 24870
1703079 1725273 22194
1690732 1725504 34772
1710794 1725801 15007
1694407 1727055 32648
1696847 1727121 30274
1701927 1728210 26283
1706608 1728738 22130
1708818 1729893 21075
1698882 1731279 32397
1682204 1731510 49306
1703480 1731840 28360
1695657 1732071 36414
1711254 1732467 21213
1716485 1733061 16576
1697766 1735470 37704
1710431 1735998 25567
1711370 1741344 29974
1695451 1745040 49589
1711477 1745601 34124
1722897 1749297 26400
1705113 1749396 44283
1728055 1749858 21803
1712175 1750056 37881
1723769 1750518 26749
1716962 1750683 33721
1718154 1751046 32892
1713279 1751178 37899
1718517 1751211 32694
1729460 1751574 22114
1712759 1755501 42742
1751439 1757712 6273
1716456 1759461 43005
1719637 1765467 45830
1745127 1767150 22023
1745605 1767381 21776
1725535 1769064 43529
1725544 1769592 44048
1754618 1771869 17251
1736464 1775037 38573
1741511 1775598 34087
1752495 1777314 24819
1730314 1779525 49211
1744456 1780086 35630
1743907 1780647 36740
1764528 1789359 24831
1771607 1789392 17785
1775829 1792230 16401
1755873 1793055 37182
1779592 1793616 14024
1783268 1794375 11107
1767791 1797279 29488
1780745 1797840 17095
1761618 1798566 36948
1777261 1799622 22361
1780368 1800183 19815
1783412 1800711 17299
1794989 1802526 7537
1776270 1803285 27015
1770944 1803813 32869
1781594 1804407 22813
1785398 1805001 19603
1770970 1807476 36506
1772219 1808037 35818
1783395 1808598 25203
1795902 1808796 12894
1804983 1810941 5958
1800197 1813251 13054
1803284 1813878 10594
1791903 1819356 27453
1802470 1819884 17414
1788763 1821270 32507
1776557 1821501 44944
1790499 1821798 31299
1793161 1822029 28868
1798741 1823052 24311
1799979 1823613 23634
1813791 1823943 10152
1802588 1824207 21619
1797008 1827276 30268
1787997 1827507 39510
1794039 1828035 33996
1800536 1829124 28588
1805116 1831467 26351
1815119 1832787 17668
1814715 1833018 18303
1830647 1836978 6331
1806958 1837473 30515
1797802 1837506 39704
1824727 1838562 13835
1818645 1839717 21072
1813367 1843347 29980
1831108 1843974 12866
1825122 1844040 18918
1815766 1845162 29396
1809747 1845525 35778
1820563 1846053 25490
1818113 1847043 28930
1829094 1847571 18477
1822755 1847670 24915
1821494 1851300 29806
1823159 1851531 28372
1829681 1851894 22213
1832988 1852554 19566
1813794 1855458 41664
1818902 1856019 37117
1833668 1856613 22945
1830125 1861332 31207
1843870 1863147 19277
1835268 1865061 29793
1836588 1867338 30750
1837727 1867866 30139
1840417 1869285 28868
1823696 1869516 45820
1840653 1869879 29226
1824909 1870011 45102
1841965 1870407 28442
1841660 1870539 28879
1826859 1870737 43878
1834578 1871364 36786
1846770 1871595 24825
1835905 1871958 36053
1841045 1875291 34246
1834918 1875522 40604
1838623 1876083 37460
1839253 1876677 37424
1859778 1877865 18087
1871434 1878162 6728
1851302 1879449 28147
1850406 1880373 29967
1846001 1885455 39454
1869238 1891329 22091
1871690 1891494 19804
1874733 1892055 17322
1885920 1893111 7191
1868551 1893276 24725
1850408 1893507 43099
1838532 1894068 55536
1857187 1894530 37343
1856959 1894563 37604
1868775 1895157 26382
1882904 1895619 12715
1867765 1899282 31517
1857019 1899513 42494
1880679 1899810 19131
1859106 1900074 40968
1872006 1900635 28629
1860345 1903473 43128
1869808 1904034 34226
1899475 1906080 6605
1888284 1909347 21063
1890449 1913043 22594
1891525 1915353 23828
1892039 1915914 23875
1875632 1917531 41899
1876979 1918125 41146
1883713 1918554 34841
1879440 1918752 39312
1886384 1919115 32731
1881154 1919346 38192
1887700 1920237 32537
1895167 1921326 26159
1916699 1923009 6310
1892769 1923867 31098
1896955 1924494 27539
1901248 1925088 23840
1901962 1925715 23753
1888372 1926474 38102
1885011 1927464 42453
1894770 1927926 33156
1897430 1928652 31222
1912093 1933470 21377
1915183 1934031 18848
1916280 1934559 18279
1913120 1935714 22594
1895106 1937034 41928
1915720 1939344 23624
1918308 1939872 21564
1916905 1941522 24617
1922968 1943040 20072
1902199 1947297 45098
1912208 1947528 35320
1925678 1947858 22180
1931057 1947957 16900
1934211 1948980 14769
1913776 1951983 38207
1934265 1952775 18510
1932982 1957329 24347
1922811 1961058 38247
1941201 1963335 22134
1930415 1965282 34867
1932977 1965381 32404
1937522 1965843 28321
1910285 1966041 55756
1945864 1966437 20573
1957893 1971222 13329
1930568 1971519 40951
1959936 1971750 11814
1952533 1975446 22913
1958495 1977030 18535
1963358 1982409 19051
1972508 1987491 14983
1981734 1988118 6384
1966344 1989273 22929
1952828 1989504 36676
1973330 1989801 16471
1957397 1989966 32569
1951152 1991055 39903
1956432 1991616 35184
1970307 1993332 23025
1961506 1995279 33773
1948408 1995510 47102
1969736 1995807 26071
1968550 1996038 27488
1979485 1997325 17840
1957672 1999470 41798
1977197 2000031 22834
1980540 2001318 20778
1977845 2005344 27499
1974848 2013297 38449
1975811 2013825 38014
1977779 2014386 36607
1992998 2014947 21949
2006074 2019270 13196
1974243 2019501 45258
1974278 2020095 45817
1978093 2023461 45368
2014164 2031381 17217
2021215 2031744 10529
2001869 2037156 35287
2001228 2037519 36291
2003238 2038113 34875
2007148 2038740 31592
2007760 2039037 31277
2008496 2039334 30838
2010712 2043294 32582
2011974 2043294 31320
2020981 2047452 26471
2028807 2048805 19998
2024532 2053458 28926
2025592 2053986 28394
2025255 2054019 28764
2027901 2057055 29154
2033042 2061279 28237
2014486 2061378 46892
2045207 2061741 16534
2016083 2062071 45988
2034703 2063061 28358
2036872 2063622 26750
2054566 2065338 10772
2034422 2067285 32863
2018018 2067516 49498
2047726 2067846 20120
2030777 2068077 37300
2050508 2077350 26842
2055356 2077878 22522
2055720 2078439 22719
2067724 2079000 11276
2068724 2079528 10804
2050350 2081046 30696
2052569 2083356 30787
2048594 2085270 36676
2057412 2085501 28089
2053565 2087052 33487
2058079 2087613 29534
2069128 2088174 19046
2064418 2091276 26858
2049976 2091507 41531
2056987 2092068 35081
2055056 2095467 40411
2062557 2096028 33471
2070915 2096622 25707
2076767 2101341 24574
2081937 2101869 19932
2097506 2103816 6310
2083218 2107347 24129
2073728 2109294 35566
2067226 2109525 42299
2078948 2109855 30907
2090632 2110449 19817
2077774 2111043 33269
2077864 2111142 33278
2093115 2111703 18588
2090423 2115300 24877
2072730 2115531 42801
2085120 2119326 34206
2101748 2120382 18634
2100131 2122923 22792
2108443 2125332 16889
2106965 2131338 24373
2106978 2131899 24921
2098892 2133285 34393
2088996 2133516 44520
2127959 2133912 5953
2094408 2135034 40626
2110594 2135595 25001
2113488 2137905 24417
2109171 2139291 30120
2109396 2139522 30126
2112102 2139852 27750
2137100 2145627 8527
2112377 2153052 40675
2120397 2153613 33216
2130842 2155329 24487
2139662 2155494 15832
2132259 2157276 25017
2110757 2157507 46750
2121259 2157705 36446
2114029 2158035 44006
2129908 2158365 28457
2114443 2158629 44186
2139128 2158893 19765
2113579 2159058 45479
2115939 2159190 43251
2139299 2159421 20122
2125172 2159619 34447
2120034 2159652 39618
2131742 2159850 28108
2121192 2160708 39516
2108642 2163282 54640
2117283 2163513 46230
2129283 2163843 34560
2132569 2163909 31340
2131808 2165262 33454
2129822 2173446 43624
2131514 2174007 42493
2159988 2174535 14547
2144847 2177043 32196
2171773 2178099 6326
2153585 2181168 27583
2119826 2181531 61705
2156455 2181894 25439
2133972 2182125 48153
2146738 2183049 36311
2155314 2183148 27834
2157999 2187273 29274
2159150 2187504 28354
2158931 2187834 28903
2150115 2188065 37950
2174924 2188362 13438
2170707 2188560 17853
2175320 2188890 13570
2151737 2191464 39727
2175352 2193015 17663
2183671 2197866 14195
2190047 2200242 10195
2194371 2200935 6564
2175756 2203344 27588
2175028 2205291 30263
2160132 2205522 45390
2174197 2206083 31886
2178903 2207040 28137
2187696 2207568 19872
2178473 2211297 32824
2185109 2211528 26419
2191877 2211858 19981
2199292 2212386 13094
2179654 2215455 35801
2182014 2216016 34002
2213679 2219646 5967
2202374 2221857 19483
2212355 2223144 10789
2198472 2225058 26586
2209521 2229150 19629
2200375 2229513 29138
2204619 2229909 25290
2216645 2237367 20722
2220207 2240799 20592
2223001 2245353 22352
2236127 2246574 10447
2218991 2253273 34282
2216072 2253504 37432
2224031 2253735 29704
2221491 2254692 33201
2211415 2255055 43640
2229346 2255583 26237
2231813 2256177 24364
2236309 2257332 21023
2228559 2259279 30720
2222931 2259510 36579
2227353 2259576 32223
2226190 2259807 33617
2232887 2260632 27745
2231189 2263470 32281
2250269 2270433 20164
2240564 2273040 32476
2254336 2273667 19331
2247880 2277528 29648
2253812 2278056 24244
2243948 2279046 35098
2260914 2279574 18660
2239661 2283270 43609
2237706 2283501 45795
2260354 2283831 23477
2253125 2284095 30970
2261340 2284425 23085
2249300 2284656 35356
2270036 2290926 20890
2268885 2293467 24582
2270120 2295381 25261
2283465 2299869 16404
2261767 2301519 39752
2265188 2301981 36793
2274608 2302674 28066
2272249 2303037 30788
2277538 2303235 25697
2274060 2303796 29736
2280637 2304324 23687
2261308 2307525 46217
2273523 2308086 34563
2295632 2317920 22288
2308083 2318580 10497
2309346 2323860 14514
2315578 2324124 8546
2303994 2325279 21285
2289749 2325510 35761
2290812 2326071 35259
2292387 2326533 34146
2298376 2326665 28289
2297710 2327061 29351
2314463 2329338 14875
2295034 2331285 36251
2308181 2331846 23665
2311017 2332440 21423
2303852 2335344 31492
2308215 2336070 27855
2310692 2341350 30658
2314182 2341878 27696
2324460 2341944 17484
2322925 2343165 20240
2315813 2345046 29233
2322760 2349270 26510
2324856 2349501 24645
2312500 2351052 38552
2340016 2354418 14402
2327447 2355276 27829
2311731 2355507 43776
2342341 2355804 13463
2330211 2356035 25824
2346523 2365341 18818
2353722 2369004 15282
2338147 2369037 30890
2342335 2371347 29012
2347253 2371875 24622
2353618 2373162 19544
2334791 2373525 38734
2339436 2373624 34188
2337452 2374086 36634
2334821 2375043 40222
2343427 2375604 32177
2355330 2375670 20340
2333871 2379531 45660
2334200 2380125 45925
2343193 2380752 37559
2351957 2381313 29356
2344880 2381874 36994
2344443 2383458 39015
2352218 2393061 40843
2356929 2393589 36660
2363618 2394150 30532
2373923 2395206 21283
2370307 2397285 26978
2375674 2399034 23360
2379388 2399595 20207
2377181 2401344 24163
2374378 2403291 28913
2349863 2403456 53593
2377044 2407449 30405
2380772 2408010 27238
2386716 2408571 21855
2386968 2411475 24507
2389876 2412003 22127
2382890 2413356 30466
2390296 2413884 23588
2411071 2417019 5948
2370032 2417052 47020
2405831 2419758 13927
2384896 2421276 36380
2391886 2421507 29621
2403502 2421804 18302
2383880 2423619 39739
2406282 2427381 21099
2381866 2427942 46076
2398612 2431473 32861
2417431 2432397 14966
2424046 2435994 11948
2400893 2437446 36553
2399233 2437974 38741
2406416 2438007 31591
2414718 2438502 23784
2413282 2439393 26111
2417974 2439492 21518
2420403 2440020 19617
2414701 2445300 30599
2398557 2445531 46974
2418162 2445861 27699
2421351 2446059 24708
2426469 2446455 19986
2427331 2447016 19685
2406191 2447049 40858
2419339 2447577 28238
2417047 2451273 34226
2420570 2451834 31264
2430730 2452461 21731
2431764 2453022 21258
2428679 2455464 26785
2433769 2461800 28031
2435878 2462328 26450
2438213 2467212 28999
2432894 2469291 36397
2453870 2469819 15949
2459392 2470083 10691
2429975 2471040 41065
2449880 2471601 21721
2458038 2471634 13596
2451111 2472195 21084
2437545 2475297 37752
2460499 2475528 15029
2473852 2484042 10190
2457810 2485329 27519
2469016 2485857 16841
2469749 2486385 16636
2462254 2487144 24890
2466437 2487375 20938
2474547 2487540 12993
2450979 2489058 38079
2473753 2491500 17747
2467607 2493150 25543
2473713 2493876 20163
2467263 2495229 27966
2471705 2499288 27583
2465725 2499354 33629
2470361 2503446 33085
2478363 2504370 26007
2493549 2505327 11778
2500405 2510673 10268
2495897 2511729 15832
2499117 2513346 14229
2494118 2515359 21241
2501791 2515491 13700
2487763 2517273 29510
2484276 2517372 33096
2486717 2518098 31381
2486732 2518725 31993
2494916 2519055 24139
2499007 2519583 20576
2494335 2522784 28449
2486602 2524071 37469
2517904 2524236 6332
2487771 2524632 36861
2502428 2525160 22732
2488988 2527470 38482
2485530 2528031 42501
2496935 2528592 31657
2498772 2529120 30348
2525065 2531034 5969
2512279 2533476 21197
2527780 2533740 5960
2485727 2534037 48310
2510334 2534565 24231
2510808 2535093 24285
2512722 2539350 26628
2498928 2541297 42369
2511514 2541528 30014
2512221 2541858 29637
2524915 2542419 17504
2509741 2543046 33305
2509624 2543112 33488
2522606 2544168 21562
2524817 2544696 19879
2516717 2547270 30553
2509913 2547501 37588
2512771 2547567 34796
2533045 2547831 14786
2545869 2551824 5955
2530551 2552385 21834
2534721 2557335 22614
2537729 2557863 20134
2541601 2558391 16790
2552853 2558820 5967
2553498 2560734 7236
2535874 2563341 27467
2541279 2565387 24108
2537566 2567037 29471
2553386 2570403 17017
2542071 2571294 29223
2546979 2571822 24843
2534105 2575452 41347
2548516 2576013 27497
2550120 2576607 26487
2559350 2578917 19567
2541940 2581458 39518
2553493 2582019 28526
2573495 2587332 13837
2573682 2587893 14211
2548264 2589279 41015
2542793 2589510 46717
2564983 2589807 24824
2547321 2589972 42651
2565592 2590632 25040
2558429 2591061 32632
2559654 2591589 31935
2573072 2592282 19210
2581413 2593899 12486
2564914 2595285 30371
2560392 2595516 35124
2567638 2595813 28175
2561575 2596044 34469
2568533 2596407 27874
2576871 2605350 28479
2592668 2607957 15289
2581728 2611356 29628
2579386 2613138 33752
2566451 2613501 47050
2582676 2615052 32376
2587694 2615613 27919
2593404 2615745 22341
2603250 2619276 16026
2591126 2619507 28381
2589238 2623467 34229
2581154 2623995 42841
2595229 2624589 29360
2611482 2625348 13866
2615700 2625909 10209
2580208 2629473 49265
2598342 2630034 31692
2602456 2630034 27578
2617860 2631024 13164
2621599 2631387 9788
2596393 2633037 36644
2607763 2635215 27452
2607288 2637294 30006
2604965 2637393 32428
2617348 2638449 21101
2611110 2639043 27933
2610197 2639670 29473
2618461 2641320 22859
2608237 2643300 35063
2615518 2643828 28310
2607268 2644059 36791
2616745 2644422 27677
2630483 2644488 14005
2634613 2646171 11558
2615947 2647458 31511
2604759 2647986 43227
2608473 2648580 40107
2625660 2649141 23481
2607742 2649669 41927
2611142 2653464 42322
2611780 2653497 41717
2630972 2654025 23053
2614941 2657061 42120
2644537 2659503 14966
2632743 2659866 27123
2621360 2661285 39925
2630648 2661516 30868
2631895 2662044 30149
2623608 2662539 38931
2629169 2662671 33502
2637468 2663034 25566
2626421 2663595 37174
2643119 2664189 21070
2648347 2664255 15908
2638499 2667291 28792
2618685 2667522 48837
2632615 2668050 35435
2642732 2668611 25879
2666527 2673363 6836
2662946 2677356 14410
2653923 2679138 25215
2666060 2679930 13870
2648974 2681052 32078
2632988 2681580 48592
2656788 2683329 26541
2677946 2683890 5944
2661244 2685276 24032
2644161 2685507 41346
2663650 2685837 22187
2681612 2687553 5941
2643993 2691513 47520
2671465 2696034 24569
2682846 2696793 13947
2671740 2701347 29607
2689425 2703393 13968
2692615 2707881 15266
2678462 2709300 30838
2671050 2709531 38481
2672672 2710092 37420
2691519 2711049 19530
2668505 2711280 42775
2691829 2715273 23444
2676436 2715504 39068
2681815 2716065 34250
2688429 2716593 28164
2691518 2717121 25603
2683783 2719464 35681
2692620 2720025 27405
2709794 2722929 13135
2696615 2725338 28723
2717370 2727648 10278
2681105 2729034 47929
2724777 2730717 5940
2687356 2733522 46166
2692285 2734083 41798
2729282 2737977 8695
2694849 2739528 44679
2708098 2743455 35357
2711161 2744016 32855
2719714 2748834 29120
2721093 2749857 28764
2721506 2749923 28417
2735599 2751144 15545
2694543 2753058 58515
2699651 2753586 53935
2722843 2754114 31271
2725778 2755335 29557
2731064 2755863 24799
2727071 2757282 30211
2710177 2757513 47336
2711825 2758041 46216
2719867 2759064 39197
2732007 2759658 27651
2747541 2759691 12150
2734608 2762793 28185
2728794 2763519 34725
2731591 2763552 31961
2748946 2763816 14870
2743673 2767446 23773
2736815 2773452 36637
2745240 2774013 28773
2752293 2775168 22875
2755271 2775960 20689
2751518 2779227 27709
2748130 2781273 33143
2738298 2781372 43074
2764082 2781834 17752
2742530 2782098 39568
2745439 2782560 37121
2754222 2782692 28470
2765496 2783550 18054
2741388 2787510 46122
2755140 2788071 32931
2767922 2788632 20710
2790169 2796123 5954
2770748 2797476 26728
2766608 2798037 31429
2775030 2799060 24030
2772038 2799159 27121
2755780 2801040 45260
2787689 2801601 13912
2766766 2805528 38762
2790924 2805825 14901
2774997 2806089 31092
2769986 2811270 41284
2767880 2811501 43621
2778108 2811798 33690
2791374 2815461 24087
2769473 2815989 46516
2790658 2821335 30677
2812066 2822523 10457
2801178 2823381 22203
2794212 2825064 30852
2805740 2825625 19885
2801600 2827803 26203
2785967 2829519 43552
2809492 2829849 20357
2789211 2830476 41265
2791253 2831532 40279
2803330 2835888 32558
2794305 2835921 41616
2815614 2836449 20835
2819725 2836482 16757
2802050 2839452 37402
2818219 2839980 21761
2811850 2840376 28526
2803063 2840508 37445
2816025 2842917 26892
2828405 2843478 15073
2800212 2845458 45246
2833753 2845986 12233
2808339 2848923 40584
2813096 2849616 36520
2836465 2850969 14504
2822049 2851332 29283
2802479 2855061 52582
2823242 2855094 31852
2825266 2855688 30422
2854098 2867469 13371
2842811 2869878 27067
2844203 2870406 26203
2846043 2870505 24462
2847642 2871066 23424
2847865 2877270 29405
2837388 2877501 40113
2860397 2879052 18655
2852966 2879580 26614
2840563 2883276 42713
2837107 2883507 46400
2840613 2883573 42960
2877420 2883738 6318
2856684 2883837 27153
2855871 2884629 28758
2845423 2887467 42044
2844354 2888028 43674
2861436 2890140 28704
2886896 2892846 5950
2852667 2893473 40806
2857080 2894034 36954
2861064 2894562 33498
2872692 2894694 22002
2880583 2896476 15893
2871181 2899347 28166
2875238 2899776 24538
2877667 2901294 23627
2864515 2901525 37010
2885485 2901789 16304
2873142 2902053 28911
2870402 2903043 32641
2877343 2903142 25799
2874456 2904231 29775
2884817 2907300 22483
2889527 2907366 17839
2876748 2907531 30783
2874091 2908092 34001
2880594 2911458 30864
2903174 2913537 10363
2897929 2917332 19403
2903369 2918421 15052
2901107 2920236 19129
2904909 2923338 18429
2909836 2923767 13931
2898023 2925285 27262
2893275 2925516 32241
2905220 2931291 26071
2883828 2931522 47694
2890485 2932050 41565
2908752 2932050 23298
2895306 2935449 40143
2892461 2936010 43549
2897983 2936604 38621
2928777 2940696 11919
2931882 2942148 10266
2922584 2947329 24745
2931310 2949276 17966
2916260 2949507 33247
2922695 2950035 27340
2923079 2950497 27418
2920712 2951058 30346
2911604 2951157 39553
2929122 2951190 22068
2930261 2954457 24196
2925380 2955282 29902
2942572 2955843 13271
2919892 2959473 39581
2920093 2960067 39974
2928041 2960694 32653
2941183 2965347 24164
2944192 2965875 21683
2954117 2967063 12946
2955695 2968119 12424
2930940 2969043 38103
2937464 2969604 32140
2950761 2970165 19404
2945822 2971353 25531
2950557 2971782 21225
2927884 2973531 45647
2929161 2974125 44964
2949707 2974554 24847
2964561 2977326 12765
2954574 2979273 24699
2946810 2979801 32991
2946817 2983464 36647
2952140 2984025 31885
2965411 2985015 19604
2975474 2986104 10630
2971984 2989866 17882
2974486 2991945 17459
2957209 2993034 35825
2966681 2995344 28663
2968640 2997291 28651
2970073 2997522 27449
2976780 2999040 22260
2966566 3007455 40889
2979201 3007884 28683
2988536 3010920 22384
2998971 3011481 12510
3003786 3011976 8190
2996167 3019203 23036
3006986 3019500 12514
2999822 3019863 20041
2983160 3021513 38353
2988949 3022074 33125
2995618 3022668 27050
2994086 3023064 28978
3000898 3023592 22694
3001871 3027288 25417
3014713 3027882 13169
3012857 3029862 17005
2998158 3031446 33288
3004698 3037452 32754
3013378 3038013 24635
3023516 3038541 15025
3003735 3041049 37314
3014650 3043887 29237
2999005 3045504 46499
3004829 3046494 41665
3013596 3046692 33096
3011854 3047055 35201
3019297 3047121 27824
3020263 3047748 27485
3024159 3048837 24678
3026321 3051279 24958
3013064 3055470 42406
3023112 3055932 32820
3027539 3056658 29119
3054436 3060750 6314
3036082 3060849 24767
3010526 3065040 54514
3032229 3069297 37068
3026479 3069528 43049
3052137 3069858 17721
3038058 3070551 32493
3038903 3071640 32737
3039293 3072267 32974
3046428 3072861 26433
3053548 3073422 19874
3045595 3075270 29675
3044207 3075501 31294
3056588 3075831 19243
3052469 3076029 23560
3071765 3084543 12778
3067466 3085335 17869
3050777 3093288 42511
3054076 3093519 39443
3057142 3093849 36707
3068842 3094410 25568
3078023 3095004 16981
3058917 3095037 36120
3062012 3095598 33586
3068505 3096192 27687
3080371 3097314 16943
3066813 3099294 32481
3087589 3099822 12233
3064599 3100053 35454
3062950 3103452 40502
3071880 3104013 32133
3078356 3104640 26284
3079162 3105234 26072
3082004 3105696 23692
3094847 3106125 11278
3086291 3109260 22969
3071391 3109458 38067
3098725 3111933 13208
3109923 3115893 5970
3097693 3116190 18497
3089484 3118665 29181
3097860 3119061 21201
3098958 3119589 20631
3088139 3123285 35146
3081046 3133449 52403
3102477 3134010 31533
3113999 3134637 20638
3125100 3135726 10626
3120558 3136518 15960
3105301 3137046 31745
3116761 3139356 22595
3117191 3139917 22726
3133334 3140676 7342
3109616 3141270 31654
3106961 3141501 34540
3109859 3141864 32005
3115220 3142359 27139
3107097 3143052 35955
3121137 3143580 22443
3117071 3147276 30205
3121538 3147342 25804
3106054 3147507 41453
3131788 3148398 16610
3131026 3149322 18296
3146334 3153414 7080
3140784 3157341 16557
3147909 3157869 9960
3151067 3159585 8518
3128085 3165162 37077
3128958 3165525 36567
3119876 3166053 46177
3134729 3167043 32314
3136102 3167109 31007
3157107 3171300 14193
3138110 3171531 33421
3157693 3171861 14168
3156399 3173115 16716
3149833 3175326 25493
3154424 3175986 21562
3150102 3180804 30702
3171737 3186975 15238
3167300 3187338 20038
3171495 3187866 16371
3165641 3189285 23644
3149116 3189516 40400
3166944 3193344 26400
3154403 3195522 41119
3159556 3199449 39893
3193706 3199746 6040
3168513 3200010 31497
3173482 3200505 27023
3195420 3201462 6042
3199155 3205125 5970
3177496 3205356 27860
3187001 3207138 20137
3194422 3207930 13508
3202202 3208524 6322
3173316 3209052 35736
3187760 3211329 23569
3197121 3211494 14373
3197731 3212055 14324
3177344 3213276 35932
3180638 3213507 32869
3186348 3213969 27621
3187189 3214695 27506
3188620 3215355 26735
3189922 3219282 29360
3199051 3223044 23993
3214672 3237300 22628
3211061 3239049 27988
3212220 3243273 31053
3201262 3243504 42242
3209412 3243834 34422
3219268 3244428 25160
3198145 3247464 49319
3213254 3248025 34771
3226067 3248586 22519
3227527 3253470 25943
3235405 3259344 23939
3242679 3259509 16830
3230522 3261291 30769
3233716 3261852 28136
3230269 3263040 32771
3226755 3263568 36813
3230498 3264162 33664
3241544 3267297 25753
3234653 3267858 33205
3245083 3268419 23336
3237309 3271455 34146
3242527 3271917 29390
3251486 3272544 21058
3244951 3277461 32510
3245819 3278022 32203
3261439 3278550 17111
3263268 3279078 15810
3267648 3279573 11925
3263557 3280761 17204
3248119 3281058 32939
3261004 3285282 24278
3247490 3285513 38023
3250198 3286041 35843
3254903 3286602 31699
3253531 3287064 33533
3255265 3287592 32327
3267516 3288153 20637
3277229 3290793 13564
3264087 3291519 27432
3254774 3295314 40540
3256959 3296040 39081
3262058 3296535 34477
3273252 3297195 23943
3283011 3297558 14547
3271370 3301353 29983
3277883 3303168 25285
3289397 3303729 14332
3287412 3307359 19947
3288364 3307920 19556
3267936 3309273 41337
3269243 3309372 40129
3269384 3309999 40615
3288995 3315279 26284
3291679 3315345 23666
3275771 3315510 39739
3292040 3316467 24427
3298438 3317061 18623
3309014 3321021 12007
3293198 3329040 35842
3323090 3329403 6313
3296817 3329568 32751
3317366 3330261 12895
3306058 3331218 25160
3309536 3331515 21979
3314648 3331878 17230
3322493 3333132 10639
3296804 3333297 36493
3288784 3333528 44744
3298674 3333858 35184
3294435 3333990 39555
3318839 3334386 15547
3299400 3334716 35316
3296490 3335046 38556
3311323 3337323 26000
3309140 3339303 30163
3306760 3340095 33335
3308912 3340194 31282
3319672 3340491 20819
3302546 3341217 38671
3325817 3341514 15697
3324662 3346926 22264
3318153 3349467 31314
3302692 3349995 47303
3319617 3350523 30906
3324573 3351051 26478
3336737 3355869 19132
3324908 3357519 32611
3339036 3357816 18780
3311144 3359037 47893
3317055 3359565 42510
3318565 3360159 41594
3327428 3360720 33292
3331154 3361281 30127
3326654 3363294 36640
3332190 3363525 31335
3343815 3363888 20073
3347213 3364746 17533
3339568 3367452 27884
3327472 3367980 40508
3333244 3373458 40214
3368076 3378342 10266
3347399 3381510 34111
3346122 3383061 36939
3373353 3383589 10236
3367192 3387285 20093
3342193 3387516 45323
3355838 3387582 31744
3359432 3388671 29239
3361773 3391476 29703
3367336 3397350 30014
3388430 3398703 10273
3377873 3399396 21523
3399358 3405303 5945
3372120 3405501 33381
3378304 3405765 27461
3378430 3406095 27665
3378865 3406491 27626
3374769 3407052 32283
3386570 3407085 20515
3383941 3407580 23639
3378570 3411276 32706
3384590 3411804 27214
3376681 3415467 38786
3374894 3416028 41134
3386598 3416391 29793
3387297 3416490 29193
3391214 3417183 25969
3378093 3418272 40179
3412687 3418635 5948
3394677 3418932 24255
3414502 3420450 5948
3405684 3421341 15657
3400255 3427347 27092
3398976 3429294 30318
3383304 3429525 46221
3394462 3430053 35591
3422518 3434409 11891
3406795 3435300 28505
3404074 3435531 31457
3414619 3435861 21242
3408828 3439458 30630
3429697 3451338 21641
3410006 3453516 43510
3418504 3454077 35573
3422532 3454671 32139
3414266 3455034 40768
3421470 3455595 34125
3432130 3456189 24059
3423744 3459522 35778
3441168 3459885 18717
3422408 3463449 41041
3422762 3464043 41281
3447306 3464373 17067
3447009 3469356 22347
3459250 3477276 18026
3432010 3477507 45497
3461750 3477672 15922
3444994 3477969 32975
3433478 3479058 45580
3459358 3479553 20195
3450204 3483282 33078
3455509 3483843 28334
3460185 3484470 24285
3472137 3491466 19329
3473437 3493908 20471
3469433 3495162 25729
3486540 3497340 10800
3466276 3501168 34892
3466794 3501531 34737
3473279 3501729 28450
3466677 3503049 36372
3489115 3503148 14033
3493559 3507273 13714
3497108 3507966 10858
3499524 3509649 10125
3477896 3511464 33568
3481792 3511926 30134
3482553 3512619 30066
3492531 3512784 20253
3487681 3519153 31472
3500351 3523344 22993
3508319 3525159 16840
3492713 3526545 33832
3496211 3527601 31390
3507399 3527700 20301
3499511 3528195 28684
3505135 3529317 24182
3501505 3530802 29297
3483209 3531528 48319
3510648 3531825 21177
3487403 3532089 44686
3513864 3532419 18555
3490872 3535455 44583
3509816 3541461 31645
3519533 3547335 27802
3532226 3547863 15637
3516234 3549282 33048
3529549 3549843 20294
3535425 3550965 15540
3537606 3551031 13425
3510215 3555519 45304
3517676 3556080 38404
3525629 3559446 33817
3537077 3560007 22930
3537427 3560601 23174
3532994 3561129 28135
3541208 3562911 21703
3542597 3565914 23317
3546033 3566442 20409
3547212 3567003 19791
3553755 3573141 19386
3538656 3573504 34848
3541127 3573735 32608
3554825 3575055 20230
3541716 3579510 37794
3573753 3579708 5955
3551758 3580038 28280
3546992 3593040 46048
3564407 3595350 30943
3557304 3597528 40224
3559120 3598089 38969
3552459 3598518 46059
3572101 3599046 26945
3558161 3599574 41413
3573953 3603435 29482
3587738 3603831 16093
3590221 3604392 14171
3576795 3604491 27696
3581454 3604524 23070
3567654 3607461 39807
3585774 3607989 22215
3571287 3613467 42180
3593572 3615150 21578
3591376 3619209 27833
3598993 3619506 20513
3584061 3621288 37227
3583141 3621519 38378
3586110 3621750 35640
3586706 3622047 35341
3574891 3623037 48146
3582993 3623565 40572
3597119 3627294 30175
3579265 3627525 48260
3588875 3628086 39211
3592668 3628713 36045
3599939 3629274 29335
3596424 3629769 33345
3598643 3631452 32809
3590149 3631914 41765
