10515 16830 6315
13831 20163 6332
7730 31713 23983
6587 31977 25390
12548 35079 22531
31003 36960 5957
22273 40887 18614
25796 44946 19150
4817 47652 42835
9369 48180 38811
39315 49632 10317
11565 50589 39024
15528 53097 37569
29496 54219 24723
25364 54747 29383
34034 61974 27940
35464 62568 27104
33102 63228 30126
58512 64482 5970
46073 64878 18805
60452 66396 5944
50955 66594 15639
23701 67617 43916
31062 68640 37578
39925 69201 29276
38716 69762 31046
58861 72336 13475
41815 76494 34679
44938 77550 32612
11728 77616 65888
28698 78177 49479
60598 78738 18140
47849 80586 32737
70666 86592 15926
81511 90090 8579
67489 92433 24944
53808 95634 41826
68931 96195 27264
73695 98439 24744
66548 98967 32419
64288 100518 36230
70278 101640 31362
71003 104313 33310
84162 104841 20679
100260 106227 5967
90398 106524 16126
93833 112860 19027
104255 113487 9232
90638 113520 22882
74725 118998 44273
85203 119526 34323
83381 124509 41128
118153 128436 10283
113347 130515 17168
116023 131142 15119
95645 134112 38467
111037 136884 25847
127397 137511 10114
119356 140448 21092
119834 141075 21241
98349 142989 44640
116841 143550 26709
126688 146751 20063
128369 147279 18910
119316 148500 29184
125941 149028 23087
132729 149655 16926
144886 150843 5957
132262 152559 20297
138675 153087 14412
141797 155595 13798
128809 158103 29294
136339 161502 25163
138260 164439 26179
143954 165000 21046
122484 166881 44397
126425 167640 41215
140980 168069 27089
133088 168168 35080
127815 168597 40782
145276 168630 23354
156748 170148 13400
165149 171105 5956
149217 171666 22449
155210 172590 17380
131889 173019 41130
140121 173646 33525
153260 179520 26260
138385 182556 44171
149788 183249 33461
159383 184866 25483
160689 185460 24771
178186 187143 8957
179942 187671 7729
174516 188430 13914
155965 190839 34874
176341 191400 15059
151801 191631 39830
163109 194436 31327
173946 195129 21183
160813 196515 35702
162337 197076 34739
178792 197637 18845
193187 199155 5968
173900 199980 26080
170218 200310 30092
183047 201069 18022
189423 201597 12174
196291 202818 6527
182075 203049 20974
183875 203148 19273
195761 206613 10852
197836 208857 11021
188764 209517 20753
205219 211167 5948
189961 211629 21668
204525 214302 9777
172121 215655 43534
191289 216084 24795
199243 217635 18392
194548 219087 24539
176005 224565 48560
212176 226512 14336
220777 227106 6329
221379 227634 6255
210905 230076 19171
192736 230109 37373
200662 230637 29975
180118 231198 51080
219902 233442 13540
190837 235620 44783
230086 236049 5963
211285 236445 25160
226577 238227 11650
232711 239019 6308
226767 242154 15387
206776 242583 35807
232821 247269 14448
200771 248094 47323
224991 248589 23598
224880 249117 24237
232490 254628 22138
247434 255156 7722
236806 256872 20066
232001 257499 25498
254278 260238 5960
240379 262020 21641
241376 262053 20677
255892 262218 6326
226846 263637 36791
228063 264231 36168
224866 264660 39794
225053 265188 40135
230978 268521 37543
258643 271755 13112
258805 276243 17438
272307 281523 9216
254097 284130 30033
255007 287001 31994
263952 287397 23445
250659 287661 37002
278143 288420 10277
262798 291027 28229
267373 295812 28439
269868 296208 26340
280930 296307 15377
286287 299046 12759
280136 299145 19009
289125 299607 10482
262025 302115 40090
270905 302676 31771
269154 303105 33951
283676 304887 21211
300399 306339 5940
281717 308121 26404
280694 308154 27460
281240 308451 27211
287601 309012 21411
289171 310992 21821
278864 311652 32788
277909 312609 34700
304991 313335 8344
298479 320199 21720
294430 320562 26132
307180 322509 15329
309486 323037 13551
308681 324357 15676
283666 326106 42440
308239 328878 20639
304926 329505 24579
319674 329967 10293
275863 332112 56249
318610 334851 16241
282058 334884 52826
325118 335544 10426
325170 336138 10968
316538 339009 22471
318114 341517 23403
310049 341649 31600
337887 346203 8316
326101 350130 24029
310453 350559 40106
316550 355608 39058
342193 356433 14240
328895 359007 30112
331592 359403 27811
319455 359634 40179
329178 360195 31017
342503 363363 20860
317412 365013 47601
310937 365607 54670
333910 365640 31730
338640 366168 27528
345230 367818 22588
347285 368841 21556
331616 374121 42505
360029 377454 17425
360408 380457 20049
374817 380787 5970
362704 381018 18314
365644 381546 15902
353327 382272 28945
359553 386562 27009
351176 387717 36541
327462 389631 62169
360355 390192 29837
366404 392568 26164
344547 393624 49077
376377 394218 17841
380650 398079 17429
349599 398112 48513
371164 399201 28037
393975 399927 5952
392162 400224 8062
387238 400884 13646
393709 401412 7703
381614 401511 19897
377026 403623 26597
385803 404448 18645
391374 405999 14625
360030 407649 47619
366277 408078 41801
382042 408639 26597
374672 410586 35914
367549 412995 45446
359179 413061 53882
381115 413622 32507
387648 414183 26535
399431 415206 15775
410558 418902 8344
406790 419034 12244
388691 419463 30772
417854 423819 5965
408068 424875 16807
411210 425502 14292
420254 426195 5941
420762 426723 5961
413245 428439 15194
412599 428637 16038
419828 429627 9799
388623 431640 43017
412631 432300 19669
400855 434577 33722
432605 438570 5965
403841 440583 36742
413628 445995 32367
415554 446655 31101
440776 446721 5945
441036 450120 9084
425757 452628 26871
427854 452727 24873
433003 453882 20879
424488 458568 34080
421172 460515 39343
454899 460845 5946
437138 461043 23905
450458 463980 13522
426132 464574 38442
462875 468831 5956
451862 470085 18223
467214 473154 5940
450818 482559 31741
474280 488070 13790
462997 488565 25568
483537 490050 6513
488786 494736 5950
479189 496881 17692
485347 498069 12722
460046 500115 40069
474246 501897 27651
489358 502062 12704
462003 503514 41511
484637 506583 21946
496498 506748 10250
488903 507144 18241
492521 515691 23170
510697 516648 5951
496058 516780 20722
497655 517341 19686
498026 521499 23473
484499 524106 39607
489735 524139 34404
503871 524436 20565
517034 526581 9547
510271 527538 17267
481876 527637 45761
484744 528165 43421
509641 528627 18986
522687 528660 5973
494293 530574 36281
493635 530772 37137
472970 533016 60046
480605 533577 52972
493422 533610 40188
512623 534138 21515
519318 536547 17229
522331 537075 14744
520000 539154 19154
531427 540177 8750
516822 542685 25863
531282 543213 11931
535334 544863 9529
518775 548130 29355
513595 552189 38594
518940 552585 33645
527312 554565 27253
549630 555588 5958
532760 556050 23290
520847 556512 35665
538061 557073 19012
516298 557634 41336
519569 558162 38593
525900 558261 32361
539196 559284 20088
542652 559812 17160
548865 559977 11112
555043 561000 5957
533200 561132 27932
544913 562518 17605
528811 563772 34961
535618 566115 30497
555334 566610 11276
533484 567072 33588
557739 567171 9432
534579 567600 33021
562878 569316 6438
544519 572121 27602
555506 572451 16945
555803 573045 17242
564446 573639 9193
558704 574035 15331
513182 574992 61810
544613 575388 30775
529919 575652 45733
538377 576213 37836
542788 576774 33986
562523 577269 14746
569160 581625 12465
549844 581658 31814
554490 584067 29577
549988 584199 34211
557176 584595 27419
567493 585618 18125
566387 595617 29230
571714 596442 24728
580906 597003 16097
582727 597267 14540
591523 598125 6602
558114 599016 40902
561098 599544 38446
560100 599643 39543
571160 600105 28945
571836 600468 28632
594105 600501 6396
594524 607992 13468
570365 608091 37726
590426 608586 18160
590811 611028 20217
590154 613998 23844
580139 614559 34420
591656 614592 22936
593185 617529 24344
598655 618618 19963
604892 619146 14254
573513 620103 46590
607621 620433 12812
609364 620994 11630
597619 623007 25388
616852 623172 6320
594256 623337 29081
590384 623502 33118
614686 626142 11456
603094 627033 23939
622349 628320 5971
589483 628518 39035
586313 629640 43327
611390 631983 20593
592199 632577 40378
625347 635679 10332
631186 637131 5945
620275 638088 17813
591322 638121 46799
624391 638616 14225
635001 640959 5958
618732 641421 22689
616179 641520 25341
628311 642510 14199
634856 643038 8182
604080 643632 39552
618148 644457 26309
603191 644655 41464
625681 645018 19337
633830 645546 11716
599047 647658 48611
624044 648120 24076
615111 650562 35451
627788 651090 23302
619946 651618 31672
630544 653631 23087
637434 656568 19134
640062 657096 17034
644332 657624 13292
645255 658152 12897
644239 658515 14276
650267 658779 8512
648665 669009 20344
659959 670065 10106
664868 670824 5956
634298 670989 36691
643703 671385 27682
634703 671649 36946
644346 671880 27534
657726 672375 14649
654871 673629 18758
660067 674586 14519
669534 675477 5943
641022 676995 35973
636717 677061 40344
664304 682506 18202
679286 685245 5959
642930 686103 43173
655190 686631 31441
653914 691614 37700
677772 697620 19848
686814 698148 11334
648075 701646 53571
669817 701679 31862
671592 702735 31143
698217 704187 5970
700072 706398 6326
688435 706497 18062
700549 706497 5948
695216 707025 11809
700597 708873 8276
678316 710127 31811
699355 710622 11267
670569 710688 40119
701265 713526 12261
690771 716100 25329
685020 719004 33984
691306 719631 28325
683482 720192 36710
716655 727980 11325
694240 728574 34334
702729 728607 25878
721923 731148 9225
725740 731841 6101
694558 734118 39560
713712 736857 23145
716793 737418 20625
711444 746559 35115
718135 749661 31526
724984 751971 26987
744201 753192 8991
729365 755073 25708
751862 757812 5950
721428 758109 36681
735465 760881 25416
752393 764907 12514
731260 773619 42359
727839 774147 46308
747016 774708 27692
749848 775995 26147
773284 785499 12215
760465 788106 27641
773839 788436 14597
775535 788997 13462
779279 789525 10246
736901 790878 53977
760948 796521 35573
778996 797511 18515
776601 797643 21042
755082 800580 45498
793964 800811 6847
789174 803583 14409
784698 805992 21294
785024 812427 27403
788880 812955 24075
769063 815001 45938
793511 816222 22711
783082 816717 33635
782313 818565 36252
787336 819720 32384
781352 820512 39160
795412 823812 28400
819066 826287 7221
796738 829983 33245
813542 830082 16540
816204 830610 14406
785014 830643 45629
793678 831072 37394
825241 831204 5963
806535 833514 26979
820265 834075 13810
823490 836451 12961
827391 837012 9621
793504 838860 45356
797596 839652 42056
832643 841533 8890
812633 842589 29956
837332 843282 5950
831982 845658 13676
828341 847968 19627
843944 849915 5971
835298 851070 15772
838768 851631 12863
839555 852192 12637
845862 858462 12600
828720 860112 31392
847309 866184 18875
843857 868494 24637
849508 869055 19547
834997 869649 34652
846890 872322 25432
860415 872850 12435
867311 873642 6331
851197 875028 23831
832078 878130 46052
834929 878691 43762
832045 879120 47075
875284 881232 5948
873275 881364 8089
834547 883608 49061
863274 884433 21159
835959 884664 48705
852101 884730 32629
868975 884994 16019
858912 887007 28095
859179 890571 31392
860205 890868 30663
847754 893145 45391
871832 895818 23986
874780 895983 21203
880974 896841 15867
891721 897666 5945
889626 905520 15894
882408 908127 25719
875531 908193 32662
876286 911526 35240
901422 914364 12942
873528 917631 44103
887795 920073 32278
901949 920205 18256
901553 922416 20863
918786 924726 5940
925058 931029 5971
899949 931623 31674
911534 933867 22333
902348 935649 33301
902777 936243 33466
899919 936672 36753
909926 937167 27241
908117 938586 30469
919896 943998 24102
915520 944559 29039
914471 945087 30616
924706 945186 20480
939756 945714 5958
931145 946209 15064
931496 947166 15670
942410 951192 8782
932965 953502 20537
948700 958485 9785
927040 959013 31973
931939 959574 27635
951282 961620 10338
953452 962280 8828
924321 962577 38256
949087 963006 13919
936433 963732 27299
933890 965019 31129
936693 965547 28854
953580 966702 13122
945405 967989 22584
952363 968550 16187
932450 968583 36133
956514 969078 12564
964727 970695 5968
967530 973500 5970
930759 974127 43368
960699 977526 16827
954529 980100 25571
947110 983565 36455
970436 985611 15175
959527 986568 27041
946500 986766 40266
945232 989637 44405
959133 992574 33441
988367 994686 6319
979005 995412 16407
975584 998646 23062
990093 999702 9609
990275 1000263 9988
973827 1000857 27030
979613 1001517 21904
981942 1001946 20004
987108 1002078 14970
981682 1004454 22772
973257 1007655 34398
963865 1008183 44318
971836 1008711 36875
1003981 1009932 5951
977057 1011087 34030
994402 1011549 17147
979740 1012176 32436
981793 1012506 30713
969302 1013661 44359
969918 1013694 43776
1001377 1014123 12746
1001553 1015971 14418
984224 1016796 32572
976163 1017093 40930
994732 1019040 24308
1003683 1019601 15918
980509 1019766 39257
983221 1021977 38756
1004944 1022076 17132
969462 1022538 53076
1013464 1022571 9107
1003730 1025508 21778
1009412 1026069 16657
1013194 1026597 13403
971238 1027620 56382
1021545 1027884 6339
1022854 1029171 6317
1019550 1030920 11370
1011570 1034187 22617
1005685 1034451 28766
1010977 1035111 24134
991839 1037652 45813
1006117 1038213 32096
1018102 1039335 21233
1012042 1040094 28052
1032428 1040523 8095
1010599 1044351 33752
1027603 1048872 21269
1031316 1050060 18744
1014009 1052106 38097
1016465 1052667 36202
1024787 1053756 28969
1038542 1054020 15478
1025430 1055637 30207
1036518 1058145 21627
1042532 1058574 16042
1020182 1061016 40834
1045402 1064547 19145
1062461 1068408 5947
1063909 1069860 5951
1056073 1076130 20057
1058438 1077516 19078
1045901 1079001 33100
1057038 1079397 22359
1034309 1079661 45352
1038459 1080189 41730
1041004 1081311 40307
1046898 1082136 35238
1052212 1082268 30056
1057599 1083258 25659
1066639 1084512 17873
1065592 1087977 22385
1068415 1089132 20717
1044662 1091508 46846
1060461 1094676 34215
1090226 1096194 5968
1082039 1096887 14848
1085287 1097514 12227
1093499 1099461 5962
1070121 1100121 30000
1075336 1100451 25115
1072798 1100616 27818
1038729 1102992 64263
1041488 1103421 61933
1066663 1103520 36857
1047479 1103949 56470
1078194 1104081 25887
1048835 1104609 55774
1079912 1108998 29086
1085003 1109658 24655
1088335 1110186 21851
1091353 1110780 19427
1096738 1111341 14603
1094646 1111968 17322
1077795 1117974 40179
1100686 1118601 17915
1106557 1120878 14321
1112885 1121439 8554
1109520 1121505 11985
1117442 1123749 6307
1109946 1124145 14199
1117851 1124178 6327
1107582 1124442 16860
1091085 1127643 36558
1096866 1128072 31206
1086690 1128600 41910
1094693 1132494 37801
1108163 1133517 25354
1119478 1135992 16514
1095639 1136091 40452
1123322 1136619 13297
1128009 1136619 8610
1121515 1138500 16985
1124754 1145430 20676
1134593 1145958 11365
1144888 1151205 6317
1108873 1151502 42629
1137440 1153614 16174
1123712 1154571 30859
1142177 1154736 12559
1149364 1155462 6098
1120387 1156518 36131
1138567 1159686 21119
1144596 1161600 17004
1161959 1167903 5944
1151513 1168860 17347
1155874 1169421 13547
1146827 1172127 25300
1145205 1172457 27252
1155602 1172655 17053
1132842 1175658 42816
1151605 1176219 24614
1158004 1176813 18809
1151079 1181631 30552
1174361 1183974 9613
1135989 1184568 48579
1158807 1185690 26883
1172108 1187043 14935
1138937 1188363 49426
1182927 1189023 6096
1161506 1189419 27913
1192291 1198626 6335
1157760 1198857 41097
1164964 1199550 34586
1167240 1199649 32409
1179580 1200144 20564
1169869 1204005 34136
1166088 1205160 39072
1192705 1211034 18329
1193450 1211166 17716
1201182 1212123 10941
1206127 1212321 6194
1197317 1217502 20185
1205987 1220439 14452
1200400 1221891 21491
1198016 1226577 28561
1202508 1227105 24597
1206030 1228524 22494
1177619 1229613 51994
1194212 1229613 35401
1188633 1230174 41541
1209481 1232550 23069
1202018 1232583 30565
1217243 1233078 15835
1206292 1233111 26819
1209902 1233606 23704
1214167 1237335 23168
1209953 1237995 28042
1211754 1238589 26835
1215139 1241526 26387
1234183 1242054 7871
1208868 1244100 35232
1210399 1244694 34295
1221193 1245321 24128
1231187 1245849 14662
1205378 1247499 42121
1242124 1250106 7982
1205187 1250568 45381
1243845 1250667 6822
1228597 1253010 24413
1218864 1254165 35301
1232774 1254726 21952
1240858 1256541 15683
1244899 1257069 12170
1239665 1261986 22321
1249075 1262085 13010
1250258 1262613 12355
1243493 1265517 22024
1258006 1266045 8039
1261288 1267596 6308
1204519 1268652 64133
1234879 1268751 33872
1251540 1269774 18234
1236531 1270863 34332
1255440 1272117 16677
1265689 1272678 6989
1241089 1274955 33866
1235599 1276506 40907
1237639 1280070 42431
1277018 1282974 5956
1269442 1283667 14225
1250182 1286109 35927
1276249 1288881 12632
1282901 1289211 6310
1246539 1292115 45576
1266875 1292643 25768
1288743 1295052 6309
1272362 1300992 28630
1262044 1301652 39608
1281673 1303995 22322
1290741 1307691 16950
1291347 1310595 19248
1297304 1312872 15568
1293420 1313499 20079
1308315 1314258 5943
1310608 1316568 5960
1295471 1316997 21526
1293420 1319472 26052
1308949 1319868 10919
1301253 1322574 21321
1281896 1323135 41239
1290097 1325016 34919
1291679 1325148 33469
1305805 1327986 22181
1302362 1328778 26416
1302608 1329108 26500
1319921 1330164 10243
1323369 1330692 7323
1295222 1331781 36559
1307199 1334553 27354
1329869 1336203 6334
1329059 1340130 11071
1331383 1340295 8912
1315080 1343661 28581
1317711 1344189 26478
1311360 1344750 33390
1319832 1345146 25314
1290676 1345707 55031
1319993 1352208 32215
1312878 1352571 39693
1346496 1355112 8616
1345086 1356267 11181
1343698 1358082 14384
1316320 1358115 41795
1346654 1358610 11956
1350853 1359270 8417
1351434 1360821 9387
1344751 1363626 18875
1337704 1364451 26747
1351390 1364946 13556
1332337 1370589 38252
1340168 1371150 30982
1350100 1375968 25868
1357048 1376562 19514
1344186 1377090 32904
1350009 1377618 27609
1366207 1379070 12863
1373046 1380720 7674
1362802 1382073 19271
1361388 1384878 23490
1379350 1385307 5957
1368308 1386000 17692
1373640 1386066 12426
1375735 1386594 10859
1351369 1388112 36743
1358629 1388145 29516
1373122 1388442 15320
1370214 1389234 19020
1324238 1390884 66646
1344272 1391577 47305
1350399 1391643 41244
1354742 1392138 37396
1369734 1392171 22437
1376367 1392534 16167
1372971 1392666 19695
1361613 1394448 32835
1365736 1397154 31418
1392446 1398408 5962
1372505 1403523 31018
1397456 1408869 11413
1405649 1412796 7147
1413717 1419660 5943
1392453 1421013 28560
1366993 1421607 54614
1395619 1424577 28958
1394740 1424643 29903
1419472 1426689 7217
1403297 1427052 23755
1428791 1434741 5950
1419222 1436127 16905
1428622 1438899 10277
1400119 1439658 39539
1422532 1442694 20162
1417265 1445103 27838
1399578 1445136 45558
1409982 1445664 35682
1405156 1448205 43049
1443656 1449987 6331
1419770 1450944 31174
1440600 1456884 16284
1440412 1457511 17099
1452221 1458666 6445
1449858 1461009 11151
1443178 1462989 19811
1451864 1463517 11653
1418644 1463649 45005
1457853 1464606 6753
1444907 1466586 21679
1451669 1468995 17326
1445177 1471998 26821
1437490 1472559 35069
1458562 1474506 15944
1455001 1475166 20165
1444194 1477971 33777
1464844 1480875 16031
1469867 1483614 13747
1461335 1484439 23104
1466549 1485891 19342
1481088 1490148 9060
1474951 1492524 17573
1456956 1496583 39627
1483816 1507143 23327
1488252 1508100 19848
1481619 1509519 27900
1503205 1509519 6314
1483069 1510047 26978
1458916 1510872 51956
1468106 1511565 43459
1463553 1511631 48078
1482826 1512159 29333
1480707 1512192 31485
1472968 1512588 39620
1474001 1517637 43636
1474856 1517703 42847
1484160 1518858 34698
1486732 1519914 33182
1482534 1520574 38040
1489753 1520640 30887
1503436 1526118 22682
1519601 1527141 7540
1477785 1532124 54339
1485339 1534863 49524
1528625 1538163 9538
1533927 1539879 5952
1501156 1540506 39350
1498537 1541562 43025
1498570 1541628 43058
1497428 1542156 44728
1503093 1542750 39657
1529067 1543971 14904
1508172 1544070 35898
1537963 1545027 7064
1512517 1545093 32576
1537432 1546446 9014
1529903 1547139 17236
1532314 1550076 17762
1506322 1550109 43787
1520270 1551231 30961
1502430 1551792 49362
1540190 1553508 13318
1512680 1554168 41488
1548101 1554432 6331
1513529 1554663 41134
1549270 1555587 6317
1500153 1555620 55467
1531260 1556445 25185
1535629 1559019 23390
1552766 1559085 6319
1509477 1559514 50037
1541432 1559547 18115
1509644 1562583 52939
1536835 1564992 28157
1502981 1565652 62671
1527881 1565685 37804
1559856 1565817 5961
1560852 1567170 6318
1549502 1568622 19120
1556612 1569744 13132
1566962 1572912 5950
1516305 1574529 58224
1569390 1578159 8769
1506836 1579611 72775
1545887 1580634 34747
1575356 1581690 6334
1565689 1581888 16199
1537438 1583637 46199
1571159 1586145 14986
1520125 1586574 66449
1551300 1587135 35835
1555296 1587696 32400
1534688 1589016 54328
1552322 1589049 36727
1551264 1589643 38379
1561836 1589709 27873
1584461 1595682 11221
1572817 1597992 25175
1572936 1598685 25749
1575921 1599246 23325
1563634 1599642 36008
1591625 1599708 8083
1593353 1600236 6883
1593365 1600731 7366
1575272 1604130 28858
1563526 1606869 43343
1570946 1607562 36616
1569746 1607661 37915
1587265 1608123 20858
1590741 1609179 18438
1593675 1609608 15933
1599173 1610136 10963
1579798 1611852 32054
1583440 1612512 29072
1574725 1613139 38414
1586595 1613568 26973
1584905 1614162 29257
1592695 1615977 23282
1593821 1616538 22717
1599883 1616637 16754
1611845 1619673 7828
1603918 1622082 18164
1572106 1622115 50009
1602050 1624887 22837
1603759 1625415 21656
1612053 1626603 14550
1604089 1629507 25418
1601114 1630992 29878
1602429 1631388 28959
1570180 1636998 66818
1610664 1637031 26367
1587351 1637658 50307
1637918 1643862 5944
1625385 1646073 20688
1640155 1647129 6974
1648259 1654587 6328
1644478 1657623 13145
1645642 1658184 12542
1632734 1658580 25846
1637656 1661649 23993
1652418 1663464 11046
1650729 1664223 13494
1633857 1670130 36273
1665922 1671879 5957
1666553 1673232 6679
1648744 1673529 24785
1658476 1674090 15614
1641155 1676103 34948
1659170 1676631 17461
1659399 1677225 17826
1650324 1679634 29310
1644717 1680063 35346
1648714 1680591 31877
1642750 1682571 39821
1651748 1684518 32770
1658195 1685574 27379
1677521 1691679 14158
1682341 1692240 9899
1687855 1693824 5969
1672696 1697520 24824
1678469 1698642 20173
1656317 1700127 43810
1678183 1701909 23726
1673643 1703658 30015
1671911 1706430 34519
1689662 1706694 17032
1701591 1707552 5961
1674258 1709136 34878
1676447 1709697 33250
1703817 1710918 7101
1671407 1713228 41821
1684781 1714284 29503
1693894 1714515 20621
1687175 1714812 27637
1706199 1715010 8811
1670878 1715769 44891
1678522 1716363 37841
1711537 1717485 5948
1670164 1718112 47948
1685166 1719267 34101
1675876 1724118 48242
1710524 1726032 15508
1664083 1726857 62774
1703010 1727484 24474
1680784 1727517 46733
1712875 1728408 15533
1698110 1730454 32344
1709704 1731246 21542
1705114 1732995 27881
1698340 1733028 34688
1712293 1733589 21296
1688493 1733622 45129
1684177 1734150 49973
1711419 1734612 23193
1717280 1734711 17431
1716825 1739463 22638
1711000 1741971 30971
1719129 1746063 26934
1730232 1748109 17877
1722240 1751013 28773
1718450 1751442 32992
1726176 1754577 28401
1728957 1757151 28194
1752306 1758273 5967
1737451 1759989 22538
1742771 1762497 19726
1744194 1763157 18963
1753698 1763619 9921
1728582 1765995 37413
1748096 1768866 20770
1750430 1769427 18997
1736474 1775004 38530
1769034 1775004 5970
1753942 1775400 21458
1744396 1775631 31235
1759975 1778139 18164
1756928 1779360 22432
1744799 1781637 36838
1754310 1785102 30792
1761172 1787082 25910
1775242 1790085 14843
1762957 1790118 27161
1753039 1790580 37541
1781110 1790613 9503
1755152 1791141 35989
1770335 1792857 22522
1789180 1795134 5954
1777166 1797873 20707
1789811 1802163 12352
1754283 1805001 50718
1778079 1808565 30486
1784721 1809093 24372
1792614 1809621 17007
1791367 1810512 19145
1792053 1811139 19086
1800311 1816881 16570
1811507 1817475 5968
1793983 1817508 23525
1760792 1820115 59323
1806883 1822095 15212
1757456 1822887 65431
1778135 1823448 45313
1789966 1823646 33680
1791535 1824174 32639
1805788 1826154 20366
1808015 1826583 18568
1809616 1827012 17396
1799168 1827639 28471
1796423 1828992 32569
1811338 1831995 20657
1803351 1832094 28743
1800151 1833117 32966
1817152 1833711 16559
1819735 1834503 14768
1794907 1838100 43193
1831772 1838430 6658
1804281 1838628 34347
1829814 1841961 12147
1833544 1842588 9044
1817424 1845756 28332
1834618 1846020 11402
1813612 1847637 34025
1820349 1851036 30687
1834886 1855986 21100
1830035 1856580 26545
1846896 1857075 10179
1838979 1857141 18162
1840673 1858494 17821
1851097 1858989 7892
1832911 1861992 29081
1856040 1861992 5952
1814165 1862553 48388
1845572 1862652 17080
1849320 1864863 15543
1840858 1866117 25259
1837883 1868130 30247
1840788 1869747 28959
1837550 1877007 39457
1845567 1877568 32001
1824344 1877634 53290
1863068 1879812 16744
1858749 1879977 21228
1866275 1881066 14791
1865145 1883145 18000
1869789 1883673 13884
1872447 1889514 17067
1872297 1892121 19824
1876112 1892649 16537
1843886 1894992 51106
1866213 1895652 29439
1862509 1896081 33572
1856710 1896741 40031
1894613 1900569 5956
1892186 1901955 9769
1889089 1903968 14879
1892557 1904529 11972
1868324 1904562 36238
1877602 1905189 27587
1890419 1905684 15265
1886650 1907037 20387
1886920 1907631 20711
1888206 1908192 19986
1875744 1908357 32613
1892540 1908720 16180
1902057 1909248 7191
1907432 1913736 6304
1888795 1915617 26822
1882175 1916673 34498
1902635 1917234 14599
1878466 1919016 40550
1904133 1919577 15444
1906234 1921623 15389
1907324 1922184 14860
1884628 1922580 37952
1906851 1924989 18138
1921673 1927629 5956
1909025 1927992 18967
1920984 1928520 7536
1917074 1931160 14086
1901634 1931787 30153
1901796 1934130 32334
1919511 1936869 17358
1917900 1937529 19629
1910838 1939608 28770
1932852 1940961 8109
1920873 1942017 21144
1930366 1943733 13367
1941054 1947000 5946
1926040 1949013 22973
1948116 1954128 6012
1948428 1954755 6327
1948237 1961520 13283
1954464 1962048 7584
1954664 1962543 7879
1918215 1964127 45912
1956174 1967031 10857
1942764 1967526 24762
1936012 1971123 35111
1965748 1971717 5969
1931834 1973004 41170
1951400 1973565 22165
1944485 1976568 32083
1968714 1979142 10428
1966443 1979604 13161
1969445 1980132 10687
1950795 1982112 31317
1961794 1984884 23090
1971746 1990164 18418
1943341 1990989 47648
1973508 1991385 17877
1958159 1991517 33358
1968998 1992210 23212
1977697 1993629 15932
1960163 1994586 34423
1976087 1997523 21436
1950716 1997655 46939
1955909 1997688 41779
1958670 2000196 41526
1996440 2002770 6330
1992656 2003034 10378
1973829 2006103 32274
1975951 2006631 30680
1970036 2008248 38212
1986810 2009502 22692
2004404 2011218 6814
1999120 2011416 12296
1978418 2012439 34021
2003347 2014617 11270
1974138 2015640 41502
1969760 2016597 46837
1969898 2017290 47392
1994264 2017686 23422
1982902 2018577 35675
2003573 2018709 15136
1999703 2019039 19336
1990129 2020260 30131
2001426 2020821 19395
1976726 2021151 44425
1992509 2024220 31711
2010456 2024550 14094
1981272 2024583 43311
1982103 2025144 43041
1992312 2025243 32931
2010271 2026497 16226
1994744 2030127 35383
1994941 2030688 35747
2001306 2031249 29943
1997653 2035605 37952
1990637 2038872 48235
1996869 2039631 42762
2015613 2040060 24447
2018193 2043030 24837
2019645 2043756 24111
1996623 2045010 48387
2021610 2045538 23928
2034995 2046066 11071
2016328 2048574 32246
2029228 2048574 19346
2024486 2049102 24616
2022573 2049663 27090
2042265 2051676 9411
2006639 2054118 47479
2013562 2054580 41018
2010856 2055240 44384
2034293 2056857 22564
2051752 2058078 6326
2038741 2061015 22274
2033419 2062995 29576
2034286 2063523 29237
2027440 2063655 36215
2027723 2064183 36460
2027892 2064645 36753
2034138 2065173 31035
2037168 2065866 28698
2035051 2066559 31508
2036406 2067021 30615
2049822 2067681 17859
2050710 2069562 18852
2027803 2069661 41858
2043153 2072202 29049
2049844 2075040 25196
2051914 2075601 23687
2044945 2075766 30821
2059367 2076261 16894
2036730 2078109 41379
2036276 2078670 42394
2074322 2081244 6922
2029987 2084115 54128
2066573 2084709 18136
2057388 2087019 29631
2067014 2087580 20566
2049350 2087646 38296
2044591 2088075 43484
2069375 2088174 18799
2047663 2090583 42920
2073161 2090715 17554
2071179 2094180 23001
2088967 2095302 6335
2058826 2096589 37763
2062898 2097150 34252
2081127 2099163 18036
2089128 2099229 10101
2071038 2102100 31062
2058156 2102628 44472
2083215 2104872 21657
2087774 2105499 17725
2090921 2106060 15139
2070342 2107611 37269
2089384 2108634 19250
2095559 2108700 13141
2065066 2111637 46571
2089946 2112165 22219
2106551 2112561 6010
2071911 2114574 42663
2097432 2114970 17538
2093559 2115564 22005
2099787 2115993 16206
2067089 2117610 50521
2114421 2120382 5961
2114672 2123121 8449
2091546 2125992 34446
2110375 2129523 19148
2110889 2130117 19228
2123618 2130678 7060
2100751 2131635 30884
2101124 2135001 33877
2107273 2135529 28256
2101566 2135661 34095
2112102 2141007 28905
2099602 2141634 42032
2138004 2143944 5940
2108773 2145726 36953
2125280 2147046 21766
2128577 2147607 19030
2106680 2147772 41092
2133359 2148135 14776
2136434 2148663 12229
2141005 2149455 8450
2101903 2150115 48212
2142304 2150676 8372
2127407 2152887 25480
2149241 2155560 6319
2124861 2155626 30765
2129773 2156187 26414
2141975 2159553 17578
2135091 2159652 24561
2117773 2160081 42308
2132414 2162292 29878
2113564 2164998 51434
2122618 2165031 42413
2127727 2165658 37931
2120452 2166219 45767
2144938 2167968 23030
2153215 2169057 15842
2133703 2169288 35585
2169373 2175327 5954
2173203 2179518 6315
2147861 2180112 32251
2145703 2180178 34475
2157385 2180442 23057
2155663 2180772 25109
2156768 2181762 24994
2159006 2181828 22822
2161669 2182356 20687
2153222 2186580 33358
2169364 2188989 19625
2143980 2189154 45174
2175477 2190045 14568
2161845 2190771 28926
2179142 2192553 13411
2146475 2192586 46111
2191942 2197899 5957
2158853 2198130 39277
2165271 2199087 33816
2193715 2199681 5966
2177555 2200869 23314
2186978 2201958 14980
2196702 2203014 6312
2158160 2203608 45448
2184280 2204169 19889
2168351 2207634 39283
2192755 2209614 16859
2177288 2212518 35230
2161459 2213640 52181
2185880 2214168 28288
2201056 2215290 14234
2188169 2216577 28408
2205898 2219052 13154
2185645 2222121 36476
2220514 2226477 5963
2199158 2227632 28474
2204570 2228655 24085
2215614 2229018 13404
2211413 2229315 17902
2223401 2229777 6376
2210837 2230734 19897
2221769 2233605 11836
2204205 2237004 32799
2207734 2237532 29798
2213248 2237664 24416
2224405 2242515 18110
2231352 2243043 11691
2227523 2243142 15619
2235185 2243703 8518
2238959 2244924 5965
2240620 2246574 5954
2236577 2247201 10624
2222479 2249511 27032
2229418 2250072 20654
2202042 2251623 49581
2239318 2254593 15275
2214891 2255649 40758
2236902 2258454 21552
2236282 2259015 22733
2235111 2260500 25389
2255057 2261028 5971
2243132 2263734 20602
2236745 2263998 27253
2245643 2266506 20863
2250266 2267034 16768
2253472 2268156 14684
2252272 2268816 16544
2253047 2269344 16297
2228704 2270103 41399
2251504 2276439 24935
2251657 2277033 25376
2264762 2277561 12799
2241630 2279013 37383
2257140 2280102 22962
2265726 2281620 15894
2248964 2282775 33811
2250441 2285646 35205
2271280 2287989 16709
2249512 2288583 39071
2250452 2288649 38197
2283365 2289309 5944
2283843 2290167 6324
2273151 2290497 17346
2287276 2298087 10811
2274931 2300100 25169
2253875 2300661 46786
2269529 2300760 31231
2276116 2300859 24743
2295159 2301123 5964
2272267 2301288 29021
2295738 2302179 6441
2279430 2302575 23145
2289356 2302641 13285
2279017 2305446 26429
2302499 2308449 5950
2279268 2312211 32943
2273084 2317986 44902
2304996 2318613 13617
2314160 2321253 7093
2305685 2321517 15832
2314862 2322045 7183
2291041 2324652 33611
2316878 2324949 8071
2298889 2325246 26357
2300281 2325774 25493
2289373 2326995 37622
2296337 2327523 31186
2294678 2330559 35881
2296660 2332506 35846
2293921 2333661 39740
2303503 2333727 30224
2298663 2336070 37407
2322001 2336565 14564
2306023 2336730 30707
2324540 2337258 12718
2318185 2338512 20327
2332911 2339139 6228
2332367 2339568 7201
2335809 2341779 5970
2314815 2341977 27162
2331753 2344881 13128
2319735 2345508 25773
2335839 2350128 14289
2325232 2351514 26282
2305785 2351646 45861
2339110 2351877 12767
2320702 2352207 31505
2334434 2354583 20149
2319252 2354781 35529
2338325 2358213 19888
2337907 2359995 22088
2343558 2361117 17559
2355243 2361183 5940
2356976 2362965 5989
2332177 2363790 31613
2330846 2366100 35254
2332250 2366694 34444
2332416 2367189 34773
2359114 2369961 10847
2333234 2371611 38377
2341649 2375010 33361
2356582 2375604 19022
2357668 2376264 18596
2351290 2379729 28439
2366089 2380389 14300
2347618 2381643 34025
2360857 2383986 23129
2362987 2384217 21230
2369194 2384547 15353
2371474 2387022 15548
2346571 2387781 41210
2377355 2388243 10888
2358527 2390124 31597
2336787 2390652 53865
2346376 2391081 44705
2366899 2392863 25964
2376799 2393424 16625
2379679 2393523 13844
2387528 2394183 6655
2380850 2394480 13630
2381371 2395041 13670
2389046 2395371 6325
2372872 2395635 22763
2348960 2398869 49909
2360966 2399430 38464
2368458 2400057 31599
2386439 2402136 15697
2379602 2402565 22963
2372100 2408208 36108
2380136 2408307 28171
2392217 2409066 16849
2389550 2410419 20869
2400975 2410980 10005
2393103 2411145 18042
2371389 2414115 42726
2405207 2416887 11680
2394309 2417514 23205
2397282 2418075 20793
2364533 2420121 55588
2394365 2420649 26284
2403903 2421012 17109
2373091 2422860 49769
2397745 2423388 25643
2383981 2423652 39671
2387669 2424213 36544
2400937 2424642 23705
2383482 2425731 42249
2417504 2426226 8722
2413351 2428998 15647
2383911 2429658 45747
2408742 2432232 23490
2418206 2435598 17392
2418225 2435664 17439
2424064 2436126 12062
2429515 2437743 8228
2399799 2437974 38175
2433884 2440416 6532
2413890 2440878 26988
2417850 2444442 26592
2431875 2445234 13359
2402358 2446884 44526
2405921 2447643 41722
2407714 2450580 42866
2439505 2450712 11207
2424958 2452989 28031
2415603 2453649 38046
2414332 2456091 41759
2428676 2457147 28471
2426085 2457180 31095
2451359 2457444 6085
2430035 2457741 27706
2448487 2459160 10673
2454721 2460942 6221
2453452 2467608 14156
2442244 2468433 26189
2449687 2469753 20066
2464087 2470050 5963
2446958 2471634 24676
2457911 2473614 15703
2438904 2474571 35667
2451851 2477013 25162
2483570 2489520 5950
2470974 2490543 19569
2484605 2490576 5971
2465150 2491632 26482
2461590 2492160 30570
2471233 2492457 21224
2478052 2493018 14966
2483636 2493546 9910
2458245 2495526 37281
2466612 2501631 35019
2467331 2502159 34828
2496791 2502753 5962
2466044 2504568 38524
2481374 2505129 23755
2501611 2507571 5960
2492745 2507703 14958
2502496 2508561 6065
2488149 2509980 21831
2493632 2510079 16447
2465919 2510541 44622
2500221 2510607 10386
2506448 2513940 7492
2491506 2516118 24612
2498069 2517009 18940
2499374 2517735 18361
2510250 2521629 11379
2501617 2522586 20969
2502988 2524995 22007
2489539 2525160 35621
2518583 2527932 9349
2520538 2528427 7889
2512156 2531034 18878
2510843 2531166 20323
2527650 2533608 5958
2491870 2533971 42101
2514350 2534070 19720
2501626 2534532 32906
2508663 2535225 26562
2528672 2535687 7015
2516793 2537502 20709
2521945 2542023 20078
2525167 2548524 23357
2525693 2549085 23392
2525123 2550702 25579
2535033 2551989 16956
2525420 2552088 26668
2515595 2553342 37747
2514699 2558127 43428
2504389 2558556 54167
2546628 2558622 11994
2538932 2560866 21934
2555236 2561196 5960
2538566 2563605 25039
2558933 2565255 6322
2533899 2567631 33732
2549113 2568159 19046
2529326 2570205 40879
2548374 2573637 25263
2536796 2576211 39415
2559229 2576310 17081
2563325 2576838 13513
2564236 2577102 12866
2560057 2579676 19619
2562096 2580237 18141
2550624 2582118 31494
2555008 2582646 27638
2560200 2583075 22875
2563757 2585517 21760
2574266 2586639 12373
2557571 2588124 30553
2565385 2588454 23069
2574700 2589015 14315
2564025 2589543 25518
2575927 2589543 13616
2570260 2592678 22418
2560584 2594559 33975
2584940 2595879 10939
2560087 2597001 36914
2558814 2597661 38847
2566954 2597694 30740
2568764 2599740 30976
2581038 2600532 19494
2581566 2600796 19230
2582712 2601324 18612
2584571 2601819 17248
2592360 2606076 13716
2588380 2608881 20501
2592543 2610003 17460
2577572 2612115 34543
2597308 2612148 14840
2558436 2615019 56583
2559026 2615547 56521
2575959 2615646 39687
2587654 2616537 28883
2587218 2619342 32124
2598014 2623830 25816
2605354 2623995 18641
2598144 2624358 26214
2603897 2627691 23794
2587177 2630100 42923
2588506 2630628 42122
2623204 2633466 10262
2627522 2633928 6406
2615762 2639505 23743
2625067 2640033 14966
2622828 2645643 22815
2601453 2648580 47127
2617520 2649141 31621
2633423 2649669 16246
2646235 2652177 5942
2614975 2654124 39149
2634457 2656863 22406
2638733 2657424 18691
2652283 2658249 5966
2629840 2663661 33821
2622885 2664222 41337
2623070 2664783 41713
2630643 2665212 34569
2653093 2665608 12515
2637670 2665872 28202
2641399 2666433 25034
2660832 2666862 6030
2639078 2672571 33493
2653787 2675079 21292
2642874 2677983 35109
2648052 2679204 31152
2646956 2684121 37165
2651743 2686992 35249
2673964 2687388 13424
2654247 2687652 33405
2680067 2689632 9565
2658337 2692998 34661
2629147 2693625 64478
2652547 2693658 41111
2674100 2695968 21868
2668875 2696562 27687
2676762 2699664 22902
2680154 2700423 20269
2694937 2700984 6047
2670402 2701974 31572
2696915 2703228 6313
2697222 2704548 7326
2681696 2704878 23182
2685699 2705439 19740
2667230 2708112 40882
2683949 2708442 24493
2695301 2708739 13438
2681326 2711643 30317
2678127 2712171 34044
2674058 2714217 40159
2688670 2716494 27824
2672778 2717154 44376
2690726 2718210 27484
2687271 2720091 32820
2710555 2723688 13133
2688758 2726130 37372
2703174 2729529 26355
2704650 2732103 27453
2715496 2732433 16937
2708215 2734875 26660
2717053 2735403 18350
2717604 2737614 20010
2726311 2738142 11831
2721515 2741640 20125
2723818 2744643 20825
2728348 2746524 18176
2740285 2747580 7295
2717489 2747778 30289
2739911 2752860 12949
2744169 2756457 12288
2729618 2758998 29380
2726510 2759526 33016
2740519 2762562 22043
2757926 2763882 5956
2734842 2765004 30162
2723707 2765070 41363
2744859 2767974 23115
2757883 2770515 12632
2757307 2771142 13835
2737138 2774112 36974
2771149 2777115 5966
2771268 2777214 5946
2756796 2777445 20649
2771996 2777940 5944
2759164 2778600 19436
2756639 2780448 23809
2762717 2781009 18292
2757505 2781504 23999
2765925 2783550 17625
2745793 2783649 37856
2753426 2784309 30883
2765411 2786586 21175
2749906 2787147 37241
2765681 2787543 21862
2754169 2788203 34034
2759970 2788500 28530
2763352 2789556 26204
2758390 2792559 34169
2758858 2793087 34229
2780477 2795034 14557
2789883 2795859 5976
2790298 2796816 6518
2780429 2798070 17641
2793543 2799489 5946
2776977 2800875 23898
2778852 2801436 22584
2787556 2801502 13946
2794161 2801931 7770
2794563 2802030 7467
2776273 2803614 27341
2788178 2804637 16459
2789081 2805000 15919
2761861 2807640 45779
2799854 2810148 10294
2777235 2810577 33342
2800429 2810742 10313
2785194 2811138 25944
2802990 2811303 8313
2803259 2811897 8638
2789517 2813580 24063
2795006 2815989 20983
2783155 2816220 33065
2792837 2816319 23482
2807647 2820246 12599
2808500 2825526 17026
2814936 2827440 12504
2806770 2828430 21660
2780867 2831004 50137
2778224 2831499 53275
2817359 2832588 15229
2797916 2834568 36652
2793593 2834832 41239
2803733 2835393 31660
2796696 2840211 43515
2833670 2843610 9940
2838192 2844138 5946
2835727 2846085 10358
2809384 2846118 36734
2825420 2848857 23437
2827018 2849418 22400
2843995 2849946 5951
2836871 2850078 13207
2809162 2854863 45701
2830008 2855490 25482
2823212 2855523 32311
2835810 2858988 23178
2845110 2859516 14406
2821158 2861661 40503
2828990 2861694 32704
2836201 2864235 28034
2851768 2867667 15899
2854896 2870076 15180
2840140 2870109 29969
2817887 2870637 52750
2857976 2873442 15466
2854578 2875620 21042
2869835 2876148 6313
2861861 2876181 14320
2843078 2879019 35941
2843549 2879514 35965
2847433 2879547 32114
2865716 2881626 15910
2854937 2882583 27646
2873632 2887665 14033
2868139 2887995 19856
2883713 2891691 7978
2888278 2894232 5954
2889421 2895387 5966
2874058 2896872 22814
2871618 2899611 27993
2894158 2900106 5948
2876839 2900634 23795
2875506 2903637 28131
2864082 2909610 45528
2890082 2912217 22135
2911450 2917398 5948
2905901 2918058 12157
2907127 2918619 11492
2912986 2918949 5963
2895059 2920863 25804
2898709 2921952 23243
2907157 2922480 15323
2912368 2923041 10673
2917830 2923800 5970
2888234 2926869 38635
2909697 2929608 19911
2915212 2933007 17795
2896013 2933634 37621
2925226 2935053 9827
2932504 2938848 6344
2914325 2939706 25381
2916053 2940267 24214
2893123 2942115 48992
2934358 2942577 8219
2917029 2948121 31092
2914191 2948187 33996
2924773 2948451 23678
2933898 2950002 16104
2907444 2951652 44208
2924273 2954589 30316
2933250 2956503 23253
2926784 2960067 33283
2954606 2960925 6319
2945153 2963400 18247
2945917 2963697 17780
2925686 2965974 40288
2946765 2968878 22113
2961352 2969274 7922
2955978 2969439 13461
2944601 2971617 27016
2948956 2972442 23486
2960966 2974323 13357
2947101 2975643 28542
2941753 2980989 39236
2935778 2981154 45376
2948156 2981715 33559
2963975 2985114 21139
2968745 2987160 18415
2966434 2987523 21089
2979413 2987820 8407
2983923 2989866 5943
2942632 2990130 47498
2950668 2990559 39891
2984155 2993496 9341
2970689 2996433 25744
2987019 2996994 9975
2988221 2997522 9301
2949137 2999007 49870
2981219 2999535 18316
2962145 2999634 37489
2962173 3000228 38055
2971736 3000228 28492
2989237 3000624 11387
2962680 3002571 39891
2971873 3005013 33140
2968384 3005079 36695
2956075 3005640 49565
2993693 3006267 12574
2993914 3009996 16082
2989288 3011679 22391
2992123 3012801 20678
3008508 3014451 5943
2994969 3017520 22551
2981734 3020127 38393
2991622 3020754 29132
3008979 3021018 12039
3006811 3021777 14966
3007068 3022338 15270
3011942 3022866 10924
3006538 3025605 19067
2998906 3029004 30098
2971126 3029565 58439
3005293 3029631 24338
2975257 3030192 54935
3006986 3030258 23272
2985263 3032634 47371
3015032 3035043 20011
3010645 3035340 24695
3002365 3035769 33404
3010063 3039201 29138
3020907 3040884 19977
3032603 3042039 9436
3016277 3045735 29458
3022437 3047517 25080
3003224 3048177 44953
3013024 3048771 35747
3041812 3050322 8510
3044796 3050982 6186
3025694 3052500 26806
3030538 3053061 22523
3034607 3053622 19015
3010836 3053655 42819
3019631 3054183 34552
3023610 3056229 32619
3038518 3056592 18074
3039132 3057153 18021
3049507 3059034 9527
3045779 3059694 13915
3050422 3060255 9833
3044554 3062070 17516
3024979 3062103 37124
3044631 3062631 18000
3024648 3068109 43461
3055959 3068439 12480
3035335 3068637 33302
3049609 3069891 20282
3053794 3070287 16493
3065893 3075270 9377
3046484 3076524 30040
3053453 3077547 24094
3046034 3078174 32140
3051680 3078768 27088
3055156 3079989 24833
3054818 3081111 26293
3048759 3081672 32913
3053585 3082167 28582
3040533 3085995 45462
3071773 3086622 14849
3067862 3088866 21004
3074332 3089955 15623
3067996 3090087 22091
3084127 3090087 5960
3053058 3091605 38547
3082536 3094707 12171
3038448 3095004 56556
3063882 3095532 31650
3049489 3095631 46142
3071576 3098172 26596
3073138 3098568 25430
3045537 3101010 55473
3079663 3101571 21908
3078705 3101670 22965
3071347 3104574 33227
3070449 3104607 34158
3086763 3107610 20847
3077734 3110118 32384
3067587 3110646 43059
3085859 3111108 25249
3070500 3111768 41268
3074464 3112296 37832
3094669 3113517 18848
3096314 3114078 17764
3062067 3116124 54057
3094329 3116652 22323
3101941 3118038 16097
3112193 3118500 6307
3070794 3118863 48069
3106292 3122163 15871
3084289 3122559 38270
3108473 3122724 14251
3090602 3123021 32419
3086544 3125001 38457
3065944 3125661 59717
3079820 3125727 45907
3091979 3126321 34342
3102334 3127740 25406
3117480 3128268 10788
3116973 3131667 14694
3115195 3134604 19409
3117331 3137442 20111
3124416 3137970 13554
3115157 3141501 26344
3113392 3141765 28373
3121929 3142029 20100
3130913 3142920 12007
3138721 3144669 5948
3115884 3146583 30699
3113021 3147111 34090
3109449 3148497 39048
3140501 3151995 11494
3112129 3152589 40460
3104493 3152622 48129
3143481 3152655 9174
3134735 3155163 20428
3112810 3158100 45290
3126984 3158661 31677
3146768 3161433 14665
3150870 3161961 11091
3153025 3162159 9134
3156845 3162786 5941
3138454 3164436 25982
3158245 3165492 7247
3157912 3169617 11705
3139958 3170442 30484
3153949 3171102 17153
3149071 3171498 22427
3149573 3172125 22552
3135674 3176580 40906
3154686 3177108 22422
3167370 3180243 12873
3148065 3181992 33927
3172340 3182091 9751
3170441 3184863 14422
3159039 3187635 28596
3154661 3191529 36868
3173690 3195093 21403
3166559 3195621 29062
3166189 3196017 29828
3182866 3197007 14141
3168023 3200076 32053
3174579 3200571 25992
3189069 3200571 11502
3195297 3201264 5967
3164270 3206115 41845
3180499 3212121 31622
3198003 3212154 14151
3194265 3213243 18978
3175035 3214860 39825
3185572 3215553 29981
3173954 3215652 41698
3195732 3219051 23319
3185280 3220503 35223
3190118 3221064 30946
3200428 3222120 21692
3190070 3225123 35053
3192636 3225717 33081
3199007 3225750 26743
3200982 3226278 25296
3212593 3226311 13718
3212341 3226839 14498
3190581 3230106 39525
3191791 3230634 38843
3181745 3231195 49450
3216250 3233505 17255
3218633 3234000 15367
3229417 3235386 5969
3223953 3236442 12489
3232145 3242151 10006
3217665 3243603 25938
3187949 3244989 57040
3208237 3245055 36818
3211906 3248586 36680
3223215 3249114 25899
3227078 3249312 22234
3223794 3249675 25881
3214560 3250236 35676
3240940 3250500 9560
3243554 3252777 9223
3219007 3253998 34991
3212690 3254691 42001
3245455 3258618 13163
3253298 3259245 5947
3243848 3260433 16585
3226322 3263007 36685
3233694 3263568 29874
3238998 3264723 25725
3235304 3266571 31267
3241570 3267396 25826
3244851 3268485 23634
3255279 3269640 14361
3246028 3271983 25955
3254025 3272841 18816
3263376 3273072 9696
3253939 3275514 21575
3253406 3275646 22240
3244411 3278121 33710
3271917 3278451 6534
3256388 3280860 24472
3262773 3281421 18648
3255120 3287526 32406
3279449 3289605 10156
3258403 3292509 34106
3281788 3293532 11744
3248198 3293631 45433
3253201 3293697 40496
3283137 3295413 12276
3285078 3298053 12975
3281285 3302079 20794
3282917 3302607 19690
3290341 3304884 14543
3300943 3306897 5954
3260146 3308118 47972
3293187 3309240 16053
3293106 3309867 16761
3282478 3311385 28907
3280965 3311649 30684
3269416 3312111 42695
3281759 3312804 31045
3276489 3314817 38328
3292462 3316995 24533
3296738 3317523 20785
3309271 3319041 9770
3304531 3319998 15467
3308976 3320559 11583
3273233 3320625 47392
3287742 3321186 33444
3296203 3322803 26600
3302445 3323166 20721
3308828 3323694 14866
3284032 3323760 39728
3293337 3325443 32106
3295842 3325971 30129
3280418 3326631 46213
3306503 3329502 22999
3315877 3330591 14714
3322307 3331251 8944
3289452 3332109 42657
3322103 3333000 10897
3321280 3338148 16868
3309075 3338577 29502
3323692 3338709 15017
3306192 3339006 32814
3315505 3339699 24194
3322703 3340260 17557
3310322 3340788 30466
3299286 3341019 41733
3311602 3343824 32222
3337426 3350094 12668
3315094 3350127 35033
3314625 3350589 35964
3337960 3350655 12695
3324835 3351150 26315
3342201 3351216 9015
3334374 3354648 20274
3341568 3356430 14862
3333542 3358872 25330
3326664 3359499 32835
3333065 3359895 26830
3328470 3362700 34230
3352410 3362733 10323
3345625 3368310 22685
3345881 3368838 22957
3363362 3371742 8380
3353754 3374646 20892
3355362 3377517 22155
3356740 3382863 26123
3356827 3383523 26696
3343731 3383655 39924
3377074 3385305 8231
3362987 3389034 26047
3353329 3392202 38873
3357820 3397977 40157
3385614 3400881 15267
3385664 3401475 15811
3351258 3403620 52362
3375054 3404643 29589
3397744 3404775 7031
3400605 3406557 5952
3352386 3406887 54501
3387623 3407646 20023
3388188 3408075 19887
3370470 3410880 40410
3378992 3411375 32383
3380023 3411969 31946
3377896 3412992 35096
3384568 3413058 28490
3381810 3413652 31842
3402605 3414180 11575
3388574 3415830 27256
3396476 3416853 20377
3403695 3419163 15468
3414360 3420318 5958
3399084 3420615 21531
3390918 3422100 31182
3417575 3423915 6340
3410269 3429756 19487
3415063 3430383 15320
3419476 3434442 14966
3421508 3434706 13198
3423527 3435267 11740
3423988 3435861 11873
3415864 3440085 24221
3429970 3440943 10973
3419162 3443616 24454
3413236 3446124 32888
3408695 3446553 37858
3440812 3446784 5972
3429271 3448863 19592
3430807 3449424 18617
3397341 3452130 54789
3432539 3455397 22858
3413817 3455661 41844
3442284 3455925 13641
3414026 3456651 42625
3415968 3457212 41244
3451636 3457938 6302
3435561 3458433 22872
3427166 3458895 31729
3422850 3461007 38157
3435209 3461073 25864
3417901 3461634 43733
3436023 3461700 25677
3418613 3462195 43582
3456823 3464406 7583
3427114 3464571 37457
3430863 3464637 33774
3444947 3465693 20746
3449498 3467145 17647
3447521 3467409 19888
3455934 3467673 11739
3463656 3469620 5964
3439881 3470115 30234
3437697 3470577 32880
3462738 3472887 10149
3464556 3473580 9024
3466151 3474603 8452
3421444 3476121 54677
3459996 3476979 16983
3416967 3478860 61893
3463343 3479454 16111
3467579 3481632 14053
3451213 3482589 31376
3443362 3485163 41801
3470988 3486186 15198
3459546 3488562 29016
3475059 3488727 13668
3475842 3489750 13908
3478221 3491598 13377
3449530 3494106 44576
3456825 3494568 37743
3456055 3495657 39602
3489890 3495855 5965
3491395 3497703 6308
3493225 3499188 5963
3469669 3500112 30443
3468575 3501234 32659
3474880 3501828 26948
3486018 3503577 17559
3464822 3504072 39250
3486690 3506151 19461
3465015 3506778 41763
3465089 3509154 44065
3466153 3512586 46433
3476024 3513114 37090
3492692 3513708 21016
3493308 3515523 22215
3495849 3516249 20400
3492431 3517998 25567
3467870 3518559 50689
3496987 3518592 21605
3506402 3519681 13279
3508904 3521430 12526
3512025 3521529 9504
3511406 3521958 10552
3491613 3524103 32490
3499665 3524730 25065
3511980 3525027 13047
3468380 3526875 58495
3495503 3527568 32065
3499333 3530571 31238
3508225 3531330 23105
3481617 3533013 51396
3497072 3533079 36007
3503628 3533640 30012
3505967 3534168 28201
3494755 3536082 41327
3517637 3538524 20887
3533934 3539877 5943
3511490 3541989 30499
3529910 3542616 12706
3532305 3544860 12555
3540554 3546510 5956
3526640 3550635 23995
3536359 3554562 18203
3540588 3554991 14403
3494568 3557631 63063
3499166 3558192 59026
3536365 3560568 24203
3527230 3561129 33899
3527965 3561723 33758
3557651 3563604 5953
3543178 3569511 26333
3564139 3570468 6329
3541572 3572118 30546
3556120 3572448 16328
3550100 3572646 22546
3560905 3573009 12104
3562471 3573537 11066
3540003 3575649 35646
3532672 3576078 43406
3562014 3578157 16143
3562778 3578454 15676
3556466 3581655 25189
3552387 3584064 31677
3563969 3584559 20590
3569500 3585087 15587
3570941 3585747 14806
3566971 3586506 19535
3568146 3587067 18921
3564525 3590103 25578
3574291 3592875 18584
3570339 3593502 23163
3580258 3594063 13805
3588163 3594492 6329
3573755 3596439 22684
3561794 3599640 37846
3578212 3602577 24365
3558082 3605019 46937
3570945 3605580 34635
3561970 3605613 43643
3570205 3605646 35441
3577296 3611784 34488
3592929 3623499 30570
3587235 3624060 36825
3583543 3626568 43025
3592191 3627096 34905
3586186 3629010 42824
3594201 3629076 34875
