7439 23694 16255
13425 29832 16407
23249 37686 14437
28391 38676 10285
21388 45903 24515
31542 47850 16308
43297 49632 6335
61 51876 51815
21885 53856 31971
16338 54054 37716
25012 54516 29504
31778 61710 29932
47265 64119 16854
38211 69861 31650
60072 70620 10548
48838 73557 24719
50486 75867 25381
81167 87120 5953
67896 88143 20247
60697 93885 33188
39948 94248 54300
77534 95370 17836
77885 98142 20257
74516 99858 25342
58458 100254 41796
82842 100386 17544
73653 100815 27162
53301 101838 48537
75081 102069 26988
79137 102366 23229
100329 112299 11970
65405 118272 52867
101312 118833 17521
107621 118866 11245
101120 119328 18208
79174 124245 45071
88437 124773 36336
77457 125829 48372
91975 126060 34085
91343 126357 35014
92696 126654 33958
95137 126951 31814
87636 127512 39876
94341 127578 33237
117395 131868 14473
91390 132066 40676
106201 142263 36062
105097 148269 43172
104511 148797 44286
118610 149358 30748
118011 149853 31842
108901 156057 47156
155084 161403 6319
116755 165858 49103
141041 165858 24817
143163 166254 23091
139892 166518 26626
155975 166914 10939
150872 167937 17065
128085 171864 43779
132602 172260 39658
149105 172392 23287
136447 173844 37397
144255 174372 30117
154111 174438 20327
140998 174636 33638
144058 175263 31205
156201 175494 19293
162594 181698 19104
169519 183744 14225
175111 186087 10976
171743 189321 17578
178703 189849 11146
137717 189882 52165
162743 191697 28954
159325 197835 38510
177978 198363 20385
195872 202224 6352
169587 213873 44286
176364 214302 37938
197569 219780 22211
193728 221826 28098
197836 222387 24551
207515 223080 15565
209233 228063 18830
208699 229746 21047
205469 237864 32395
206671 238458 31787
224583 239712 15129
211341 244266 32925
198917 245850 46933
228714 246378 17664
235569 249909 14340
231793 253209 21416
233044 256113 23069
213585 261855 48270
239780 261855 22075
236380 264330 27950
236709 268257 31548
238585 268323 29738
243037 269313 26276
242384 270072 27688
233871 270501 36630
268260 278553 10293
253735 280137 26402
275763 282084 6321
259077 286275 27198
268285 287298 19013
262953 290103 27150
266873 291753 24880
266977 292809 25832
268830 293832 25002
275747 298320 22573
269476 300069 30593
283092 303732 20640
302038 307989 5951
303075 309045 5970
282290 309870 27580
296216 310365 14149
298071 310893 12822
296824 311850 15026
289787 312675 22888
291255 313203 21948
274715 315876 41161
278395 316998 38603
270563 317856 47293
287459 317922 30463
299424 318582 19158
315762 323334 7572
276233 324060 47827
287830 333729 45899
299660 339867 40207
304720 339933 35213
305565 340263 34698
312700 340824 28124
307455 341055 33600
318493 341616 23123
326334 342045 15711
316787 342474 25687
342154 357753 15599
298989 358116 59127
333193 358776 25583
337014 359304 22290
330138 359700 29562
340046 359931 19885
330374 360426 30052
328284 363363 35079
339753 363759 24006
337886 366069 28183
337806 366597 28791
348174 367158 18984
348666 367719 19053
352653 372075 19422
349649 373692 24043
370249 381216 10967
362035 381744 19709
371281 382272 10991
359833 383856 24023
345385 388245 42860
356112 390060 33948
363570 396066 32496
377026 397683 20657
392415 398376 5961
394249 400191 5942
379254 405867 26613
375347 405900 30553
385512 411378 25866
378580 412269 33689
384328 412335 28007
398577 419331 20754
394714 421707 26993
392752 429858 37106
399091 430419 31328
402506 431013 28507
401035 431838 30803
404046 432399 28353
389708 437844 48136
420959 438075 17116
406738 438372 31634
418357 439527 21170
421665 447744 26079
411860 453882 42022
405825 454245 48420
418339 454806 36467
432934 455334 22400
433713 455829 22116
434409 455895 21486
435431 456390 20959
418844 459855 41011
414772 460251 45479
442708 460416 17708
437665 460812 23147
426946 462627 35681
455293 470745 15452
467649 473616 5967
423874 477873 53999
451304 478269 26965
453721 478830 25109
464766 479391 14625
446481 479853 33372
453183 479919 26736
446484 480447 33963
448094 481074 32980
471043 481569 10526
463442 481668 18226
453270 483780 30510
448846 483879 35033
469656 486057 16401
486667 497574 10907
462099 501732 39633
470451 502425 31974
473880 502887 29007
482384 503844 21460
482765 510048 27283
481545 510609 29064
489493 511038 21545
491236 516054 24818
494829 521697 26868
514261 522753 8492
499914 522786 22872
478354 525855 47501
501626 525855 24229
510060 526383 16323
491726 527835 36109
499264 528396 29132
496613 533841 37228
496617 534072 37455
509552 534402 24850
514839 534468 19629
494698 534567 39869
529090 546084 16994
536647 550275 13628
532762 551826 19064
521889 557832 35943
523434 558063 34629
533632 564069 30437
537785 565686 27901
546202 568689 22487
530874 573870 42996
549197 573903 24706
568302 574266 5964
542563 574431 31868
554344 575850 21506
550261 575916 25655
541576 576411 34835
559257 577500 18243
549435 578127 28692
539922 579381 39459
556451 579942 23491
541452 580272 38820
557634 580800 23166
541844 582054 40210
566182 582582 16400
547706 582978 35272
567030 586245 19215
576703 587334 10631
561840 589710 27870
570053 597894 27841
575849 598422 22573
574220 599841 25621
578835 600402 21567
565302 603867 38565
565659 604263 38604
568267 604395 36128
570677 605847 35170
574040 608058 34018
597817 610830 13013
600283 611358 11075
601507 612183 10676
606265 612216 5951
594657 618090 23433
594544 621885 27341
596152 623832 27680
586001 627858 41857
590346 628254 37908
612645 628782 16137
592835 629838 37003
590567 630069 39502
600310 630630 30320
601640 631257 29617
610335 631851 21516
594763 636075 41312
615914 637692 21778
616577 638220 21643
618902 642246 23344
598336 645876 47540
629244 645909 16665
602705 646437 43732
603191 646932 43741
627490 647856 20366
628546 648318 19772
611493 651882 40389
639080 652410 13330
630471 653301 22830
614402 654060 39658
657161 666105 8944
621598 669867 48269
630075 670395 40320
656319 673002 16683
639051 675873 36822
622587 676269 53682
643743 676434 32691
642304 676797 34493
644014 677061 33047
646775 677655 30880
646553 677853 31300
652338 678051 25713
649561 678249 28688
638406 678579 40173
667060 683331 16271
654554 685707 31153
668763 687753 18990
673677 688116 14439
647967 693858 45891
679242 695838 16596
657103 699798 42695
667486 700260 32774
650651 700359 49708
673266 700821 27555
669971 700920 30949
669373 702075 32702
680925 702603 21678
689087 709698 20611
705314 711282 5968
652280 718245 65965
694164 718773 24609
709665 719796 10131
702175 724251 22076
705727 724845 19118
710155 729366 19211
707755 732072 24317
728189 734151 5962
729404 736758 7354
696974 741873 44899
712390 742269 29879
715488 742797 27309
720975 743391 22416
718019 743919 25900
726729 747879 21150
735680 756063 20383
751199 757152 5953
745957 758142 12185
733086 765864 32778
744435 766260 21825
725443 766293 40850
748686 766920 18234
752144 766920 14776
748810 767844 19034
749526 767943 18417
760540 768471 7931
747311 772266 24955
736721 773850 37129
739685 774048 34363
754965 774378 19413
749674 774609 24935
767398 777777 10379
750270 780054 29784
751354 781704 30350
751882 781770 29888
769402 783750 14348
773526 791703 18177
786359 792693 6334
772296 795861 23565
754170 796257 42087
760510 796323 35813
777232 797412 20180
750486 797841 47355
775607 798072 22465
759657 798369 38712
780265 806256 25991
786607 809721 23114
783466 813879 30413
789350 814836 25486
793671 815826 22155
778676 817575 38899
790956 819885 28929
778995 821832 42837
795428 822393 26965
801509 825924 24415
800931 829686 28755
820492 832293 11801
809940 833712 23772
789990 837870 47880
817794 837903 20109
811276 839850 28574
815283 840312 25029
808486 843381 34895
818466 844272 25806
818073 844437 26364
820770 845031 24261
811044 845361 34317
823512 845394 21882
829035 853710 24675
834940 854238 19298
829755 861894 32139
849173 865722 16549
820842 867867 47025
837007 869847 32840
841577 870375 28798
852840 870573 17733
851262 871497 20235
851425 877701 26276
875343 881298 5955
854880 885885 31005
836683 886248 49565
842416 886413 43997
874263 886842 12579
881375 887337 5962
846358 892254 45896
837800 892815 55015
873626 893838 20212
896382 904926 8544
889420 905553 16133
892360 909909 17549
895329 910437 15108
878956 915750 36794
876039 915882 39843
893549 917829 24280
883064 917994 34930
893606 918489 24883
894566 925683 31117
907204 926211 19007
892901 933735 40834
916941 935847 18906
898507 940269 41762
913979 940335 26356
909801 940467 30666
912516 941094 28578
914122 941457 27335
915393 942051 26658
899104 947562 48458
942602 951687 9085
945998 951951 5953
939577 952116 12539
917666 958254 40588
927705 958782 31077
956395 962346 5951
937957 965844 27887
929672 966075 36403
956106 969903 13797
952074 973698 21624
954088 975744 21656
957229 981816 24587
949313 981882 32569
959136 982344 23208
962603 982872 20269
956567 984621 28054
963049 987855 24806
950491 989868 39377
982695 995346 12651
963178 999735 36557
981867 1001385 19518
959415 1005873 46458
965999 1006269 40270
963887 1006797 42910
986347 1011879 25532
970668 1012275 41607
988610 1012803 24193
975091 1013826 38735
984843 1014057 29214
1000167 1014420 14253
985643 1014552 28909
1010717 1018215 7498
963409 1020063 56654
992986 1021713 28727
1020416 1026729 6313
984781 1030260 45479
1000101 1035771 35670
1000093 1035870 35777
1007801 1037355 29554
1024960 1044054 19094
1002970 1044615 41645
1039765 1047189 7424
1024144 1053756 29612
1025395 1060257 34862
1031435 1061841 30406
1030995 1062072 31077
1036177 1062633 26456
1040534 1063161 22627
1049450 1065768 16318
1045850 1070784 24934
1044840 1071741 26901
1035454 1077879 42425
1040669 1078275 37606
1037434 1078440 41006
1056589 1083885 27296
1066818 1084446 17628
1038649 1085832 47183
1049747 1086063 36316
1046838 1086360 39522
1084128 1090089 5961
1060892 1092069 31177
1087268 1093224 5956
1071021 1096128 25107
1090744 1096689 5945
1058235 1101870 43635
1075881 1102266 26385
1060442 1102431 41989
1081921 1102662 20741
1084318 1103289 18971
1085143 1103718 18575
1088783 1103850 15067
1092099 1104378 12279
1078711 1108272 29561
1077984 1109856 31872
1084808 1109922 25114
1105153 1117017 11864
1109389 1120284 10895
1094698 1125762 31064
1073294 1126125 52831
1103770 1126653 22883
1091225 1127841 36616
1093382 1128369 34987
1097254 1131867 34613
1093000 1132263 39263
1093028 1132857 39829
1105334 1133352 28018
1097607 1133880 36273
1105472 1134045 28573
1101978 1134969 32991
1123302 1135596 12294
1127807 1139886 12079
1112645 1141701 29056
1129089 1144143 15054
1141742 1147707 5965
1134224 1149852 15628
1131422 1150281 18859
1135095 1151832 16737
1118184 1155858 37674
1113037 1156254 43217
1120029 1157838 37809
1120583 1158069 37486
1142066 1158366 16300
1141376 1158597 17221
1137320 1158861 21541
1148862 1162293 13431
1157015 1163052 6037
1121527 1164075 42548
1159181 1165131 5950
1142498 1165692 23194
1148471 1166220 17749
1159597 1166715 7118
1161596 1168695 7099
1152255 1169553 17298
1142545 1175724 33179
1143913 1176450 32537
1158632 1177077 18445
1144956 1179882 34926
1139580 1180410 40830
1157106 1181301 24195
1164796 1181928 17132
1174503 1186482 11979
1172312 1187340 15028
1166379 1189683 23304
1174448 1190211 15763
1181775 1191729 9954
1185731 1197438 11707
1157754 1197867 40113
1163921 1198428 34507
1170792 1199847 29055
1182313 1206051 23738
1174088 1206711 32623
1205887 1211892 6005
1179956 1212057 32101
1209441 1215390 5949
1203207 1223838 20631
1190170 1224366 34196
1203660 1224960 21300
1210190 1225521 15331
1184808 1227369 42561
1203769 1230075 26306
1205576 1230636 25060
1223666 1235355 11689
1214453 1237731 23278
1214685 1238787 24102
1226514 1240140 13626
1217718 1245882 28164
1225777 1248489 22712
1226598 1251360 24762
1229467 1251888 22421
1205448 1253835 48387
1207139 1253868 46729
1224310 1253934 29624
1232664 1254660 21996
1223806 1260072 36266
1234412 1260600 26188
1252197 1262481 10284
1254231 1264131 9900
1253485 1264296 10811
1257513 1269147 11634
1221876 1269873 47997
1247736 1270434 22698
1253523 1271853 18330
1244297 1275780 31483
1238549 1275879 37330
1258425 1278057 19632
1244607 1284063 39456
1258293 1284426 26133
1260399 1293864 33465
1263245 1293897 30652
1264512 1294425 29913
1255389 1300266 44877
1257411 1300893 43482
1274377 1301916 27539
1274974 1302444 27470
1282280 1309704 27424
1304232 1310694 6462
1295245 1313565 18320
1310152 1316106 5954
1277805 1317723 39918
1281169 1318251 37082
1287245 1319835 32590
1256542 1323861 67319
1282032 1324257 42225
1284617 1324389 39772
1298103 1324818 26715
1298134 1325841 27707
1302326 1326402 24076
1315343 1331880 16537
1287920 1332045 44125
1325976 1332474 6498
1305196 1333695 28499
1324474 1337721 13247
1316477 1341912 25435
1315377 1347885 32508
1314657 1348248 33591
1320674 1349832 29158
1309855 1349964 40109
1323288 1350393 27105
1347043 1357323 10280
1346392 1361745 15353
1356136 1366299 10163
1338104 1368411 30307
1336745 1372272 35527
1344347 1372371 28024
1357396 1372932 15536
1323529 1373361 49832
1334443 1374054 39611
1351541 1374384 22843
1340285 1374615 34330
1342746 1375209 32463
1334102 1375605 41503
1339539 1380060 40521
1360912 1380588 19676
1348747 1381149 32402
1360454 1381842 21388
1363942 1385703 21761
1378924 1389234 10310
1368623 1390290 21667
1357128 1396263 39135
1368553 1396329 27776
1359796 1397847 38051
1371738 1398045 26307
1368341 1398573 30232
1381100 1401378 20278
1385115 1403358 18243
1387536 1404447 16911
1384410 1406229 21819
1390502 1406757 16255
1389055 1410090 21035
1385839 1413753 27914
1393339 1416393 23054
1380034 1419858 39824
1397777 1420254 22477
1385246 1422498 37252
1417715 1428603 10888
1411018 1431738 20720
1386958 1437876 50918
1403973 1439856 35883
1420270 1443387 23117
1418462 1446060 27598
1425681 1446621 20940
1424524 1449921 25397
1437614 1451010 13396
1423067 1453683 30616
1429592 1454772 25180
1448104 1456224 8120
1449874 1458204 8330
1453496 1459821 6325
1414275 1461735 47460
1432192 1461900 29708
1433999 1462296 28297
1436453 1462956 26503
1445268 1463913 18645
1451800 1465035 13235
1407850 1468269 60419
1425776 1468797 43021
1439999 1469391 29392
1430769 1469853 39084
1432073 1470051 37978
1451297 1470480 19183
1440314 1476057 35743
1455758 1479753 23995
1445955 1485858 39903
1455792 1486254 30462
1458147 1486947 28800
1464423 1491864 27441
1455362 1494075 38713
1468966 1494636 25670
1498580 1504536 5956
1475492 1509882 34390
1452192 1510245 58053
1475952 1510476 34524
1480891 1510773 29882
1482271 1511070 28799
1494759 1511598 16839
1475129 1511829 36700
1472200 1515855 43655
1499602 1518066 18464
1513658 1522389 8731
1505987 1526745 20758
1485021 1533741 48720
1494673 1534269 39596
1488411 1534467 46056
1515146 1534797 19651
1509609 1535853 26244
1503476 1541826 38350
1512548 1542057 29509
1509576 1542354 32778
1523422 1542453 19031
1502411 1548063 45652
1533769 1552287 18518
1534781 1552815 18034
1526153 1561197 35044
1529050 1563870 34820
1530347 1563969 33622
1533223 1564266 31043
1535928 1565850 29922
1529272 1566048 36776
1548944 1566378 17434
1529349 1566543 37194
1540433 1567203 26770
1558736 1568523 9787
1562176 1572582 10406
1573357 1579314 5957
1535569 1581855 46286
1549828 1582416 32588
1564144 1584396 20252
1570558 1584858 14300
1566089 1587861 21772
1562292 1589841 27549
1565204 1590072 24868
1552847 1591194 38347
1565249 1596045 30796
1569483 1597695 28212
1574414 1598223 23809
1560658 1605879 45221
1592591 1606275 13684
1574141 1606440 32299
1551597 1606869 55272
1584173 1613832 29659
1576158 1614063 37905
1594083 1614360 20277
1591893 1614624 22731
1596117 1614954 18837
1576831 1615746 38915
1602114 1617759 15645
1594369 1620069 25700
1592631 1621686 29055
1586171 1629870 43699
1591826 1630431 38605
1576480 1630893 54413
1607139 1635876 28737
1610300 1636437 26137
1621774 1637856 16082
1600994 1637922 36928
1614147 1644060 29913
1643968 1649934 5966
1618193 1653861 35668
1625007 1653894 28887
1623911 1654422 30511
1631976 1654422 22446
1625468 1660263 34795
1626598 1662045 35447
1644226 1665345 21119
1648477 1678248 29771
1651358 1678776 27418
1649843 1679832 29989
1659868 1680360 20492
1644088 1683858 39770
1646182 1684419 38237
1660170 1684518 24348
1660689 1685607 24918
1656412 1685838 29426
1662882 1685871 22989
1650456 1686135 35679
1659298 1692075 32777
1675118 1693692 18574
1684650 1694913 10263
1656864 1701876 45012
1672748 1701909 29161
1659722 1702437 42715
1675919 1702998 27079
1671569 1703856 32287
1681153 1704417 23264
1685184 1705044 19860
1677085 1707750 30665
1679779 1716066 36287
1678533 1725867 47334
1698728 1725900 27172
1691026 1726428 35402
1692536 1727055 34519
1707927 1727847 19920
1698320 1728375 30055
1714626 1728936 14310
1691892 1731873 39981
1701362 1732269 30907
1693626 1732434 38808
1721728 1732797 11069
1714013 1734051 20038
1709517 1740057 30540
1712444 1741707 29263
1724629 1744314 19685
1743632 1749594 5962
1711163 1749858 38695
1699405 1750254 50849
1722832 1753983 31151
1717339 1755369 38030
1730061 1755897 25836
1721967 1756260 34293
1725063 1756821 31758
1729615 1757448 27833
1726519 1757844 31325
1735622 1757976 22354
1728435 1758075 29640
1741105 1764048 22943
1750809 1773849 23040
1750417 1775928 25511
1736706 1779756 43050
1752410 1779855 27445
1746252 1780812 34560
1757366 1781373 24007
1752523 1781835 29312
1747073 1782066 34993
1758222 1782594 24372
1750941 1783155 32214
1773196 1789689 16493
1783881 1789821 5940
1775228 1791735 16507
1779394 1797378 17984
1776599 1799853 23254
1774014 1799919 25905
1768575 1803879 35304
1765659 1804275 38616
1772403 1804341 31938
1771525 1806057 34532
1794464 1821864 27400
1793864 1821897 28033
1806670 1823844 17174
1794447 1827375 32928
1796567 1827936 31369
1771691 1828266 56575
1791107 1828794 37687
1795358 1828893 33535
1805435 1829850 24415
1795662 1829949 34287
1806885 1830444 23559
1797009 1830543 33534
1823224 1840311 17087
1812651 1846251 33600
1817904 1846779 28875
1824380 1847373 22993
1830941 1847835 16894
1809253 1851861 42608
1798114 1852158 54044
1815005 1852422 37417
1826732 1853016 26284
1827194 1853841 26647
1822934 1854072 31138
1824346 1854534 30188
1833672 1855095 21423
1796771 1855887 59116
1832722 1859913 27191
1834549 1861695 27146
1860542 1866876 6334
1825200 1870275 45075
1843494 1870803 27309
1856236 1871364 15128
1840873 1871694 30821
1854025 1871925 17900
1860317 1872486 12169
1851391 1873047 21656
1866253 1873080 6827
1832712 1876248 43536
1836590 1876314 39724
1850824 1877370 26546
1870532 1881759 11227
1863936 1885191 21255
1872236 1893771 21535
1876914 1895850 18936
1862279 1896411 34132
1875185 1900272 25087
1861114 1902054 40940
1878351 1902417 24066
1872493 1902582 30089
1896202 1910238 14036
1877696 1917861 40165
1879881 1918422 38541
1889015 1918422 29407
1874497 1919016 44519
1887202 1921095 33893
1876164 1924263 48099
1893924 1924395 30471
1897651 1924989 27338
1898175 1925847 27672
1887259 1926375 39116
1888747 1926936 38189
1894427 1927497 33070
1919021 1931886 12865
1901381 1932051 30670
1880093 1932579 52486
1919058 1933701 14643
1919187 1934262 15075
1925501 1937694 12193
1931238 1941522 10284
1904009 1947363 43354
1900386 1948254 47868
1912296 1948419 36123
1904552 1948815 44263
1922332 1949376 27044
1927733 1950069 22336
1930670 1957692 27022
1945172 1957824 12652
1925682 1965876 40194
1935423 1965909 30486
1946967 1967856 20889
1933688 1971387 37699
1926770 1972245 45475
1936758 1974060 37302
1953612 1981683 28071
1968427 1986666 18239
1963946 1990263 26317
1958733 1995873 37140
1959302 1996467 37165
1969684 1997094 27410
1960601 1997853 37252
1962399 1998051 35652
1966742 1998414 31672
1968303 1998645 30342
1969604 1999008 29404
1961839 1999206 37367
1976471 2005707 29236
2003367 2009700 6333
2003693 2010228 6535
1978977 2013726 34749
1985742 2013858 28116
1995688 2014386 18698
1996249 2015706 19457
2012426 2018742 6316
1980851 2019864 39013
1985559 2020425 34866
1986280 2021052 34772
1987191 2021844 34653
2003921 2021910 17989
2013980 2023758 9778
1999676 2029698 30022
2012297 2032305 20008
2019853 2032701 12848
2007802 2037849 30047
2008427 2037882 29455
2005309 2039829 34520
2020107 2040357 20250
2026181 2040885 14704
2017039 2044251 27212
2015361 2045835 30474
2028568 2049366 20798
1999905 2052072 52167
2041415 2054877 13462
2024301 2061873 37572
2042207 2062830 20623
2028889 2063391 34502
2034626 2063853 29227
2041260 2065569 24309
2025210 2068275 43065
2043399 2068308 24909
2035192 2069826 34634
2030876 2070057 39181
2042246 2070387 28141
2052793 2070585 17792
2045770 2071014 25244
2053687 2071146 17459
2047256 2071707 24451
2052949 2077713 24764
2058492 2078241 19749
2062340 2081706 19366
2045068 2085732 40664
2069537 2085897 16360
2070549 2086392 15843
2056188 2086425 30237
2048821 2091870 43049
2073674 2094048 20374
2090746 2099064 8318
2075666 2101704 26038
2084412 2102232 17820
2095378 2104740 9362
2062590 2109855 47265
2088683 2111835 23152
2071184 2115861 44677
2078834 2116389 37555
2091972 2116950 24978
2081284 2117841 36557
2078770 2118072 39302
2093322 2118402 25080
2084246 2118633 34387
2100031 2118930 18899
2097452 2119260 21808
2117457 2123715 6258
2104759 2125200 20441
2110238 2126223 15985
2114039 2126817 12778
2100758 2127741 26983
2113028 2133384 20356
2085150 2133879 48729
2123535 2136453 12918
2096589 2140248 43659
2111306 2140776 29470
2113025 2141832 28807
2110781 2141964 31183
2120064 2142921 22857
2134271 2146287 12016
2127600 2148069 20469
2113043 2148630 35587
2120784 2149191 28407
2135548 2150214 14666
2130699 2153712 23013
2140494 2154801 14307
2100720 2158266 57546
2125584 2163876 38292
2111701 2164272 52571
2142475 2164404 21929
2150029 2164734 14705
2120971 2164833 43862
2121256 2165394 44138
2124165 2165955 41790
2130038 2166054 36016
2134340 2166582 32242
2148219 2167143 18924
2163990 2178132 14142
2142717 2181861 39144
2171735 2182026 10291
2151023 2183016 31993
2163684 2183841 20157
2172646 2184204 11558
2146788 2187867 41079
2163219 2188263 25044
2163891 2189847 25956
2161691 2190045 28354
2164821 2190375 25554
2167108 2190606 23498
2173741 2199747 26006
2157115 2205885 48770
2144966 2206248 61282
2178278 2206446 28168
2201111 2207073 5962
2179649 2207832 28183
2182064 2207931 25867
2180186 2208426 28240
2182309 2209053 26744
2166316 2211858 45542
2185346 2212254 26908
2181869 2212419 30550
2192164 2212782 20618
2191437 2214069 22632
2195532 2221197 25665
2212765 2223045 10280
2203936 2223738 19802
2204399 2229348 24949
2214250 2229843 15593
2193444 2236245 42801
2203186 2237334 34148
2203268 2237994 34726
2229903 2245683 15780
2240828 2249511 8683
2238294 2253999 15705
2242759 2254329 11570
2221474 2255847 34373
2228065 2256408 28343
2223328 2259378 36050
2231673 2260434 28761
2245925 2261028 15103
2231373 2261853 30480
2243235 2262414 19179
2250879 2265912 15033
2241157 2269212 28055
2258614 2270730 12116
2259090 2277330 18240
2236922 2277726 40804
2260919 2277825 16906
2257978 2279937 21959
2264071 2281587 17516
2241549 2283864 42315
2242351 2283963 41612
2272684 2284920 12236
2249626 2285844 36218
2251557 2285943 34386
2248978 2286075 37097
2252527 2287065 34538
2257618 2287461 29843
2261387 2287659 26272
2264382 2288220 23838
2268872 2293698 24826
2278924 2294226 15302
2274066 2296734 22668
2279736 2297724 17988
2284614 2301849 17235
2258323 2301882 43559
2260397 2302443 42046
2272065 2303697 31632
2286014 2304357 18343
2252897 2309835 56938
2277897 2310363 32466
2291473 2311452 19979
2294687 2313762 19075
2292098 2317689 25591
2306247 2317722 11475
2302117 2321220 19103
2306150 2322540 16390
2296627 2325741 29114
2291671 2326269 34598
2304652 2326797 22145
2297509 2327853 30344
2300073 2328414 28341
2302564 2331384 28820
2279339 2332275 52936
2295622 2332803 37181
2303998 2333826 29828
2315646 2334057 18411
2294567 2334354 39787
2300575 2334915 34340
2314108 2335443 21335
2319660 2342769 23109
2323074 2343726 20652
2343069 2349039 5970
2320250 2349864 29614
2318034 2350128 32094
2314278 2350821 36543
2330380 2351382 21002
2320711 2351712 31001
2327433 2351943 24510
2325264 2352438 27174
2346204 2352669 6465
2318065 2356266 38201
2319656 2356365 36709
2320303 2357487 37184
2324655 2357619 32964
2327030 2357784 30754
2311089 2357850 46761
2337809 2358378 20569
2362377 2373129 10752
2318405 2373855 55450
2354689 2374548 19859
2345606 2375835 30229
2350128 2376396 26268
2339933 2379861 39928
2348479 2380257 31778
2354628 2381841 27213
2363752 2382369 18617
2366368 2382402 16034
2382759 2388705 5946
2371148 2389695 18547
2387852 2393820 5968
2355736 2397879 42143
2365417 2397912 32495
2376792 2399826 23034
2377789 2401641 23852
2377301 2404248 26947
2374464 2405832 31368
2367961 2406063 38102
2376683 2406624 29941
2397887 2410287 12400
2398827 2410452 11625
2402750 2411079 8329
2389190 2413686 24496
2408114 2414082 5968
2391142 2414214 23072
2400937 2417580 16643
2378984 2421870 42886
2412563 2422728 10165
2385085 2427876 42791
2395837 2428272 32435
2394345 2428800 34455
2412520 2429856 17336
2391147 2430054 38907
2399691 2430582 30891
2413482 2431143 17661
2418237 2439723 21486
2418830 2446257 27427
2421616 2452263 30647
2426169 2453847 27678
2442131 2454507 12376
2432921 2461701 28780
2439745 2462229 22484
2438138 2464143 26005
2458952 2464902 5950
2452656 2465760 13104
2442240 2469852 27612
2437323 2469885 32562
2452504 2470248 17744
2445380 2471832 26452
2447099 2471931 24832
2448251 2472360 24109
2430616 2475858 45242
2439448 2476254 36806
2452525 2476386 23861
2442969 2477343 34374
2461361 2478399 17038
2465248 2485692 20444
2471913 2486220 14307
2472967 2486286 13319
2468048 2490279 22231
2477626 2490378 12752
2460780 2493876 33096
2466840 2493909 27069
2466628 2494437 27809
2479431 2494437 15006
2474371 2494998 20627
2462327 2495856 33529
2462425 2496450 34025
2475068 2496945 21877
2476596 2497671 21075
2473975 2499882 25907
2474202 2500410 26208
2464455 2501829 37374
2466390 2502060 35670
2471545 2502588 31043
2482088 2503182 21094
2484453 2506317 21864
2497285 2508330 11045
2502411 2514666 12255
2510015 2515986 5971
2485156 2517900 32744
2508465 2520474 12009
2480984 2520804 39820
2516011 2521959 5948
2500275 2523873 23598
2496231 2524401 28170
2495940 2525853 29913
2490670 2526051 35381
2509919 2526579 16660
2483909 2527074 43165
2489326 2527470 38144
2498943 2527998 29055
2525130 2537568 12438
2496066 2541858 45792
2523759 2543838 20079
2509864 2547864 38000
2499319 2548260 48941
2533402 2549316 15914
2515651 2550075 34424
2532558 2550636 18078
2549969 2559744 9775
2541693 2567928 26235
2541888 2571855 29967
2539496 2572251 32755
2540886 2573835 32949
2543649 2574066 30417
2566274 2579874 13600
2550387 2580072 29685
2575930 2582613 6683
2581915 2588223 6308
2558942 2589741 30799
2557554 2591853 34299
2569480 2596803 27323
2576359 2597364 21005
2565826 2597826 32000
2571009 2598057 27048
2582934 2603898 20964
2594990 2605284 10294
2595136 2605779 10643
2572437 2613864 41427
2593028 2613897 20869
2583735 2614425 30690
2581019 2615844 34825
2582616 2619771 37155
2558627 2619870 61243
2580955 2619903 38948
2586054 2620794 34740
2583432 2620992 37560
2630267 2636601 6334
2621584 2637855 16271
2596087 2643861 47774
2603196 2644257 41061
2609776 2644818 35042
2626770 2645940 19170
2623919 2653695 29776
2641146 2654289 13143
2642913 2658282 15369
2644908 2663826 18918
2630962 2667390 36428
2640197 2670063 29866
2647499 2670360 22861
2659150 2670888 11738
2639775 2685870 46095
2646173 2686266 40093
2650189 2686431 36242
2656491 2686794 30303
2663168 2687289 24121
2658419 2687850 29431
2676736 2688378 11642
2636706 2692272 55566
2658704 2692800 34096
2667589 2693361 25772
2668667 2693856 25189
2676941 2694054 17113
2678585 2697948 19363
2677764 2701710 23946
2658095 2710257 52162
2692427 2710785 18358
2686774 2711841 25067
2674785 2715867 41082
2680352 2716263 35911
2680396 2716428 36032
2694773 2716791 22018
2688576 2717055 28479
2702086 2718045 15959
2696220 2718672 22452
2697169 2725206 28037
2717661 2731212 13551
2714826 2733852 19026
2687619 2733885 46266
2697293 2734347 37054
2719598 2734380 14782
2707236 2735634 28398
2708839 2735832 26993
2714039 2736261 22222
2709197 2736426 27229
2710073 2737053 26980
2714068 2739858 25790
2717644 2741838 24194
2715367 2742069 26702
2705981 2742597 36616
2732279 2745897 13618
2725652 2749692 24040
2739127 2750253 11126
2715086 2757777 42691
2702471 2758272 55801
2730259 2758800 28541
2724927 2759856 34929
2741628 2763750 22122
2727034 2763882 36848
2734006 2764443 30437
2742228 2765004 22776
2741186 2765829 24643
2744328 2765895 21567
2733444 2766060 32616
2734678 2766522 31844
2726027 2767215 41188
2735224 2772066 36842
2738822 2772627 33805
2748303 2773683 25380
2767976 2773947 5971
2770428 2776752 6324
2767138 2781306 14168
2753057 2781867 28810
2757914 2783913 25999
2736128 2787873 51745
2755851 2787906 32055
2749921 2788269 38348
2761455 2788335 26880
2756134 2789358 33224
2760068 2789556 29488
2766371 2789556 23185
2755487 2790381 34894
2761221 2790975 29754
2781328 2793384 12056
2757877 2796057 38180
2789096 2796486 7390
2758671 2796585 37914
2784914 2798301 13387
2785245 2800116 14871
2775455 2801700 26245
2796945 2803284 6339
2762645 2805858 43213
2796492 2808927 12435
2762180 2811864 49684
2775532 2812392 36860
2784649 2812953 28304
2783441 2813349 29908
2785534 2813514 27980
2780598 2814075 33477
2787018 2814405 27387
2778148 2814603 36455
2778476 2815197 36721
2796939 2820048 23109
2793604 2821698 28094
2815358 2825361 10003
2781478 2829882 48404
2781954 2830245 48291
2797081 2830773 33692
2794189 2830938 36749
2800361 2831301 30940
2807099 2831829 24730
2795423 2835954 40531
2792650 2836251 43601
2799334 2836812 37478
2812487 2837076 24589
2800606 2837439 36833
2811402 2837835 26433
2811515 2838000 26485
2820301 2838396 18095
2821660 2838957 17297
2824329 2841762 17433
2829392 2843346 13954
2789268 2843577 54309
2806243 2853873 47630
2792094 2854269 62175
2808136 2854368 46232
2822152 2855094 32942
2826799 2855853 29054
2829795 2860275 30480
2834265 2860836 26571
2835336 2861826 26490
2841170 2862354 21184
2837986 2868063 30077
2854500 2870241 15741
2849649 2872122 22473
2871696 2877666 5970
2857619 2878260 20641
2858624 2879382 20758
2861042 2882121 21079
2863677 2884266 20589
2850811 2885850 35039
2886769 2895486 8717
2854226 2901855 47629
2879882 2903835 23953
2895374 2905023 9649
2874738 2907861 33123
2878967 2908257 29290
2884431 2909346 24915
2874726 2910072 35346
2901638 2913900 12262
2889190 2917200 28010
2912626 2918586 5960
2879297 2925879 46582
2900773 2925912 25139
2883011 2926440 43429
2896926 2927826 30900
2922127 2928090 5963
2897667 2932842 35175
2905030 2934063 29033
2911574 2934591 23017
2896510 2940069 43559
2930827 2949771 18944
2915965 2949870 33905
2937929 2950431 12502
2934707 2951817 17110
2895353 2955876 60523
2914222 2956272 42050
2913526 2956404 42878
2916164 2956833 40669
2933425 2956965 23540
2919759 2958054 38295
2937017 2958582 21565
2939424 2959044 19620
2949262 2963862 14600
2952811 2964423 11612
2956037 2966832 10795
2950861 2970099 19238
2958930 2970660 11730
2966029 2971980 5951
2955424 2975709 20285
2936942 2980461 43519
2938466 2981088 42622
2939986 2981682 41696
2938631 2981847 43216
2946606 2982276 35670
2940872 2982408 41536
2944377 2982507 38130
2934976 2988051 53075
2969992 2989206 19214
2954870 2997753 42883
2947879 2998413 50534
2944862 2998974 54112
2963394 3000360 36966
2964951 3000954 36003
2982016 3001515 19499
2988394 3002043 13649
2946719 3003858 57139
2966868 3004254 37386
2952899 3004419 51520
2976802 3004815 28013
2990008 3006069 16061
2953487 3006597 53110
2992637 3009897 17260
2957807 3011580 53773
2995035 3012471 17436
2995919 3017718 21799
2982384 3021876 39492
2972952 3023856 50904
3006585 3024417 17832
2963534 3027882 64348
2987529 3028245 40716
2987638 3028839 41201
2986690 3029334 42644
3007546 3029400 21854
2998492 3029928 31436
3004159 3029928 25769
2979090 3035571 56481
3000641 3045867 45226
3004690 3046428 41738
3033730 3046461 12731
3023876 3047847 23971
3023925 3048441 24516
3018386 3049233 30847
3010098 3051774 41676
3024946 3051873 26927
3030161 3052401 22240
3026595 3052830 26235
3020982 3053853 32871
3037935 3054381 16446
3037381 3069858 32477
3047518 3070254 22736
3052104 3071838 19734
3058717 3072366 13649
3048165 3076260 28095
3048190 3077844 29654
3060670 3078075 17405
3050237 3078372 28135
3052914 3084048 31134
3063244 3085698 22454
3070984 3089559 18575
3083650 3093783 10133
3051325 3093882 42557
3059747 3094443 34696
3065043 3095829 30786
3073074 3096390 23316
3083108 3097050 13942
3078934 3099756 20822
3070994 3099855 28861
3075236 3100449 25213
3072293 3101043 28750
3073739 3101340 27601
3078582 3102990 24408
3076992 3105630 28638
3094796 3109194 14398
3090640 3112725 22085
3071013 3118269 47256
3098734 3118797 20063
3090191 3119853 29662
3089790 3123780 33990
3099171 3123879 24708
3108377 3125826 17449
3107158 3133713 26555
3122899 3134241 11342
3131487 3137442 5955
3116375 3137706 21331
3103743 3141864 38121
3111067 3141897 30830
3092005 3142392 50387
3129898 3142854 12956
3130513 3143382 12869
3125074 3143712 18638
3123836 3145560 21724
3108763 3148266 39503
3117465 3148794 31329
3127225 3149388 22163
3125734 3149850 24116
3131185 3149883 18698
3118216 3150048 31832
3130172 3150411 20239
3118661 3150609 31948
3140274 3150972 10698
3115709 3156054 40345
3126711 3157209 30498
3133015 3157737 24722
3152633 3158595 5962
3125106 3165723 40617
3148514 3165855 17341
3134971 3167835 32864
3152018 3169683 17665
3131962 3171861 39899
3151609 3172257 20648
3135011 3173841 38830
3139409 3174072 34663
3150523 3174633 24110
3166061 3177372 11311
3147163 3189879 42716
3156728 3190407 33679
3164512 3195390 30878
3161601 3197832 36231
3176112 3198063 21951
3178597 3198360 19763
3186174 3202089 15915
3180304 3203871 23567
3186298 3207732 21434
3197391 3208128 10737
3199100 3209382 10282
3205890 3211857 5967
3186662 3214266 27604
3175143 3214794 39651
3192159 3215322 23163
3198339 3215850 17511
3176573 3219777 43204
3199945 3220767 20822
3191146 3221856 30710
3183403 3221922 38519
3202850 3222615 19765
3218771 3229050 10279
3220224 3230502 10278
3212556 3234297 21741
3203015 3237861 34846
3205006 3243867 38861
3213062 3243933 30871
3213283 3244263 30980
3222286 3245847 23561
3212462 3245913 33451
3215988 3246573 30585
3218960 3247167 28207
3221409 3252051 30642
3224329 3253701 29372
3229382 3254229 24847
3237046 3254757 17711
3237649 3267759 30110
3229466 3267858 38392
3248427 3269343 20916
3264151 3273897 9746
3256566 3277692 21126
3262442 3280134 17692
3269150 3282081 12931
3259823 3285744 25921
3268647 3286437 17790
3280654 3286998 6344
3266020 3287856 21836
3259847 3289209 29362
3247140 3291882 44742
3251729 3292245 40516
3260285 3292806 32521
3267330 3293829 26499
3256997 3294060 37063
3269556 3300066 30510
3270548 3301683 31135
3283972 3302211 18239
3280563 3309900 29337
3292230 3312474 20244
3298563 3313596 15033
3276494 3315378 38884
3286256 3315774 29518
3288464 3315939 27475
3303117 3316797 13680
3318064 3324420 6356
3305206 3325707 20501
3311296 3326235 14939
3307753 3328677 20924
3312494 3329700 17206
3288168 3333858 45690
3315848 3335937 20089
3324137 3337752 13615
3304269 3339864 35595
3310860 3340260 29400
3316890 3340821 23931
3323388 3341415 18027
3318989 3342075 23086
3319268 3342636 23368
3301683 3343197 41514
3333046 3349203 16157
3332534 3352140 19606
3333772 3357849 24077
3333772 3359928 26156
3326690 3363855 37165
3344066 3364746 20680
3343506 3365835 22329
3347359 3366066 18707
3343215 3372600 29385
3363114 3372897 9783
3337870 3381873 44003
3359564 3382434 22870
3371268 3383226 11958
3349150 3385206 36056
3362567 3386295 23728
3326019 3387879 61860
3372280 3388275 15995
3348877 3388407 39530
3349086 3389001 39915
3352364 3389562 37198
3340912 3389826 48914
3362951 3390057 27106
3354958 3390354 35396
3356979 3390948 33969
3365194 3391509 26315
3369135 3392103 22968
3389942 3395898 5956
3390049 3396393 6344
3389374 3399165 9791
3386731 3400122 13391
3357730 3405864 48134
3386046 3405897 19851
3388605 3406293 17688
3370447 3406425 35978
3376235 3407019 30784
3382509 3407943 25434
3368478 3411870 43392
3378316 3413850 35534
3377834 3414048 36214
3392795 3414411 21616
3379543 3414609 35066
3394100 3421704 27604
3398055 3429855 31800
3402115 3430251 28136
3397277 3430383 33106
3407857 3430779 22922
3425307 3431637 6330
3401753 3431835 30082
3406215 3435861 29646
3406494 3436257 29763
3400519 3437841 37322
3400110 3438072 37962
3415180 3438369 23189
3418219 3438666 20447
3417433 3438963 21530
3420427 3439227 18800
3427470 3441900 14430
3417235 3445695 28460
3440105 3446058 5953
3442289 3449028 6739
3442230 3453186 10956
3426089 3455694 29605
3416172 3459885 43713
3428700 3461337 32637
3433681 3462063 28382
3440158 3462393 22235
3459046 3467871 8825
3462076 3468036 5960
3445837 3468069 22232
3440661 3469686 29025
3443269 3469719 26450
3456071 3470280 14209
3448988 3478266 29278
3454569 3478794 24225
3461798 3479289 17491
3462931 3481566 18635
3450913 3483876 32963
3447951 3484272 36321
3465434 3486054 20620
3458018 3486351 28333
3468877 3486582 17705
3469283 3495723 26440
3453173 3501861 48688
3453587 3502455 48868
3468047 3503049 35002
3470402 3503709 33307
3455520 3508263 52743
3474946 3508296 33350
3486706 3509352 22646
3480596 3509847 29251
3471984 3510045 38061
3491032 3510375 19343
3487371 3510573 23202
3490348 3511167 20819
3493910 3511728 17818
3495692 3520143 24451
3495370 3525753 30383
3524450 3530769 6319
3488195 3531363 43168
3493284 3532419 39135
3498359 3533046 34687
3496733 3534399 37666
3509146 3534960 25814
3534601 3540570 5969
3535491 3541461 5970
3528712 3544134 15422
3525319 3546279 20960
3528518 3546807 18289
3509175 3549876 40701
3533365 3549909 16544
3531268 3555882 24614
3496318 3556245 59927
3527219 3556806 29587
3532722 3557400 24678
3535464 3557829 22365
3535640 3557928 22288
3523002 3558060 35058
3542448 3565683 23235
3550512 3566211 15699
3557982 3568323 10341
3530775 3573867 43092
3555976 3573900 17924
3569114 3575418 6304
3558000 3580269 22269
3544622 3581853 37231
3566702 3590235 23533
3589082 3595053 5971
3588771 3595086 6315
3573388 3598782 25394
3582400 3599277 16877
3561901 3599838 37937
3567232 3600366 33134
3561948 3601554 39606
3563570 3603864 40294
3559025 3604260 45235
3574294 3604821 30527
3572010 3605349 33339
3575068 3605943 30875
3588645 3606603 17958
3585019 3613698 28679
3572669 3621882 49213
3596231 3627360 31129
3584682 3627756 43074
3590246 3629835 39589
3591665 3630066 38401
3593244 3630627 37383
