2615 23463 20848
9851 24618 14767
15061 37389 22328
36147 45936 9789
35562 46101 10539
26495 48477 21982
25982 50622 24640
32414 51150 18736
12150 53592 41442
38753 56628 17875
43752 58509 14757
29019 61380 32361
36046 72633 36587
40026 73194 33168
40857 73788 32931
54717 74382 19665
49156 74613 25457
48658 77616 28958
51277 78144 26867
19204 78672 59468
61857 78672 16815
38486 80619 42133
57400 81180 23780
60845 81774 20929
62278 82335 20057
52506 82533 30027
50128 84843 34715
80331 86295 5964
65466 90618 25152
67299 93423 26124
78234 94017 15783
76752 99165 22413
93942 103257 9315
75688 104610 28922
91192 105138 13946
90737 106524 15787
75706 109296 33590
71163 114609 43446
87250 117447 30197
103882 120351 16469
97084 120615 23531
83125 122628 39503
88071 123189 35118
87109 125598 38489
84339 126126 41787
111671 127215 15544
111680 128634 16954
109432 131043 21611
111887 132099 20212
107774 138864 31090
100243 139425 39182
134905 141240 6335
118889 144639 25750
128298 146619 18321
100061 149622 49561
91227 150150 58923
121745 152625 30880
122610 155595 32985
123351 156849 33498
138322 165297 26975
134065 173613 39548
162743 174735 11992
165006 175494 10488
159067 178530 19463
163468 179058 15590
155696 186483 30787
156503 186846 30343
156031 187209 31178
177276 191466 14190
178296 192060 13764
177742 192621 14879
179732 193281 13549
159426 194634 35208
168768 195195 26427
173717 195657 21940
175573 196350 20777
175612 200607 24995
179251 202158 22907
161353 204864 43511
168176 205326 37150
204014 210738 6724
187978 213444 25466
216203 222519 6316
191482 224631 33149
204705 224697 19992
199968 227601 27633
185777 228855 43078
195378 230043 34665
203732 234630 30898
228770 234729 5959
192160 234861 42701
208451 235191 26740
193979 235422 41443
205979 235950 29971
208955 236940 27985
192095 245619 53524
200034 246147 46113
237839 248358 10519
225267 248622 23355
226417 249216 22799
236895 251262 14367
207513 251592 44079
210211 252120 41909
239174 252681 13507
227092 252846 25754
227254 258621 31367
229815 259182 29367
245977 261426 15449
239942 264627 24685
228942 266607 37665
219437 269610 50173
263541 269874 6333
225247 270072 44825
244528 272118 27590
235115 276738 41623
240952 278025 37073
240076 282612 42536
248865 282843 33978
259077 285450 26373
274231 287463 13232
272558 288486 15928
254585 290631 36046
250176 293601 43425
284453 294723 10270
261338 300861 39523
279438 306636 27198
276499 306867 30368
289890 309441 19551
289538 312609 23071
307271 313236 5965
303045 313995 10950
277580 314622 37042
273902 315183 41281
288752 315777 27025
295468 316305 20837
293242 317097 23855
298498 321156 22658
303346 321717 18371
292198 322509 30311
321758 330297 8539
299772 330858 31086
306203 332475 26272
308119 333432 25313
305838 336567 30729
285557 337095 51538
304643 337623 32980
319709 338151 18442
305046 338613 33567
325917 338811 12894
315076 339141 24065
301106 341616 40510
304256 342177 37921
307806 342804 34998
313543 343200 29657
293053 343860 50807
320909 344619 23710
326462 345180 18718
320915 348150 27235
336883 348678 11795
337723 348678 10955
325938 354618 28680
317817 354849 37032
322976 355179 32203
324943 355344 30401
310444 355410 44966
336886 355740 18854
352308 358248 5940
353096 361020 7924
347020 361581 14561
342111 368610 26499
344072 369138 25066
347216 370161 22945
355534 370524 14990
340948 372867 31919
342744 373428 30684
343923 374022 30099
358024 377124 19100
332186 378609 46423
333458 379071 45613
354016 380325 26309
372131 384351 12220
358318 384615 26297
339709 386628 46919
395444 401412 5968
375829 402633 26804
379750 408639 28889
370469 410619 40150
385124 411147 26023
378970 411576 32606
369573 413622 44049
403413 414117 10704
370212 414216 44004
376183 414843 38660
397559 415338 17779
392652 417747 25095
403999 418407 14408
385463 420849 35386
417111 423060 5949
385624 426624 41000
399884 427152 27268
403316 427713 24397
414955 432036 17081
392051 432630 40579
386241 433191 46950
399559 434610 35051
400396 435072 34676
406142 437613 31471
425397 438702 13305
426894 438735 11841
410327 440616 30289
418771 442530 23759
421430 443058 21628
426904 443586 16682
409365 450615 41250
415716 451143 35427
409156 451704 42548
433362 456621 23259
401311 461604 60293
436717 468864 32147
463237 469194 5957
440843 469425 28582
441745 470052 28307
421567 470448 48881
449749 474639 24890
457195 474870 17675
439156 475167 36011
456432 479919 23487
436862 482625 45763
450844 483186 32342
454042 483780 29738
470532 486717 16185
462447 488631 26184
464838 490050 25212
457507 498630 41123
467998 498861 30863
463152 499191 36039
475115 499719 24604
490501 504471 13970
474828 506616 31788
486251 510741 24490
487400 512622 25222
499505 514503 14998
479554 516846 37292
488671 517407 28736
493154 522852 29698
499855 523380 23525
503698 524931 21233
497403 528627 31224
502416 528693 26277
500273 533610 33337
507651 534138 26487
509631 536118 26487
517063 537768 20705
527101 538263 11162
516410 538527 22117
528895 539253 10358
522337 540507 18170
497788 540870 43082
499715 541464 41749
534782 549054 14272
510821 552618 41797
525806 560604 34798
537453 561165 23712
545301 561759 16458
516630 564861 48231
527783 565422 37639
539101 565983 26882
540129 570900 30771
547634 573441 25807
540536 581592 41056
550807 582153 31346
538671 584628 45957
563941 585255 21314
568188 586509 18321
555456 594627 39171
565245 594858 29613
586519 597036 10517
583458 597432 13974
549969 600633 50664
590488 600897 10409
569899 601194 31295
578634 608619 29985
600678 610962 10284
571347 612843 41496
610002 620367 10365
611158 621291 10133
596879 624624 27745
589821 626604 36783
598860 627759 28899
604091 628584 24493
605609 632610 27001
619232 633138 13906
593565 636867 43302
590376 637395 47019
610076 642609 32533
611628 643170 31542
619483 645447 25964
612715 648615 35900
612136 650628 38492
646301 652245 5944
626529 653598 27069
642967 656634 13667
627414 658515 31101
617286 660726 43440
640101 665676 25575
620796 666501 45705
625188 667227 42039
641372 667392 26020
625189 667854 42665
639207 669306 30099
650752 672639 21887
657198 673167 15969
662224 673662 11438
636844 677622 40778
656418 678711 22293
619788 680625 60837
662824 681153 18329
672693 682968 10275
671256 696630 25374
670191 701613 31422
689831 703296 13465
684947 704616 19669
680798 708147 27349
674297 708873 34576
673247 714615 41368
670939 714846 43907
687068 715044 27976
691590 715704 24114
700524 717420 16896
709463 717552 8089
682148 722634 40486
688277 723096 34819
682796 725604 42808
693477 726132 32655
714849 728607 13758
717804 730488 12684
707294 732501 25207
694329 732864 38535
699980 733425 33445
698627 738639 40012
729274 740289 11015
711456 744612 33156
730915 745140 14225
718290 746625 28335
711681 747153 35472
716430 748275 31845
709839 749595 39756
714024 750156 36132
715013 750651 35638
721578 751377 29799
727685 752631 24946
734759 753159 18400
713859 755601 41742
726660 756129 29469
715602 756855 41253
731838 757416 25578
713614 758010 44396
744819 762498 17679
727762 762630 34868
730511 763191 32680
722652 764346 41694
748891 765435 16544
749339 765501 16162
738393 768636 30243
748279 769197 20918
760256 770055 9799
746697 770616 23919
747949 771078 23129
731072 771738 40666
768318 774279 5961
756441 776622 20181
751160 780846 29686
751963 781407 29444
759175 782034 22859
772645 786192 13547
767173 786852 19679
755555 786885 31330
771742 792627 20885
778429 793155 14726
778931 793485 14554
759302 793650 34348
767305 793683 26378
749569 797610 48041
758155 798171 40016
786234 799293 13059
770270 800118 29848
764230 804870 40640
768643 805398 36755
773207 805860 32653
784753 806520 21767
777941 810612 32671
764442 810843 46401
784513 811140 26627
779727 811371 31644
771109 816618 45509
783801 817146 33345
778030 821601 43571
788654 822129 33475
790892 828861 37969
804694 834867 30173
811531 840609 29078
803772 842622 38850
815377 843183 27806
797817 845592 47775
829749 850146 20397
809689 852852 43163
832880 853380 20500
835192 858363 23171
819514 858627 39113
827841 859188 31347
834672 860475 25803
836332 861432 25100
841221 864468 23247
835512 866613 31101
840937 867174 26237
841328 867801 26473
848922 868362 19440
843485 868758 25273
835103 869616 34513
853054 870738 17684
846163 872619 26456
848987 876084 27097
838673 882618 43945
845950 883179 37229
842135 883377 41242
849325 883806 34481
840488 884334 43846
865777 885423 19646
863230 888624 25394
852841 890604 37763
855406 891165 35759
864510 893607 29097
839889 896115 56226
864738 897138 32400
880674 898293 17619
882806 898821 16015
883818 899382 15564
879730 900867 21137
867694 906609 38915
868997 906873 37876
876128 907170 31042
878541 907797 29256
891018 909447 18429
904553 910503 5950
871923 912615 40692
907416 913374 5958
878348 914628 36280
877540 917598 40058
894523 920634 26111
907496 921162 13666
894900 924858 29958
882196 925419 43223
892197 926574 34377
882357 927102 44745
897836 930633 32797
896226 930864 34638
898452 931425 32973
907697 932019 24322
903651 936639 32988
912662 936936 24274
904987 938619 33632
917117 939147 22030
892215 941622 49407
909984 942150 32166
883537 942579 59042
932888 945186 12298
919524 947595 28071
921762 948123 26361
927017 949113 22096
916402 954855 38453
924643 955383 30740
912150 960630 48480
937682 961158 23476
939185 961752 22567
923762 962478 38716
933595 963105 29510
945247 968616 23369
927437 972873 45436
942110 973434 31324
971025 976965 5940
967104 984357 17253
951139 984621 33482
947554 985149 37595
947620 985743 38123
952857 986304 33447
953391 986502 33111
973932 986964 13032
948843 989604 40761
972503 992607 20104
964705 994521 29816
970434 996864 26430
963449 997392 33943
957841 1002639 44798
973126 1008612 35486
961043 1010625 49582
984973 1016631 31658
986357 1017192 30835
992229 1017786 25557
987304 1018512 31208
996145 1020855 24710
1010172 1023231 13059
1015687 1025112 9425
983399 1026630 43231
996579 1026861 30282
1024495 1031910 7415
998795 1032636 33841
999512 1033230 33718
990545 1037619 47074
1008597 1040622 32025
1020414 1041183 20769
1037081 1043031 5950
1020743 1044483 23740
1006855 1044846 37991
1022326 1045374 23048
1042921 1049103 6182
1018307 1050621 32314
1021861 1050852 28991
1030332 1051380 21048
1036776 1052502 15726
1030201 1056627 26426
1028538 1058607 30069
1035823 1059630 23807
1037041 1060323 23282
1013442 1061610 48168
1049387 1064679 15292
1041808 1066527 24719
1053797 1067055 13258
1042656 1068870 26214
1028656 1069398 40742
1054520 1074843 20323
1070671 1077582 6911
1059374 1080024 20650
1048485 1080123 31638
1051962 1081179 29217
1053535 1082301 28766
1048915 1082631 33716
1050981 1083192 32211
1057924 1083687 25763
1061636 1084380 22744
1040607 1085601 44994
1042639 1086162 43523
1051342 1091607 40265
1052982 1092729 39747
1082469 1092762 10293
1084243 1094643 10400
1055409 1098636 43227
1080050 1099164 19114
1080798 1104609 23811
1085604 1105137 19533
1090751 1105698 14947
1095995 1106292 10297
1059539 1109592 50053
1094031 1112628 18597
1095576 1114509 18933
1092379 1122858 30479
1097664 1125300 27636
1103015 1128633 25618
1108742 1129194 20452
1112739 1129293 16554
1088961 1133616 44655
1121892 1137147 15255
1125051 1137807 12756
1124074 1138533 14459
1103718 1140711 36993
1120034 1141371 21337
1124151 1142130 17979
1114705 1146618 31913
1122103 1147146 25043
1122210 1152624 30414
1112192 1153152 40960
1129575 1153713 24138
1125401 1157607 32206
1148947 1159818 10871
1138888 1164735 25847
1141776 1170609 28833
1139695 1170873 31178
1128984 1171137 42153
1158862 1173447 14585
1159874 1175460 15586
1133765 1176615 42850
1140234 1177176 36942
1152927 1177704 24777
1145770 1178628 32858
1140921 1181598 40677
1144085 1182159 38074
1168643 1184634 15991
1172258 1186713 14455
1177752 1188033 10281
1139964 1188858 48894
1168070 1189254 21184
1149089 1189947 40858
1163248 1194633 31385
1165951 1195194 29243
1171150 1195656 24506
1182824 1200144 17320
1186051 1200375 14324
1163806 1205622 41816
1179465 1206711 27246
1196228 1207767 11539
1188945 1211034 22089
1201518 1217106 15588
1202308 1217667 15359
1183707 1218855 35148
1202596 1222122 19526
1194189 1224630 30441
1191949 1226610 34661
1192660 1229613 36953
1207469 1235619 28150
1216682 1236147 19465
1195296 1236873 41577
1210360 1242615 32255
1227982 1245288 17306
1231169 1248357 17188
1215467 1248621 33154
1219646 1253604 33958
1219950 1254198 34248
1235162 1254660 19498
1228484 1255320 26836
1233983 1259610 25627
1231399 1260138 28739
1254222 1260534 6312
1247525 1260633 13108
1237631 1261425 23794
1227083 1266639 39556
1228070 1266870 38800
1243683 1267398 23715
1234302 1272612 38310
1250692 1273140 22448
1257462 1273701 16239
1268750 1274691 5941
1227890 1277595 49705
1234026 1278750 44724
1234450 1279146 44696
1264914 1284063 19149
1249988 1284855 34867
1230494 1290630 60136
1266014 1290861 24847
1260794 1291389 30595
1283562 1293831 10269
1251737 1301619 49882
1268647 1302180 33533
1261704 1302741 41037
1285351 1306503 21152
1295609 1307064 11455
1297444 1313631 16187
1273014 1314621 41607
1301751 1318020 16269
1286654 1320132 33478
1281960 1322607 40647
1287324 1323168 35844
1291103 1325610 34507
1292469 1328613 36144
1309740 1329174 19434
1319078 1329768 10690
1303940 1331022 27082
1310750 1332111 21361
1302949 1333431 30482
1308554 1334025 25471
1292777 1338612 45835
1309221 1339173 29952
1309315 1339800 30485
1297644 1340328 42684
1302513 1346631 44118
1304983 1347159 42176
1316141 1347753 31612
1290203 1349601 59398
1320016 1350129 30113
1330242 1350624 20382
1311655 1352109 40454
1336636 1353165 16529
1336568 1354518 17950
1311687 1362636 50949
1344579 1362768 18189
1314773 1362867 48094
1317929 1363164 45235
1327140 1363395 36255
1328408 1363626 35218
1335108 1365441 30333
1331128 1368609 37481
1331619 1370622 39003
1326440 1373592 47152
1343769 1376628 32859
1359254 1377189 17935
1347147 1378476 31329
1354088 1379004 24916
1358171 1379037 20866
1364846 1380093 15247
1349701 1386627 36926
1369188 1386726 17538
1339724 1386858 47134
1340176 1386924 46748
1350530 1387122 36592
1345567 1388013 42446
1360178 1389300 29122
1362199 1392138 29939
1364862 1393194 28332
1365356 1393821 28465
1367801 1394613 26812
1353281 1395174 41893
1372323 1395603 23280
1383280 1399299 16019
1369679 1400619 30940
1374360 1401180 26820
1376839 1401807 24968
1374273 1403622 29349
1384021 1404150 20129
1365383 1404843 39460
1370328 1405404 35076
1371648 1406031 34383
1377257 1410618 33361
1365218 1410849 45631
1381089 1411179 30090
1367473 1411410 43937
1384051 1411773 27722
1372898 1411971 39073
1396451 1416888 20437
1377252 1418604 41352
1372123 1421607 49484
1382317 1422135 39818
1390876 1422729 31853
1393350 1428867 35517
1391956 1429428 37472
1393777 1430022 36245
1404812 1434873 30061
1415819 1437315 21496
1403557 1441209 37652
1403952 1441836 37884
1407772 1442628 34856
1410542 1443750 33208
1403922 1445598 41676
1414698 1448634 33936
1429032 1449195 20163
1403402 1451604 48202
1412633 1452858 40225
1429952 1454046 24094
1415757 1454574 38817
1432105 1458633 26528
1433533 1459161 25628
1441747 1461438 19691
1448716 1466619 17903
1428971 1469622 40651
1421919 1472625 50706
1439555 1473153 33598
1455505 1473747 18242
1444276 1474506 30230
1464963 1475232 10269
1455056 1476486 21430
1439728 1482492 42764
1444037 1483053 39016
1464986 1485429 20443
1467838 1488630 20792
1470851 1489191 18340
1457604 1493613 36009
1458851 1494141 35290
1459323 1494735 35412
1471952 1496616 24664
1476140 1499619 23479
1473763 1500576 26813
1487953 1501104 13151
1461995 1506615 44620
1471144 1506846 35702
1479995 1507143 27148
1472758 1507374 34616
1488163 1511928 23765
1474823 1517472 42649
1475426 1518198 42772
1490377 1520607 30230
1504320 1520640 16320
1482926 1523610 40684
1510207 1524204 13997
1518612 1524567 5955
1499752 1530639 30887
1493674 1530870 37196
1502135 1533378 31243
1494559 1541595 47036
1493951 1544631 50680
1510239 1545159 34920
1517980 1545753 27773
1527350 1546413 19063
1530813 1546908 16095
1522625 1547601 24976
1532008 1548129 16121
1535009 1554465 19456
1513262 1554630 41368
1534040 1556940 22900
1524821 1562616 37795
1525227 1563210 37983
1528317 1563837 35520
1560113 1566081 5968
1540448 1569216 28768
1562472 1574661 12189
1542728 1578852 36124
1556812 1581294 24482
1536556 1584627 48071
1558375 1584660 26285
1564472 1585683 21211
1546173 1586475 40302
1561244 1587201 25957
1541812 1589478 47666
1583138 1594659 11521
1564677 1596870 32193
1592294 1600995 8701
1556685 1602612 45927
1569197 1603074 33877
1572360 1603800 31440
1581175 1610631 29456
1569423 1613601 44178
1595508 1614129 18621
1590385 1616604 26219
1588710 1626504 37794
1615249 1632378 17129
1593266 1632609 39343
1595693 1632642 36949
1595488 1633698 38210
1604528 1634259 29731
1615452 1634292 18840
1582851 1634622 51771
1595498 1635084 39586
1616110 1635348 19238
1608877 1635777 26900
1610989 1636338 25349
1596574 1637592 41018
1597636 1640628 42992
1596501 1644852 48351
1626728 1646139 19411
1606601 1650627 44026
1607268 1651221 43953
1620728 1651848 31120
1622295 1652442 30147
1621436 1656633 35197
1620909 1658613 37704
1638662 1659141 20479
1639408 1659636 20228
1612928 1661616 48688
1613717 1662111 48394
1635234 1662771 27537
1633864 1664619 30755
1648943 1668843 19900
1644341 1674849 30508
1661561 1677291 15730
1657061 1680624 23563
1672150 1680624 8474
1674194 1681185 6991
1637604 1682604 45000
1650817 1683627 32810
1659100 1684320 25220
1639281 1685607 46326
1656414 1686135 29721
1666018 1689204 23186
1685274 1691217 5943
1660019 1691613 31594
1660284 1692174 31890
1648573 1693395 44822
1661720 1693956 32236
1655064 1698609 43545
1662656 1699170 36514
1658497 1704120 45623
1668232 1706628 38396
1683110 1707189 24079
1673294 1709598 36304
1702308 1709829 7521
1680697 1710159 29462
1649423 1710720 61297
1673371 1712634 39263
1679474 1713195 33721
1690138 1715604 25466
1696740 1716132 19392
1696531 1716858 20327
1707995 1725438 17443
1718188 1727385 9197
1699446 1728639 29193
1704390 1733490 29100
1718304 1735239 16935
1680424 1736625 56201
1684487 1736724 52237
1710168 1737252 27084
1722367 1738275 15908
1714066 1738506 24440
1698448 1740849 42401
1715425 1746360 30935
1717978 1746624 28646
1735529 1748472 12943
1727196 1749429 22233
1722787 1752630 29843
1717844 1754610 36766
1718787 1755105 36318
1717981 1757613 39632
1731843 1760616 28773
1756326 1762266 5940
1747203 1763289 16086
1737011 1763619 26608
1733833 1764147 30314
1738248 1764147 25899
1737736 1764477 26741
1728340 1764873 36533
1757058 1765005 7947
1739273 1765401 26128
1752833 1769097 16264
1729115 1770846 41731
1760389 1773453 13064
1769249 1775565 6316
1769868 1776192 6324
1755019 1776621 21602
1760830 1778634 17804
1732492 1781472 48980
1746702 1782198 35496
1757448 1782693 25245
1755375 1784607 29232
1756422 1786521 30099
1751589 1788864 37275
1751580 1789425 37845
1766840 1789986 23146
1776921 1794639 17718
1770424 1800612 30188
1782605 1801173 18568
1783570 1801767 18197
1785248 1802328 17080
1767333 1802493 35160
1782519 1808136 25617
1785769 1809192 23423
1786262 1809819 23557
1806865 1812822 5957
1786976 1812855 25879
1787998 1813317 25319
1792332 1814010 21678
1809228 1815759 6531
1774526 1818630 44104
1796895 1824636 27741
1796015 1824669 28654
1808362 1824900 16538
1799900 1825263 25363
1804464 1826319 21855
1791034 1829487 38453
1794939 1830213 35274
1802389 1830807 28418
1810959 1837407 26448
1822487 1838133 15646
1809615 1842621 33006
1838188 1844139 5951
1817516 1845426 27910
1817326 1848627 31301
1827126 1849155 22029
1809329 1850607 41278
1819500 1851168 31668
1826799 1851795 24996
1846661 1853016 6355
1804750 1853610 48860
1820835 1860870 40035
1842891 1862124 19233
1822406 1866612 44206
1850487 1868955 18468
1863078 1872585 9507
1829236 1877601 48365
1848918 1878063 29145
1819864 1880109 60245
1853685 1880637 26952
1869285 1881693 12408
1861689 1882056 20367
1847168 1884861 37693
1848760 1890636 41876
1862120 1891197 29077
1867989 1893441 25452
1879747 1896609 16862
1880323 1897137 16814
1872177 1904133 31956
1890463 1908489 18026
1871502 1908720 37218
1893207 1909050 15843
1898110 1910667 12557
1891637 1917300 25663
1895213 1920633 25420
1914492 1920798 6306
1884774 1922613 37839
1913387 1927233 13846
1878735 1928619 49884
1885669 1929180 43511
1903957 1930533 26576
1907148 1930566 23418
1900314 1932711 32397
1917428 1933041 15613
1934938 1946010 11072
1913563 1946604 33041
1906405 1949607 43202
1927307 1952610 25303
1919914 1953138 33224
1934913 1954293 19380
1936200 1955382 19182
1914202 1955613 41411
1929707 1956141 26434
1931700 1956141 24441
1943234 1956636 13402
1917644 1956867 39223
1925824 1957428 31604
1926804 1958055 31251
1930953 1958649 27696
1944050 1961751 17701
1924756 1962609 37853
1935862 1963137 27275
1944717 1965447 20730
1932223 1968120 35897
1935871 1969143 33272
1929662 1970496 40834
1934652 1973598 38946
1960401 1976634 16233
1963519 1978152 14633
1951046 1980858 29812
1954920 1986633 31713
1973733 1993200 19467
1978868 1993761 14893
1944122 1994619 50497
1951231 1995180 43949
1955855 1995741 39886
1976343 1996269 19926
1969061 2000625 31564
1975478 2001186 25708
1975648 2001813 26165
1964616 2003595 38979
1976002 2004123 28121
1974341 2004849 30508
1976178 2005410 29232
1982586 2006664 24078
1981483 2016135 34652
1986179 2017158 30979
1999824 2017752 17928
1966352 2018610 52258
1985469 2019171 33702
1998211 2019732 21521
2000866 2020260 19394
1993708 2024616 30908
2011882 2025177 13295
2013673 2027091 13418
2015846 2027619 11773
2006156 2029434 23278
2001745 2034846 33101
2001618 2035407 33789
2009485 2036496 27011
2022033 2038113 16080
2012473 2040126 27653
2004606 2042634 38028
2009511 2045604 36093
2000426 2046132 45706
2018256 2048112 29856
2031243 2048673 17430
2025263 2052864 27601
2018212 2053392 35180
2020223 2053986 33763
2013335 2058639 45304
2049249 2059926 10677
2043440 2064612 21172
2044709 2064678 19969
2049530 2065734 16204
2040845 2066625 25780
2063575 2069529 5954
2031329 2069595 38266
2047626 2070651 23025
2044804 2074512 29708
2056102 2075502 19400
2069598 2075568 5970
2038250 2082630 44380
2044494 2083191 38697
2048068 2083818 35750
2050274 2084313 34039
2054293 2085435 31142
2052117 2088636 36519
2056988 2089197 32209
2052900 2093619 40719
2053335 2094180 40845
2059617 2096622 37005
2067966 2096688 28722
2076609 2098173 21564
2083942 2098503 14561
2062630 2106489 43859
2085445 2106852 21407
2078249 2107215 28966
2094161 2112033 17872
2096951 2112627 15676
2074028 2114607 40579
2085234 2115168 29934
2074593 2117610 43017
2084480 2120613 36133
2099932 2121174 21242
2112199 2123220 11021
2100051 2123616 23565
2082314 2124870 42556
2089938 2130612 40674
2088685 2130843 42158
2094908 2130909 36001
2102687 2131041 28354
2098739 2131734 32995
2099558 2136618 37060
2117145 2138631 21486
2112093 2141601 29508
2130385 2142129 11744
2123068 2148861 25793
2108646 2154636 45990
2128391 2160609 32218
2135154 2162622 27468
2122892 2165460 42568
2137158 2166120 28962
2144115 2172852 28737
2142151 2178858 36707
2146990 2179188 32198
2164333 2184369 20036
2147617 2184633 37016
2144008 2186613 42605
2183042 2188989 5947
2147177 2189616 42439
2148698 2190177 41479
2155888 2190771 34883
2177812 2191299 13487
2165271 2196843 31572
2166711 2197437 30726
2169818 2198064 28246
2164544 2202618 38074
2166526 2203179 36653
2174413 2203773 29360
2174897 2204169 29272
2185001 2208624 23623
2170463 2213607 43144
2180727 2214135 33408
2183445 2214564 31119
2194261 2216115 21854
2179537 2219613 40076
2193774 2220141 26367
2197866 2220867 23001
2215807 2221758 5951
2216721 2222682 5961
2182340 2226609 44269
2197051 2227071 30020
2200122 2227764 27642
2200148 2229447 29299
2213713 2232615 18902
2217714 2233143 15429
2213425 2234628 21203
2222014 2242515 20501
2223005 2243076 20071
2233754 2244033 10279
2224134 2245353 21219
2219880 2250864 30984
2232714 2255484 22770
2235466 2255913 20447
2218831 2258619 39788
2229661 2259081 29420
2223543 2261622 38079
2221174 2262150 40976
2250472 2274624 24152
2259131 2277429 18298
2252043 2280630 28587
2253711 2281191 27480
2248641 2285613 36972
2248911 2286207 37296
2273896 2286735 12839
2253394 2286834 33440
2274939 2287296 12357
2267680 2288616 20936
2270663 2289177 18514
2261906 2290530 28624
2262667 2291091 28424
2286607 2294688 8081
2263319 2298615 35296
2271076 2301420 30344
2272793 2301453 28660
2271063 2304621 33558
2274264 2306634 32370
2277394 2308515 31121
2300920 2314521 13601
2294492 2316864 22372
2305003 2319240 14237
2291573 2322639 31066
2301718 2325444 23726
2313267 2328876 15609
2320729 2329536 8807
2294761 2333595 38834
2324135 2334717 10582
2310920 2336631 25711
2322448 2337720 15272
2322697 2337753 15056
2291975 2339601 47626
2328916 2340129 11213
2327527 2340492 12965
2291560 2340855 49295
2312407 2346630 34223
2303988 2352636 48648
2333395 2353164 19769
2313303 2354616 41313
2331679 2355144 23465
2300682 2357619 56937
2326853 2360622 33769
2335433 2362503 27070
2350280 2365044 14764
2333803 2370621 36818
2352242 2373426 21184
2343787 2378607 34820
2351156 2379135 27979
2351653 2379696 28043
2342287 2381610 39323
2364087 2382204 18117
2356387 2385207 28820
2354844 2388870 34026
2354870 2389431 34561
2358583 2394843 36260
2385395 2396394 10999
2352182 2400618 48436
2373908 2401146 27238
2374268 2405601 31333
2365157 2408604 43447
2375732 2409165 33433
2372590 2412861 40271
2402586 2412861 10275
2397570 2414676 17106
2385033 2418867 33834
2407543 2424378 16835
2396354 2424642 28288
2422830 2429592 6762
2397951 2435598 37647
2436474 2442429 5955
2426654 2447478 20824
2430789 2448633 17844
2436844 2449194 12350
2412933 2450613 37680
2432422 2451141 18719
2432420 2456619 24199
2431846 2457147 25301
2454799 2461107 6308
2458497 2466816 8319
2446981 2469423 22442
2462824 2472558 9734
2441115 2472624 31509
2444486 2473185 28699
2450915 2473449 22534
2451242 2473779 22537
2418793 2477607 58814
2450230 2478135 27905
2449112 2480610 31498
2458363 2481138 22775
2477935 2485395 7460
2446955 2490609 43654
2452072 2491170 39098
2452468 2491434 38966
2460246 2498628 38382
2467621 2499189 31568
2469566 2499816 30250
2451436 2501598 50162
2463172 2502159 38987
2463453 2502753 39300
2450196 2504634 54438
2481299 2506515 25216
2495501 2508495 12994
2477442 2508858 31416
2473655 2514633 40978
2480600 2515095 34495
2499646 2516481 16835
2511615 2517570 5955
2482593 2525622 43029
2508784 2526117 17333
2513751 2526645 12894
2500607 2528625 28018
2494157 2528658 34501
2504614 2529747 25133
2510957 2530308 19351
2529351 2535390 6039
2510188 2538624 28436
2513718 2538855 25137
2518174 2541297 23123
2532302 2544366 12064
2513995 2544630 30635
2516334 2545191 28857
2511203 2549613 38410
2544405 2551197 6792
2534942 2554497 19555
2533574 2554728 21154
2529578 2556873 27295
2522746 2557401 34655
2545824 2558127 12303
2537012 2565420 28408
2562279 2568588 6309
2527363 2570634 43271
2543803 2571195 27392
2525834 2573604 47770
2543148 2574165 31017
2554987 2574693 19706
2533318 2576607 43289
2549030 2577135 28105
2557831 2577729 19898
2558056 2578290 20234
2570415 2580699 10284
2540529 2586507 45978
2542183 2586870 44687
2563713 2594493 30780
2571229 2597595 26366
2580235 2598189 17954
2588121 2598750 10629
2567085 2600631 33546
2573353 2601192 27839
2579897 2602512 22615
2584255 2603040 18785
2583875 2604855 20980
2601463 2608023 6560
2567469 2610630 43161
2580081 2610861 30780
2593944 2611389 17445
2583259 2616636 33377
2595387 2617197 21810
2598862 2618616 19754
2609376 2621025 11649
2606030 2624622 18592
2618716 2625051 6335
2596509 2627592 31083
2597044 2628120 31076
2594138 2634621 40483
2595892 2634852 38960
2604759 2635149 30390
2614534 2639472 24938
2642146 2648118 5972
2631661 2650527 18866
2635707 2651055 15348
2642052 2661450 19398
2648805 2664354 15549
2660152 2666103 5951
2656845 2666763 9918
2661192 2672340 11148
2649520 2672604 23084
2640265 2677422 37157
2643700 2678049 34349
2654849 2678643 23794
2655399 2679270 23871
2646068 2682636 36568
2649032 2682867 33835
2655266 2683428 28162
2665101 2684946 19845
2667567 2688609 21042
2671564 2689203 17639
2648873 2693592 44719
2652409 2694153 41744
2653140 2694780 41640
2665454 2695209 29755
2667347 2695869 28522
2633284 2696364 63080
2674086 2696628 22542
2675736 2697189 21453
2678411 2698509 20098
2683405 2699037 15632
2644901 2700720 55819
2685153 2705109 19956
2687281 2705637 18356
2676028 2706858 30830
2697896 2712633 14737
2680666 2714613 33947
2682250 2717616 35366
2688004 2718177 30173
2694925 2718738 23813
2711694 2719134 7440
2714514 2725041 10527
2703647 2731377 27730
2699654 2731971 32317
2702921 2733423 30502
2719673 2733456 13783
2708803 2736624 27821
2700661 2738604 37943
2701219 2739165 37946
2693344 2741607 48263
2714106 2742003 27897
2695736 2744610 48874
2722659 2746524 23865
2733948 2747118 13170
2713501 2754609 41108
2729767 2755137 25370
2723734 2760615 36881
2722359 2765598 43239
2705429 2766126 60697
2708732 2766720 57988
2762029 2772297 10268
2748398 2772858 24460
2735649 2778633 42984
2736751 2778864 42113
2759290 2786619 27329
2775362 2790711 15349
2787002 2792955 5953
2771712 2793219 21507
2776468 2793813 17345
2772811 2796849 24038
2785976 2802855 16879
2781372 2805429 24057
2759690 2808135 48445
2785161 2809158 23997
2788951 2809752 20801
2783768 2810610 26842
2785391 2813613 28222
2794242 2814669 20427
2796752 2814735 17983
2798221 2815329 17108
2790611 2818530 27919
2795470 2819487 24017
2796126 2820048 23922
2787851 2820873 33022
2784068 2821434 37366
2782826 2826846 44020
2796051 2827374 31323
2801131 2829420 28289
2800504 2837604 37100
2809884 2840112 30228
2825309 2841201 15892
2832596 2843247 10651
2818836 2844864 26028
2819447 2845392 25945
2832282 2849682 17400
2803548 2850870 47322
2808404 2851398 42994
2832159 2853444 21285
2824034 2856612 32578
2829151 2856678 27527
2839887 2857734 17847
2820303 2858625 38322
2823140 2861595 38455
2827086 2862156 35070
2836873 2864631 27758
2851982 2866512 14530
2848078 2868492 20414
2838208 2868855 30647
2864421 2870505 6084
2839311 2874861 35550
2840905 2875422 34517
2835584 2875983 40399
2847370 2876940 29570
2847735 2880636 32901
2835797 2885619 49822
2844480 2886180 41700
2866438 2888622 22184
2873782 2889183 15401
2860995 2890503 29508
2863308 2891559 28251
2852165 2892846 40681
2862917 2898357 35440
2854836 2898621 43785
2872721 2904627 31906
2887912 2905188 17276
2882351 2907168 24817
2869587 2909610 40023
2881911 2912613 30702
2896940 2915583 18643
2885670 2915616 29946
2875127 2916870 41743
2870145 2917860 47715
2899131 2922612 23481
2913756 2928618 14862
2889136 2930631 41495
2904206 2931192 26986
2907370 2931786 24416
2892923 2933601 40678
2881763 2934129 52366
2904602 2936604 32002
2915355 2938155 22800
2924835 2938518 13683
2914656 2940861 26205
2903186 2941422 38236
2921952 2949441 27489
2921849 2954622 32773
2923492 2955183 31691
2926976 2955777 28801
2931237 2956338 25101
2935387 2956932 21545
2930924 2957592 26668
2927900 2960628 32728
2939089 2961189 22100
2942107 2961816 19709
2934719 2964852 30133
2943884 2965380 21496
2939425 2970627 31202
2963513 2973795 10282
2957885 2976633 18748
2962839 2977161 14322
2951419 2977656 26237
2945695 2978613 32918
2965645 2986533 20888
2965893 2987094 21201
2971577 2987622 16045
2949492 2988843 39351
2964415 2994618 30203
2973908 2994849 20941
2968524 2997423 28899
2988186 3010986 22800
2980083 3012867 32784
2969724 3013395 43671
3010553 3024351 13798
2986305 3026628 40323
2986713 3027090 40377
2993144 3027783 34639
2985747 3029598 43851
3020324 3031743 11419
3010448 3034515 24067
3025801 3036066 10265
3006484 3036858 30374
3015718 3045438 29720
3019629 3048639 29010
3016064 3049695 33631
3026672 3050223 23551
3015237 3050619 35382
3026861 3050784 23923
3018616 3051180 32564
3027156 3056625 29469
3015947 3059595 43648
3031863 3060123 28260
3048103 3060618 12515
3039462 3060849 21387
3048382 3061113 12731
3051032 3061707 10675
3021817 3066855 45038
3052974 3068934 15960
3046801 3072630 25829
3052227 3074478 22251
3034921 3077613 42692
3042704 3078174 35470
3045793 3078801 33008
3048362 3079395 31033
3057109 3084873 27764
3062061 3090846 28785
3078653 3093420 14767
3079754 3096621 16867
3090315 3096621 6306
3051917 3098634 46717
3077922 3099756 21834
3058850 3101604 42754
3081469 3106521 25052
3067717 3108864 41147
3096277 3110679 14402
3073627 3114639 41012
3079952 3114870 34918
3086780 3116949 30169
3113656 3119622 5966
3095253 3120084 24831
3096028 3120612 24584
3096286 3121140 24854
3112593 3121173 8580
3098117 3121701 23584
3093855 3128631 34776
3092587 3132855 40268
3100851 3133383 32532
3120757 3134109 13352
3094872 3138630 43758
3108844 3138861 30017
3111157 3139191 28034
3115333 3139752 24419
3126107 3141435 15328
3123556 3144636 21080
3128468 3145164 16696
3103943 3149619 45676
3123184 3150147 26963
3121567 3152622 31055
3127243 3154503 27260
3141099 3156483 15384
3122348 3156846 34498
3156202 3167472 11270
3162070 3168033 5963
3126106 3168627 42521
3141969 3169188 27219
3143717 3169782 26065
3152326 3170607 18281
3127672 3173610 45938
3145635 3174138 28503
3158763 3175227 16464
3141651 3176613 34962
3154201 3179583 25382
3149373 3179616 30243
3157662 3180573 22911
3140970 3180870 39900
3150004 3182058 32054
3178362 3184302 5940
3157643 3186843 29200
3164490 3188955 24465
3185111 3191430 6319
3165733 3192618 26885
3176546 3193179 16633
3178465 3193740 15275
3169263 3194235 24972
3157637 3197601 39964
3147724 3198129 50405
3180912 3202518 21606
3181426 3202716 21290
3188593 3203046 14453
3189020 3203607 14587
3166905 3204861 37956
3178544 3205389 26845
3179022 3205950 26928
3186797 3210636 23839
3164777 3210867 46090
3171918 3210933 39015
3176368 3212022 35654
3188730 3212484 23754
3189622 3213309 23687
3196852 3213474 16622
3177242 3216609 39367
3195811 3218622 22811
3175769 3221592 45823
3186136 3222120 35984
3202954 3222714 19760
3217580 3224001 6421
3193292 3224628 31336
3199855 3224694 24839
3195783 3227598 31815
3201520 3228159 26639
3192627 3228852 36225
3209072 3234627 25555
3209145 3235188 26043
3198738 3235419 36681
3210964 3237432 26468
3216754 3240633 23879
3210748 3242613 31865
3209566 3245616 36050
3197914 3248619 50705
3225350 3249147 23797
3235577 3249675 14098
3212936 3251622 38686
3221248 3252150 30902
3231279 3252843 21564
3221702 3253272 31570
3226176 3258618 32442
3211562 3258849 47287
3213578 3259410 45832
3224444 3260004 35560
3236392 3260565 24173
3248757 3261621 12864
3235199 3266604 31405
3238726 3269607 30881
3242032 3270135 28103
3243367 3270663 27296
3240356 3272610 32254
3244822 3274524 29702
3248035 3276867 28832
3247792 3278022 30230
3268162 3278121 9959
3249985 3278451 28466
3273706 3284325 10619
3268624 3284490 15866
3251963 3290628 38665
3261516 3291189 29673
3268915 3291783 22868
3242835 3293598 50763
3268006 3294720 26714
3265319 3296634 31315
3278981 3297195 18214
3274932 3298515 23583
3280511 3299043 18532
3274114 3300858 26744
3270262 3301386 31124
3296831 3302772 5941
3261840 3306633 44793
3267037 3306864 39827
3283125 3308943 25818
3291202 3312639 21437
3293514 3314619 21105
3276294 3317622 41328
3304026 3320625 16599
3310500 3326664 16164
3316211 3327225 11014
3290373 3330624 40251
3301114 3331185 30071
3305763 3331647 25884
3327403 3333363 5960
3303554 3333429 29875
3310610 3335475 24865
3299846 3336630 36784
3298363 3341613 43250
3322992 3344121 21129
3322983 3348873 25890
3335709 3349038 13329
3326495 3349434 22939
3319712 3354615 34903
3321942 3355176 33234
3339176 3357420 18244
3339995 3359466 19471
3325701 3362502 36801
3341024 3363129 22105
3335608 3365604 29996
3352482 3368112 15630
3330238 3372864 42626
3331987 3374085 42098
3360888 3374118 13230
3342581 3374679 32098
3363557 3377121 13564
3375993 3381939 5946
3366821 3384612 17791
3353257 3389595 36338
3361082 3390156 29074
3375751 3390717 14966
3330290 3390750 60460
3380291 3391278 10987
3373021 3392631 19610
3367245 3395601 28356
3365855 3396129 30274
3380090 3396624 16534
3369268 3396855 27587
3393280 3399231 5951
3372506 3402630 30124
3368129 3402861 34732
3372255 3410484 38229
3383013 3411210 28197
3377572 3411771 34199
3386360 3413487 27127
3389399 3419592 30193
3388846 3420153 31307
3396600 3420681 24081
3406348 3421209 14861
3396841 3426852 30011
3401502 3428931 27429
3418744 3429459 10715
3415309 3432627 17318
3426960 3433287 6327
3389627 3434607 44980
3390364 3437610 47246
3426968 3438732 11764
3415677 3440613 24936
3415118 3441141 26023
3415705 3441735 26030
3415965 3444870 28905
3414163 3450612 36449
3417156 3451173 34017
3422574 3453450 30876
3417389 3458631 41242
3438745 3459060 20315
3434221 3464604 30383
3439910 3465132 25222
3448210 3466518 18308
3426444 3468861 42417
3447929 3469983 22054
3443681 3474636 30955
3453347 3474867 21520
3446681 3477309 30628
3448205 3477474 29269
3441226 3482622 41396
3447217 3483183 35966
3438600 3485592 46992
3459473 3486714 27241
3450039 3491598 41559
3463957 3492852 28895
3458380 3498627 40247
3453301 3498858 45557
3475552 3504633 29081
3476788 3505194 28406
3465778 3506613 40835
3482139 3509616 27477
3486668 3512619 25951
3475106 3516843 41737
3494713 3522849 28136
3507104 3525423 18319
3512307 3525456 13149
3522167 3528129 5962
3506742 3528624 21882
3510018 3530604 20586
3508394 3538524 30130
3509150 3539085 29935
3521687 3539613 17926
3522346 3540141 17795
3530392 3540801 10409
3515045 3540867 25822
3524332 3542649 18317
3504369 3546609 42240
3514347 3546873 32526
3518225 3547038 28813
3510993 3547401 36408
3527664 3549447 21783
3529133 3551460 22327
3516083 3552615 36532
3521393 3554628 33235
3522851 3555123 32272
3549194 3555156 5962
3511211 3557466 46255
3518936 3558192 39256
3523955 3558819 34864
3539591 3559314 19723
3530576 3559347 28771
3527202 3560634 33432
3548680 3561261 12581
3544720 3564495 19775
3530677 3564858 34181
3551437 3565056 13619
3534678 3565419 30741
3538762 3570633 31871
3535289 3570864 35575
3549527 3570930 21403
3538701 3571161 32460
3543702 3576639 32937
3549954 3577200 27246
3559698 3584625 24927
3572358 3584790 12432
3556258 3594855 38597
3575969 3600135 24166
3582478 3600894 18416
3578410 3601191 22781
3567768 3602610 34842
3575531 3603171 27640
3578154 3608616 30462
3570377 3612873 42496
3584136 3613434 29298
3587523 3614061 26538
3582973 3618615 35642
3593083 3619176 26093
3585840 3626634 40794
3592909 3627195 34286
3589923 3629604 39681
3599758 3632607 32849
