132 6732 6600
2554 9240 6686
3092 9339 6247
1736 12507 10771
3160 13200 10040
7098 14388 7290
2803 16401 13598
8420 16500 8080
3516 17028 13512
7867 19503 11636
5073 19569 14496
2021 19602 17581
9763 19602 9839
4372 20130 15758
14024 21516 7492
3069 22671 19602
7463 22770 15307
6978 24024 17046
8960 24519 15559
8657 24552 15895
487 25872 25385
17134 25971 8837
10593 29205 18612
20425 30228 9803
14642 30261 15619
4122 32109 27987
12133 34122 21989
6330 34188 27858
12401 34650 22249
16196 35310 19114
16355 35310 18955
20317 35772 15455
22685 35838 13153
19978 37686 17708
21717 37884 16167
12792 38478 25686
29601 38973 9372
21840 39501 17661
13434 39534 26100
25827 39633 13806
14838 40887 26049
8123 41415 33292
9046 41943 32897
25829 42042 16213
29595 43329 13734
31120 45375 14255
20377 46992 26615
8792 48576 39784
12542 49104 36562
16622 49698 33076
12578 50226 37648
27473 50292 22819
35731 50589 14858
41465 51117 9652
30663 51315 20652
33728 51810 18082
27560 52800 25240
22786 53427 30641
31774 53493 21719
32553 53955 21402
38972 54582 15610
36483 55110 18627
24759 55473 30714
38171 55671 17500
16130 57156 41026
23067 57156 34089
30712 57189 26477
26623 58740 32117
25348 60357 35009
43310 61314 18004
38988 61512 22524
37557 62007 24450
35471 64515 29044
43455 64944 21489
44397 65604 21207
24178 66000 41822
53833 66396 12563
27762 66693 38931
18057 67848 49791
48242 68343 20101
19243 68475 49232
20366 69201 48835
32719 69894 37175
44617 71016 26399
47564 71115 23551
52121 71676 19555
49125 72171 23046
35604 72666 37062
48303 73821 25518
49102 74415 25313
37226 74910 37684
53724 75009 21285
30401 75438 45037
38706 75471 36765
40180 75471 35291
40173 76065 35892
41693 76560 34867
53700 76593 22893
56654 77022 20368
42744 77055 34311
36315 77583 41268
58205 78243 20038
53362 80322 26960
38496 80784 42288
40798 81345 40547
34510 81939 47429
72701 81939 9238
51435 82500 31065
58485 82533 24048
59189 84117 24928
46750 85668 38918
68918 85734 16816
69283 86295 17012
47554 86394 38840
60807 88968 28161
51372 89364 37992
57314 89496 32182
37303 89529 52226
45244 90090 44846
58271 90090 31819
61333 90387 29054
48286 90519 42233
71530 90651 19121
70235 90981 20746
44760 91080 46320
49090 91179 42089
70348 91542 21194
40617 91674 51057
51243 91707 40464
79410 92070 12660
57853 94413 36560
43646 94941 51295
59316 95436 36120
53747 95502 41755
86341 95865 9524
58258 95997 37739
64569 96030 31461
70616 96063 25447
58734 96525 37791
70824 96591 25767
72713 96624 23911
74882 97119 22237
82851 100089 17238
74688 100188 25500
78844 100221 21377
80876 100287 19411
87576 101904 14328
73077 102927 29850
74686 103488 28802
58180 104478 46298
58146 105039 46893
79880 105600 25720
67667 105699 38032
65573 106128 40555
80620 106194 25574
67975 106458 38483
70734 107019 36285
62678 109329 46651
88348 109329 20981
53475 109758 56283
82393 110451 28058
93618 110484 16866
57333 110682 53349
80352 110781 30429
95632 111012 15380
86147 111342 25195
91820 111903 20083
65696 113883 48187
75131 114411 39280
73015 115071 42056
75541 115104 39563
79954 115764 35810
81431 116292 34861
95749 116820 21071
85142 116853 31711
87953 117447 29494
96456 117975 21519
79130 118272 39142
81495 118833 37338
102274 119856 17582
96916 120087 23171
98388 120351 21963
106469 120417 13948
92165 120714 28549
103593 121704 18111
77927 124311 46384
99947 124509 24562
69522 124740 55218
72951 124806 51855
105533 125598 20065
77550 127941 50391
99458 127941 28483
98423 128007 29584
103591 128040 24449
100986 128502 27516
91956 129030 37074
93328 129063 35735
101241 129558 28317
105020 129591 24571
101792 129624 27832
95837 132165 36328
104551 133386 28835
114469 133485 19016
106501 133683 27182
117636 133749 16113
119888 134310 14422
122917 135399 12482
78344 136587 58243
120442 136950 16508
88868 137148 48280
124593 137676 13083
99717 138270 38553
101482 138831 37349
109942 139062 29120
115170 139590 24420
86702 141405 54703
92117 141834 49717
106421 142494 36073
97883 143022 45139
123603 143748 20145
98693 143880 45187
120844 144441 23597
115506 145101 29595
112495 146091 33596
107187 146223 39036
119327 146652 27325
80866 147048 66182
131719 147906 16187
102533 148005 45472
94529 148368 53839
93035 148896 55861
106051 149127 43076
105901 149490 43589
112031 149523 37492
76707 150282 73575
120728 150513 29785
114090 150843 36753
121063 151206 30143
107453 152361 44908
116490 152889 36399
123737 153252 29515
127681 153483 25802
132185 153747 21562
130532 153846 23314
133683 154836 21153
142729 156156 13427
113928 156321 42393
95348 156849 61501
111270 157080 45810
103607 157410 53803
115201 157674 42473
129106 158763 29657
119955 158796 38841
121623 159852 38229
120118 160116 39998
135936 160611 24675
133086 160677 27591
138360 160974 22614
137126 161766 24640
139150 162294 23144
128621 163152 34531
125355 164208 38853
128179 164472 36293
131533 164835 33302
133627 165000 31373
136396 165957 29561
137196 166617 29421
137666 167079 29413
133481 167409 33928
136052 167442 31390
145660 167508 21848
113083 167937 54854
148259 170676 22417
124329 170841 46512
131168 171435 40267
159775 172326 12551
128652 174306 45654
142727 174669 31942
129023 174867 45844
146555 175263 28708
132750 175494 42744
139299 176022 36723
136901 176583 39682
149587 176715 27128
128302 177210 48908
158153 177243 19090
126261 179289 53028
143245 179916 36671
145755 180411 34656
128973 180477 51504
157071 180939 23868
159662 181038 21376
156167 181467 25300
144783 182160 37377
147608 182721 35113
155597 182820 27223
158634 183150 24516
150866 185328 34462
154235 185394 31159
168869 185856 16987
138733 185889 47156
159007 185955 26948
95496 186351 90855
150448 186945 36497
129193 187275 58082
147384 187737 40353
157535 188001 30466
147772 190443 42671
167405 190542 23137
148950 191004 42054
126401 191037 64636
149120 191466 42346
150200 192027 41827
132730 192159 59429
181954 192159 10205
169512 192357 22845
136601 192720 56119
143862 192786 48924
142190 195525 53335
150836 195987 45151
176219 197472 21253
175209 197571 22362
177107 198000 20893
173060 198693 25633
147674 201927 54253
165749 202422 36673
153389 202455 49066
163299 203016 39717
164922 203445 38523
174902 203445 28543
168277 203973 35696
177483 203973 26490
180386 204501 24115
167289 205227 37938
170130 205755 35625
172477 206217 33740
174480 206778 32298
158885 206811 47926
116900 206910 90010
138917 207438 68521
177658 207438 29780
114888 207471 92583
127847 208296 80449
160510 208527 48017
131842 209451 77609
169316 209979 40663
181634 210210 28576
175291 210639 35348
180160 210804 30644
159833 213180 53347
167337 214236 46899
171816 214236 42420
190695 214434 23739
196454 214962 18508
143652 217404 73752
145381 217932 72551
201259 220374 19115
163693 221166 57473
197178 222123 24945
197466 222717 25251
200506 223245 22739
193356 223608 30252
129437 224136 94699
207637 224301 16664
180663 224433 43770
128013 224697 96684
175871 224994 49123
204676 225225 20549
204794 225555 20761
177516 225588 48072
183801 226710 42909
186302 228096 41794
185670 228525 42855
187818 228591 40773
137781 228690 90909
142637 229251 86614
147424 229614 82190
198460 229647 31187
177412 229977 52565
192282 229977 37695
159929 230175 70246
193066 230637 37571
193908 231627 37719
195456 231726 36270
167745 232122 64377
175371 232518 57147
194318 233409 39091
183889 233640 49751
194556 233970 39414
200986 234465 33479
207823 234993 27170
174566 235224 60658
175198 235917 60719
177591 236478 58887
180806 237006 56200
215315 237468 22153
193215 237534 44319
194778 240240 45462
179868 240801 60933
179417 241329 61912
185688 241329 55641
189657 241857 52200
190887 242418 51531
214853 242847 27994
223785 243309 19524
202863 244959 42096
176090 245487 69397
222025 245553 23528
210960 245652 34692
143564 246048 102484
209355 246741 37386
211140 247104 35964
220993 247302 26309
211739 247632 35893
165163 247698 82535
223128 247830 24702
226424 248424 22000
209963 250338 40375
192211 250899 58688
213988 250899 36911
196759 251427 54668
158166 251625 93459
217452 251955 34503
198017 252021 54004
211308 252186 40878
214005 252252 38247
175590 252285 76695
199506 252615 53109
223291 253308 30017
207643 254661 47018
225645 255321 29676
179044 256377 77333
239823 256410 16587
220351 256938 36587
227686 257499 29813
220489 257532 37043
235037 257664 22627
225621 261294 35673
191358 261756 70398
236208 261822 25614
239255 262251 22996
223535 264528 40993
230944 265683 34739
158957 266112 107155
172573 266244 93671
227907 266640 38733
173783 266673 92890
232260 267069 34809
176431 267333 90902
220730 267432 46702
229590 267960 38370
240165 268323 28158
244792 268488 23696
241238 269280 28042
209598 270072 60474
216351 270633 54282
220620 271524 50904
222941 271788 48847
227467 272085 44618
221857 272481 50624
235689 272646 36957
228930 272811 43881
249123 272844 23721
240391 275187 34796
251235 275517 24282
255961 276045 20084
260703 276606 15903
235832 276771 40939
246333 277893 31560
206393 279873 73480
192834 280995 88161
247452 282315 34863
248742 282876 34134
235549 283074 47525
254765 283239 28474
245978 283668 37690
221005 283701 62696
256104 283800 27696
263371 284724 21353
271557 285318 13761
225552 286077 60525
250810 286374 35564
231015 286605 55590
227121 287001 59880
241414 287199 45785
270318 287529 17211
247382 287760 40378
179682 288288 108606
189197 288816 99619
260393 289113 28720
270188 290202 20014
230567 291555 60988
244998 292710 47712
249874 293436 43562
251459 294063 42604
253946 294063 40117
254485 294492 40007
254992 294624 39632
198101 294921 96820
246163 295185 49022
259873 295746 35873
259578 298386 38808
265154 299046 33892
257060 299772 42712
199078 300729 101651
239101 301290 62189
251527 301752 50225
261219 301752 40533
262677 303138 40461
234458 304524 70066
275373 304590 29217
260137 304656 44519
258614 304722 46108
195776 305184 109408
277325 305679 28354
190758 306240 115482
277595 306240 28645
195545 306966 111421
199169 307527 108358
199300 307923 108623
195681 308484 112803
266640 309012 42372
196490 309144 112654
213349 310101 96752
275176 310134 34958
244603 312378 67775
252293 312906 60613
256965 313302 56337
263084 313500 50416
265659 313500 47841
265293 313863 48570
270671 314160 43489
265817 314490 48673
240475 316338 75863
282254 316371 34117
247291 316899 69608
280824 317097 36273
247680 317460 69780
288264 317658 29394
296926 318153 21227
272913 318219 45306
209313 318549 109236
275379 318747 43368
275626 318813 43187
211574 319077 107503
249721 319605 69884
300286 319803 19517
259006 320133 61127
270991 321816 50825
254967 322872 67905
278970 323532 44562
278104 323961 45857
287680 324951 37271
271342 326403 55061
294436 326667 32231
225139 328812 103673
255922 330198 74276
285563 330858 45295
287287 331452 44165
263149 333432 70283
260828 333696 72868
282152 334026 51874
278791 334389 55598
290677 334587 43910
300231 334653 34422
272699 335511 62812
265654 335544 69890
263905 335808 71903
216558 336072 119514
279782 336072 56290
266841 336369 69528
229632 336633 107001
276030 336897 60867
232736 337161 104425
257299 337689 80390
280342 338811 58469
288263 339834 51571
294165 340395 46230
279568 340626 61058
290650 340890 50240
300739 340890 40151
284658 341220 56562
201880 341451 139571
223848 342012 118164
270593 342507 71914
311607 342573 30966
277907 342606 64699
282729 343167 60438
297350 344520 47170
308352 345147 36795
293713 345312 51599
307894 347061 39167
319036 347556 28520
214892 348216 133324
220713 348744 128031
305515 350988 45473
268160 351978 83818
244032 351978 107946
310696 353133 42437
271048 353397 82349
303263 353925 50662
263573 355707 92134
293134 356367 63233
327095 356367 29272
322319 356895 34576
329687 356928 27241
239765 357918 118153
314339 357984 43645
342541 358017 15476
241869 358479 116610
316531 358644 42113
246453 360789 114336
289223 361185 71962
298420 361350 62930
319368 361713 42345
296325 361812 65487
302170 362406 60236
310152 363000 52848
312713 364155 51442
225759 364683 138924
308122 365178 57056
289515 365574 76059
240235 365607 125372
310695 366135 55440
339778 367224 27446
319949 368841 48892
291382 368874 77492
331608 369171 37563
316988 369435 52447
296358 369468 73110
320480 370491 50011
335343 371052 35709
340045 371349 31304
310340 372636 62296
247816 373593 125777
344943 373758 28815
234536 376398 141862
260379 376629 116250
336849 378246 41397
332631 378906 46275
333612 379500 45888
312881 379830 66949
308373 380127 71754
322089 380391 58302
335677 380391 44714
335863 380655 44792
256394 381216 124822
321574 381480 59906
259234 381744 122510
253511 384351 130840
347036 384945 37909
311657 385077 73420
316262 385341 69079
318221 385869 67648
329531 385935 56404
344031 386496 42465
296000 386727 90727
229254 387519 158265
350683 388212 37529
354480 388938 34458
359699 389070 29371
360561 389631 29070
361490 390159 28669
311142 390192 79050
313452 390753 77301
318063 391314 73251
319630 393657 74027
337143 396000 58857
264141 396495 132354
265051 397089 132038
271893 398211 126318
252215 398343 146128
274478 398772 124294
320454 398970 78516
245658 399333 153675
321679 399399 77720
323671 399861 76190
322449 399960 77511
352406 400455 48049
352655 400521 47866
334666 400587 65921
352879 401082 48203
335561 402006 66445
336832 402534 65702
305036 403095 98059
284029 403656 119627
354901 403821 48920
291066 404085 113019
366391 406527 40136
348891 406824 57933
368195 406923 38728
370316 407616 37300
354842 407913 53071
248279 408507 160228
350260 409002 58742
280558 410652 130094
353766 412071 58305
342803 412203 69400
345532 412236 66704
363024 412269 49245
293913 412302 118389
348478 413259 64781
352901 413820 60919
313638 415833 102195
320036 416394 96358
320924 416889 95965
360662 417945 57283
380799 418209 37410
281517 418539 137022
362136 418836 56700
367785 419364 51579
373813 420024 46211
355202 421179 65977
367939 421707 53768
274858 422829 147971
307387 423027 115640
342632 423357 80725
278051 423390 145339
379611 423489 43878
339168 423555 84387
344354 423885 79531
284512 423918 139406
337442 424149 86707
343838 424578 80740
348515 425238 76723
359825 425766 65941
382840 427218 44378
370564 428505 57941
286214 429528 143314
293395 430089 136694
368011 430155 62144
399046 430254 31208
285649 430584 144935
379771 431178 51407
306561 433785 127224
351641 434346 82705
309350 434907 125557
376479 435369 58890
376659 435930 59271
389849 436293 46444
393458 436491 43033
322623 437052 114429
348848 437580 88732
257197 438009 180812
349923 438108 88185
396692 438339 41647
257299 438570 181271
396730 438933 42203
269155 439263 170108
398762 439527 40765
302198 439659 137461
298587 439956 141369
399888 440088 40200
266706 440352 173646
380427 441276 60849
383334 441342 58008
388600 442431 53831
337618 443586 105968
371828 444114 72286
354064 444708 90644
362861 444939 82078
354896 445269 90373
370116 445731 75615
356089 445830 89741
357746 446391 88645
308297 448140 139843
311912 448701 136789
407829 449130 41301
401911 449229 47318
404361 449757 45396
372954 451374 78420
417891 451440 33549
386856 452859 66003
289294 453387 164093
300208 453948 153740
305215 454344 149129
358671 455301 96630
408602 455697 47095
250537 455928 205391
407965 457578 49613
408096 458139 50043
302008 459063 157055
408696 459591 50895
314132 459921 145789
401210 459954 58744
393931 460152 66221
412274 460515 48241
398201 460680 62479
399101 460680 61579
412609 460878 48269
316856 460944 144088
327143 461604 134461
374690 463419 88729
367371 464409 97038
364986 464937 99951
377328 464937 87609
384864 465399 80535
370737 465465 94728
415934 466092 50158
385979 466587 80608
343182 468039 124857
345390 468534 123144
414935 469293 54358
426641 469821 43180
439357 470415 31058
431579 470976 39397
440568 471504 30936
308167 474408 166241
377585 474969 97384
409800 475167 65367
378973 475530 96557
314778 475596 160818
410848 476025 65177
440380 476124 35744
330294 476652 146358
413577 477147 63570
408648 477180 68532
366171 477774 111603
419393 479919 60526
324968 480216 155248
427008 480513 53505
343501 480810 137309
344128 481371 137243
442679 483351 40672
408996 483945 74949
347249 484440 137191
411816 484473 72657
393209 484968 91759
393695 485562 91867
378290 485859 107569
310682 486090 175408
318572 486519 167947
388872 486816 97944
355427 488499 133072
411342 488532 77190
350638 491766 141128
352335 492327 139992
419516 492888 73372
432908 492954 60046
379122 493482 114360
440842 493482 52640
407025 493581 86556
397241 494010 96769
441667 494010 52343
434305 494109 59804
401717 494538 92821
435601 494703 59102
396387 497739 101352
435523 498267 62744
439053 498861 59808
427444 498927 71483
421388 502326 80938
422670 502854 80184
414498 503943 89445
415964 504471 88507
418115 504570 86455
426305 505098 78793
382841 505989 123148
428808 506220 77412
430189 506814 76625
433030 506880 73850
395915 507177 111262
416267 508266 91999
430193 508794 78601
359036 512028 152992
435380 512523 77143
445268 515955 70687
473303 516483 43180
435340 516978 81638
442690 519024 76334
472053 519717 47664
359284 521202 161918
361491 522324 160833
429738 522819 93081
446662 522984 76322
450679 523017 72338
368433 523149 154716
431052 523380 92328
434907 523380 88473
437420 526350 88930
455999 526680 70681
445944 526779 80835
447954 527472 79518
461498 527835 66337
454627 527934 73307
359021 527967 168946
471910 528429 56519
452851 528462 75611
451443 531168 79725
458324 531201 72877
473758 531531 57773
452967 532092 79125
453785 532686 78901
483140 534336 51196
361220 537768 176548
445466 538296 92830
450681 538857 88176
477054 539979 62925
484568 549384 64816
