430 6699 6269
1866 8118 6252
3319 9570 6251
6350 17754 11404
6949 17754 10805
2549 19470 16921
3159 22770 19611
9645 22770 13125
7339 23133 15794
13344 23628 10284
9173 23793 14620
14236 26499 12263
14925 30558 15633
13257 30822 17565
26148 32439 6291
20665 33297 12632
13561 37389 23828
29036 37719 8683
30685 40458 9773
20926 41118 20192
25249 41283 16034
35177 41415 6238
29484 43164 13680
26979 45012 18033
26532 45309 18777
29898 45969 16071
35525 47619 12094
34880 47817 12937
35131 51282 16151
45099 51711 6612
33057 52041 18984
45774 52338 6564
36728 55572 18844
43820 56100 12280
45513 58806 13293
54487 61116 6629
56501 63129 6628
58994 65307 6313
52312 66099 13787
56146 66792 10646
60945 67782 6837
53334 72072 18738
62258 72501 10243
59279 72633 13354
58079 72732 14653
51578 75570 23992
69654 78738 9084
72517 78771 6254
68910 79860 10950
74486 81708 7222
75298 86031 10733
79787 86394 6607
81770 88077 6307
83278 90750 7472
82268 91707 9439
82202 93456 11254
88023 94380 6357
80300 94677 14377
80527 95337 14810
81076 95865 14789
87129 96030 8901
87857 96723 8866
91590 98274 6684
91387 98901 7514
87902 98934 11032
90771 99627 8856
83562 100386 16824
82519 101376 18857
90004 101904 11900
92644 103059 10415
91793 104016 12223
93247 104544 11297
91246 107778 16532
97063 108273 11210
103068 109329 6261
93458 110979 17521
107867 114477 6610
109964 116589 6625
99649 116655 17006
112596 119163 6567
114213 120186 5973
115535 122562 7027
113908 124674 10766
114066 125169 11103
113623 125301 11678
115926 127149 11223
109419 127578 18159
112901 128502 15601
121414 129822 8408
124054 130746 6692
124332 133485 9153
124694 133716 9022
126585 134244 7659
124100 137214 13114
125727 137742 12015
123526 138534 15008
125798 139854 14056
129341 140316 10975
121705 142263 20558
129257 142923 13666
122972 142956 19984
125917 144672 18755
131398 145035 13637
128139 146091 17952
135610 148797 13187
145496 152097 6601
138640 153549 14909
142922 153747 10825
147660 155001 7341
149097 155760 6663
150004 156189 6185
140745 156222 15477
137084 156783 19699
133885 156816 22931
135075 156816 21741
150777 156816 6039
146430 157839 11409
149304 159885 10581
148281 161106 12825
154660 163053 8393
153676 164637 10961
147121 164670 17549
146924 164736 17812
151714 165264 13550
143051 168465 25414
162759 169026 6267
158049 169851 11802
156054 171369 15315
159642 171633 11991
149319 171666 22347
168073 174636 6563
145695 176616 30921
166706 177441 10735
167484 178629 11145
157243 179652 22409
171750 179982 8232
175565 182259 6694
171924 185328 13404
179894 186516 6622
178806 188034 9228
186067 192687 6620
180862 194337 13475
191530 197505 5975
190362 200871 10509
193784 202488 8704
185876 202983 17107
187395 203445 16050
191671 203478 11807
194615 203511 8896
195545 204204 8659
195466 205458 9992
193018 206184 13166
202394 208725 6331
188004 209484 21480
196889 210210 13321
204108 210441 6333
196010 211860 15850
205086 212817 7731
187139 212916 25777
191068 213015 21947
201833 213543 11710
205743 215556 9813
203532 216051 12519
206918 216249 9331
209557 216249 6692
210993 217437 6444
211598 217998 6400
211662 219351 7689
209316 220011 10695
199266 220308 21042
209751 220836 11085
210704 224400 13696
217953 224565 6612
214908 225621 10713
212895 227271 14376
208851 227601 18750
210337 228921 18584
220816 229977 9161
224362 231099 6737
219688 231528 11840
220577 232947 12370
225642 234102 8460
218235 234300 16065
228930 235554 6624
223352 237468 14116
231470 239052 7582
230969 240174 9205
230907 240636 9729
226414 242286 15872
235691 242814 7123
220428 243276 22848
230276 243639 13363
230796 245487 14691
227878 250899 23021
245719 251988 6269
240160 253968 13808
245245 255090 9845
235690 256542 20852
234994 257400 22406
249460 260007 10547
247737 267201 19464
256664 268158 11494
252910 268191 15281
256926 269907 12981
258324 270831 12507
250890 270897 20007
267339 277530 10191
251271 280599 29328
267730 280995 13265
261519 281490 19971
264437 281820 17383
275172 282513 7341
272737 283932 11195
261184 285351 24167
262816 288090 25274
266317 290367 24050
280031 290499 10468
276867 290796 13929
275047 291291 16244
280223 293898 13675
284378 293997 9619
273217 294294 21077
288897 295053 6156
281045 297495 16450
290983 298584 7601
282897 300201 17304
280453 300762 20309
274665 301686 27021
290581 301818 11237
286804 304986 18182
284020 307659 23639
283019 308517 25498
299317 310266 10949
302679 313566 10887
301645 314226 12581
303053 315249 12196
296933 317295 20362
300666 320001 19335
313447 320067 6620
320284 326370 6086
316085 326469 10384
309900 328812 18912
316536 328911 12375
316971 331386 14415
307457 331617 24160
314734 332640 17906
321471 333168 11697
310286 333564 23278
322584 334620 12036
322468 335049 12581
324475 337260 12785
325528 337293 11765
327844 338118 10274
327288 340098 12810
334443 341055 6612
333435 344124 10689
331676 345114 13438
335662 346401 10739
342598 348843 6245
329948 349041 19093
343002 350460 7458
344549 351549 7000
345539 351780 6241
342749 353760 11011
341537 354585 13048
352133 358380 6247
352871 358974 6103
348983 359370 10387
353785 360393 6608
358403 364650 6247
359027 365277 6250
360706 367719 7013
354289 368346 14057
357401 369798 12397
362499 370821 8322
356193 370986 14793
361881 371118 9237
367301 373857 6556
361865 375276 13411
355717 377058 21341
363469 378180 14711
369261 379698 10437
363459 381084 17625
373927 381942 8015
376033 383031 6998
373813 384153 10340
377332 384351 7019
361043 385869 24826
379896 386694 6798
379040 388938 9898
366878 389334 22456
372489 389895 17406
372571 391182 18611
386601 393228 6627
381201 393921 12720
381278 394482 13204
384234 395043 10809
390815 397056 6241
381373 397188 15815
391882 398970 7088
389301 399762 10461
397329 404514 7185
395180 406065 10885
399677 406296 6619
400835 407154 6319
397640 407253 9613
403103 409728 6625
400876 409761 8885
399775 410223 10448
398259 413424 15165
409623 416295 6672
405570 418902 13332
415616 422367 6751
412534 422433 9899
416255 422862 6607
412559 423654 11095
413907 424941 11034
412340 425271 12931
414408 425997 11589
408801 426921 18120
419729 428571 8842
418341 429594 11253
416828 432102 15274
421609 433488 11879
427005 434016 7011
412117 435600 23483
429248 436227 6979
425330 436590 11260
420522 438306 17784
427812 439560 11748
429022 441012 11990
433473 446193 12720
434243 446655 12412
436026 447183 11157
432304 449790 17486
431106 449955 18849
443390 450021 6631
436911 450846 13935
444888 452001 7113
447782 454773 6991
449077 455334 6257
446724 455565 8841
437476 456654 19178
449455 459591 10136
445171 462561 17390
455300 465993 10693
454186 467049 12863
456608 467346 10738
451333 469326 17993
456401 470250 13849
468140 474474 6334
457738 474738 17000
466610 474903 8293
469281 475596 6315
460658 478599 17941
467844 479226 11382
468788 479292 10504
471429 481965 10536
474922 483549 8627
470577 484077 13500
459429 484968 25539
474507 485034 10527
474769 485595 10826
479156 487311 8155
482237 488697 6460
484904 491172 6268
485352 491667 6315
481462 494670 13208
484743 500709 15966
491195 501996 10801
496719 502986 6267
497934 504174 6240
487761 505131 17370
500405 506715 6310
502798 513183 10385
506609 513216 6607
499796 516054 16258
506357 517374 11017
509133 518793 9660
515795 522060 6265
510228 523446 13218
513459 526911 13452
521144 527736 6592
508655 529815 21160
516902 531234 14332
527396 534402 7006
526481 535557 9076
519084 537075 17991
524944 538527 13583
530549 540144 9595
524941 541563 16622
531541 542487 10946
530563 542586 12023
524597 543840 19243
536663 544830 8167
531843 546447 14604
541339 547503 6164
518568 547866 29298
534281 548757 14476
542469 549087 6618
539029 550209 11180
547009 553278 6269
543738 555060 11322
545989 556941 10952
548711 557667 8956
551244 558195 6951
549771 560538 10767
551119 562518 11399
551548 563508 11960
559180 567864 8684
559692 568425 8733
557741 568656 10915
563392 570471 7079
562193 571362 9169
565671 571923 6252
556827 573111 16284
563458 574332 10874
562824 577533 14709
558924 579150 20226
576625 582879 6254
565037 583737 18700
573098 583836 10738
565589 586443 20854
580956 588225 7269
571264 588291 17027
582790 589050 6260
584456 591591 7135
586285 592614 6329
586567 595881 9314
576853 599115 22262
592635 599247 6612
584809 599973 15164
594827 601854 7027
597034 603636 6602
595486 610335 14849
604632 611622 6990
600408 613074 12666
606887 613140 6253
607308 613635 6327
611311 617562 6251
607541 618288 10747
614253 620499 6246
611599 622611 11012
613597 624789 11192
616882 631125 14243
625624 632214 6590
622640 634161 11521
624654 635646 10992
621155 638649 17494
632241 641322 9081
631844 641388 9544
633946 641916 7970
623669 644490 20821
625172 645414 20242
630904 648186 17282
635040 648186 13146
643976 650595 6619
635885 651387 15502
645036 651387 6351
641395 653169 11774
634804 654423 19619
641871 655248 13377
633202 655677 22475
646373 657525 11152
651266 660363 9097
643065 660759 17694
650466 661155 10689
650264 666534 16270
660551 666798 6247
652306 667194 14888
652374 668217 15843
663400 669801 6401
661734 672639 10905
658412 672903 14491
666348 675609 9261
672878 679140 6262
670578 681846 11268
678363 684618 6255
674822 685575 10753
683548 690162 6614
683695 692340 8645
682077 692835 10758
682052 692934 10882
687392 693660 6268
689187 700062 10875
689872 701349 11477
686169 702207 16038
686113 704550 18437
694621 704847 10226
690804 705309 14505
691619 707058 15439
699574 707883 8309
694043 711084 17041
707301 713559 6258
708362 714978 6616
706923 718047 11124
707862 718740 10878
716358 722667 6309
719453 726000 6547
714688 726792 12104
716816 727122 10306
722520 728937 6417
720339 729498 9159
723790 730059 6269
712611 730323 17712
712821 730851 18030
721103 732006 10903
722997 734250 11253
718395 734976 16581
713275 735075 21800
719759 737352 17593
724468 737715 13247
721775 737781 16006
717685 738012 20327
732393 739728 7335
724249 740190 15941
741846 748110 6264
743507 750123 6616
742439 753324 10885
744517 754908 10391
749492 756756 7264
752643 759330 6687
745864 759363 13499
754521 760782 6261
749730 761079 11349
755002 761277 6275
749444 762069 12625
754150 765633 11483
759380 766491 7111
755270 766821 11551
756426 767712 11286
747364 770880 23516
764844 771177 6333
766198 772827 6629
764961 774147 9186
767770 774873 7103
757433 774906 17473
767410 777018 9608
767139 780252 13113
770134 781077 10943
770393 781704 11311
767072 782166 15094
773198 784344 11146
775822 784773 8951
779070 785697 6627
776058 787743 11685
783104 790350 7246
783240 793056 9816
784423 793584 9161
783610 793980 10370
784489 795432 10943
791864 798105 6241
790137 798204 8067
784989 798435 13446
792624 804243 11619
787682 804639 16957
792224 806685 14461
797700 807708 10008
800954 809259 8305
804793 811767 6974
805535 811800 6265
807483 814572 7089
810999 817608 6609
804213 817674 13461
811560 818136 6576
816974 828267 11293
812385 831897 19512
819468 833712 14244
818394 834504 16110
828805 837672 8867
829276 840147 10871
822718 840873 18155
828126 841632 13506
832244 842985 10741
838501 845130 6629
840559 847638 7079
841374 848364 6990
839882 850608 10726
834391 850740 16349
838597 851466 12869
840445 851994 11549
838282 853545 15263
847216 853842 6626
838161 854601 16440
845036 855063 10027
844224 860904 16680
851742 862620 10878
847494 864798 17304
859145 865392 6247
857457 867207 9750
858064 867801 9737
857331 868263 10932
860555 871332 10777
865518 872124 6606
866023 872652 6629
866648 873312 6664
854492 874929 20437
866209 877140 10931
868670 879813 11143
879511 886149 6638
881088 887700 6612
870551 888327 17776
879517 890274 10757
885751 892782 7031
886439 893046 6607
882776 894003 11227
888019 894267 6248
883003 894564 11561
877848 895323 17475
889740 895983 6243
885916 896346 10430
889211 900801 11590
892416 902847 10431
897440 904068 6628
884711 906048 21337
900104 906345 6241
889051 906477 17426
898606 910569 11963
906396 912648 6252
904529 915090 10561
908470 915090 6620
904633 917466 12833
914516 921096 6580
916073 922317 6244
912699 923076 10377
919496 929874 10378
925616 934428 8812
921953 934989 13036
924589 935913 11324
924929 935946 11017
930422 937497 7075
933716 940797 7081
925187 942711 17524
927098 944229 17131
925798 946044 20246
936563 947760 11197
941989 948255 6266
936967 950169 13202
937004 951852 14848
937648 952182 14534
933236 954888 21652
942305 956736 14431
950106 958650 8544
947767 961323 13556
944439 961620 17181
951752 962676 10924
947477 963072 15595
954652 967527 12875
954604 968418 13814
956447 970233 13786
963675 970332 6657
958617 972939 14322
967352 973962 6610
957798 974391 16593
962489 977295 14806
972120 978978 6858
973961 980199 6238
972348 982047 9699
964844 985116 20272
982464 993894 11430
991122 997722 6600
991349 998250 6901
985650 999834 14184
988861 999999 11138
985579 1003365 17786
986398 1003926 17528
990693 1004388 13695
993671 1004586 10915
996605 1005774 9169
995549 1006434 10885
985758 1009404 23646
1004397 1010658 6261
1004245 1010856 6611
1006240 1012473 6233
1008635 1015311 6676
1002135 1017819 15684
1004458 1018908 14450
1008783 1020525 11742
1010255 1021185 10930
1018078 1024254 6176
1016949 1025640 8691
1008352 1025739 17387
1017314 1026201 8887
1008897 1028940 20043
1023068 1029633 6565
1016258 1030524 14266
1016468 1030689 14221
1004508 1030953 26445
1022583 1031778 9195
1016732 1033593 16861
1022441 1034550 12109
1014493 1034946 20453
1030872 1037487 6615
1031191 1037883 6692
1021599 1037982 16383
1037807 1044120 6313
1019127 1044186 25059
1027721 1044483 16762
1022939 1044747 21808
1030771 1046826 16055
1041095 1047717 6622
1026047 1047948 21901
1029788 1047981 18193
1042076 1048443 6367
1039299 1051611 12312
1042207 1053492 11285
1048015 1054779 6764
1037007 1055175 18168
1044019 1055934 11915
1048310 1057848 9538
1046579 1058442 11863
1046500 1059696 13196
1044359 1060422 16063
1044912 1065372 20460
1055201 1065933 10732
1056142 1067055 10913
1061038 1068408 7370
1058611 1069398 10787
1053339 1071477 18138
1055988 1071642 15654
1058391 1072104 13713
1067463 1074843 7380
1068625 1075239 6614
1070723 1077549 6826
1067479 1077945 10466
1064653 1078902 14249
1062958 1081146 18188
1070143 1081674 11531
1074378 1083555 9177
1066137 1084644 18507
1078243 1084875 6632
1080789 1087053 6264
1084056 1090683 6627
1084800 1091112 6312
1080851 1093851 13000
1087615 1094247 6632
1089914 1096557 6643
1090053 1096689 6636
1081566 1097976 16410
1087274 1098141 10867
1094005 1100484 6479
1096743 1103355 6612
1092707 1103586 10879
1092915 1103586 10671
1093063 1104840 11777
1092408 1109988 17580
1095400 1110252 14852
1104905 1112463 7558
1106117 1112727 6610
1105385 1119096 13711
1115106 1121373 6267
1112034 1121802 9768
1109562 1125432 15870
1113325 1125960 12635
1112338 1127280 14942
1112919 1130580 17661
1125390 1132296 6906
1117763 1133055 15292
1120751 1134045 13294
1117890 1134375 16485
1132859 1138830 5971
1136467 1142856 6389
1139044 1145298 6254
1135519 1146849 11330
1131577 1149588 18011
1138488 1150083 11595
1140015 1150875 10860
1140232 1153152 12920
1137063 1153449 16386
1149474 1155792 6318
1145978 1158069 12091
1152434 1158696 6262
1150614 1161501 10887
1154954 1165692 10738
1157216 1168530 11314
1164234 1170873 6639
1164249 1170873 6624
1152167 1171071 18904
1166619 1173612 6993
1166786 1174107 7321
1167461 1174635 7174
1170823 1177407 6584
1168528 1179387 10859
1172651 1179387 6736
1172920 1179915 6995
1173727 1180047 6320
1173957 1183050 9093
1176520 1183149 6629
1172917 1183281 10364
1177931 1185492 7561
1175835 1185756 9921
1176095 1187703 11608
1182725 1189023 6298
1177663 1190904 13241
1180764 1191795 11031
1180735 1193610 12875
1188654 1194897 6243
1188756 1195392 6636
1185935 1197273 11338
1182259 1197834 15575
1184493 1199319 14826
1188466 1203609 15143
1197728 1204335 6607
1200294 1206612 6318
1200656 1207107 6451
1196197 1210209 14012
1200757 1211595 10838
1197422 1211661 14239
1203355 1213278 9923
1198630 1215489 16859
1210465 1216776 6311
1212017 1218030 6013
1203034 1218129 15095
1211080 1218657 7577
1212513 1218822 6309
1207329 1225059 17730
1219828 1227996 8168
1210931 1228788 17857
1221844 1229184 7340
1222035 1232154 10119
1212749 1232319 19570
1218120 1235124 17004
1215095 1236246 21151
1220499 1237830 17331
1231530 1238160 6630
1226650 1238919 12269
1211268 1239447 28179
1215774 1240008 24234
1234563 1240800 6237
1234914 1241889 6975
1234943 1242384 7441
1222328 1242450 20122
1233784 1242615 8831
1238903 1245519 6616
1228104 1246443 18339
1240464 1246773 6309
1226632 1247004 20372
1236234 1249941 13707
1232563 1250238 17675
1245366 1251987 6621
1240843 1253010 12167
1249185 1255518 6333
1244950 1257696 12746
1243692 1258950 15258
1253752 1260369 6617
1242505 1261491 18986
1244912 1261788 16876
1247149 1262514 15365
1257310 1263636 6326
1258750 1264725 5975
1256287 1265484 9197
1257230 1267827 10597
1251301 1267992 16691
1257888 1269576 11688
1255945 1269840 13895
1251145 1271028 19883
1258996 1272579 13583
1262443 1273767 11324
1257339 1274229 16890
1266694 1274295 7601
1252181 1275186 23005
1261116 1276803 15687
1261596 1277331 15735
1261628 1277496 15868
1261658 1277529 15871
1263322 1278552 15230
1261162 1279674 18512
1273078 1279707 6629
1275888 1282149 6261
1264435 1285746 21311
1269883 1286472 16589
1272175 1286670 14495
1270999 1287561 16562
1283795 1290036 6241
1283638 1290267 6629
1279470 1293501 14031
1287757 1293996 6239
1267936 1296966 29030
1285634 1299705 14071
1288308 1300101 11793
1290213 1300959 10746
1296951 1307823 10872
1301081 1311453 10372
1306247 1313169 6922
1304919 1315776 10857
1309922 1316172 6250
1310813 1317492 6679
1311286 1317921 6635
1308488 1319439 10951
1312954 1322145 9191
1313383 1323531 10148
1311177 1327953 16776
1317401 1328283 10882
1313169 1328976 15807
1315379 1329966 14587
1314367 1330032 15665
1311576 1331154 19578
1320176 1332243 12067
1322861 1334949 12088
1324906 1335444 10538
1327760 1335444 7684
1327127 1337886 10759
1329686 1341582 11896
1331118 1344288 13170
1338012 1347192 9180
1341138 1347819 6681
1323506 1349337 25831
1328586 1349865 21279
1339319 1352142 12823
1342636 1353000 10364
1335223 1354518 19295
1350015 1356630 6615
1345177 1357092 11915
1346360 1366200 19840
1355577 1366332 10755
1360305 1366629 6324
1352223 1368411 16188
1352124 1369401 17277
1354021 1369797 15776
1360499 1371051 10552
1359284 1373658 14374
1366265 1377024 10759
1367418 1377882 10464
1371652 1377915 6263
1371829 1378443 6614
1373280 1379532 6252
1372639 1380819 8180
1366602 1380852 14250
1376261 1382502 6241
1377909 1384218 6309
1382058 1388673 6615
1371481 1388706 17225
1379012 1389597 10585
1378046 1391907 13861
1379679 1396131 16452
1389914 1400289 10375
1395303 1401939 6636
1393747 1404117 10370
1397589 1404216 6627
1392284 1404546 12262
1400301 1407285 6984
1401379 1411773 10394
1401192 1417614 16422
1407778 1418142 10364
1404105 1419033 14928
1413765 1423422 9657
1420348 1426590 6242
1409648 1428603 18955
1417915 1430385 12470
1419592 1430979 11387
1420778 1431210 10432
1426896 1433520 6624
1425125 1434312 9187
1419068 1437018 17950
1423912 1437282 13370
1422547 1437843 15296
1427862 1438800 10938
1432591 1441407 8816
1421101 1441968 20867
1435918 1442067 6149
1431881 1447776 15895
1433424 1449261 15837
1434193 1449591 15398
1445959 1452561 6602
1435603 1453716 18113
1443143 1454904 11761
1449952 1456950 6998
1446362 1457115 10753
1450205 1457478 7273
1440936 1458567 17631
1441833 1458996 17163
1450000 1460382 10382
1451579 1462098 10519
1447717 1464936 17219
1455529 1466487 10958
1456217 1467114 10897
1452542 1467147 14605
1456860 1468038 11178
1463700 1469952 6252
1467273 1473516 6243
1457794 1473945 16151
1464116 1473945 9829
1469469 1476156 6687
1468152 1479027 10875
1473488 1480116 6628
1461232 1482492 21260
1477771 1484373 6602
1464820 1484670 19850
1474752 1485924 11172
1480914 1488003 7089
1485534 1492161 6627
1487399 1494009 6610
1489454 1496088 6634
1477937 1496220 18283
1486995 1498233 11238
1487420 1498266 10846
1493017 1499256 6239
1496699 1503315 6616
1490000 1503447 13447
1500842 1507473 6631
1493209 1508034 14825
1506265 1512885 6620
1506592 1513215 6623
1502661 1513941 11280
1508207 1515030 6823
1512835 1519485 6650
1515285 1522455 7170
1506234 1523478 17244
1504021 1527273 23252
1509040 1527834 18794
1513594 1528197 14603
1522116 1528692 6576
1522698 1530243 7545
1519056 1530309 11253
1518754 1530573 11819
1524282 1535556 11274
1529970 1537602 7632
1525086 1541430 16344
1531838 1542717 10879
1540399 1546710 6311
1537612 1548558 10946
1543590 1550769 7179
1546315 1552584 6269
1540161 1553937 13776
1540395 1553970 13575
1548711 1556214 7503
1547469 1557006 9537
1548090 1557468 9378
1542695 1558128 15433
1547970 1558887 10917
1543146 1559052 15906
1547574 1560405 12831
1554299 1563639 9340
1558625 1564959 6334
1560525 1567203 6678
1553652 1568127 14475
1558089 1568787 10698
1552294 1569810 17516
1552511 1570998 18487
1556633 1571526 14893
1562069 1572417 10348
1570286 1576905 6619
1567482 1578786 11304
1564878 1580700 15822
1563230 1581657 18427
1571307 1584759 13452
1579113 1585353 6240
1571476 1589775 18299
1574873 1590171 15298
1581990 1592877 10887
1580716 1593108 12392
1586296 1597035 10739
1592597 1599213 6616
1592878 1603833 10955
1598708 1604955 6247
1599117 1605747 6630
1595789 1608222 12433
1597043 1608750 11707
1609239 1615614 6375
1606458 1616901 10443
1606680 1618089 11409
1602566 1618980 16414
1602606 1619937 17331
1611349 1620168 8819
1614087 1622313 8226
1606979 1623369 16390
1610218 1623798 13580
1617925 1625547 7622
1616786 1626438 9652
1609061 1626867 17806
1609296 1627131 17835
1617908 1632807 14899
1630027 1641024 10997
1632694 1643070 10376
1632045 1643169 11124
1633067 1646931 13864
1636651 1651518 14867
1637317 1652970 15653
1642096 1653861 11765
1644055 1656072 12017
1647023 1657359 10336
1650851 1657458 6607
1647169 1660296 13127
1651282 1662540 11258
1651620 1663695 12075
1653132 1664718 11586
1658829 1669932 11103
1657943 1671252 13309
1662379 1674354 11975
1661321 1675509 14188
1666452 1677060 10608
1667373 1677522 10149
1667953 1677588 9635
1672018 1678248 6230
1664362 1678677 14315
1661666 1679502 17836
1666097 1680723 14626
1670368 1681416 11048
1672716 1682307 9591
1671241 1682340 11099
1676905 1683297 6392
1675118 1685277 10159
1662536 1685541 23005
1670538 1685772 15234
1676227 1688346 12119
1674476 1689039 14563
1683759 1690854 7095
1685683 1692306 6623
1686097 1693131 7034
1672552 1694088 21536
1683508 1695111 11603
1685738 1697223 11485
1668013 1698477 30464
1691584 1698576 6992
1685920 1699335 13415
1687516 1699632 12116
1684346 1699830 15484
1690841 1700226 9385
1690085 1700325 10240
1683953 1701711 17758
1674826 1702536 27710
1689919 1703295 13376
1695800 1706166 10366
1694576 1706463 11887
1686056 1706529 20473
1700730 1706991 6261
1703536 1710159 6623
1698536 1713393 14857
1709190 1715439 6249
1707396 1715934 8538
1708748 1719498 10750
1715551 1722171 6620
1708950 1724976 16026
1714199 1725471 11272
1720665 1729662 8997
1723750 1730322 6572
1726671 1734084 7413
1724992 1735074 10082
1717876 1737450 19574
1721596 1737450 15854
1726858 1738308 11450
1728745 1739199 10454
1719854 1740156 20302
1735452 1744083 8631
1732859 1744611 11752
1736365 1744776 8411
1736810 1745271 8461
1737047 1747482 10435
1743385 1749990 6605
1734117 1754280 20163
1737248 1754511 17263
1737565 1755237 17672
1736383 1755303 18920
1749771 1756095 6324
1744870 1758372 13502
1751626 1758834 7208
1752227 1760682 8455
1744824 1760979 16155
1744913 1762068 17155
1743246 1762299 19053
1746600 1762728 16128
1750726 1765962 15236
1761694 1768305 6611
1755689 1772232 16543
1761894 1772595 10701
1759457 1772793 13336
1756697 1773288 16591
1756130 1775499 19369
1773166 1779789 6623
1774882 1781505 6623
1774777 1783782 9005
1777031 1784310 7279
1778520 1785135 6615
1781665 1787907 6242
1781915 1788171 6256
1784112 1791108 6996
1782151 1793022 10871
1782846 1793649 10803
1790166 1796421 6255
1783489 1796718 13229
1790451 1796718 6267
1791805 1798071 6266
1796743 1803351 6608
1794948 1805331 10383
1802825 1809456 6631
1791974 1809621 17647
1800062 1811667 11605
1800671 1814868 14197
1802855 1815528 12673
1809069 1819917 10848
1809251 1822590 13339
1817772 1824867 7095
1810426 1826319 15893
1816501 1826649 10148
1821645 1828266 6621
1817761 1828596 10835
1801161 1829586 28425
1809932 1830114 20182
1815239 1831269 16030
1816709 1831830 15121
1812011 1832919 20908
1810043 1833117 23074
1813767 1833447 19680
1810756 1834371 23615
1827276 1835031 7755
1822487 1837440 14953
1823103 1839585 16482
1831967 1840113 8146
1835909 1842159 6250
1828210 1842423 14213
1827272 1843380 16108
1834194 1844634 10440
1835925 1846515 10590
1815604 1847142 31538
1828148 1848165 20017
1843994 1850673 6679
1838810 1853082 14272
1845192 1854765 9573
1846874 1855326 8452
1844258 1855689 11431
1842736 1855788 13052
1846787 1858395 11608
1847322 1858659 11337
1846749 1858824 12075
1851790 1859187 7397
1848753 1861530 12777
1849045 1862091 13046
1837929 1862388 24459
1844994 1864962 19968
1861893 1868130 6237
1857859 1868592 10733
1864862 1871100 6238
1860516 1871232 10716
1860400 1871430 11030
1850002 1873938 23936
1860469 1876116 15647
1867264 1878492 11228
1868717 1880340 11623
1873817 1880472 6655
1865432 1881066 15634
1865238 1883475 18237
1869390 1883607 14217
1878878 1885191 6313
1875196 1886214 11018
1875819 1886313 10494
1870197 1887633 17436
1873406 1888425 15019
1877525 1888854 11329
1883674 1890537 6863
1881423 1891494 10071
1883574 1892088 8514
1877605 1892880 15275
1886454 1893144 6690
1886964 1894068 7104
1884445 1895322 10877
1884315 1896807 12492
1890563 1897170 6607
1887288 1901361 14073
1884703 1901559 16856
1895201 1901823 6622
1895667 1902285 6618
1895388 1905156 9768
1890728 1906575 15847
1889493 1908126 18633
1900629 1911360 10731
1904316 1914759 10443
1904351 1915089 10738
1904447 1915782 11335
1900493 1917927 17434
1912116 1918356 6240
1908295 1921425 13130
1916933 1923966 7033
1915206 1924164 8958
1916953 1927332 10379
1910748 1930203 19455
1916866 1930632 13766
1924581 1933272 8691
1917072 1936275 19203
1928816 1937133 8317
1918488 1937199 18711
1925313 1937298 11985
1927175 1938387 11212
1923094 1940202 17108
1924455 1940499 16044
1931524 1940895 9371
1926361 1941093 14732
1927332 1941093 13761
1917146 1943403 26257
1937352 1946439 9087
1940603 1947231 6628
1924823 1947693 22870
1941910 1948485 6575
1934354 1948518 14164
1938173 1950234 12061
1939948 1950795 10847
1928992 1951257 22265
1945432 1952049 6617
1944852 1953270 8418
1941210 1953864 12654
1948296 1955151 6855
1944378 1958814 14436
1947005 1959837 12832
1956352 1962609 6257
1954504 1964886 10382
1952297 1969704 17407
1963775 1972509 8734
1964301 1973037 8736
1963949 1974324 10375
1961406 1976304 14898
1966359 1977096 10737
1971126 1977393 6267
1973132 1979373 6241
1973620 1979868 6248
1968095 1982277 14182
1974849 1982508 7659
1973851 1984983 11132
1972355 1985643 13288
1974645 1987227 12582
1981721 1987986 6265
1973566 1988349 14783
1984423 1991055 6632
1985907 1996698 10791
1990494 1996731 6237
1993408 2002242 8834
1989921 2003430 13509
1988839 2003826 14987
1985727 2006499 20772
1990575 2006994 16419
1989965 2007984 18019
2002643 2009337 6694
2006815 2013231 6416
1999727 2014782 15055
2009202 2015442 6240
2008970 2015937 6967
2003373 2018445 15072
2000469 2018940 18471
2008956 2021976 13020
2012305 2023560 11255
2019182 2026299 7117
2019521 2028609 9088
2011477 2028675 17198
2021236 2029104 7868
2012787 2029698 16911
2017517 2032371 14854
2022508 2033328 10820
2023405 2034087 10682
2025739 2036199 10460
2027304 2036793 9489
2029578 2042964 13386
2026810 2043195 16385
2033951 2043855 9904
2041935 2048211 6276
2038428 2049366 10938
2040314 2051181 10867
2031957 2051412 19455
2046193 2053161 6968
2038905 2053623 14718
2049209 2055900 6691
2047321 2056857 9536
2047273 2058144 10871
2049893 2058573 8680
2045506 2060850 15344
2050634 2060949 10315
2049940 2061444 11504
2055852 2062104 6252
2052274 2063655 11381
2057469 2063721 6252
2052844 2070090 17246
2059827 2070585 10758
2063341 2073720 10379
2067204 2073819 6615
2068630 2074875 6245
2059683 2079066 19383
2072970 2079297 6327
2073134 2079792 6658
2068611 2079858 11247
2069701 2081772 12071
2070197 2082366 12169
2073447 2082597 9150
2068834 2084016 15182
2068801 2085138 16337
2070413 2088339 17926
2082198 2088801 6603
2069732 2088867 19135
2074607 2089725 15118
2078403 2094411 16008
2086279 2095863 9584
2086136 2097876 11740
2081829 2098767 16938
2086446 2099328 12882
2087159 2099592 12433
2084726 2099658 14932
2089235 2099922 10687
2093723 2100516 6793
2089578 2101803 12225
2096636 2102892 6256
2086394 2103321 16927
2092001 2105169 13168
2099395 2106027 6632
2091880 2108073 16193
2097170 2111043 13873
2101648 2113155 11507
2108607 2114871 6264
2109399 2120151 10752
2110337 2121207 10870
2116922 2127939 11017
2120628 2127939 7311
2122125 2128632 6507
2117438 2131701 14263
2116871 2132361 15490
2119896 2132658 12762
2122903 2133417 10514
2123539 2134572 11033
2116528 2134902 18374
2118500 2135859 17359
2131759 2142096 10337
2134436 2142591 8155
2132654 2143713 11059
2127321 2145297 17976
2119275 2145726 26451
2137025 2146452 9427
2140099 2147706 7607
2141386 2148366 6980
2130901 2149290 18389
2124764 2151567 26803
2127322 2152128 24806
2141964 2152755 10791
2146671 2153481 6810
2148042 2154867 6825
2141861 2155494 13633
2142227 2157936 15709
2145790 2159883 14093
2153398 2162094 8696
2145685 2162127 16442
2146956 2165196 18240
2150450 2165691 15241
2151142 2166714 15572
2152543 2168397 15854
2161142 2168826 7684
2155873 2171103 15230
2160540 2171829 11289
2158242 2172225 13983
2166632 2173149 6517
2166975 2173578 6603
2145868 2175030 29162
2170492 2177769 7277
2162025 2179089 17064
2156178 2180310 24132
2165955 2181135 15180
2170915 2182521 11606
2178467 2185128 6661
2181287 2187966 6679
2183042 2189385 6343
2172253 2190078 17825
2183931 2190540 6609
2165332 2191464 26132
2176811 2192784 15973
2177397 2193345 15948
2174331 2194665 20334
2188686 2194929 6243
2188396 2196975 8579
2172980 2197272 24292
2184902 2197371 12469
2184285 2200110 15825
2187399 2200341 12942
2198664 2205357 6693
2196949 2207766 10817
2187781 2210373 22592
2199520 2210439 10919
2188511 2210637 22126
2201869 2211759 9890
2200687 2215521 14834
2205189 2216742 11553
2208537 2218920 10383
2195971 2219448 23477
2210702 2222154 11452
2216671 2222814 6143
2213575 2225916 12341
2223365 2229612 6247
2220872 2231790 10918
2225245 2236014 10769
2230575 2237202 6627
2229556 2240865 11309
2231762 2242350 10588
2235303 2245749 10446
2233703 2247729 14026
2231534 2248389 16855
2233133 2250501 17368
2227794 2253207 25413
2237555 2253900 16345
2249617 2256243 6626
2241107 2257101 15994
2243128 2258322 15194
2249933 2261061 11128
2255191 2261820 6629
2257317 2263569 6252
2249738 2264889 15151
2249939 2264922 14983
2251974 2266803 14829
2258862 2267562 8700
2261714 2268717 7003
2263096 2269905 6809
2255889 2271819 15930
2263517 2273568 10051
2260493 2274063 13570
2260688 2275680 14992
2263300 2277099 13799
2253145 2278386 25241
2260422 2278716 18294
2265229 2279244 14015
2263774 2279409 15635
2267191 2279607 12416
2267076 2279871 12795
2275358 2282379 7021
2268795 2282643 13848
2264836 2285745 20909
2271444 2286471 15027
2281144 2288484 7340
2286816 2293071 6255
2279457 2293302 13845
2279551 2294193 14642
2279626 2296503 16877
2290201 2296866 6665
2286926 2297361 10435
2291148 2297427 6279
2291189 2298681 7492
2290947 2299572 8625
2283765 2301915 18150
2275818 2303862 28044
2293956 2304753 10797
2302495 2308746 6251
2297902 2309637 11735
2303391 2310396 7005
2294969 2312607 17638
2299228 2312607 13379
2307141 2313762 6621
2304467 2315412 10945
2308696 2315775 7079
2308184 2318151 9967
2309702 2318382 8680
2315642 2322177 6535
2316496 2322804 6308
2315426 2325906 10480
2312598 2326038 13440
2317673 2328414 10741
2319191 2328744 9553
2314571 2328777 14206
2323371 2331450 8079
2324740 2331978 7238
2323222 2338677 15455
2323970 2339205 15235
2342258 2348874 6616
2344571 2351547 6976
2345475 2352075 6600
2351049 2357652 6603
2347897 2358774 10877
2344782 2359104 14322
2353309 2359566 6257
2345346 2363031 17685
2361578 2368146 6568
2350430 2370225 19795
2359092 2370291 11199
2365617 2376627 11010
2363741 2377221 13480
2354405 2377848 23443
2361817 2379333 17516
2358875 2379861 20986
2365072 2382204 17132
2375407 2383326 7919
2367837 2383557 15720
2366232 2385636 19404
2371813 2386263 14450
2372788 2386824 14036
2362974 2387088 24114
2370684 2390520 19836
2385659 2392269 6610
2370939 2393226 22287
2375891 2393754 17863
2371531 2393787 22256
2376285 2394282 17997
2386793 2397351 10558
2376857 2400420 23563
2398860 2405106 6246
2387810 2405601 17791
2381971 2406756 24785
2377589 2407746 30157
2382623 2408274 25651
2402569 2410419 7850
2392211 2411970 19759
2399703 2412168 12465
2398366 2413059 14693
2398646 2413620 14974
2409304 2416227 6923
2407193 2418405 11212
2407197 2418933 11736
2407141 2419296 12155
2399715 2421276 21561
2413135 2422101 8966
2406212 2422167 15955
2416259 2422695 6436
2409263 2423058 13795
2401931 2426061 24130
2407308 2429130 21822
2411373 2429361 17988
2414009 2429889 15880
2416925 2430054 13129
2416766 2430318 13552
2426521 2433189 6668
2427071 2433684 6613
2408584 2435796 27212
2412928 2436357 23429
2429981 2436588 6607
2425133 2436918 11785
2428288 2437941 9653
2421796 2439294 17498
2426315 2440053 13738
2435920 2442165 6245
2436630 2442759 6129
2429682 2443881 14199
2427772 2447775 20003
2442144 2448765 6621
2432291 2449458 17167
2434566 2450976 16410
2439465 2451504 12039
2426742 2454540 27798
2438218 2455200 16982
2446119 2455200 9081
2437026 2455233 18207
2449201 2455959 6758
2445597 2457906 12309
2443266 2458071 14805
2451119 2458137 7018
2444363 2461173 16810
2444125 2461833 17708
2454275 2462196 7921
2452457 2464407 11950
2451418 2465232 13814
2451007 2465496 14489
2452348 2466750 14402
2443003 2467344 24341
2456121 2467707 11586
2457301 2467938 10637
2452706 2468202 15496
2460936 2470413 9477
2452788 2471073 18285
2454113 2471436 17323
2458870 2473944 15074
2465240 2474076 8836
2459366 2474505 15139
2468044 2475330 7286
2468050 2475858 7808
2464845 2477046 12201
2456788 2477640 20852
2448218 2477706 29488
2472459 2479455 6996
2466715 2480148 13433
2472880 2483349 10469
2476141 2486880 10739
2476215 2491071 14856
2488129 2494668 6539
2488080 2494767 6687
2490496 2496747 6251
2491029 2497275 6246
2471978 2497671 25693
2484675 2498463 13788
2486266 2500872 14606
2487521 2501400 13879
2484461 2502159 17698
2482944 2502984 20040
2494179 2505195 11016
2498830 2505459 6629
2499099 2506218 7119
2495954 2508198 12244
2496116 2508726 12610
2504830 2511432 6602
2497539 2512323 14784
2501132 2512653 11521
2493666 2515293 21627
2498455 2516976 18521
2507567 2518494 10927
2506132 2523147 17015
2511551 2523147 11596
2509130 2523708 14578
2509979 2525457 15478
2518664 2526909 8245
2517633 2528889 11256
2519229 2530011 10782
2527323 2533938 6615
2525236 2536512 11276
2526812 2539185 12373
2527969 2539185 11216
2524274 2541924 17650
2537507 2543772 6265
2538639 2544597 5958
2532600 2546214 13614
2530715 2546874 16159
2540637 2546874 6237
2531007 2549580 18573
2533450 2550141 16691
2544777 2551032 6255
2541740 2553474 11734
2548114 2556576 8462
2545991 2557170 11179
2542274 2559579 17305
2551111 2561856 10745
2539621 2562978 23357
2552988 2564265 11277
2550989 2565552 14563
2554983 2566311 11328
2555033 2568258 13225
2551208 2568588 17380
2561077 2570073 8996
2554762 2570535 15773
2562939 2570535 7596
2568816 2576376 7560
2570799 2577036 6237
2562777 2577234 14457
2566970 2578851 11881
2562592 2579841 17249
2563732 2579973 16241
2575998 2582250 6252
2576598 2583240 6642
2572762 2586111 13349
2574945 2586177 11232
2585133 2591754 6621
2576435 2594262 17827
2584712 2596473 11761
2587099 2596902 9803
2584991 2600301 15310
2586065 2600400 14335
2590871 2601819 10948
2591343 2603007 11664
2596224 2604624 8400
2587878 2604723 16845
2593070 2607990 14920
2596959 2608419 11460
2587698 2610564 22866
2597253 2611983 14730
2593867 2612214 18347
2592705 2612445 19740
2593327 2615646 22319
2596338 2618814 22476
2602195 2618946 16751
2599201 2621982 22781
2609464 2625216 15752
2614166 2625777 11611
2619377 2628417 9040
2622369 2628615 6246
2612686 2630859 18173
2626158 2632443 6285
2629082 2635347 6265
2621369 2635644 14275
2632421 2639274 6853
2632973 2644092 11119
2634770 2645577 10807
2629388 2649042 19654
2636615 2649372 12757
2635275 2650065 14790
2630116 2652045 21929
2643101 2652342 9241
2643614 2652870 9256
2635613 2653035 17422
2649506 2655840 6334
2649377 2656005 6628
2648913 2657622 8709
2645804 2658117 12313
2649587 2658876 9289
2643073 2660163 17090
2644766 2661549 16783
2646850 2662110 15260
2654702 2663133 8431
2641158 2663397 22239
2651117 2664816 13699
2642633 2665212 22579
2646966 2667192 20226
2658922 2671581 12659
2662990 2671614 8624
2665991 2672604 6613
2661794 2672736 10942
2658538 2675706 17168
2660611 2675970 15359
2663635 2676861 13226
2669221 2681514 12293
2663281 2681877 18596
2671689 2682075 10386
2668920 2684583 15663
2667220 2686728 19508
2680390 2686959 6569
2678450 2690061 11611
2686232 2692866 6634
2687407 2693922 6515
2688250 2694615 6365
2685972 2694945 8973
2685651 2695407 9756
2687559 2695440 7881
2689219 2695803 6584
2677267 2698674 21407
2682541 2699136 16595
2682644 2699202 16558
2685266 2700423 15157
2687681 2702238 14557
2683851 2703327 19476
2684551 2705901 21350
2691807 2706495 14688
2701910 2708574 6664
2675158 2708673 33515
2686368 2709234 22866
2700776 2709696 8920
2696449 2709861 13412
2696996 2710356 13360
2686724 2711808 25084
2693792 2713260 19468
2695557 2713293 17736
2703805 2713293 9488
2707315 2713920 6605
2682059 2715009 32950
2699753 2716395 16642
2710155 2716758 6603
2708738 2719530 10792
2695584 2719959 24375
2700801 2720223 19422
2703823 2721246 17423
2691484 2722533 31049
2715415 2723589 8174
2717515 2724117 6602
2719123 2725800 6677
2721982 2728011 6029
2721084 2734809 13725
2722118 2735337 13219
2724947 2735832 10885
2723700 2736327 12627
2728774 2738076 9302
2729151 2739033 9882
2723581 2740089 16508
2719716 2741739 22023
2727633 2742003 14370
2727867 2742102 14235
2729328 2744049 14721
2729299 2746524 17225
2741208 2747217 6009
2737385 2747778 10393
2738515 2749362 10847
2734506 2749725 15219
2736483 2751375 14892
2746985 2753223 6238
2746738 2753355 6617
2747107 2753355 6248
2747243 2753718 6475
2748937 2760285 11348
2757058 2763321 6263
2757975 2767149 9174
2759316 2767677 8361
2752714 2767743 15029
2754975 2767842 12867
2756989 2768073 11084
2761759 2768337 6578
2750643 2770713 20070
2759874 2770944 11070
2753906 2771043 17137
2760983 2771505 10522
2765292 2774112 8820
2768324 2774706 6382
2771435 2777676 6241
2771741 2778006 6265
2770025 2780910 10885
2779627 2785893 6266
2775658 2786025 10367
2766947 2787510 20563
2780882 2787906 7024
2780398 2788533 8135
2784662 2791272 6610
2778036 2791602 13566
2787349 2794011 6662
2783490 2794308 10818
2786886 2799588 12702
2792993 2799621 6628
2789304 2800413 11109
2797974 2805726 7752
2790860 2806122 15262
2797660 2808432 10772
2797483 2808927 11444
2801104 2811402 10298
2802445 2811963 9518
2799842 2813415 13573
2795746 2815065 19319
2803454 2815593 12139
2806636 2816484 9848
2796932 2818794 21862
2805853 2819322 13469
2802635 2819685 17050
2815329 2821929 6600
2808151 2822886 14735
2813100 2826219 13119
2816268 2827209 10941
2818124 2828496 10372
2819060 2828925 9865
2822007 2830212 8205
2822040 2830740 8700
2826759 2833017 6258
2823478 2834667 11189
2824744 2835690 10946
2819949 2836680 16731
2821847 2837208 15361
2818144 2837538 19394
2823755 2839089 15334
2820314 2840937 20623
2833038 2842125 9087
2819012 2844468 25456
2823871 2844600 20729
2835013 2847339 12326
2833623 2847471 13848
2822975 2847966 24991
2842558 2848824 6266
2835333 2851068 15735
2837984 2851101 13117
2846746 2853015 6269
2846052 2856777 10725
2839852 2862387 22535
2849211 2863443 14232
2856373 2865456 9083
2852165 2868525 16360
2858519 2869317 10798
2856761 2870307 13546
2858330 2872254 13924
2863644 2878755 15111
2870175 2879250 9075
2859802 2879745 19943
2860172 2880273 20101
2875607 2881857 6250
2872657 2882121 9464
2868807 2882319 13512
2869237 2882385 13148
2875161 2882649 7488
2867592 2882979 15387
2878102 2884431 6329
2861716 2885982 24266
2875714 2886213 10499
2875766 2887236 11470
2876582 2887500 10918
2872012 2890701 18689
2876854 2891361 14507
2885304 2897598 12294
2884334 2898555 14221
2888557 2899578 11021
2888108 2902416 14308
2881399 2902647 21248
2897878 2904891 7013
2899380 2905716 6336
2888560 2908059 19499
2902214 2908818 6604
2887839 2908917 21078
2891549 2909445 17896
2896704 2912679 15975
2907637 2913966 6329
2895327 2914263 18936
2904107 2914494 10387
2905085 2915385 10300
2900436 2916969 16533
2906420 2917299 10879
2902994 2918355 15361
2910663 2919543 8880
2898027 2921556 23529
2914270 2922612 8342
2914166 2925417 11251
2899477 2925714 26237
2916133 2927397 11264
2914910 2928750 13840
2922488 2929113 6625
2921927 2929344 7417
2924150 2930796 6646
2918883 2930895 12012
2922126 2932347 10221
2925491 2932974 7483
2927003 2933568 6565
2921533 2934591 13058
2913644 2935944 22300
2928627 2936604 7977
2914913 2936769 21856
2922753 2939805 17052
2929637 2944326 14689
2927531 2944425 16894
2939637 2946306 6669
2937759 2947494 9735
2932552 2949309 16757
2943246 2949837 6591
2940707 2951091 10384
2941550 2952411 10861
2942738 2954952 12214
2946970 2956173 9203
2945555 2957922 12367
2946242 2958450 12208
2951446 2958549 7103
2944668 2958879 14211
2948822 2961783 12961
2951424 2962179 10755
2951729 2963598 11869
2955704 2964390 8686
2954353 2966205 11852
2950978 2968746 17768
2958336 2969274 10938
2965288 2971914 6626
2968740 2974983 6243
2963139 2977458 14319
2969913 2977590 7677
2971773 2978382 6609
2967902 2979537 11635
2968687 2980164 11477
2968561 2980527 11966
2964987 2983167 18180
2974785 2984190 9405
2978282 2984586 6304
2969173 2986368 17195
2970369 2987787 17418
2982753 2989371 6618
2968785 2990988 22203
2975600 2995344 19744
2982817 2997324 14507
2982451 2997522 15071
2992625 2998875 6250
2985555 3000393 14838
2987038 3000393 13355
2993429 3001185 7756
2982430 3001911 19481
2978675 3005013 26338
2984035 3007653 23618
2985288 3007752 22464
2994361 3010359 15998
2991483 3010986 19503
3001553 3011217 9664
2991819 3011415 19596
2996897 3014187 17290
2997912 3014253 16341
2991610 3016266 24656
2995805 3016794 20989
3006382 3017190 10808
3011152 3019302 8150
3004243 3020886 16643
3014544 3020886 6342
3013261 3021414 8153
3005340 3024054 18714
3004954 3024945 19991
3010212 3027255 17043
3023014 3029268 6254
3014682 3029730 15048
3025016 3035406 10390
3023907 3041082 17175
3031667 3042996 11329
3036840 3043095 6255
3038815 3045075 6260
3034158 3045306 11148
3038253 3048012 9759
3038376 3048573 10197
3044683 3050949 6266
3040040 3053259 13219
3043202 3053820 10618
3032444 3054480 22036
3036344 3056955 20611
3039614 3059760 20146
3050474 3061146 10672
3051321 3062103 10782
3051889 3063489 11600
3061236 3067482 6246
3059170 3070320 11150
3060494 3070881 10387
3059487 3070947 11460
3065667 3072267 6600
3060499 3073521 13022
3061833 3074148 12315
3069534 3076194 6660
3069789 3076392 6603
3070667 3077514 6847
3066937 3077778 10841
3062372 3079824 17452
3071706 3080319 8613
3070262 3080649 10387
3069487 3083751 14264
3070564 3084741 14177
3079490 3085731 6241
3078816 3090351 11535
3080655 3095565 14910
3083109 3096357 13248
3085973 3096588 10615
3084902 3096885 11983
3088093 3099954 11861
3089446 3102660 13214
3092837 3102660 9823
3096462 3103155 6693
3089465 3105729 16264
3093665 3105927 12262
3097481 3106356 8875
3086348 3108567 22219
3098547 3109425 10878
3103712 3110151 6439
3096829 3110712 13883
3104685 3111372 6687
3105417 3112923 7506
3106059 3113451 7392
3095102 3114078 18976
3106233 3117708 11475
3108305 3118698 10393
3113014 3119259 6245
3116518 3123450 6932
3113706 3125562 11856
3115988 3126750 10762
3116045 3126981 10936
3122028 3128268 6240
3120871 3134637 13766
3122208 3135825 13617
3127375 3137343 9968
3121415 3138564 17149
3120155 3140874 20719
3118416 3143085 24669
3124303 3143679 19376
3129638 3144075 14437
3130659 3144207 13548
3131306 3144702 13396
3126036 3147771 21735
3125766 3149619 23853
3127220 3150114 22894
3138185 3150807 12622
3135534 3151368 15834
3138436 3153546 15110
3136923 3154932 18009
3148667 3159057 10390
3148801 3160179 11378
3147269 3161631 14362
3155025 3166416 11391
3157228 3168099 10871
3168462 3174699 6237
3169438 3176184 6746
3170162 3176778 6616
3163686 3178527 14841
3169669 3180474 10805
3168177 3183378 15201
3168825 3184038 15213
3175652 3186018 10366
3180296 3186546 6250
3180705 3186975 6270
3182126 3188757 6631
3181450 3192222 10772
3186767 3193377 6610
3177902 3195192 17290
3189042 3195291 6249
3189341 3195984 6643
3189071 3202518 13447
3196595 3207336 10741
3198073 3209052 10979
3204109 3210735 6626
3204247 3210867 6620
3206048 3212484 6436
3203177 3216081 12904
3205587 3216675 11088
3205618 3219183 13565
3206429 3223275 16846
3212745 3224958 12213
3215147 3226146 10999
3209945 3226971 17026
3217300 3228060 10760
3219560 3228654 9094
3215018 3228852 13834
3223567 3230667 7100
3221293 3230766 9473
3217665 3233901 16236
3228839 3235089 6250
3226053 3236574 10521
3219610 3236607 16997
3231930 3238191 6261
3233391 3239544 6153
3221147 3239775 18628
3230016 3241425 11409
3234742 3241986 7244
3232068 3242547 10479
3233094 3243174 10080
3229759 3244758 14999
3234737 3246078 11341
3238627 3249774 11147
3243773 3250170 6397
3240552 3251523 10971
3241577 3254064 12487
3249562 3256308 6746
3247954 3256770 8816
3240717 3257793 17076
3249500 3259377 9877
3253570 3260070 6500
3253712 3260565 6853
3245498 3260994 15496
3246528 3263370 16842
3244733 3263667 18934
3251991 3264228 12237
3258611 3267792 9181
3249520 3271620 22100
3259007 3273039 14032
3261199 3273303 12104
3263396 3273831 10435
3256690 3274788 18098
3253628 3274821 21193
3251616 3275151 23535
3250004 3275712 25708
3259201 3276306 17105
3271790 3278781 6991
3257183 3279012 21829
3261833 3279144 17311
3264127 3279540 15413
3269558 3281982 12424
3261265 3284589 23324
3268659 3284820 16161
3268193 3285612 17419
3280905 3291288 10383
3280572 3291783 11211
3287029 3294027 6998
3280851 3294060 13209
3269419 3294159 24740
3279512 3294159 14647
3287179 3294555 7376
3283105 3294951 11846
3289382 3296502 7120
3290930 3297195 6265
3290509 3302310 11801
3292812 3303201 10389
3293008 3303795 10787
3298818 3310164 11346
3298232 3310527 12295
3301459 3315807 14348
3301160 3316401 15241
3298942 3317325 18383
3309319 3322638 13319
3306586 3323595 17009
3317192 3323793 6601
3318811 3325443 6632
3318077 3325674 7597
3317649 3326466 8817
3321174 3327819 6645
3318898 3328677 9779
3323290 3329964 6674
3322468 3330030 7562
3315779 3331251 15472
3316928 3332571 15643
3325219 3339105 13886
3328981 3339963 10982
3324197 3341217 17020
3331603 3345342 13739
3327433 3345474 18041
3332692 3346464 13772
3324638 3349104 24466
3343152 3349401 6249
3329564 3349434 19870
3330414 3349962 19548
3343290 3355143 11853
3335551 3355572 20021
3346558 3355770 9212
3331230 3355869 24639
3343284 3358773 15489
3345161 3359268 14107
3353599 3361842 8243
3345161 3363822 18661
3346469 3365241 18772
3342408 3365769 23361
3347647 3366726 19079
3358006 3368739 10733
3348830 3370521 21691
3362806 3371544 8738
3356737 3373722 16985
3356020 3374250 18230
3371592 3382335 10743
3376530 3383160 6630
3374770 3385503 10733
3375581 3386922 11341
3378104 3389034 10930
3383723 3390816 7093
3382511 3393852 11341
3384515 3394908 10393
3384614 3396096 11482
3390552 3397548 6996
3390999 3398109 7110
3392841 3399660 6819
3393349 3400155 6806
3398286 3404544 6258
3394987 3406821 11834
3390807 3408306 17499
3394921 3408537 13616
3402936 3409329 6393
3404012 3410649 6637
3401444 3411837 10393
3393848 3412530 18682
3402193 3413388 11195
3400441 3414378 13937
3414104 3420351 6247
3400359 3421110 20751
3416610 3423222 6612
3416670 3423750 7080
3414353 3426654 12301
3406286 3426885 20599
3421406 3432330 10924
3421915 3432726 10811
3419953 3434541 14588
3425624 3435399 9775
3433032 3440052 7020
3430839 3441207 10368
3435221 3442197 6976
3435961 3442593 6632
3428345 3442725 14380
3438334 3444936 6602
3438812 3445431 6619
3441962 3452823 10861
3445146 3455529 10383
3446524 3456915 10391
3449112 3459258 10146
3455057 3461667 6610
3455217 3461865 6648
3447678 3462558 14880
3456730 3463746 7016
3449461 3464208 14747
3458288 3464406 6118
3462423 3469620 7197
3459405 3470214 10809
3453696 3470478 16782
3455951 3471039 15088
3457160 3471732 14572
3458906 3472689 13783
3462056 3472821 10765
3459774 3473217 13443
3461269 3473844 12575
3470997 3477606 6609
3471330 3480642 9312
3465726 3480708 14982
3470692 3484206 13514
3482327 3488595 6268
3484264 3490509 6245
3485389 3491994 6605
3482910 3493644 10734
3486731 3497241 10510
3487257 3498132 10875
3489834 3499287 9453
3492181 3499815 7634
3487384 3500376 12992
3494342 3501762 7420
3496318 3503874 7556
3487952 3506844 18892
3500693 3507306 6613
3493568 3510045 16477
3493202 3510144 16942
3500283 3511497 11214
3502083 3513774 11691
3505246 3517404 12158
3499422 3520110 20688
3500570 3521001 20431
3500506 3523113 22607
3519904 3526545 6641
3510721 3526941 16220
3513829 3528690 14861
3525150 3531396 6246
3523524 3534399 10875
3527430 3536346 8916
3521900 3537006 15106
3529552 3539019 9467
3530646 3541395 10749
3534455 3544827 10372
3546771 3553011 6240
3543724 3554100 10376
3543877 3558357 14480
3549376 3559545 10169
3548087 3562581 14494
3549369 3562779 13410
3549416 3563505 14089
3552965 3563901 10936
3548132 3565485 17353
3559457 3570666 11209
3565375 3571689 6314
3564191 3573405 9214
3565173 3573801 8628
3561859 3573900 12041
3560454 3575154 14700
3567531 3576408 8877
3569109 3576738 7629
3564915 3576771 11856
3565423 3577365 11942
3566688 3577893 11205
3571536 3578454 6918
3574684 3580929 6245
3566046 3582579 16533
3581754 3587991 6237
3577175 3589113 11938
3583483 3590565 7082
3580511 3591852 11341
3580344 3593700 13356
3572924 3594228 21304
3586006 3594393 8387
3582144 3594954 12810
3584540 3595350 10810
3586283 3598056 11773
3592780 3600036 7256
3580427 3600465 20038
3595174 3601422 6248
3590251 3602148 11897
3596127 3602775 6648
3594616 3605547 10931
3598690 3607329 8639
3597247 3607593 10346
3597752 3608121 10369
3595266 3610200 14934
