4959 15840 10881
14362 29238 14876
35906 42174 6268
46637 53262 6625
56606 63228 6622
58460 64713 6253
60432 67452 7020
61568 68178 6610
65852 72468 6616
73173 79431 6258
83181 89793 6612
80821 95700 14879
103662 109989 6327
102312 113190 10878
111028 121407 10379
122090 128337 6247
124604 130845 6241
126892 133881 6989
124821 135696 10875
128268 138864 10596
124380 141174 16794
148892 155133 6241
149818 156057 6239
149436 164274 14838
156503 166881 10378
162779 173514 10735
182483 189090 6607
183927 190542 6615
184749 191400 6651
191390 201762 10372
195652 210507 14855
208091 214698 6607
222519 228756 6237
235121 241725 6604
241444 247698 6254
237919 251790 13871
255668 266046 10378
256674 268356 11682
272839 283206 10367
278997 285615 6618
281234 292116 10882
282762 294558 11796
290942 297198 6256
305784 312411 6627
308659 314919 6260
301076 315942 14866
309991 321156 11165
319496 330231 10735
325317 332211 6894
326467 337194 10727
334295 340923 6628
328773 343530 14757
338046 348975 10929
344443 355080 10637
339245 356136 16891
351081 361812 10731
357783 369105 11322
362541 375870 13329
375086 381348 6262
379295 385539 6244
375636 386001 10365
382454 396330 13876
392043 398739 6696
384584 401841 17257
410528 416790 6262
407676 418968 11292
412663 427515 14852
429077 435699 6622
437543 448404 10861
450427 457050 6623
446856 457611 10755
451624 462363 10739
463709 469953 6244
480446 490809 10363
488816 495792 6976
486279 501171 14892
501803 516186 14383
507249 518166 10917
510070 521334 11264
521646 528264 6618
514809 532158 17349
530322 541200 10878
545584 551826 6242
548013 554268 6255
553500 563871 10371
554288 564861 10573
560311 567336 7025
560981 567600 6619
569221 579975 10754
574872 589809 14937
598943 613173 14230
603624 614361 10737
611688 622545 10857
619118 633501 14383
640428 647031 6603
651236 657492 6256
658718 669471 10753
671388 678018 6630
668820 679206 10386
674848 681087 6239
702578 708840 6262
705878 716760 10882
706615 717486 10871
747979 754248 6269
766167 772794 6627
768250 774906 6656
771343 777612 6269
783925 790185 6260
786386 797247 10861
792640 799656 7016
795661 802263 6602
788519 802395 13876
795780 806652 10872
816208 822459 6251
824758 831006 6248
824497 831105 6608
826277 837144 10867
832845 839850 7005
836653 844140 7487
834203 844569 10366
835416 846285 10869
841473 851862 10389
850915 861300 10385
876926 883542 6616
892486 898755 6269
897524 903771 6247
900081 914595 14514
909704 915948 6244
915730 921987 6257
922618 934395 11777
924865 936276 11411
930131 936375 6244
925763 936408 10645
932129 942348 10219
930759 942612 11853
928630 943404 14774
927585 945417 17832
947688 958056 10368
954899 961521 6622
955815 962082 6267
962302 968550 6248
959467 970167 10700
976336 982938 6602
981358 987624 6266
976738 991254 14516
992164 998415 6251
991954 1006203 14249
1001669 1016532 14863
1016417 1022670 6253
1013515 1024584 11069
1015716 1026102 10386
1040135 1046397 6262
1057378 1063986 6608
1059226 1070289 11063
1063273 1077582 14309
1068035 1078407 10372
1068614 1079496 10882
1075533 1083423 7890
1074303 1084743 10440
1079866 1086492 6626
1083659 1089924 6265
1078957 1091937 12980
1090825 1097448 6623
1098505 1108899 10394
1099470 1112067 12597
1109683 1120416 10733
1115002 1121604 6602
1115998 1122627 6629
1117605 1123848 6243
1117000 1127709 10709
1121412 1128039 6627
1121906 1128171 6265
1127619 1134243 6624
1130598 1141470 10872
1131361 1142097 10736
1147404 1153647 6243
1161752 1172193 10441
1165614 1172226 6612
1162253 1175625 13372
1167527 1181763 14236
1174599 1183215 8616
1175631 1186515 10884
1173109 1188132 15023
1195526 1201794 6268
1199119 1205358 6239
1201768 1212156 10388
1209597 1219977 10380
1220962 1227204 6242
1220108 1230966 10858
1221824 1232979 11155
1228763 1239513 10750
1248930 1255188 6258
1252620 1258884 6264
1250398 1260996 10598
1254438 1265187 10749
1252992 1267398 14406
1275559 1281819 6260
1278427 1285251 6824
1276204 1287066 10862
1278767 1288320 9553
1283483 1297428 13945
1286038 1299738 13700
1284071 1300629 16558
1293354 1307724 14370
1297056 1307790 10734
1305767 1316139 10372
1339242 1349634 10392
1347485 1353726 6241
1344546 1355409 10863
1350846 1361613 10767
1356704 1371348 14644
1363088 1374351 11263
1364439 1375440 11001
1366708 1377090 10382
1374225 1380489 6264
1371613 1382007 10394
1375229 1382634 7405
1367557 1385340 17783
1389323 1395570 6247
1381466 1395834 14368
1395508 1406394 10886
1396146 1410519 14373
1409143 1415403 6260
1409241 1415502 6261
1432520 1439130 6610
1427820 1440978 13158
1435451 1442991 7540
1434679 1445565 10886
1431543 1445994 14451
1442404 1449030 6626
1447516 1457907 10391
1457826 1464078 6252
1480181 1490544 10363
1489436 1499817 10381
1486606 1500840 14234
1499595 1510476 10881
1504521 1514898 10377
1518459 1524699 6240
1532247 1538493 6246
1536040 1542288 6248
1537859 1544466 6607
1539818 1550703 10885
1542648 1553838 11190
1550451 1561626 11175
1552829 1563573 10744
1568540 1576509 7969
1567338 1577730 10392
1567541 1577928 10387
1579356 1585617 6261
1585755 1592382 6627
1587441 1594065 6624
1588222 1594857 6635
1584644 1596276 11632
1595101 1605483 10382
1604601 1611885 7284
1598169 1612578 14409
1603240 1614129 10889
1608331 1619079 10748
1612981 1623369 10388
1614870 1625745 10875
1622332 1628946 6614
1628351 1638780 10429
1635057 1641684 6627
1632456 1641750 9294
1632077 1647822 15745
1652766 1659009 6243
1648881 1659768 10887
1655487 1662144 6657
1653199 1664256 11057
1654110 1668414 14304
1672978 1679238 6260
1673862 1680129 6267
1693594 1699929 6335
1694097 1702734 8637
1694402 1709466 15064
1699925 1710852 10927
1704682 1714119 9437
1701153 1717188 16035
1710177 1720257 10080
1708537 1720620 12083
1704134 1722138 18004
1708176 1723326 15150
1722235 1728474 6239
1728130 1734744 6614
1739880 1746492 6612
1735469 1749891 14422
1746381 1752993 6612
1736034 1753026 16992
1762651 1768899 6248
1762124 1772859 10735
1772879 1779492 6613
1777684 1783947 6263
1789209 1795893 6684
1785383 1798995 13612
1809424 1819818 10394
1819100 1825791 6691
1815095 1832523 17428
1828560 1835163 6603
1831195 1841928 10733
1841577 1847835 6258
1842963 1849551 6588
1840370 1851102 10732
1854562 1861233 6671
1854640 1861761 7121
1854811 1864467 9656
1865296 1871562 6266
1873574 1883937 10363
1888825 1895091 6266
1881958 1896477 14519
1925363 1931622 6259
1926243 1932843 6600
1927235 1933866 6631
1928545 1939674 11129
1934486 1945218 10732
1937012 1948716 11704
1939473 1949838 10365
1962036 1968648 6612
1957712 1971585 13873
1972094 1978713 6619
1973969 1980594 6625
1974891 1985511 10620
1972070 1987425 15355
1978313 1993167 14854
1991775 1998381 6606
1990820 2001582 10762
1996116 2006499 10383
2018127 2024748 6621
2023452 2034186 10734
2037765 2048706 10941
2037949 2051907 13958
2062921 2069166 6245
2076813 2091309 14496
2083023 2093883 10860
2104930 2111538 6608
2106932 2117313 10381
2113780 2124639 10859
2123141 2134011 10870
2127955 2134572 6617
2129814 2136057 6243
2126459 2137245 10786
2150263 2156880 6617
2150877 2161632 10755
2165273 2176020 10747
2180748 2191497 10749
2190067 2200803 10736
2196111 2202354 6243
2197693 2203938 6245
2215096 2225850 10754
2225336 2231592 6256
2220193 2232417 12224
2227635 2234034 6399
2228716 2235321 6605
2230376 2237004 6628
2233167 2243901 10734
2235809 2246541 10732
2238252 2248950 10698
2242995 2253372 10377
2249162 2255979 6817
2244003 2258091 14088
2255958 2266704 10746
2271682 2278287 6605
2273347 2279970 6623
2275483 2282115 6632
2279264 2290002 10738
2288944 2302806 13862
2298258 2304522 6264
2291862 2305182 13320
2295265 2306568 11303
2294092 2308812 14720
2303921 2310165 6244
2307007 2313630 6623
2308312 2318679 10367
2314984 2321253 6269
2316210 2322837 6627
2313509 2325312 11803
2319466 2326071 6605
2333560 2344419 10859
2340419 2347059 6640
2376752 2383359 6607
2371736 2386098 14362
2380069 2386692 6623
2387207 2393820 6613
2386441 2397318 10877
2387102 2397846 10744
2392314 2406855 14541
2398028 2408967 10939
2401042 2409264 8222
2404460 2411112 6652
2394478 2413653 19175
2398865 2414346 15481
2406220 2416590 10370
2396132 2417052 20920
2404108 2419461 15353
2407181 2419659 12478
2415775 2422035 6260
2417643 2428371 10728
2425590 2436456 10866
2431055 2443023 11968
2451433 2457741 6308
2454094 2460348 6254
2447506 2460942 13436
2455678 2462295 6617
2460872 2471733 10861
2473261 2479521 6260
2488076 2499024 10948
2492385 2509848 17463
2500981 2511861 10880
2541726 2548326 6600
2563151 2569512 6361
2564896 2571162 6266
2561187 2571954 10767
2562150 2573010 10860
2562634 2577498 14864
2593213 2599839 6626
2594466 2600730 6264
2594580 2604954 10374
2612356 2618682 6326
2605389 2620266 14877
2612573 2625447 12874
2619512 2626140 6628
2620894 2636634 15740
2626994 2638350 11356
2628026 2638779 10753
2625187 2640330 15143
2639940 2646204 6264
2637764 2649042 11278
2641488 2651880 10392
2657294 2667687 10393
2657184 2669568 12384
2659928 2674782 14854
2660962 2678148 17186
2668710 2683692 14982
2680030 2686299 6269
2676930 2686761 9831
2683126 2689368 6242
2680881 2695572 14691
2700704 2707320 6616
2710790 2717055 6265
2713299 2724183 10884
2721951 2728209 6258
2725979 2732598 6619
2718658 2733027 14369
2723731 2734215 10484
2734261 2740518 6257
2744291 2755038 10747
2745426 2762529 17103
2751370 2763090 11720
2752670 2766984 14314
2771372 2781735 10363
2783284 2789886 6602
2787419 2793681 6262
2784943 2795694 10751
2796309 2806749 10440
2796909 2811897 14988
2797883 2812821 14938
2814841 2825592 10751
2814622 2829486 14864
2816770 2830641 13871
2831875 2838132 6257
2824851 2839584 14733
2837741 2845326 7585
2832374 2846646 14272
2836620 2849022 12402
2833713 2850111 16398
2860209 2866446 6237
2869543 2875785 6242
2872487 2878755 6268
2874732 2885487 10755
2879259 2890074 10815
2876089 2893077 16988
2896246 2902515 6269
2898059 2912547 14488
2909590 2916210 6620
2906602 2917464 10862
2906577 2918619 12042
2912053 2922942 10889
2913861 2924328 10467
2925689 2932314 6625
2931173 2937429 6256
2933342 2939970 6628
2937449 2943699 6250
2935907 2950299 14392
2940879 2953104 12225
2941446 2956206 14760
2941565 2956734 15169
2937429 2956965 19536
2947047 2957988 10941
2950797 2961189 10392
2952306 2965413 13107
2965787 2972046 6259
2961335 2972079 10744
2977467 2983893 6426
2979958 2990757 10799
2981326 2992011 10685
2976616 2993958 17342
2991549 2997786 6237
3027781 3034383 6602
3028867 3034944 6077
3028065 3039135 11070
3030799 3041181 10382
3033921 3044778 10857
3040430 3051312 10882
3063021 3069264 6243
3078199 3092562 14363
3087673 3094278 6605
3088649 3095268 6619
3092697 3098964 6267
3089383 3100449 11066
3095550 3102165 6615
3099804 3106422 6618
3102930 3109557 6627
3100645 3111504 10859
3107475 3118731 11256
3112922 3119160 6238
3109035 3120777 11742
3110399 3121338 10939
3136333 3142590 6257
3136936 3147243 10307
3145671 3156054 10383
3157325 3163578 6253
3161979 3172356 10377
3167446 3174072 6626
3169089 3175326 6237
3184386 3195126 10740
3183204 3197601 14397
3207929 3214167 6238
3208973 3215586 6613
3208320 3218688 10368
3216828 3223077 6249
3218352 3229215 10863
3218726 3229611 10885
3230013 3236640 6627
3233499 3239742 6243
3234625 3241227 6602
3240061 3246309 6248
3255792 3266670 10878
3270636 3281619 10983
3280738 3286998 6260
3272891 3287262 14371
3287396 3298284 10888
3287256 3300132 12876
3290571 3301320 10749
3307906 3314157 6251
3310747 3321120 10373
3311392 3326268 14876
3324167 3330426 6259
3336829 3343164 6335
3338107 3344352 6245
3333483 3349401 15918
3354175 3365043 10868
3359268 3369993 10725
3362054 3372798 10744
3362865 3379200 16335
3379272 3390024 10752
3385811 3400188 14377
3389917 3403290 13373
3393268 3403719 10451
3396900 3405930 9030
3399770 3414543 14773
3409509 3416622 7113
3403573 3418998 15425
3420414 3426654 6240
3435170 3441438 6268
3443156 3449787 6631
3446530 3453153 6623
3443744 3454209 10465
3446658 3456948 10290
3445387 3459753 14366
3458921 3465528 6607
3471495 3478101 6606
3464851 3478728 13877
3472013 3482886 10873
3473110 3483975 10865
3481130 3487374 6244
3484455 3495393 10938
3488817 3498099 9282
3488606 3499353 10747
3488343 3502224 13881
3502780 3509385 6605
3507764 3514005 6241
3504932 3515325 10393
3512705 3523575 10870
3515661 3526545 10884
3518550 3528921 10371
3526350 3532980 6630
3527804 3534927 7123
3533355 3543738 10383
3537612 3544233 6621
3541320 3552054 10734
3550010 3560766 10756
3555800 3562416 6616
3554323 3565584 11261
3564433 3571062 6629
3568331 3574593 6262
3565527 3575913 10386
3573322 3579939 6617
3568525 3583041 14516
3573775 3585483 11708
3585836 3592083 6247
3590710 3601092 10382
