3372 10065 6693
923 11286 10363
1369 11748 10379
6257 12936 6679
2119 13695 11576
1145 16797 15652
11609 17919 6310
11723 19470 7747
5297 19767 14470
12869 19866 6997
4113 20163 16050
15538 21846 6308
11230 22473 11243
3262 22836 19574
14504 23100 8596
7721 23397 15676
4796 23529 18733
17205 23760 6555
17671 24288 6617
9988 25080 15092
6684 25542 18858
8144 28050 19906
18254 28149 9895
6219 28611 22392
14464 30921 16457
15654 31119 15465
21427 31317 9890
17595 31350 13755
16672 31713 15041
25430 31878 6448
20186 32439 12253
14245 34485 20240
7379 35640 28261
23540 36168 12628
14435 36333 21898
19539 36531 16992
20246 38742 18496
14927 39270 24343
24573 39402 14829
18845 39831 20986
18829 40821 21992
14065 40887 26822
20917 41844 20927
28466 42207 13741
21204 42537 21333
28381 42636 14255
23855 42834 18979
24903 43164 18261
29156 43593 14437
24922 43956 19034
32066 45078 13012
37141 45804 8663
26651 46299 19648
30498 46431 15933
29057 46827 17770
28757 46860 18103
30416 47388 16972
30202 47421 17219
37277 47520 10243
31532 47949 16417
32221 47949 15728
32598 48840 16242
20377 49038 28661
33661 51480 17819
20336 52074 31738
27547 52239 24692
26414 52536 26122
30573 52800 22227
29293 52833 23540
30912 53394 22482
40742 53658 12916
39966 54450 14484
25603 56397 30794
36611 57024 20413
47440 57057 9617
37182 57387 20205
38084 57552 19468
51116 58080 6964
48439 58245 9806
28088 59565 31477
28525 60126 31601
29857 60687 30830
41821 61182 19361
45685 61743 16058
51701 62799 11098
37329 64284 26955
31942 65010 33068
54072 65901 11829
35323 66165 30842
47022 66165 19143
59329 66462 7133
30475 66891 36416
43302 67122 23820
47679 67452 19773
24951 67650 42699
43563 69531 25968
47327 69993 22666
45262 70125 24863
48855 70191 21336
47772 71181 23409
35990 71214 35224
47831 71346 23515
52524 71874 19350
49147 71973 22826
56428 74910 18482
58462 75042 16580
41799 75141 33342
24500 75174 50674
44754 75240 30486
57500 75471 17971
32065 75735 43670
34167 76758 42591
38064 77286 39222
47007 77319 30312
61434 77484 16050
47460 78243 30783
48386 78903 30517
38496 79398 40902
60394 80058 19664
41330 81609 40279
48712 82170 33458
46980 82764 35784
53986 83160 29174
67990 83820 15830
65042 84612 19570
72179 85536 13357
72271 86130 13859
35385 86394 51009
40622 86460 45838
73698 86658 12960
79144 86757 7613
74688 87186 12498
60947 87615 26668
59468 90387 30919
79196 90486 11290
66925 91047 24122
72326 91311 18985
78812 91806 12994
79433 92334 12901
82694 92532 9838
52715 93687 40972
48428 94545 46117
50354 95073 44719
64991 95106 30115
59776 95535 35759
58324 95634 37310
70839 95634 24795
65415 96063 30648
81650 96360 14710
71982 96591 24609
69519 97878 28359
90082 99759 9677
87809 100419 12610
95278 102729 7451
69411 102960 33549
69805 103488 33683
56035 104082 48047
78682 104610 25928
83081 104610 21529
81812 104973 23161
88878 105171 16293
92126 106029 13903
87189 106194 19005
91888 106326 14438
65127 106722 41595
97648 106887 9239
71021 107283 36262
78694 107844 29150
77913 108372 30459
96696 108900 12204
75849 110121 34272
71641 110517 38876
63642 110649 47007
77716 111045 33329
83463 111045 27582
86485 111111 24626
81533 111177 29644
84094 111441 27347
92343 111672 19329
88267 111705 23438
97111 114378 17267
67380 114675 47295
102806 114906 12100
77459 114972 37513
104890 115467 10577
83542 115533 31991
105421 116028 10607
94706 116094 21388
107694 116589 8895
89661 116622 26961
96763 117249 20486
100595 117381 16786
99082 117810 18728
106381 117909 11528
99952 118338 18386
108565 118470 9905
103606 118866 15260
101051 119328 18277
113941 120252 6311
109913 120780 10867
102770 121539 18769
104734 122628 17894
79909 123354 43445
104919 123453 18534
109832 123717 13885
109864 124014 14150
100541 124575 24034
115238 125070 9832
99968 125862 25894
100652 126456 25804
111789 127578 15789
110410 127743 17333
90489 127842 37353
98076 128106 30030
112217 128535 16318
100982 129228 28246
109383 129789 20406
113423 130251 16828
110299 130449 20150
98545 130944 32399
117378 130977 13599
105462 131340 25878
102405 131373 28968
117426 131571 14145
117896 131868 13972
123475 132198 8723
104019 134574 30555
123766 135003 11237
116554 136290 19736
116612 136290 19678
121653 137643 15990
106347 140085 33738
129140 140184 11044
110264 140745 30481
116877 141306 24429
128624 141306 12682
132044 141933 9889
137320 143913 6593
116676 144507 27831
136610 146487 9877
113177 147147 33970
125388 147213 21825
122198 148170 25972
135783 148335 12552
132379 148797 16418
137579 150810 13231
93628 150876 57248
124829 151041 26212
126817 151569 24752
125469 151932 26463
129045 152097 23052
117199 152295 35096
121015 152493 31478
126842 153021 26179
125389 153087 27698
137977 154011 16034
138365 154275 15910
113815 155496 41681
149075 155661 6586
114131 156057 41926
130781 156618 25837
132018 156684 24666
136960 156981 20021
138080 157707 19627
118571 159390 40819
119403 159852 40449
148991 161601 12610
154476 162129 7653
130633 163053 32420
132953 163218 30265
137117 163779 26662
137840 164142 26302
139819 164208 24389
143641 164274 20633
142117 164703 22586
145841 164802 18961
132942 164835 31893
143400 165297 21897
152213 166650 14437
142971 166815 23844
137697 168069 30372
142060 168597 26537
147624 168663 21039
148849 168993 20144
150923 169752 18829
137707 171468 33761
136439 171963 35524
147321 171996 24675
140209 172458 32249
144879 172986 28107
143961 173052 29091
140753 173580 32827
161585 173679 12094
135955 174075 38120
168158 174504 6346
138479 174636 36157
131075 176319 45244
146513 177309 30796
142232 177573 35341
161350 177573 16223
149949 177870 27921
152238 177936 25698
144380 178266 33886
169056 178398 9342
150057 178695 28638
155440 178992 23552
142148 179355 37207
156192 179586 23394
148746 179751 31005
165842 181203 15361
152846 181467 28621
147152 182985 35833
159061 183513 24452
156941 183777 26836
150181 184272 34091
157622 184371 26749
156493 184503 28010
158548 184899 26351
158900 185460 26560
166267 185922 19655
164736 186021 21285
169577 186450 16873
167560 186780 19220
182843 188793 5950
183161 189552 6391
160474 190707 30233
165311 190971 25660
174906 191499 16593
176863 192456 15593
177676 193215 15539
183001 194271 11270
187490 194568 7078
148139 194700 46561
164661 195261 30600
177229 196746 19517
177232 197307 20075
154643 197769 43126
180103 197835 17732
157489 198000 40511
179452 198132 18680
163503 198561 35058
181002 198660 17658
175869 198858 22989
170719 199089 28370
148917 199386 50469
183810 199683 15873
179337 200541 21204
178064 201432 23368
179765 201465 21700
163339 201894 38555
182798 201993 19195
153023 202092 49069
187827 203049 15222
167450 204534 37084
172964 205095 32131
175554 205656 30102
199051 205656 6605
177630 206217 28587
197414 206250 8836
184201 206745 22544
157672 207141 49469
184873 207306 22433
201019 207636 6617
165535 207801 42266
182347 210507 28160
192510 210738 18228
188674 210936 22262
180869 211035 30166
184223 211035 26812
200965 211497 10532
170481 211596 41115
183780 211629 27849
198704 211629 12925
185609 212025 26416
203619 212091 8472
198942 212124 13182
190625 212685 22060
200839 213180 12341
176990 215292 38302
199094 215391 16297
188591 216249 27658
164871 216414 51543
167047 218559 51512
183112 219120 36008
198586 219978 21392
193504 220110 26606
184727 220242 35515
204592 220539 15947
184502 221232 36730
203723 221727 18004
195245 221958 26713
207365 223245 15880
188310 225060 36750
197461 225390 27929
196675 225654 28979
208712 226710 17998
209742 227271 17529
183797 227502 43705
212058 228096 16038
193457 228129 34672
217914 228525 10611
215575 229581 14006
216929 230142 13213
223009 230670 7661
195133 231165 36032
222961 231429 8468
202930 231726 28796
203209 232287 29078
192994 232947 39953
202003 234828 32825
222753 235092 12339
223781 235620 11839
207009 235719 28710
191252 236016 44764
224700 236181 11481
224400 236808 12408
213076 238095 25019
221923 238260 16337
216368 238689 22321
198929 239514 40585
225549 239745 14196
211900 239976 28076
195618 240504 44886
198518 240900 42382
186134 240999 54865
204039 241527 37488
221941 241527 19586
212367 242022 29655
223792 242880 19088
220521 244233 23712
200123 244761 44638
199565 245256 45691
200202 245784 45582
238913 245916 7003
220094 247071 26977
206783 247170 40387
225451 247599 22148
214863 248259 33396
229809 249051 19242
216363 249480 33117
233158 249678 16520
238691 250206 11515
239820 250734 10914
233821 251130 17309
221337 252153 30816
214050 252549 38499
208822 252714 43892
211382 253209 41827
214803 253803 39000
232558 253869 21311
219142 254199 35057
205287 254331 49044
208014 254760 46746
229474 254892 25418
240606 255750 15144
242613 256278 13665
210252 256608 46356
248441 256806 8365
240253 257070 16817
232703 257169 24466
224057 257631 33574
239851 259215 19364
250244 260238 9994
226250 260667 34417
226823 260832 34009
251337 260832 9495
215439 261162 45723
232504 261393 28889
243879 261954 18075
246630 262482 15852
239390 262911 23521
243087 264066 20979
213492 264396 50904
257898 264462 6564
245620 264627 19007
234872 264957 30085
258283 264957 6674
258838 265485 6647
245744 266145 20401
248228 267234 19006
260295 267399 7104
249607 267762 18155
260419 267927 7508
253483 268785 15302
257011 269313 12302
262389 270468 8079
234137 271755 37618
232386 272349 39963
247605 273174 25569
260644 273240 12596
250860 273438 22578
251831 273702 21871
261972 274131 12159
263661 274131 10470
248716 276408 27692
238192 277167 38975
269962 277266 7304
237036 277365 40329
229432 277893 48461
242936 277959 35023
220046 279543 59497
228440 280104 51664
263429 282909 19480
265745 283371 17626
240678 284328 43650
266372 284427 18055
278641 285120 6479
279867 287034 7167
253684 288024 34340
231895 288123 56228
233319 288717 55398
279341 288717 9376
279944 289245 9301
283926 290235 6309
258635 290268 31633
264815 290862 26047
248922 292578 43656
248742 293007 44265
260984 293337 32353
272005 293535 21530
263152 293667 30515
267321 293898 26577
260047 294162 34115
260595 294558 33963
277513 294624 17111
261140 294690 33550
283476 296769 13293
253848 297396 43548
252823 297792 44969
285960 297891 11931
256716 297924 41208
262805 297924 35119
267855 298320 30465
286710 298419 11709
272802 298881 26079
258439 299409 40970
256920 299574 42654
261118 300102 38984
228911 300630 71719
277028 301752 24724
277708 302313 24605
284730 302676 17946
292342 303237 10895
282721 303369 20648
288917 303666 14749
294631 303831 9200
286054 303864 17810
283020 303930 20910
296763 305151 8388
237465 306900 69435
243042 307329 64287
264638 307560 42922
287267 308220 20953
249396 308715 59319
284381 310299 25918
285515 310827 25312
274765 311520 36755
275310 312081 36771
272920 313137 40217
288634 313170 24536
272749 313830 41081
285071 314391 29320
298046 314919 16873
253972 316404 62432
288680 316932 28252
293733 317229 23496
265656 317493 51837
289568 317592 28024
281936 317724 35788
265685 318054 52369
307529 318285 10756
284364 318780 34416
298209 318813 20604
276445 319176 42731
307705 319803 12098
313602 320133 6531
269310 320331 51021
313631 320628 6997
304526 321915 17389
279897 321981 42084
309433 323004 13571
244451 323070 78619
314238 323532 9294
302781 323598 20817
252089 323697 71608
271367 324390 53023
299387 324984 25597
305103 325578 20475
315138 325776 10638
318735 326964 8229
266431 327690 61259
320886 328020 7134
306924 328218 21294
309911 328350 18439
310499 330924 20425
315579 332541 16962
295205 333366 38161
283929 333366 49437
290952 333927 42975
291007 333927 42920
292833 334488 41655
323154 334488 11334
276354 334752 58398
295445 335643 40198
239407 335775 96368
317765 336369 18604
319016 336897 17881
314056 338283 24227
314941 338316 23375
306551 338844 32293
309204 339306 30102
317162 339339 22177
327737 339603 11866
324318 340098 15780
332441 340098 7657
305461 340494 35033
309691 342837 33146
293828 343629 49801
296648 343695 47047
307690 343761 36071
316939 343992 27053
304870 344190 39320
332680 344289 11609
304906 344751 39845
334841 344817 9976
331455 345840 14385
274836 345873 71037
277443 346335 68892
325981 347523 21542
330859 348612 17753
333603 349173 15570
332986 349404 16418
273812 349701 75889
290216 350592 60376
324109 351351 27242
329202 352506 23304
330149 352671 22522
332755 353199 20444
278372 354453 76081
311256 354519 43263
340149 355740 15591
344819 356829 12010
347146 357357 10211
339308 358050 18742
309098 358248 49150
321506 358677 37171
312200 358776 46576
336764 359304 22540
348366 359700 11334
349334 360228 10894
294509 362406 67897
329289 362934 33645
332392 362934 30542
349294 363132 13838
339560 363660 24100
351327 363693 12366
310794 364155 53361
354226 364518 10292
312093 364815 52722
328752 365244 36492
312427 365310 52883
332997 366366 33369
293315 366894 73579
348252 367719 19467
325720 368775 43055
283332 369270 85938
286366 369798 83432
335831 370128 34297
341159 370161 29002
312179 370458 58279
315942 370524 54582
323908 371184 47276
351278 371217 19939
302203 372273 70070
303552 373032 69480
314579 373593 59014
287140 373659 86519
334013 374682 40669
343080 375441 32361
342729 375771 33042
348146 376299 28153
344851 376332 31481
356963 377388 20425
328196 377487 49291
367773 378477 10704
317355 379533 62178
304144 380688 76544
357251 382041 24790
364121 382536 18415
343743 383031 39288
344594 383559 38965
358708 383889 25181
377800 384120 6320
353309 384648 31339
369125 385011 15886
340997 387057 46060
295243 388971 93728
299228 389499 90271
314176 389928 75752
339671 390093 50422
367353 390720 23367
383892 393459 9567
371479 393657 22178
388363 394515 6152
317063 395406 78343
322235 396000 73765
344782 396297 51515
359371 396396 37025
329291 396594 67303
347079 396957 49878
322710 397023 74313
352448 397485 45037
373643 397518 23875
336995 397716 60721
387904 398178 10274
388582 398739 10157
391903 399267 7364
383915 400587 16672
366090 400950 34860
380395 403458 23063
328360 404019 75659
335183 404481 69298
334984 404481 69497
336588 405141 68553
383796 405174 21378
341752 405537 63785
334426 405966 71540
366394 405999 39605
316805 406230 89425
372957 406593 33636
350133 408903 58770
365091 409497 44406
372717 410025 37308
376397 410553 34156
350797 411081 60284
334075 413193 79118
402027 414315 12288
363561 414348 50787
337634 414414 76780
370160 414942 44782
373119 415338 42219
351194 415404 64210
383717 416031 32314
383015 416394 33379
409172 416427 7255
344335 416460 72125
375096 418110 43014
377138 419265 42127
406964 419595 12631
407300 420090 12790
385436 420222 34786
392855 420783 27928
374682 420915 46233
307393 421476 114083
312571 421905 109334
316214 422466 106252
380717 423918 43201
369796 424611 54815
385370 425040 39670
395396 425205 29809
342184 425667 83483
373436 425733 52297
397157 426063 28906
376791 426228 49437
403292 429792 26500
402398 430584 28186
384538 430848 46310
403189 431112 27923
395446 431442 35996
419396 431475 12079
401488 432003 30515
419799 432399 12600
350149 432564 82415
364750 433092 68342
388552 434511 45959
415556 435501 19945
391016 435666 44650
384386 435798 51412
416417 436062 19645
361146 436359 75213
418481 436590 18109
372877 437415 64538
388939 437943 49004
385403 438999 53596
386825 440121 53296
391961 440385 48424
392271 440913 48642
376119 441012 64893
407359 441144 33785
409505 441243 31738
380114 441573 61459
395426 441705 46279
410860 441837 30977
397032 442266 45234
411582 442431 30849
405506 443124 37618
398406 443157 44751
379202 446061 66859
411066 446259 35193
399055 446292 47237
418151 447975 29824
423673 448668 24995
424143 449229 25086
423589 449328 25739
426437 449790 23353
429539 450318 20779
409979 452067 42088
389569 452529 62960
413207 452793 39586
435536 455004 19468
439279 455565 16286
448522 456060 7538
422967 457083 34116
411404 458997 47593
428497 459987 31490
418942 460713 41771
426408 461769 35361
427285 462792 35507
431298 463419 32121
442520 466686 24166
449424 467247 17823
454272 467775 13503
463080 472593 9513
458242 473913 15671
432384 474375 41991
457281 477444 20163
