981 7590 6609
1295 9735 8440
509 11385 10876
5469 11715 6246
5504 12243 6739
8398 14718 6320
484 15444 14960
9463 17391 7928
8331 18150 9819
4504 20460 15956
7351 20559 13208
5899 21945 16046
9321 23661 14340
5919 24057 18138
15045 24255 9210
14190 27225 13035
12728 27423 14695
9323 29931 20608
15403 30492 15089
17312 31812 14500
15218 32835 17617
9002 33561 24559
12828 34056 21228
21367 35640 14273
28437 36168 7731
30432 36795 6363
20153 37620 17467
30519 38115 7596
28911 40986 12075
30346 41316 10970
26232 43890 17658
33779 43923 10144
32225 45375 13150
30046 45672 15626
32623 45672 13049
33843 46398 12555
28824 47454 18630
29270 47685 18415
41833 48081 6248
31108 48246 17138
35932 48840 12908
26922 51150 24228
23256 52041 28785
42658 53427 10769
35599 54747 19148
37889 55275 17386
48873 55374 6501
41707 55836 14129
49590 57750 8160
49850 58938 9088
54374 60324 5950
48818 60390 11572
46796 61248 14452
51051 63228 12177
53160 63525 10365
55833 66957 11124
55420 67056 11636
48192 68475 20283
62143 68541 6398
58485 71181 12696
69410 75405 5995
65118 76428 11310
69770 77913 8143
65777 77979 12202
58253 80685 22432
65332 81048 15716
64319 81114 16795
62895 81708 18813
64813 81708 16895
64584 82203 17619
69216 84447 15231
74801 84942 10141
65366 85272 19906
78480 85932 7452
72373 89133 16760
64815 89661 24846
80257 90255 9998
83092 90750 7658
70227 91047 20820
73567 91707 18140
83239 93753 10514
84284 93819 9535
80831 94941 14110
77609 97020 19411
73800 97482 23682
91162 97779 6617
82207 97944 15737
91855 98373 6518
81420 98967 17547
84853 101046 16193
94466 103752 9286
96297 105501 9204
94061 106722 12661
90562 108702 18140
91510 108702 17192
91241 109923 18682
92841 110484 17643
95528 110814 15286
105623 113487 7864
84313 113718 29405
90086 113784 23698
100059 116490 16431
105523 117579 12056
112195 118272 6077
107889 118338 10449
106332 118503 12171
107474 121374 13900
105126 121539 16413
107671 121671 14000
104266 121968 17702
104398 122067 17669
113773 122595 8822
107671 122628 14957
105242 125301 20059
112589 125598 13009
107516 127446 19930
117012 127908 10896
103848 130647 26799
115636 130944 15308
104737 131868 27131
124403 133221 8818
127144 133782 6638
116517 134145 17628
127231 135399 8168
129216 135729 6513
119267 136851 17584
127099 137940 10841
131171 138237 7066
128573 139887 11314
124361 140283 15922
126689 143484 16795
128425 145827 17402
138177 147378 9201
132398 148137 15739
134495 148665 14170
125977 150579 24602
132975 151107 18132
145745 152394 6649
138598 153780 15182
140118 154374 14256
138707 154473 15766
142186 155991 13805
144222 156090 11868
147682 156651 8969
145914 157740 11826
152211 158400 6189
152304 158961 6657
129912 159885 29973
143943 160842 16899
140029 163548 23519
153873 163746 9873
142907 164010 21103
145393 164571 19178
153869 164835 10966
154407 165165 10758
160356 168003 7647
152183 168234 16051
145193 168795 23602
162950 170643 7693
153608 170742 17134
154957 171204 16247
153802 173283 19481
145013 173844 28831
165261 175494 10233
155517 176517 21000
155449 177111 21662
165903 178266 12363
150059 178629 28570
172627 181269 8642
156665 181533 24868
161937 183381 21444
163356 183942 20586
168072 183975 15903
170744 184239 13495
172809 184767 11958
158513 185493 26980
179389 185988 6599
179585 186582 6997
180151 187110 6959
172963 188727 15764
180157 191334 11177
185233 191862 6629
179006 192786 13780
185711 195492 9781
189789 196119 6330
185712 199155 13443
185268 199650 14382
176944 199782 22838
185475 200112 14637
183703 200409 16706
188665 201630 12965
186314 202158 15844
182859 202488 19629
193770 205095 11325
198757 205755 6998
195834 205821 9987
182718 208032 25314
201079 208197 7118
183227 209286 26059
197399 210276 12877
195172 212487 17315
204595 212520 7925
201826 212817 10991
202819 213708 10889
201112 215193 14081
193459 216975 23516
202285 218724 16439
207064 219714 12650
200211 221925 21714
212994 222420 9426
217021 223443 6422
215185 225621 10436
218141 225654 7513
205699 226512 20813
217821 228558 10737
206698 228888 22190
213360 229416 16056
224964 231231 6267
212914 232650 19736
225778 232914 7136
226822 233145 6323
219537 235851 16314
226970 236148 9178
215242 236313 21071
221361 236379 15018
223831 236643 12812
226691 237072 10381
232123 239151 7028
238057 244365 6308
232273 244794 12521
231214 244959 13745
236938 247500 10562
237077 247665 10588
237507 248061 10554
239302 248622 9320
239728 249183 9455
235034 250635 15601
244387 250668 6281
244907 251196 6289
238875 253770 14895
243597 254265 10668
235075 254859 19784
238169 255156 16987
238522 255717 17195
235142 256113 20971
243555 258423 14868
243455 258489 15034
240850 259908 19058
247950 262548 14598
247245 266178 18933
255840 266343 10503
256292 266904 10612
247506 267168 19662
258046 268785 10739
255231 269973 14742
256361 270633 14272
262251 273372 11121
266252 275484 9232
266333 276804 10471
255466 276837 21371
262869 279543 16674
273712 280071 6359
261940 280896 18956
272736 283107 10371
263122 284097 20975
267563 285747 18184
273113 286143 13030
273646 286803 13157
284485 291423 6938
284367 292545 8178
280116 292578 12462
286826 293271 6445
280801 293865 13064
284652 294525 9873
281033 294624 13591
288144 294987 6843
281761 295680 13919
284054 296043 11989
269094 297396 28302
291304 297561 6257
274972 297726 22754
275548 298320 22772
277645 299244 21599
290700 301422 10722
293452 302049 8597
281975 302445 20470
295860 302478 6618
296774 303666 6892
298536 305151 6615
297148 307758 10610
301025 307989 6964
297044 311883 14839
295082 314886 19804
306341 314886 8545
300127 315084 14957
309586 316866 7280
301635 317163 15528
301757 319308 17551
302035 320001 17966
303148 320100 16952
305038 320331 15293
306412 320892 14480
305369 324654 19285
306399 325479 19080
318598 326436 7838
302217 329373 27156
319339 329373 10034
303153 329901 26748
321144 329967 8823
312542 330297 17755
314331 330330 15999
326155 333036 6881
319376 334785 15409
325852 336699 10847
329942 336765 6823
323251 337161 13910
317616 338778 21162
325305 339504 14199
320349 340725 20376
324641 342441 17800
324770 342573 17803
327403 343332 15929
321836 343497 21661
330897 344982 14085
330769 346533 15764
335762 346896 11134
332851 347127 14276
340954 348051 7097
341199 350295 9096
328216 353001 24785
338396 354849 16453
342219 357852 15633
338302 358116 19814
342023 359733 17710
353787 360096 6309
336183 361053 24870
355081 361053 5972
351097 361218 10121
338697 361614 22917
342805 361680 18875
351502 362802 11300
354019 364155 10136
352399 364914 12515
338770 365079 26309
348468 365640 17172
353683 366597 12914
360761 367389 6628
352635 367983 15348
353193 369369 16176
350628 371745 21117
336085 372075 35990
357034 372900 15866
367578 374253 6675
348266 375309 27043
363907 376398 12491
349041 377421 28380
363311 380589 17278
369806 381579 11773
376236 382503 6267
363191 383163 19972
358774 383790 25016
378446 384714 6268
364616 386991 22375
376626 387849 11223
372047 390357 18310
382850 390357 7507
385306 391545 6239
384308 393393 9085
361394 393591 32197
387533 394218 6685
388224 396000 7776
380661 399234 18573
376005 401544 25539
388339 402402 14063
386142 405405 19263
392545 407187 14642
392528 407847 15319
395895 408111 12216
395700 408210 12510
398905 408639 9734
401379 410949 9570
393357 411213 17856
396752 411708 14956
397373 412137 14764
398441 412698 14257
399313 412830 13517
399477 413391 13914
402017 413919 11902
391263 414414 23151
400893 415437 14544
409795 416493 6698
379863 417153 37290
385325 417615 32290
394686 418308 23622
406531 418407 11876
399332 418704 19372
391565 418869 27304
398539 421938 23399
396077 422499 26422
406573 422631 16058
397649 423390 25741
415937 424017 8080
414602 428043 13441
409498 428901 19403
418331 429627 11296
408778 432663 23885
409411 433356 23945
412933 433818 20885
418280 434313 16033
420468 435765 15297
429158 436062 6904
424588 436755 12167
413951 437019 23068
426555 437943 11388
426309 439725 13416
414047 440352 26305
412808 440880 28072
431950 440946 8996
427056 444477 17421
439188 445863 6675
439496 446391 6895
423263 446985 23722
424356 447414 23058
432613 447810 15197
440730 450252 9522
442428 451176 8748
430710 451638 20928
443513 451737 8224
426233 455400 29167
441159 457611 16452
435132 458601 23469
443611 461637 18026
453782 461670 7888
444437 462198 17761
440809 464871 24062
440064 464937 24873
441779 465795 24016
450338 465960 15622
455107 467181 12074
449567 467610 18043
448500 468633 20133
454620 468699 14079
451602 469227 17625
462217 470910 8693
447428 471933 24505
455781 473088 17307
460217 474012 13795
464425 474210 9785
467967 474771 6804
465210 477081 11871
455892 477279 21387
457026 477312 20286
462144 478434 16290
467061 478962 11901
467552 479028 11476
454972 480480 25508
455691 481074 25383
465254 481140 15886
462361 481734 19373
458614 482163 23549
455151 482196 27045
459281 482658 23377
458520 482757 24237
457820 485364 27544
464133 485892 21759
474945 485958 11013
469414 486420 17006
479190 487443 8253
467560 489522 21962
469853 490050 20197
471956 490611 18655
478033 491139 13106
476211 491601 15390
485464 493317 7853
471627 495561 23934
476540 496122 19582
480325 497409 17084
478542 497904 19362
486837 499158 12321
466491 500082 33591
483687 500214 16527
488567 500775 12208
486023 501303 15280
470797 501567 30770
475782 502095 26313
488031 502293 14262
481768 502425 20657
488479 504570 16091
495209 504834 9625
490371 505098 14727
487911 505494 17583
483411 508266 24855
488135 508794 20659
490383 510147 19764
497006 511500 14494
505350 511764 6414
502253 512028 9775
486925 512985 26060
489169 513414 24245
490116 514305 24189
497737 516186 18449
499699 516615 16916
494812 516747 21935
502412 519321 16909
506815 520278 13463
507131 523974 16843
514430 525591 11161
502425 527637 25212
512895 528198 15303
514214 528297 14083
517491 529056 11565
523579 530244 6665
509717 531399 21682
514624 531465 16841
522121 531762 9641
522671 532323 9652
520646 532488 11842
526964 533577 6613
519767 538758 18991
523623 539319 15696
533093 539352 6259
518080 539814 21734
531540 542883 11343
533205 545655 12450
531882 546051 14169
533558 546249 12691
537852 548724 10872
525495 549186 23691
544024 550704 6680
543728 551001 7273
531176 553542 22366
541070 555918 14848
546996 557601 10605
547478 558195 10717
552219 559284 7065
536312 559845 23533
539115 561429 22314
554970 562287 7317
534371 563508 29137
556877 564069 7192
544641 564201 19560
551233 565224 13991
539843 565686 25843
543321 566709 23388
547563 567270 19707
549030 567303 18273
543845 567336 23491
544401 567666 23265
543685 567897 24212
546412 568491 22079
547204 568920 21716
551040 572088 21048
557823 572154 14331
565989 572616 6627
553486 575520 22034
555602 575718 20116
546106 576048 29942
558433 576609 18176
559222 577137 17915
570917 577170 6253
551157 579843 28686
574495 580734 6239
570156 581922 11766
573137 582450 9313
562403 582879 20476
564218 587268 23050
558568 587565 28997
570413 588324 17911
575450 590271 14821
571887 590766 18879
574845 590832 15987
577762 592350 14588
578322 593637 15315
564152 593670 29518
574617 594066 19449
585113 594429 9316
587121 594957 7836
580103 595353 15250
588880 596211 7331
590666 597003 6337
577623 597135 19512
579902 597597 17695
591501 598752 7251
591605 599247 7642
593360 601689 8329
591720 603240 11520
597904 604164 6260
598448 604692 6244
592068 607959 15891
597231 608586 11355
589930 610005 20075
599297 610104 10807
598504 610302 11798
602966 613008 10042
605424 614955 9531
600772 615417 14645
607236 615648 8412
603473 617133 13660
609568 618090 8522
606861 618717 11856
610508 619377 8869
604105 620334 16229
614898 621522 6624
615639 622314 6675
610692 623040 12348
610034 623304 13270
610820 623832 13012
617340 625449 8109
620761 627396 6635
604955 628683 23728
614188 629211 15023
597348 630993 33645
623436 631884 8448
625527 632082 6555
604115 632412 28297
622523 633138 10615
611317 634722 23405
614455 634953 20498
606991 635151 28160
614464 635613 21149
614353 635877 21524
630292 636735 6443
630836 637461 6625
627093 638220 11127
628143 638781 10638
615498 638847 23349
623810 639375 15565
629439 639837 10398
621212 641553 20341
629427 642114 12687
630170 642675 12505
609360 642708 33348
615675 642774 27099
609288 643731 34443
632769 647922 15153
629916 649539 19623
635404 650859 15455
632345 652740 20395
642814 653697 10883
643846 653928 10082
638086 656931 18845
639154 659967 20813
635473 660132 24659
636646 660165 23519
640571 660528 19957
648885 660693 11808
653745 660759 7014
650211 661221 11010
638930 663267 24337
639751 663993 24242
642008 664290 22282
651206 665379 14173
655801 666699 10898
657312 669669 12357
661553 670989 9436
663766 671484 7718
652133 671814 19681
659210 672936 13726
650081 674586 24505
662498 675114 12616
653074 675873 22799
667047 677556 10509
648710 677985 29275
651178 677985 26807
650937 678315 27378
668864 678777 9913
672035 679305 7270
653653 679503 25850
675312 682011 6699
659542 682506 22964
664991 682605 17614
655566 682770 27204
660414 682968 22554
651703 683496 31793
670789 683727 12938
672099 685212 13113
675550 686994 11444
662282 688941 26659
672624 691977 19353
677151 691977 14826
684880 692505 7625
673334 692571 19237
676001 692901 16900
679302 692901 13599
677495 693165 15670
666479 696234 29755
664103 696729 32626
667689 696828 29139
674501 697389 22888
678366 699270 20904
684442 699765 15323
686199 700260 14061
674880 700590 25710
667556 701415 33859
693046 703296 10250
680683 703329 22646
672211 703890 31679
674166 704550 30384
688277 704979 16702
681127 706464 25337
696443 706827 10384
699187 707355 8168
688274 707718 19444
691066 710424 19358
680880 710556 29676
697215 713295 16080
706099 714780 8681
698140 716496 18356
705020 717453 12433
710894 718971 8077
712330 719136 6806
695941 719532 23591
696998 720093 23095
707545 721875 14330
704586 722865 18279
710213 724581 14368
710233 725142 14909
716337 726396 10059
718422 727023 8601
712179 727452 15273
719369 727551 8182
707992 728079 20087
720211 728541 8330
722302 729135 6833
717857 730092 12235
722468 732204 9736
722519 732798 10279
725476 733161 7685
710835 733293 22458
727621 735075 7454
715721 736362 20641
723186 736362 13176
718095 736923 18828
714395 738111 23716
721084 738771 17687
721287 739200 17913
722067 739233 17166
721168 739431 18263
728616 740190 11574
724718 741708 16990
731137 743259 12122
731888 743754 11866
739419 745668 6249
730454 746988 16534
731522 747516 15994
742002 748605 6603
736723 749760 13037
731032 750387 19355
744162 750816 6654
740502 750948 10446
725197 752103 26906
738655 754182 15527
748001 755007 7006
748964 755337 6373
748897 755601 6704
749377 755865 6488
750247 756393 6146
740760 757713 16953
731909 759495 27586
741101 760419 19318
751535 761112 9577
737009 762069 25060
741382 763752 22370
729366 764214 34848
749426 764214 14788
750148 764412 14264
744943 764874 19931
755491 766161 10670
761680 768306 6626
763015 769329 6314
764661 770913 6252
765339 772035 6696
761758 772497 10739
761813 772761 10948
765812 774642 8830
769251 775665 6414
771079 777579 6500
769651 777876 8225
762205 779625 17420
776958 783651 6693
770823 784905 14082
767302 785433 18131
774874 785697 10823
773423 786819 13396
780335 787974 7639
783817 790449 6632
777684 792231 14547
774992 792330 17338
781542 793320 11778
784072 794937 10865
784426 795201 10775
783507 797544 14037
792199 799194 6995
793215 799689 6474
792111 800811 8700
796883 803154 6271
786124 803913 17789
792009 804441 12432
794053 805497 11444
789852 806685 16833
790826 806718 15892
797977 807147 9170
799911 807642 7731
794198 810645 16447
799728 810711 10983
805821 814506 8685
808488 815067 6579
804137 815496 11359
806484 817443 10959
801312 817608 16296
806697 818169 11472
803990 818532 14542
812857 819951 7094
799366 821106 21740
803602 821898 18296
808785 822822 14037
817944 824571 6627
802246 825099 22853
816996 827805 10809
815927 828168 12241
818045 828564 10519
818131 829059 10928
824197 830874 6677
820034 833613 13579
818605 834306 15701
820425 834669 14244
820509 835362 14853
828388 835560 7172
824792 836352 11560
826047 836913 10866
816449 838794 22345
832693 839718 7025
833712 840444 6732
828343 840840 12497
830870 841401 10531
836301 842688 6387
837678 844371 6693
838378 844932 6554
821560 845757 24197
824709 846846 22137
829230 848925 19695
835564 850641 15077
839661 853182 13521
844501 853875 9374
834473 856251 21778
849942 857274 7332
838422 858330 19908
847378 858330 10952
849924 860277 10353
832402 860739 28337
850078 861036 10958
843725 861366 17641
854810 861432 6622
834623 863907 29284
839260 864567 25307
842521 864666 22145
839064 865095 26031
850269 866052 15783
846010 869253 23243
841110 870969 29859
860290 871233 10943
845640 871398 25758
858769 871629 12860
856110 872322 16212
859625 873444 13819
866536 873972 7436
865320 874038 8718
870346 876678 6332
872254 878493 6239
867018 878724 11706
858623 879087 20464
858637 879846 21209
861378 880407 19029
868740 880737 11997
864613 881463 16850
863354 881793 18439
877747 883740 5993
863501 887799 24298
878532 890010 11478
882195 890340 8145
885309 891594 6285
872164 891693 19529
879914 893409 13495
886855 893541 6686
881356 893838 12482
883896 894894 10998
891558 897534 5976
888466 897567 9101
882797 898326 15529
893468 900075 6607
884249 900768 16519
894536 900867 6331
887058 901560 14502
896493 902748 6255
884368 904761 20393
885431 905223 19792
897492 905322 7830
891230 905487 14257
901854 908457 6603
895536 910437 14901
904346 911031 6685
902622 911724 9102
895742 913737 17995
904255 914430 10175
896094 916938 20844
900791 919611 18820
908084 920073 11989
909381 920271 10890
909739 920898 11159
908563 923769 15206
907417 924429 17012
909065 924990 15925
914565 925155 10590
910023 925518 15495
912916 926046 13130
909014 928191 19177
909354 928620 19266
923317 930336 7019
912593 931260 18667
908371 931392 23021
921656 931854 10198
923469 932976 9507
918690 933966 15276
928486 934725 6239
930642 936606 5964
920993 939114 18121
922902 939642 16740
923243 940170 16927
927984 940170 12186
924469 940731 16262
932939 940764 7825
936747 943338 6591
918575 943965 25390
928561 943998 15437
919217 944427 25210
939319 946407 7088
937673 946671 8998
930633 949146 18513
935917 949410 13493
926083 949971 23888
934235 953238 19003
947957 955878 7921
937763 955977 18214
940361 959607 19246
954881 961224 6343
955123 961389 6266
942755 961686 18931
952409 963963 11554
957279 964293 7014
943132 968253 25121
951155 970959 19804
961797 972708 10911
958227 972873 14646
953107 973863 20756
953499 974457 20958
966923 974985 8062
968256 975414 7158
961684 977691 16007
963565 978219 14654
964659 978978 14319
969268 979539 10271
967513 980958 13445
958125 981189 23064
975676 983202 7526
961982 983301 21319
967766 983895 16129
966324 984951 18627
969093 985512 16419
972998 986205 13207
977433 986700 9267
963001 987096 24095
973254 989406 16152
970357 989802 19445
969669 989934 20265
970853 989967 19114
970465 992079 21614
982457 993069 10612
972199 993135 20936
984506 993729 9223
975122 995016 19894
975759 995610 19851
977428 995841 18413
981419 996369 14950
982581 996930 14349
983209 996930 13721
977878 999570 21692
990030 999999 9969
982358 1000659 18301
978019 1003629 25610
977767 1003695 25928
985431 1003794 18363
979122 1004421 25299
994469 1006335 11866
993214 1009338 16124
992904 1010526 17622
994740 1011582 16842
987966 1012374 24408
971167 1012803 41636
1004099 1012803 8704
1006695 1013232 6537
1006085 1015773 9688
991692 1015905 24213
1001240 1016466 15226
1003155 1017027 13872
1002508 1017423 14915
997966 1018974 21008
999783 1019535 19752
1010057 1022175 12118
1000733 1022736 22003
1014435 1027488 13053
1021397 1028016 6619
1020187 1029072 8885
1023635 1030326 6691
1013682 1030986 17304
1025942 1032933 6991
1026001 1033065 7064
1015634 1033560 17926
1027763 1034022 6259
1027080 1036266 9186
1031224 1037883 6659
1030871 1037982 7111
1028880 1040127 11247
1026422 1041843 15421
1037141 1043757 6616
1034885 1044549 9664
1028840 1046298 17458
1038926 1049070 10144
1031549 1050027 18478
1028582 1050753 22171
1024443 1051413 26970
1038008 1051677 13669
1029549 1054119 24570
1038228 1054647 16419
1048422 1055010 6588
1048807 1055439 6632
1047883 1057716 9833
1035590 1058508 22918
1040392 1058970 18578
1038381 1059300 20919
1049870 1060422 10552
1053084 1060422 7338
1053714 1061379 7665
1046265 1063128 16863
1030896 1063491 32595
1046700 1064184 17484
1050277 1064184 13907
1051115 1065174 14059
1059819 1065867 6048
1057769 1067847 10078
1042065 1067880 25815
1048964 1068969 20005
1046437 1071411 24974
1057846 1074711 16865
1056200 1075074 18874
1061126 1076064 14938
1051149 1076559 25410
1063975 1077087 13112
1070662 1077945 7283
1072595 1078671 6076
1066451 1079496 13045
1062868 1079826 16958
1065715 1080420 14705
1075819 1082136 6317
1054421 1082235 27814
1060471 1082895 22424
1072152 1083522 11370
1066005 1086822 20817
1066398 1087218 20820
1077924 1087416 9492
1079497 1088043 8546
1078116 1088076 9960
1080879 1090485 9606
1083517 1091013 7496
1077276 1091640 14364
1078050 1092597 14547
1080674 1093125 12451
1081062 1093125 12063
1075225 1093587 18362
1080480 1094280 13800
1069707 1096821 27114
1076169 1097877 21708
1086261 1099395 13134
1087753 1101045 13292
1088262 1101639 13377
1083892 1101969 18077
1086242 1102299 16057
1084807 1103883 19076
1086348 1105863 19515
1093754 1106919 13165
1076130 1108569 32439
1102787 1109856 7069
1100747 1111176 10429
1095349 1112925 17576
1101162 1112958 11796
1102179 1113519 11340
1100296 1113552 13256
1108375 1115433 7058
1109105 1115499 6394
1107290 1119063 11773
1103918 1119426 15508
1113638 1119888 6250
1107948 1119954 12006
1113078 1122066 8988
1106935 1122858 15923
1109861 1122957 13096
1099713 1123155 23442
1102996 1123188 20192
1112500 1125696 13196
1101402 1125894 24492
1104230 1126422 22192
1117130 1126851 9721
1120883 1127181 6298
1121038 1127676 6638
1120552 1130778 10226
1121821 1131339 9518
1115715 1131669 15954
1123282 1134078 10796
1116621 1134540 17919
1121701 1135101 13400
1124106 1135101 10995
1122652 1135167 12515
1119445 1135926 16481
1121426 1137081 15655
1126347 1137873 11526
1126597 1138434 11837
1128266 1138632 10366
1130733 1142163 11430
1132560 1143021 10461
1137638 1143879 6241
1138895 1144869 5974
1126498 1145859 19361
1127857 1148565 20708
1142651 1149126 6475
1133201 1149588 16387
1143038 1149621 6583
1139502 1151370 11868
1136055 1151700 15645
1127685 1152855 25170
1130602 1153383 22781
1133369 1153548 20179
1140461 1154835 14374
1137100 1155825 18725
1140621 1156848 16227
1148794 1156980 8186
1140508 1157574 17066
1145667 1160643 14976
1154347 1160676 6329
1139005 1160841 21836
1134842 1161171 26329
1149539 1161369 11830
1155850 1162062 6212
1156631 1162953 6322
1144995 1164405 19410
1151842 1164966 13124
1160098 1166484 6386
1154289 1170180 15891
1146059 1171500 25441
1152548 1171533 18985
1153808 1172061 18253
1159122 1173150 14028
1154499 1173282 18783
1161058 1173447 12389
1148818 1176648 27830
1144412 1177176 32764
1161497 1177737 16240
1167366 1179288 11922
1155481 1179354 23873
1174632 1180971 6339
1168046 1181763 13717
1157110 1182258 25148
1171471 1183512 12041
1158543 1183545 25002
1175211 1184667 9456
1163048 1185558 22510
1171337 1186482 15145
1174496 1188198 13702
1173524 1188231 14707
1163395 1189683 26288
1170203 1190112 19909
1172076 1190805 18729
1180781 1190937 10156
1172122 1191234 19112
1180948 1191531 10583
1185043 1191663 6620
1183497 1192191 8694
1177972 1194369 16397
1177441 1194732 17291
1184427 1200243 15816
1187194 1200507 13313
1189012 1201068 12056
1186622 1201134 14512
1189772 1201596 11824
1191025 1201596 10571
1192762 1202091 9329
1189913 1205160 15247
1199379 1207470 8091
1186019 1207866 21847
1186824 1207932 21108
1189498 1208460 18962
1195410 1208955 13545
1189596 1210539 20943
1183878 1211199 27321
1193883 1211232 17349
1194649 1211694 17045
1207639 1216182 8543
1207718 1216710 8992
1203230 1217007 13777
1183565 1217040 33475
1207558 1217535 9977
1198691 1219383 20692
1209134 1221165 12031
1209021 1222089 13068
1198772 1225092 26320
1200331 1225158 24827
1207311 1225653 18342
1218630 1228095 9465
1206921 1228887 21966
1208006 1229415 21409
1209168 1229943 20775
1220738 1230735 9997
1205084 1231296 26212
1215172 1231857 16685
1215203 1232154 16951
1219855 1232649 12794
1219616 1234761 15145
1214974 1236939 21965
1221078 1237467 16389
1231035 1238028 6993
1215492 1238886 23394
1225122 1239216 14094
1227036 1239612 12576
1229197 1240173 10976
1234221 1241922 7701
1224610 1246080 21470
1239973 1246278 6305
1237130 1247994 10864
1239103 1250238 11135
1244495 1250733 6238
1245798 1252449 6651
1247708 1254231 6523
1236889 1254792 17903
1245900 1254990 9090
1243672 1255320 11648
1243816 1255320 11504
1240633 1258059 17426
1228789 1258620 29831
1245281 1261722 16441
1245305 1262151 16846
1254646 1265913 11267
1256146 1266837 10691
1255675 1268289 12614
1243953 1268685 24732
1254449 1269774 15325
1252168 1271490 19322
1266011 1272249 6238
1257852 1272480 14628
1265187 1274460 9273
1268047 1275021 6974
1257487 1275516 18029
1265034 1275813 10779
1259564 1276506 16942
1265959 1276506 10547
1259488 1277727 18239
1272434 1279047 6613
1264319 1279575 15256
1265382 1280136 14754
1265109 1281588 16479
1263607 1283205 19598
1276420 1283502 7082
1261155 1284921 23766
1260796 1286934 26138
1272454 1290168 17714
1272931 1290168 17237
1280014 1292841 12827
1285828 1292907 7079
1273403 1295547 22144
1283538 1295613 12075
1285874 1296240 10366
1275875 1296603 20728
1281011 1296702 15691
1281190 1297065 15875
1286809 1298319 11510
1287431 1299408 11977
1288314 1299936 11622
1285786 1300299 14513
1294972 1301025 6053
1282435 1301982 19547
1290652 1303005 12353
1292215 1303566 11351
1287563 1304127 16564
1294734 1304127 9393
1297535 1304655 7120
1282169 1305315 23146
1282213 1306371 24158
1286807 1306470 19663
1279403 1307955 28552
1298949 1308252 9303
1296556 1309176 12620
1288416 1311156 22740
1295900 1311486 15586
1304773 1313862 9089
1281861 1314192 32331
1304060 1315017 10957
1306623 1315017 8394
1297940 1317063 19123
1304760 1318086 13326
1311713 1318515 6802
1304826 1321617 16791
1306283 1321980 15697
1296407 1324026 27619
1315888 1324521 8633
1302584 1326732 24148
1303108 1327590 24482
1307373 1327689 20316
1313344 1329339 15995
1320622 1330428 9806
1308309 1331319 23010
1325647 1331715 6068
1325663 1333893 8230
1304232 1335708 31476
1321074 1337721 16647
1310437 1339866 29429
1310646 1340427 29781
1326471 1340955 14484
1332697 1342044 9347
1329826 1343199 13373
1326880 1344123 17243
1315003 1344189 29186
1321842 1344750 22908
1326756 1345146 18390
1329314 1345839 16525
1333280 1346499 13219
1318747 1347258 28511
1317302 1348347 31045
1342976 1349601 6625
1336914 1349733 12819
1338685 1351482 12797
1341207 1352010 10803
1330652 1352868 22216
1326117 1354287 28170
1332513 1355970 23457
1341394 1356960 15566
1330087 1359006 28919
1349550 1359831 10281
1346921 1359930 13009
1337641 1360095 22454
1354148 1360788 6640
1341988 1360821 18833
1346210 1363989 17779
1356709 1366992 10283
1353532 1367487 13955
1342578 1367553 24975
1359099 1369137 10038
1344116 1370193 26077
1332646 1370853 38207
1362400 1372899 10499
1351238 1374054 22816
1350094 1374087 23993
1357079 1374747 17668
1356497 1375572 19075
1358420 1375770 17350
1356733 1376100 19367
1370598 1377288 6690
1362677 1379334 16657
1356192 1380390 24198
1374419 1380687 6268
1372992 1382238 9246
1376553 1382865 6312
1370310 1382931 12621
1366317 1383195 16878
1377952 1383954 6002
1378166 1384449 6283
1368593 1384515 15922
1379664 1385604 5940
1376684 1385901 9217
1367453 1388706 21253
1370850 1389267 18417
1379056 1391577 12521
1376945 1391973 15028
1376518 1392567 16049
1381658 1392765 11107
1379575 1393590 14015
1376942 1394811 17869
1389611 1395867 6256
1386059 1396329 10270
1366614 1397253 30639
1384150 1400091 15941
1388651 1400487 11836
1394369 1400982 6613
1363108 1403127 40019
1391391 1403886 12495
1396944 1405767 8823
1399226 1405833 6607
1398990 1406625 7635
1391185 1408605 17420
1395279 1408737 13458
1399066 1409925 10859
1398195 1410321 12126
1404429 1411905 7476
1404103 1414545 10442
1407587 1415040 7453
1401525 1416030 14505
1411186 1417878 6692
1405115 1419231 14116
1408534 1419264 10730
1409580 1424049 14469
1407698 1425039 17341
1409526 1426491 16965
1413161 1426524 13363
1422909 1429164 6255
1420267 1429461 9194
1415583 1430319 14736
1415818 1431441 15623
1411700 1432563 20863
1426062 1435797 9735
1425414 1438239 12825
1417151 1438998 21847
1423256 1439889 16633
1413127 1439988 26861
1433782 1440813 7031
1428697 1442199 13502
1434076 1442232 8156
1426931 1442826 15895
1422312 1446027 23715
1432659 1447083 14424
1433554 1449228 15674
1422946 1449789 26843
1440721 1449921 9200
1440150 1451076 10926
1441434 1454673 13239
1435359 1456455 21096
1451145 1457775 6630
1451641 1457907 6266
1447054 1459062 12008
1452513 1459095 6582
1454217 1461438 7221
1455428 1461669 6241
1455828 1462065 6237
1452340 1463088 10748
1451148 1465167 14019
1453754 1465464 11710
1453019 1472460 19441
1459057 1473054 13997
1462610 1473483 10873
1470027 1476750 6723
1471369 1478697 7328
1467322 1481865 14543
1468179 1482063 13884
1477181 1483746 6565
1477621 1485330 7709
1465272 1486452 21180
1467486 1486980 19494
1468142 1488531 20389
1476124 1489026 12902
1480497 1490247 9750
1470958 1491171 20213
1475959 1491732 15773
1485369 1493448 8079
1478253 1494933 16680
1476303 1494966 18663
1481364 1498035 16671
1490204 1498167 7963
1482621 1498662 16041
1480184 1500279 20095
1490647 1501500 10853
1482793 1505097 22304
1498676 1507770 9094
1497247 1508265 11018
1498396 1508859 10463
1500357 1509684 9327
1487607 1510179 22572
1502500 1510179 7679
1485940 1510707 24767
1497284 1511598 14314
1493987 1512918 18931
1498181 1513908 15727
1507335 1514238 6903
1498521 1514535 16014
1495633 1517406 21773
1506952 1517769 10817
1498258 1518759 20501
1507798 1519683 11885
1513572 1520244 6672
1512063 1521729 9666
1499942 1523346 23404
1518468 1525227 6759
1519438 1528197 8759
1523155 1530243 7088
1520992 1531299 10307
1514763 1532784 18021
1502249 1533213 30964
1503507 1533444 29937
1512130 1533510 21380
1499734 1534500 34766
1517650 1534500 16850
1502791 1535919 33128
1524693 1537470 12777
1503568 1538163 34595
1530085 1538295 8210
1517093 1538823 21730
1525684 1540440 14756
1537481 1543740 6259
1518496 1545093 26597
1531446 1545423 13977
1528705 1545984 17279
1528035 1546017 17982
1531276 1547007 15731
1518323 1548129 29806
1531438 1549251 17813
1532979 1550043 17064
1539974 1550241 10267
1540094 1552518 12424
1532201 1553145 20944
1546228 1554234 8006
1532824 1554729 21905
1543472 1554828 11356
1544255 1555422 11167
1540351 1557336 16985
1527342 1559646 32304
1524035 1561527 37492
1554764 1561527 6763
1539804 1561725 21921
1552752 1561857 9105
1527125 1562088 34963
1540270 1562253 21983
1541903 1562616 20713
1541571 1562781 21210
1542798 1563309 20511
1550082 1563705 13623
1533664 1564398 30734
1556136 1565454 9318
1548694 1567599 18905
1559130 1568127 8997
1561507 1568127 6620
1549952 1568556 18604
1554216 1568589 14373
1550896 1569216 18320
1551100 1570371 19271
1559702 1571328 11626
1565655 1571955 6300
1549115 1572450 23335
1559383 1575024 15641
1552605 1578225 25620
1567022 1578291 11269
1566502 1578555 12053
1568709 1579644 10935
1572279 1580898 8619
1573838 1581393 7555
1560417 1582878 22461
1576632 1582911 6279
1567538 1583472 15934
1570439 1586211 15772
1573359 1586739 13380
1568955 1586937 17982
1582405 1589412 7007
1573257 1590864 17607
1580883 1591260 10377
1585053 1591557 6504
1576954 1592349 15395
1586351 1593042 6691
1571486 1594758 23272
1576101 1595286 19185
1587393 1596276 8883
1591873 1598355 6482
1593516 1599774 6258
1587011 1600797 13786
1588011 1601490 13479
1593813 1604196 10383
1585793 1606902 21109
1590917 1607166 16249
1601260 1607958 6698
1598053 1609311 11258
1590331 1610103 19772
1585641 1610499 24858
1594629 1611060 16431
1594238 1611621 17383
1601656 1613370 11714
1606852 1614261 7409
1600690 1617495 16805
1607611 1617561 9950
1598352 1618518 20166
1606647 1620630 13983
1601040 1621422 20382
1602014 1621422 19408
1609914 1621917 12003
1606171 1622445 16274
1616144 1622808 6664
1616405 1625085 8680
1618870 1625448 6578
1600501 1627692 27191
1605251 1628121 22870
1615611 1629507 13896
1608147 1629969 21822
1615797 1630497 14700
1606142 1632741 26599
1626879 1633566 6687
1616852 1634820 17968
1617557 1634853 17296
1624054 1637559 13505
1627220 1638021 10801
1620270 1639374 19104
1616494 1640265 23771
1617961 1640793 22832
1624207 1641816 17609
1627230 1643235 16005
1622472 1644324 21852
1630937 1644555 13618
1638659 1645578 6919
1639159 1646106 6947
1626183 1646271 20088
1636909 1647393 10484
1641413 1648053 6640
1642100 1648581 6481
1631795 1650033 18238
1639142 1650264 11122
1636371 1653003 16632
1637070 1653432 16362
1625679 1653498 27819
1644557 1653696 9139
1632622 1654422 21800
1634843 1656765 21922
1634908 1657524 22616
1638990 1659471 20481
1642207 1659999 17792
1636401 1660197 23796
1625112 1660329 35217
1636267 1661352 25085
1655850 1662474 6624
1652394 1663629 11235
1652030 1664091 12061
1658541 1665147 6606
1631771 1665444 33673
1644342 1667193 22851
1644011 1670361 26350
1663868 1670460 6592
1665805 1672440 6635
1666913 1673232 6319
1663929 1674783 10854
1665197 1675344 10147
1656740 1676466 19726
1649084 1677984 28900
1671837 1678446 6609
1658935 1679205 20270
1661932 1680492 18560
1652707 1681185 28478
1675013 1684650 9637
1677175 1685178 8003
1676424 1687950 11526
1677232 1688346 11114
1665392 1691151 25759
1677352 1692108 14756
1671266 1692966 21700
1681808 1693758 11950
1666626 1694814 28188
1688342 1695012 6670
1685957 1695672 9715
1670570 1695870 25300
1680540 1695969 15429
1686904 1699236 12332
1693198 1699929 6731
1693538 1700226 6688
1669994 1702635 32641
1674855 1703130 28275
1684400 1703559 19159
1685381 1705143 19762
1687457 1705836 18379
1695905 1706661 10756
1690116 1708080 17964
1688066 1711050 22984
1696937 1713426 16489
1688290 1714119 25829
1681125 1714482 33357
1691382 1714515 23133
1704391 1715769 11378
1706649 1716330 9681
1702230 1717716 15486
1712727 1718739 6012
1713804 1719762 5958
1698486 1720224 21738
1702665 1720917 18252
1704960 1722468 17508
1697929 1723425 25496
1710420 1723623 13203
1701160 1723986 22826
1715553 1724283 8730
1705429 1724316 18887
1714911 1725339 10428
1719587 1726263 6676
1698971 1729365 30394
1705597 1730817 25220
1718037 1730850 12813
1706882 1731774 24892
1716067 1731840 15773
1726848 1733490 6642
1706538 1734744 28206
1711890 1737219 25329
1723979 1738209 14230
1731981 1738605 6624
1733467 1739892 6425
1730922 1740453 9531
1730691 1740618 9927
1737774 1744149 6375
1728341 1745205 16864
1733068 1745997 12929
1737905 1746030 8125
1732830 1746822 13992
1736815 1748505 11690
1732125 1750188 18063
1740502 1751211 10709
1744322 1751475 7153
1726515 1752894 26379
1735306 1753950 18644
1735900 1754544 18644
1739385 1755369 15984
1730590 1755600 25010
1742888 1757052 14164
1747329 1758075 10746
1750023 1758735 8712
1739460 1758801 19341
1750026 1759296 9270
1739832 1759362 19530
1736405 1759923 23518
1742955 1760088 17133
1738124 1760253 22129
1751244 1760352 9108
1751191 1760451 9260
1756255 1762992 6737
1755276 1764411 9135
1756222 1765038 8816
1760691 1767315 6624
1747725 1767348 19623
1761315 1767876 6561
1754611 1769889 15278
1751005 1770417 19412
1750453 1771011 20558
1760074 1771341 11267
1763267 1771935 8668
1765851 1772562 6711
1762584 1772595 10011
1754176 1776324 22148
1748439 1776390 27951
1754904 1776753 21849
1767482 1777413 9931
1771022 1777710 6688
1748885 1779954 31069
1757768 1782297 24529
1763591 1783155 19564
1776294 1783485 7191
1770939 1784508 13569
1775221 1785003 9782
1772720 1786224 13504
1771772 1786719 14947
1778120 1787214 9094
1760207 1789425 29218
1767074 1789953 22879
1782438 1793187 10749
1788073 1795266 7193
1789591 1796025 6434
1779905 1796223 16318
1779300 1797147 17847
1785501 1798929 13428
1787529 1800150 12621
1788102 1800645 12543
1792884 1801305 8421
1794659 1801338 6679
1795205 1803054 7849
1792251 1803219 10968
1799372 1805628 6256
1788640 1808004 19364
1801834 1808169 6335
1790446 1808433 17987
1797575 1811337 13762
1795296 1814538 19242
1798550 1814604 16054
1798113 1815660 17547
1799821 1815660 15839
1804839 1816650 11811
1800579 1817211 16632
1807714 1817673 9959
1812227 1818828 6601
1807433 1819818 12385
1813389 1820841 7452
1815699 1822953 7254
1806919 1824174 17255
1808871 1826154 17283
1810123 1826154 16031
1811409 1826979 15570
1810901 1827903 17002
1817465 1827969 10504
1821760 1829322 7562
1822412 1831236 8824
1808036 1831995 23959
1819819 1833876 14057
1816570 1834305 17735
1819266 1834305 15039
1823509 1834437 10928
1820388 1834866 14478
1824678 1834965 10287
1827422 1835460 8038
1816421 1838067 21646
1818341 1838760 20419
1827642 1839090 11448
1803263 1841532 38269
1831571 1841829 10258
1824315 1841961 17646
1835782 1842027 6245
1824199 1842093 17894
1818474 1843017 24543
1823628 1844106 20478
1830630 1844799 14169
1840929 1847175 6246
1842045 1848429 6384
1839892 1851102 11210
1823450 1851663 28213
1835840 1854270 18430
1836454 1855194 18740
1837516 1855656 18140
1847789 1857801 10012
1843110 1858032 14922
1848394 1858362 9968
1852495 1859847 7352
1838698 1860507 21809
1842613 1861530 18917
1844654 1862982 18328
1834326 1863477 29151
1856276 1864830 8554
1861105 1867371 6266
1859130 1867833 8703
1855516 1869648 14132
1859058 1869912 10854
1844734 1871661 26927
1845120 1872222 27102
1856040 1872882 16842
1852497 1875588 23091
1855818 1875687 19869
1864177 1876413 12236
1854283 1878393 24110
1853762 1878690 24928
1864872 1879416 14544
1865944 1883277 17333
1865633 1883409 17776
1867048 1884267 17219
1874629 1884333 9704
1876923 1886478 9555
1879225 1887006 7781
1880135 1887732 7597
1870067 1889712 19645
1878705 1890471 11766
1874304 1890504 16200
1871209 1890801 19592
1884990 1891230 6240
1872412 1891428 19016
1878013 1893144 15131
1887091 1893903 6812
1887817 1897566 9749
1884137 1897599 13462
1883348 1898226 14878
1888098 1900635 12537
1894568 1900899 6331
1877340 1900965 23625
1883451 1901163 17712
1891827 1901229 9402
1885605 1903902 18297
1883933 1903935 20002
1894592 1903935 9343
1898353 1904859 6506
1894064 1906641 12577
1894978 1907037 12059
1894617 1907829 13212
1905062 1911393 6331
1896595 1913571 16976
1897840 1913934 16094
1896078 1914033 17955
1902807 1914429 11622
1900897 1914627 13730
1897781 1915320 17539
1904183 1917366 13183
1894570 1917663 23093
1906294 1917696 11402
1908871 1918455 9584
1887894 1918554 30660
1912178 1918983 6805
1899235 1919115 19880
1890487 1919742 29255
1904470 1920732 16262
1897045 1920798 23753
1893942 1921821 27879
1911298 1922679 11381
1905634 1924890 19256
1899079 1924956 25877
1901074 1925847 24773
1911373 1927596 16223
1916119 1927959 11840
1919418 1928256 8838
1919668 1928586 8918
1910982 1929048 18066
1915402 1930797 15395
1911129 1931457 20328
1922895 1931721 8826
1912542 1931985 19443
1926640 1933833 7193
1914831 1934229 19398
1925531 1934229 8698
1907296 1934724 27428
1910066 1935747 25681
1917380 1935945 18565
1929277 1937793 8516
1926210 1939575 13365
1934406 1940400 5994
1926013 1941291 15278
1936323 1942941 6618
1938296 1944954 6658
1924252 1947594 23342
1925103 1948155 23052
1927431 1948188 20757
1937083 1948716 11633
1940209 1950894 10685
1925207 1951191 25984
1945035 1951356 6321
1926725 1951950 25225
1946165 1952841 6676
1945689 1955613 9924
1945882 1956207 10325
1940413 1958088 17675
1946328 1958649 12321
1936883 1959144 22261
1934063 1959276 25213
1952186 1959705 7519
1950041 1960365 10324
1951042 1961190 10148
1949092 1963368 14276
1946000 1964754 18754
1955496 1965645 10149
1955577 1966239 10662
1959887 1966503 6616
1956677 1966734 10057
1958393 1967361 8968
1962037 1968681 6644
1962434 1968681 6247
1946769 1969935 23166
1956408 1970595 14187
1958412 1971750 13338
1960043 1972311 12268
1961802 1973697 11895
1963698 1974225 10527
1966933 1974753 7820
1953764 1976172 22408
1958467 1976700 18233
1965082 1978911 13829
1958344 1979901 21557
1967066 1980033 12967
1974028 1980132 6104
1962712 1980660 17948
1958708 1982640 23932
1964719 1983201 18482
1972622 1983201 10579
1954699 1983828 29129
1964110 1984422 20312
1962730 1984455 21725
1972584 1984455 11871
1967673 1986270 18597
1968179 1986303 18124
1974872 1986864 11992
1978748 1987722 8974
1978989 1988349 9360
1964147 1991583 27436
1976494 1991814 15320
1981756 1992045 10289
1976632 1992408 15776
1985272 1992540 7268
1977531 1992771 15240
1984148 1993035 8887
1958641 1995972 37331
1989360 1996038 6678
1962053 1996434 34381
1990333 1996731 6398
1967817 1996962 29145
1969907 1997391 27484
1965552 1997688 32136
1972175 1998117 25942
1990086 1999470 9384
1964729 2001351 36622
1994682 2001450 6768
1976158 2002572 26414
1988904 2004057 15153
1994252 2005146 10894
1980827 2005773 24946
1986536 2006334 19798
1978492 2006961 28469
1985213 2007522 22309
1991204 2008050 16846
1999806 2008314 8508
2002984 2009139 6155
2003277 2009997 6720
1990069 2011812 21743
1993992 2013231 19239
1995419 2013693 18274
1999385 2014683 15298
2003678 2014881 11203
1987935 2015178 27243
2005228 2015607 10379
2008292 2015739 7447
1997467 2016069 18602
1990603 2016630 26027
2000398 2018874 18476
2002632 2019270 16638
2005723 2022339 16616
1996292 2022933 26641
2003953 2023329 19376
1996863 2026035 29172
2009026 2026530 17504
2006840 2028147 21307
2021521 2029005 7484
2012391 2029401 17010
2022647 2029533 6886
2010408 2030853 20445
2019379 2031843 12464
2011589 2032701 21112
2015892 2033394 17502
2012552 2033790 21238
2018665 2034285 15620
2022659 2034549 11890
2017546 2038278 20732
2028871 2038641 9770
2024919 2039961 15042
2013576 2040258 26682
2017309 2040687 23378
2009170 2040951 31781
2014108 2042766 28658
2008921 2043888 34967
2033410 2044086 10676
2032316 2044482 12166
2036022 2044680 8658
2024651 2045109 20458
2032080 2045208 13128
2039781 2046033 6252
2023429 2047848 24419
2022504 2047881 25377
2037797 2047914 10117
2041939 2048475 6536
2039112 2050191 11079
2044218 2050521 6303
2020942 2050917 29975
2039881 2053194 13313
2044254 2053557 9303
2045440 2054151 8711
2032463 2056461 23998
2047598 2058408 10810
2052100 2058441 6341
2032512 2059167 26655
2044554 2060718 16164
2047078 2060817 13739
2049598 2061378 11780
2034584 2061675 27091
2047718 2061840 14122
2050216 2064843 14627
2043863 2064876 21013
2053476 2065074 11598
2057716 2065173 7457
2053727 2065371 11644
2057164 2065965 8801
2041820 2067582 25762
2057079 2068143 11064
2052815 2068275 15460
2045404 2068605 23201
2050139 2068704 18565
2055925 2070222 14297
2039276 2072664 33388
2048861 2073291 24430
2056489 2074215 17726
2054022 2074281 20259
2063182 2076954 13772
2067057 2077053 9996
2054456 2077086 22630
2068631 2077647 9016
2071733 2079132 7399
2054755 2080617 25862
2059226 2080749 21523
2074736 2080980 6244
2061246 2081211 19965
2075581 2081640 6059
2068005 2084313 16308
2062951 2084511 21560
2064399 2084973 20574
2077383 2086986 9603
2079819 2087085 7266
2076972 2088966 11994
2062348 2090946 28598
2080533 2091276 10743
2073002 2091408 18406
2073448 2091969 18521
2063485 2092167 28682
2084744 2092497 7753
2062380 2093652 31272
2087886 2094213 6327
2079851 2097447 17596
2090960 2097645 6685
2083832 2097810 13978
2078378 2099163 20785
2078532 2099724 21192
2086395 2100219 13824
2088075 2100252 12177
2093054 2101308 8254
2072479 2102958 30479
2086625 2103453 16828
2072903 2104014 31111
2093324 2106159 12835
2100719 2106984 6265
2097871 2107281 9410
2083007 2109261 26254
2095631 2110119 14488
2099105 2110614 11509
2091385 2112462 21077
2093801 2114145 20344
2103878 2115729 11851
2084305 2116851 32546
2089614 2117412 27798
2106006 2117412 11406
2105155 2118171 13016
2095315 2118501 23186
2106850 2118666 11816
2112408 2119062 6654
2103871 2119326 15455
2098844 2119821 20977
2096925 2121372 24447
2115233 2121834 6601
2112956 2122527 9571
2115566 2123022 7456
2114948 2126091 11143
2116645 2127873 11228
2102225 2129160 26935
2119179 2129919 10740
2115643 2130447 14804
2117285 2131272 13987
2124628 2132097 7469
2123075 2132394 9319
2124353 2134341 9988
2120865 2136882 16017
2133926 2140281 6355
2131514 2141766 10252
2128493 2142822 14329
2126937 2144835 17898
2124527 2146452 21925
2132409 2147046 14637
2136519 2147706 11187
2131867 2149290 17423
2125983 2150940 24957
2135424 2151171 15747
2141004 2151996 10992
2131892 2152986 21094
2133070 2153679 20609
2147214 2153910 6696
2137691 2154207 16516
2146924 2156385 9461
2149487 2156880 7393
2135460 2157144 21684
2122835 2158233 35398
2138922 2158332 19410
2136438 2158728 22290
2140374 2159289 18915
2135611 2161566 25955
2143041 2162259 19218
2155698 2162325 6627
2140223 2162820 22597
2157068 2163381 6313
2151374 2165922 14548
2156590 2166252 9662
2157133 2166813 9680
2160294 2168034 7740
2153649 2170014 16365
2157403 2170014 12611
2142608 2170641 28033
2159641 2171202 11561
2166085 2172720 6635
2166954 2173710 6756
2168651 2174601 5950
2169298 2176317 7019
2171945 2181036 9091
2166570 2181894 15324
2167265 2182884 15619
2172667 2184006 11339
2167529 2185095 17566
2180808 2187075 6267
2177749 2190573 12824
2180837 2192058 11221
2185657 2193015 7358
2179260 2193708 14448
2186761 2194038 7277
2187768 2196579 8811
2187084 2196744 9660
2190668 2197239 6571
2183257 2197305 14048
2192682 2199681 6999
2186951 2200473 13522
2185995 2201925 15930
2197475 2203740 6265
2183731 2204004 20273
2185681 2204433 18752
2187808 2205060 17252
2188592 2205126 16534
2198623 2205786 7163
2202888 2209878 6990
2200358 2211363 11005
2195700 2212320 16620
2201973 2212848 10875
2207622 2218359 10737
2211925 2218953 7028
2212330 2219514 7184
2212913 2219514 6601
2209308 2220702 11394
2210715 2221131 10416
2215851 2222715 6864
2215007 2224101 9094
2217510 2224134 6624
2213547 2224959 11412
2218883 2225850 6967
2220987 2227236 6249
2217043 2227929 10886
2222583 2229777 7194
2223732 2230338 6606
2224900 2231229 6329
2223102 2236410 13308
2224618 2236938 12320
2226496 2237334 10838
2231876 2239281 7405
2227118 2241360 14242
2230396 2242350 11954
2230504 2242977 12473
2228552 2246871 18319
2236839 2247630 10791
2241953 2248554 6601
2239430 2250369 10939
2237044 2250831 13787
2242956 2251425 8469
2246593 2253669 7076
2247011 2253867 6856
2244986 2255517 10531
2240450 2257464 17014
2243827 2257695 13868
2238339 2257959 19620
2245191 2258124 12933
2251196 2258223 7027
2244326 2260335 16009
2243229 2261160 17931
2253939 2263404 9465
2256611 2263932 7321
2252693 2265186 12493
2254337 2265813 11476
2255523 2266440 10917
2260497 2267958 7461
2258769 2269146 10377
2262483 2270202 7719
2250572 2270928 20356
2264722 2270961 6239
2266339 2275515 9176
2262246 2276703 14457
2265566 2277561 11995
2260345 2277627 17282
2266701 2278056 11355
2260493 2278221 17728
2267007 2280564 13557
2271420 2280795 9375
2270080 2281587 11507
2275096 2281851 6755
2274517 2282313 7796
2263359 2283633 20274
2272823 2284128 11305
2279048 2286174 7126
2279634 2286603 6969
2262186 2286834 24648
2275676 2287857 12181
2273654 2288385 14731
2272057 2288682 16625
2276672 2289243 12571
2279195 2290563 11368
2282246 2291058 8812
2284328 2291553 7225
2281316 2291982 10666
2278510 2292576 14066
2286680 2292774 6094
2277861 2294094 16233
2285420 2296701 11281
2274341 2296734 22393
2287983 2299440 11457
2293148 2299968 6820
2282845 2300826 17981
2293786 2303466 9680
2294086 2304060 9974
2291311 2305050 13739
2291379 2306931 15552
2286773 2308251 21478
2293200 2308284 15084
2296324 2308515 12191
2296945 2309076 12131
2300296 2309637 9341
2300653 2310231 9578
2289774 2313333 23559
2292155 2313729 21574
2294675 2316369 21694
2295507 2316930 21423
2300542 2316930 16388
2300849 2320131 19282
2302095 2320659 18564
2306492 2321055 14563
2313933 2323794 9861
2318259 2324454 6195
2319339 2325939 6600
2319893 2326467 6574
2306787 2327787 21000
2310147 2328447 18300
2311118 2329833 18715
2314344 2330229 15885
2317584 2331846 14262
2324564 2332308 7744
2325985 2332836 6851
2327434 2334057 6623
2325215 2335938 10723
2316969 2338644 21675
2332370 2338974 6604
2324141 2339304 15163
2334125 2341746 7621
2330431 2342307 11876
2320784 2342340 21556
2330273 2345376 15103
2329692 2346366 16674
2334630 2348511 13881
2330079 2350755 20676
2333086 2351613 18527
2316459 2352273 35814
2344532 2353725 9193
2332678 2354319 21641
2348647 2355177 6530
2341292 2355243 13951
2332914 2355474 22560
2341754 2355903 14149
2343511 2358642 15131
2352643 2359071 6428
2355154 2361414 6260
2347429 2362305 14876
2347764 2362767 15003
2344497 2363295 18798
2351320 2363559 12239
2353654 2363856 10202
2341568 2365968 24400
2345294 2366925 21631
2357577 2367321 9744
2358917 2367849 8932
2350361 2369697 19336
2363260 2370258 6998
2346374 2370324 23950
2347818 2370324 22506
2361265 2371380 10115
2347503 2373525 26022
2347891 2374119 26228
2359713 2374251 14538
2358742 2374383 15641
2356186 2374482 18296
2359433 2374911 15478
2366329 2376825 10496
2371724 2377881 6157
2360143 2378013 17870
2357003 2381511 24508
2363362 2381643 18281
2367414 2382204 14790
2355411 2382633 27222
2357665 2382765 25100
2365144 2384976 19832
2377085 2388903 11818
2380493 2391279 10786
2372394 2392104 19710
2363321 2392533 29212
2377633 2392599 14966
2362389 2395800 33411
2375726 2395899 20173
2382208 2397021 14813
2361008 2397747 36739
2389397 2398209 8812
2375142 2398308 23166
2386718 2400057 13339
2378401 2400750 22349
2389811 2401047 11236
2392891 2402136 9245
2380980 2403093 22113
2391726 2403885 12159
2399865 2406492 6627
2390872 2406954 16082
2399591 2408010 8419
2398288 2408043 9755
2368938 2409165 40227
2369218 2409627 40409
2386834 2410650 23816
2398826 2410947 12121
2389616 2411244 21628
2390323 2411277 20954
2396833 2411772 14939
2397783 2411805 14022
2397739 2412333 14594
2390529 2412663 22134
2394889 2413785 18896
2394243 2414049 19806
2388316 2414544 26228
2391321 2414709 23388
2399896 2415039 15143
2402804 2415666 12862
2393499 2416722 23223
2397614 2417415 19801
2398050 2417646 19596
2407817 2418900 11083
2413451 2420088 6637
2411716 2421111 9395
2412254 2421672 9418
2408426 2421969 13543
2397710 2422992 25282
2413777 2424774 10997
2418154 2425170 7016
2407458 2426193 18735
2414322 2426853 12531
2416613 2427282 10669
2416951 2428899 11948
2405581 2429163 23582
2405260 2430021 24761
2412541 2431077 18536
2422226 2433816 11590
2423234 2434377 11143
2427076 2438238 11162
2424741 2439492 14751
2433123 2439954 6831
2425570 2441604 16034
2427998 2442165 14167
2419372 2442198 22826
2429226 2446323 17097
2430421 2449062 18641
2444641 2450910 6269
2443356 2451207 7851
2437681 2452956 15275
2434111 2453451 19340
2433952 2454474 20522
2444817 2454804 9987
2435791 2455035 19244
2434617 2456157 21540
2423464 2456223 32759
2440389 2457741 17352
2442471 2458269 15798
2453499 2459754 6255
2433793 2462427 28634
2436370 2462427 26057
2456769 2463450 6681
2442810 2466519 23709
2443626 2466684 23058
2451491 2467146 15655
2445132 2470908 25776
2457417 2471139 13722
2454714 2472624 17910
2457342 2473119 15777
2455510 2475429 19919
2454533 2477013 22480
2460730 2478828 18098
2471304 2479587 8283
2468251 2479884 11633
2473218 2479884 6666
2447423 2480214 32791
2474644 2482062 7418
2466047 2482425 16378
2454773 2482722 27949
2469107 2482920 13813
2476690 2483448 6758
2473782 2485428 11646
2479534 2486154 6620
2464309 2489652 25343
2476115 2490246 14131
2466180 2491500 25320
2480844 2492292 11448
2484325 2492754 8429
2482091 2496087 13996
2487136 2497275 10139
2491082 2497803 6721
2488118 2497935 9817
2466527 2498694 32167
2472384 2499189 26805
2492213 2500344 8131
2476120 2501136 25016
2485238 2501730 16492
2485288 2502390 17102
2473947 2503413 29466
2490580 2504436 13856
2492444 2504964 12520
2499165 2505789 6624
2502070 2508759 6689
2495695 2509353 13658
2503856 2510508 6652
2501444 2510706 9262
2501359 2512620 11261
2498640 2513709 15069
2499010 2514798 15788
2491244 2515359 24115
2492417 2515953 23536
2503601 2517075 13474
2500976 2518527 17551
2503648 2518593 14945
2506733 2519814 13081
2500655 2519979 19324
2513478 2520870 7392
2500017 2521497 21480
2499948 2521695 21747
2510774 2522322 11548
2510608 2523048 12440
2510900 2525160 14260
2515603 2526183 10580
2517673 2526678 9005
2514797 2527833 13036
2519604 2528922 9318
2500092 2529912 29820
2511442 2530473 19031
2514884 2530572 15688
2514553 2531496 16943
2498569 2533707 35138
2516531 2534268 17737
2523775 2534334 10559
2510979 2537403 26424
2531313 2539218 7905
2510554 2540571 30017
2509185 2540604 31419
2519964 2541627 21663
2534038 2543277 9239
2524824 2543871 19047
2527219 2544828 17609
2530532 2545356 14824
2537444 2545752 8308
2520166 2547831 27665
2516648 2548425 31777
2525105 2548425 23320
2530193 2548953 18760
2523570 2548986 25416
2526973 2549085 22112
2531581 2551824 20243
2519805 2552022 32217
2535682 2555388 19706
2542989 2556048 13059
2540232 2556477 16245
2550689 2558094 7405
2553814 2560734 6920
2546224 2562912 16688
2547151 2563902 16751
2547633 2567169 19536
2547656 2567268 19612
2549441 2567862 18421
2556228 2568225 11997
2546039 2568291 22252
2556816 2568489 11673
2559330 2571030 11700
2564881 2571525 6644
2545828 2572218 26390
2549594 2572812 23218
2548525 2573604 25079
2554893 2574627 19734
2557243 2575518 18275
2547653 2575683 28030
2566216 2576046 9830
2567910 2579115 11205
2572706 2583636 10930
2572170 2584428 12258
2562551 2585880 23329
2572926 2586837 13911
2579886 2589543 9657
2574728 2592645 17917
2580354 2592843 12489
2578361 2596077 17716
2585262 2597364 12102
2584980 2597991 13011
2585322 2598981 13659
2584022 2599146 15124
2596085 2602710 6625
2591833 2605284 13451
2592177 2605878 13701
2591866 2605911 14045
2599260 2606340 7080
2594031 2608353 14322
2595844 2609706 13862
2603997 2610663 6666
2600609 2610927 10318
2602581 2612940 10359
2605408 2613303 7895
2599579 2614161 14582
2602649 2616009 13360
2600174 2616504 16330
2607395 2616603 9208
2600138 2616636 16498
2609476 2617098 7622
2599573 2617197 17624
2601034 2620761 19727
2599852 2623467 23615
2605623 2623797 18174
2613671 2626635 12964
2615727 2626998 11271
2624030 2630364 6334
2608821 2630694 21873
2613793 2633169 19376
2625059 2633334 8275
2616249 2633730 17481
2619295 2636568 17273
2622293 2636865 14572
2612705 2639769 27064
2616269 2639934 23665
2621754 2640297 18543
2633496 2640594 7098
2630827 2641914 11087
2629277 2643993 14716
2628654 2646534 17880
2632186 2647755 15569
2635451 2648283 12832
2639396 2648580 9184
2638231 2648976 10745
2640082 2649207 9125
2628733 2649702 20969
2640493 2649768 9275
2638969 2650164 11195
2645749 2652012 6263
2642862 2652408 9546
2630650 2652540 21890
2636962 2652771 15809
2647901 2654487 6586
2637581 2655972 18391
2640203 2659008 18805
2648698 2660130 11432
2651999 2661417 9418
2649883 2662836 12953
2647467 2664156 16689
2648874 2665179 16305
2650569 2665542 14973
2648592 2665707 17115
2656505 2667357 10852
2642282 2667753 25471
2644848 2668908 24060
2645929 2669502 23573
2662002 2669568 7566
2663244 2670261 7017
2639003 2672307 33304
2660587 2673396 12809
2666681 2673660 6979
2667304 2675574 8270
2666977 2676069 9092
2668988 2676597 7609
2651232 2676762 25530
2667457 2680227 12770
2669294 2680524 11230
2671172 2680755 9583
2674140 2680755 6615
2675819 2682570 6751
2658373 2683956 25583
2666747 2683956 17209
2663217 2684517 21300
2668484 2684583 16099
2677194 2684781 7587
2670395 2686794 16399
2658155 2687322 29167
2663538 2687883 24345
2682035 2688378 6343
2672684 2688411 15727
2668145 2688774 20629
2678138 2689863 11725
2669715 2691579 21864
2679355 2692107 12752
2686600 2693691 7091
2687750 2694285 6535
2684083 2694813 10730
2689438 2696562 7124
2678468 2697420 18952
2684551 2698872 14321
2691769 2699499 7730
2690671 2699532 8861
2688711 2700192 11481
2690737 2701182 10445
2692019 2701248 9229
2693500 2702238 8738
2679800 2702601 22801
2696144 2702832 6688
2679235 2703261 24026
2688533 2707056 18523
2686595 2707683 21088
2688348 2708112 19764
2698827 2709564 10737
2687897 2711313 23416
2683505 2711841 28336
2699412 2715042 15630
2698983 2718936 19953
2689601 2719365 29764
2691995 2719893 27898
2689813 2720289 30476
2701558 2722236 20678
2717238 2723391 6153
2708646 2723523 14877
2710737 2725833 15096
2713213 2726229 13016
2711327 2726361 15034
2719969 2729001 9032
2712656 2730750 18094
2716425 2731311 14886
2713435 2731344 17909
2718293 2731872 13579
2707935 2732565 24630
2726421 2733093 6672
2715582 2733126 17544
2710991 2733192 22201
2712750 2734545 21795
2716935 2735073 18138
2711303 2736129 24826
2722231 2736855 14624
2723891 2737251 13360
2723104 2737416 14312
2718322 2739396 21074
2719638 2741541 21903
2727247 2742036 14789
2735221 2744115 8894
2731002 2747217 16215
2735165 2748042 12877
2731999 2748900 16901
2743242 2749890 6648
2737837 2751441 13604
2735508 2752530 17022
2736208 2754411 18203
2740739 2756193 15454
2746265 2757843 11578
2753270 2759526 6256
2747537 2761539 14002
2741725 2762067 20342
2751678 2763519 11841
2740205 2764773 24568
2760625 2767248 6623
2760137 2767413 7276
2753878 2767974 14096
2758597 2769723 11126
2760303 2771307 11004
2757981 2773188 15207
2765278 2774541 9263
2759985 2775993 16008
2764871 2776554 11683
2762723 2777610 14887
2761690 2777643 15953
2772846 2779524 6678
2770504 2780349 9845
2771207 2780910 9703
2770327 2781570 11243
2776045 2782230 6185
2776505 2782659 6154
2761532 2783748 22216
2777462 2784177 6715
2762997 2784804 21807
2764016 2785794 21778
2769183 2787279 18096
2762462 2787840 25378
2767604 2788500 20896
2768203 2788533 20330
2775086 2788731 13645
2776005 2791107 15102
2785031 2791701 6670
2777106 2794737 17631
2773149 2797476 24327
2785908 2797773 11865
2785379 2798367 12988
2788223 2800050 11827
2783909 2800182 16273
2785331 2801271 15940
2773357 2801436 28079
2795188 2802459 7271
2783659 2803251 19592
2783412 2804142 20730
2788661 2804703 16042
2776888 2806452 29564
2796157 2806881 10724
2786191 2810940 24749
2796622 2811534 14912
2785831 2812194 26363
2786032 2812623 26591
2791977 2813778 21801
2788797 2814735 25938
2801879 2814933 13054
2797715 2815164 17449
2794219 2815263 21044
2784281 2815362 31081
2801153 2816154 15001
2800192 2818893 18701
2803997 2819586 15589
2790006 2819982 29976
2814995 2821995 7000
2806544 2822523 15979
2799599 2824767 25168
2806840 2825229 18389
2811276 2825295 14019
2808708 2825592 16884
2797766 2826252 28486
2804555 2826549 21994
2821344 2828628 7284
2823144 2829486 6342
2803430 2829585 26155
2812129 2829618 17489
2809194 2830344 21150
2811010 2832126 21116
2820766 2836515 15749
2830932 2838990 8058
2833299 2839551 6252
2829228 2839617 10389
2824642 2840541 15899
2824967 2841069 16102
2826681 2841399 14718
2833429 2844435 11006
2839590 2845854 6264
2836815 2851398 14583
2845037 2851662 6625
2845060 2851662 6602
2844912 2854137 9225
2845111 2854632 9521
2847175 2854632 7457
2840718 2855160 14442
2846747 2855193 8446
2847020 2855721 8701
2849653 2856051 6398
2851525 2858130 6605
2853175 2859483 6308
2850861 2860242 9381
2855915 2862156 6241
2841817 2862849 21032
2854282 2863806 9524
2854239 2864466 10227
2855828 2864499 8671
2858346 2867172 8826
2861053 2867304 6251
2849592 2867700 18108
2846226 2868129 21903
2854264 2871528 17264
2864103 2874564 10461
2867007 2876742 9735
2868357 2877336 8979
2865483 2878260 12777
2863373 2879151 15778
2848625 2880570 31945
2862952 2881824 18872
2867584 2881890 14306
2874152 2882550 8398
2864354 2883276 18922
2870162 2885883 15721
2873498 2889942 16444
2872205 2890272 18067
2872312 2891625 19313
2876216 2892417 16201
2884456 2892714 8258
2871489 2894034 22545
2864315 2894331 30016
2874212 2894562 20350
2878991 2895618 16627
2874573 2895816 21243
2867306 2895915 28609
2880918 2896377 15459
2874940 2896971 22031
2881491 2897697 16206
2889382 2898687 9305
2891538 2899182 7644
2881224 2900601 19377
2878157 2901921 23764
2872014 2902284 30270
2887136 2902746 15610
2896331 2907531 11200
2897258 2908125 10867
2897735 2908191 10456
2885258 2908488 23230
2891545 2909049 17504
2902843 2909973 7130
2883939 2910237 26298
2904439 2910633 6194
2901400 2910897 9497
2887465 2911293 23828
2905673 2911920 6247
2897740 2913867 16127
2907348 2914428 7080
2902464 2915913 13449
2906099 2917497 11398
2911524 2918190 6666
2904067 2919114 15047
2902477 2920698 18221
2901897 2920797 18900
2889263 2921622 32359
2890017 2922216 32199
2915369 2922249 6880
2916081 2922777 6696
2911188 2923866 12678
2913244 2924394 11150
2909977 2925285 15308
2899521 2925417 25896
2905314 2925945 20631
2913931 2926176 12245
2919615 2928519 8904
2918478 2929113 10635
2919078 2929212 10134
2925334 2932149 6815
2914677 2932281 17604
2912890 2932809 19919
2915352 2933304 17952
2927272 2934129 6857
2908749 2936109 27360
2920578 2937330 16752
2914227 2938815 24588
2929243 2940531 11288
2920804 2941752 20948
2927112 2941950 14838
2927579 2942412 14833
2928577 2942478 13901
2931485 2943468 11983
2930560 2944524 13964
2925321 2945976 20655
2911446 2946537 35091
2934701 2948946 14245
2931514 2949441 17927
2939637 2949474 9837
2915696 2949639 33943
2928523 2949738 21215
2932082 2950266 18184
2944456 2952708 8252
2948639 2954886 6247
2938310 2956767 18457
2943451 2958351 14900
2951771 2958417 6646
2944110 2958879 14769
2948260 2959341 11081
2946090 2962080 15990
2955916 2962179 6263
2949538 2962311 12773
2954156 2965017 10861
2945506 2965083 19577
2961775 2968944 7169
2955110 2971089 15979
2960811 2971947 11136
2957248 2972046 14798
2953032 2972970 19938
2968178 2974224 6046
2957165 2974752 17587
2968097 2976072 7975
2966098 2977326 11228
2964936 2977359 12423
2965871 2977887 12016
2969966 2978580 8614
2973099 2979636 6537
2973446 2979702 6256
2969469 2982210 12741
2958364 2982705 24341
2975829 2984652 8823
2976626 2985345 8719
2966731 2985411 18680
2961672 2985576 23904
2966195 2986599 20404
2979747 2987358 7611
2966484 2989305 22821
2977709 2989701 11992
2979082 2991417 12335
2979139 2992011 12872
2967512 2992539 25027
2966897 2992902 26005
2986339 2994090 7751
2988793 2995443 6650
2981241 2995476 14235
2981387 2996763 15376
2982203 2997192 14989
2980706 2997753 17047
2989386 2998314 8928
2971871 2998413 26542
2992281 2998941 6660
2983678 3002175 18497
2985367 3004485 19118
2989042 3004914 15872
2999330 3006168 6838
2970749 3006564 35815
2979581 3007026 27445
2994039 3008577 14538
2979402 3009534 30132
3004433 3011349 6916
2996979 3011580 14601
2996752 3011778 15026
2999907 3012504 12597
2994463 3012801 18338
3000464 3013692 13228
3002711 3014484 11773
3009354 3018180 8826
3000720 3019137 18417
2994312 3019269 24957
2997028 3019665 22637
2993033 3020160 27127
2999639 3020193 20554
3008477 3022272 13795
3008659 3022932 14273
3002212 3023790 21578
3010191 3024384 14193
3017087 3026529 9442
3006574 3027519 20945
3017504 3027882 10378
3006914 3028047 21133
3016293 3030126 13833
3021771 3031050 9279
3026172 3032139 5967
3025730 3032799 7069
3025208 3033360 8152
3028433 3035241 6808
3020650 3035901 15251
3029844 3036462 6618
3025542 3037782 12240
3033522 3039465 5943
3024734 3040521 15787
3028639 3042039 13400
3036628 3042897 6269
3030442 3043491 13049
3029006 3044778 15772
3031868 3045966 14098
3032174 3046857 14683
3039026 3047418 8392
3040103 3048804 8701
3042135 3049134 6999
3033087 3049761 16674
3037333 3050520 13187
3033265 3052368 19103
3047742 3054348 6606
3045160 3054645 9485
3034007 3055569 21562
3036165 3056196 20031
3039731 3056196 16465
3044844 3056427 11583
3047254 3061113 13859
3050241 3061113 10872
3042158 3062136 19978
3056237 3062202 5965
3051854 3063489 11635
3056201 3064941 8740
3046498 3065040 18542
3057824 3065106 7282
3054664 3067449 12785
3050331 3067746 17415
3051399 3068109 16710
3064487 3071112 6625
3055614 3071310 15696
3062677 3074214 11537
3061525 3075270 13745
3065691 3076458 10767
3067644 3077019 9375
3069129 3077613 8484
3067294 3078603 11309
3062075 3083850 21775
3072944 3085104 12160
3062765 3086028 23263
3061869 3087084 25215
3069773 3087315 17542
3079394 3088833 9439
3077555 3090747 13192
3084939 3091539 6600
3072164 3092034 19870
3075614 3093123 17509
3076616 3094311 17695
3076243 3095169 18926
3074184 3097875 23691
3082225 3098073 15848
3083147 3099129 15982
3091859 3099855 7996
3080473 3101241 20768
3083502 3101769 18267
3085650 3102429 16779
3077696 3103089 25393
3090099 3103617 13518
3092808 3106158 13350
3089152 3106488 17336
3091591 3107676 16085
3097949 3108237 10288
3098181 3108798 10617
3094810 3109557 14747
3103323 3109656 6333
3090529 3109689 19160
3091150 3110217 19067
3104426 3110745 6319
3097677 3110778 13101
3090114 3112758 22644
3092937 3113847 20910
3091913 3114012 22099
3084175 3115101 30926
3090565 3116553 25988
3090800 3117114 26314
3106222 3118071 11849
3112133 3118764 6631
3110924 3120777 9853
3107743 3121074 13331
3111420 3122328 10908
3098672 3124737 26065
3114901 3125034 10133
3115246 3125991 10745
3110468 3127146 16678
3119968 3130809 10841
3125075 3131799 6724
3113017 3131898 18881
3113589 3132195 18606
3117966 3134934 16968
3116237 3135132 18895
3109092 3135165 26073
3113912 3135165 21253
3114707 3135759 21052
3122278 3136782 14504
3129837 3137046 7209
3120867 3137706 16839
3127869 3140412 12543
3133059 3140907 7848
3122551 3141501 18950
3129090 3146748 17658
3124676 3147177 22501
3134767 3148200 13433
3129982 3148530 18548
3137483 3148761 11278
3130978 3148860 17882
3140208 3149388 9180
3133340 3149553 16213
3129985 3150378 20393
3136370 3151500 15130
3138353 3154206 15853
3126548 3154635 28087
3139938 3154767 14829
3131073 3156450 25377
3124444 3158331 33887
3130765 3159156 28391
3144262 3159552 15290
3143774 3161532 17758
3149265 3161763 12498
3135408 3161829 26421
3153528 3162225 8697
3133696 3162258 28562
3135119 3162951 27832
3140116 3163446 23330
3149958 3164733 14775
3147581 3164799 17218
3152804 3165195 12391
3141244 3166647 25403
3141621 3166746 25125
3146273 3167934 21661
3149647 3168363 18716
3150532 3169452 18920
3161570 3170508 8938
3163140 3171465 8325
3152542 3171531 18989
3167396 3173973 6577
3153931 3174798 20867
3162086 3177702 15616
3163507 3177702 14195
3155585 3178395 22810
3163931 3178857 14926
3147481 3181101 33620
3170851 3181464 10613
3159515 3182223 22708
3169569 3183708 14139
3178391 3184632 6241
3172534 3184797 12263
3174435 3185259 10824
3170380 3187866 17486
3185496 3191760 6264
3185952 3192255 6303
3168690 3193179 24489
3186863 3193476 6613
3179782 3193740 13958
3185723 3194136 8413
3174725 3195027 20302
3190661 3196908 6247
3171202 3197337 26135
3184340 3197733 13393
3192878 3200637 7759
3195022 3200967 5945
3195374 3201693 6319
3195573 3202254 6681
3191580 3204828 13248
3185462 3205488 20026
3197815 3208557 10742
3193850 3209943 16093
3201877 3212055 10178
3201910 3212682 10772
3206010 3213045 7035
3199859 3214827 14968
3203119 3216213 13094
3200762 3218127 17365
3193391 3218325 24934
3197395 3219414 22019
3210943 3221856 10913
3197161 3221955 24794
3208088 3223110 15022
3212464 3226509 14045
3217057 3227829 10772
3213053 3228621 15568
3204118 3229182 25064
3214852 3230502 15650
3207542 3231888 24346
3216397 3232812 16415
3227291 3233967 6676
3229377 3237729 8352
3231374 3239214 7840
3226409 3240204 13795
3229516 3242085 12569
3221286 3242283 20997
3232402 3242415 10013
3232605 3242910 10305
3234964 3242910 7946
3222140 3242943 20803
3229870 3243504 13634
3234903 3243537 8634
3237839 3244164 6325
3228249 3245286 17037
3231576 3245814 14238
3223666 3245979 22313
3226370 3246210 19840
3231752 3246408 14656
3229084 3247266 18182
3227464 3248685 21221
3222820 3249114 26294
3233351 3249114 15763
3232528 3249213 16685
3243790 3251259 7469
3241486 3251457 9971
3244740 3251985 7245
3242926 3253371 10445
3229350 3254493 25143
3239347 3255219 15872
3238628 3255747 17119
3237579 3256011 18432
3240817 3256110 15293
3234365 3257694 23329
3239926 3258981 19055
3239189 3260037 20848
3246708 3260928 14220
3250514 3261027 10513
3251866 3261588 9722
3238570 3261951 23381
3252766 3263997 11231
3253639 3265713 12074
3259639 3266340 6701
3259974 3266538 6564
3253017 3266736 13719
3243624 3267363 23739
3261494 3267825 6331
3242312 3267891 25579
3261515 3269112 7597
3242080 3270432 28352
3243602 3270630 27028
3260831 3271224 10393
3254581 3271389 16808
3259878 3273600 13722
3265024 3273996 8972
3261672 3275778 14106
3265341 3277098 11757
3270119 3277857 7738
3261424 3280794 19370
3268760 3281487 12727
3271444 3283434 11990
3273247 3284193 10946
3268276 3285018 16742
3278271 3285546 7275
3280488 3286437 5949
3275066 3289275 14209
3271360 3289539 18179
3284853 3291090 6237
3276830 3295611 18781
3275520 3295809 20289
3290806 3297063 6257
3272793 3298812 26019
3279460 3298944 19484
3280809 3299340 18531
3285499 3299769 14270
3294065 3300957 6892
3287079 3302970 15891
3292837 3304950 12113
3293889 3305511 11622
3298555 3306534 7979
3284114 3308844 24730
3293871 3309537 15666
3297520 3309570 12050
3301564 3309735 8171
3299362 3311550 12188
3302516 3312078 9562
3286096 3312936 26840
3292780 3313365 20585
3303826 3314883 11057
3296545 3316566 20021
3299810 3317754 17944
3309729 3319272 9543
3309559 3319371 9812
3296607 3322605 25998
3314912 3322737 7825
3306392 3323727 17335
3317518 3323826 6308
3306849 3324123 17274
3301146 3325839 24693
3308585 3326499 17914
3319703 3326565 6862
3308025 3326664 18639
3290298 3326928 36630
3314290 3328083 13793
3318739 3328941 10202
3319533 3329535 10002
3303495 3329766 26271
3308340 3329799 21459
3306336 3329832 23496
3302308 3330327 28019
3304792 3330888 26096
3324734 3331317 6583
3308845 3331449 22604
3291337 3331515 40178
3311050 3332241 21191
3309023 3333363 24340
3313752 3334221 20469
3316651 3335211 18560
3319787 3335772 15985
3322753 3335871 13118
3318681 3336069 17388
3331693 3338082 6389
3314178 3338973 24795
3327228 3338973 11745
3316264 3339501 23237
3310250 3341712 31462
3329624 3342108 12484
3322300 3342174 19874
3330558 3342471 11913
3333295 3342471 9176
3325989 3345441 19452
3327926 3347421 19495
3325022 3347883 22861
3333174 3348543 15369
3337462 3348642 11180
3328645 3348873 20228
3341177 3349170 7993
3341971 3349665 7694
3308837 3352866 44029
3335704 3353031 17327
3328211 3353394 25183
3345797 3354120 8323
3335474 3356331 20857
3342369 3356727 14358
3349427 3358113 8686
3351856 3358872 7016
3349848 3359433 9585
3343604 3361083 17479
3345128 3362403 17275
3342259 3363789 21530
3347400 3364812 17412
3358667 3365340 6673
3344200 3365439 21239
3352785 3371907 19122
3350448 3372501 22053
3365044 3374415 9371
3366816 3374646 7830
3353762 3375471 21709
3346207 3375636 29429
3359302 3376065 16763
3361495 3376890 15395
3363992 3377418 13426
3346545 3378771 32226
3364701 3380388 15687
3370163 3380487 10324
3365335 3380949 15614
3362334 3380982 18648
3372982 3381015 8033
3368818 3381378 12560
3367961 3384348 16387
3366422 3384876 18454
3376401 3385965 9564
3378925 3386493 7568
3376189 3387582 11393
3381078 3387681 6603
3382473 3389562 7089
3377583 3390750 13167
3379201 3391509 12308
3382445 3392070 9625
3385577 3395700 10123
3373479 3395799 22320
3379099 3396459 17360
3382989 3397218 14229
3390602 3397581 6979
3374347 3398769 24422
3377028 3399726 22698
3378618 3399726 21108
3385587 3400287 14700
3370610 3400419 29809
3387101 3401343 14242
3388463 3401970 13507
3384768 3404049 19281
3387581 3404577 16996
3393814 3404676 10862
3392188 3406161 13973
3395848 3406953 11105
3401693 3407943 6250
3402772 3408735 5963
3393177 3410055 16878
3403798 3410649 6851
3382035 3410847 28812
3390355 3411408 21053
3385292 3411507 26215
3390963 3411804 20841
3398469 3411837 13368
3400283 3412035 11752
3407258 3414840 7582
3389280 3415632 26352
3409832 3415830 5998
3404650 3417018 12368
3411493 3418107 6614
3404782 3418932 14150
3391404 3419229 27825
3406122 3419526 13404
3412047 3420021 7974
3400023 3421374 21351
3405518 3422496 16978
3389377 3424575 35198
3399526 3425169 25643
3416049 3425202 9153
3405440 3425235 19795
3415356 3428832 13476
3407013 3429723 22710
3400344 3433650 33306
3416363 3434673 18310
3423959 3434706 10747
3429540 3436785 7245
3418312 3439689 21377
3425648 3440844 15196
3434295 3440976 6681
3422493 3441009 18516
3435112 3441603 6491
3433653 3444078 10425
3427447 3444804 17357
3428159 3444870 16711
3435620 3445794 10174
3440187 3446454 6267
3435413 3446850 11437
3436302 3447906 11604
3438299 3447939 9640
3439580 3448599 9019
3444009 3450645 6636
3440948 3452856 11908
3438678 3453384 14706
3443074 3453516 10442
3443484 3456519 13035
3445283 3457080 11797
3447099 3457905 10806
3448533 3460182 11649
3455297 3461865 6568
3457204 3463944 6740
3449730 3464241 14511
3455219 3467013 11794
3456974 3468069 11095
3451116 3470049 18933
3461100 3470577 9477
3462810 3471831 9021
3461569 3472293 10724
3465542 3472359 6817
3466122 3472887 6765
3456086 3473250 17164
3466719 3473415 6696
3457274 3475461 18187
3463191 3475956 12765
3451418 3476088 24670
3457190 3477540 20350
3467103 3479256 12153
3447067 3479487 32420
3463292 3480114 16822
3464115 3480642 16527
3441094 3480741 39647
3469765 3481170 11405
3459498 3481269 21771
3463381 3483249 19868
3468714 3483777 15063
3461115 3484437 23322
3467730 3486483 18753
3468796 3487044 18248
3469349 3487572 18223
3469678 3488133 18455
3483591 3489849 6258
3483971 3490608 6637
3479905 3491169 11264
3475392 3493083 17691
3476004 3493611 17607
3478256 3493875 15619
3472434 3494634 22200
3483451 3496482 13031
3487570 3500046 12476
3478131 3503742 25611
3486568 3504072 17504
3466538 3504402 37864
3499211 3506217 7006
3494053 3506910 12857
3487899 3507009 19110
3491212 3508395 17183
3502165 3509484 7319
3500013 3512223 12210
3502125 3513213 11088
3495004 3513774 18770
3500118 3514731 14613
3503756 3516480 12724
3508837 3517041 8204
3512378 3518691 6313
3509976 3519153 9177
3512989 3519219 6230
3513795 3520935 7140
3497691 3522354 24663
3514484 3522717 8233
3501965 3522882 20917
3509497 3522882 13385
3510017 3523443 13426
3504689 3524169 19480
3505578 3524697 19119
3511211 3525588 14377
3509340 3526380 17040
3512529 3527403 14874
3507311 3527931 20620
3518158 3529614 11456
3523728 3530406 6678
3510841 3533343 22502
3528766 3535752 6986
3511855 3537864 26009
3529611 3538689 9078
3508658 3539547 30889
3527069 3540108 13039
3530539 3540603 10064
3524235 3540768 16533
3532094 3542253 10159
3532499 3542814 10315
3534997 3543474 8477
3531061 3543507 12446
3525271 3544431 19160
3526555 3545025 18470
3527453 3548226 20773
3533817 3548853 15036
3534058 3550239 16181
3526045 3550371 24326
3529691 3550569 20878
3539622 3551559 11937
3539582 3553605 14023
3538017 3554529 16512
3531995 3556113 24118
3540481 3556311 15830
3544424 3556839 12415
3539411 3558192 18781
3545683 3560139 14456
3553183 3560205 7022
3546926 3560667 13741
3549873 3562845 12972
3536307 3562878 26571
3550725 3564429 13704
3554452 3564594 10142
3541581 3565452 23871
3550812 3567300 16488
3543326 3567630 24304
3561718 3568356 6638
3562836 3569676 6840
3559462 3570204 10742
3564892 3571986 7094
3564207 3573405 9198
3547558 3573933 26375
3567320 3574032 6712
3549846 3574560 24714
3563202 3576177 12975
3552693 3577266 24573
3563200 3577464 14264
3570453 3578388 7935
3559373 3578553 19180
3556144 3578586 22442
3571164 3578883 7719
3565214 3581259 16045
3560519 3581292 20773
3563740 3581292 17552
3572735 3581919 9184
3575695 3583833 8138
3568853 3583899 15046
3570696 3585252 14556
3576719 3585582 8863
3571597 3585813 14216
3576038 3586341 10303
3565306 3586803 21497
3552657 3587463 34806
3568585 3588783 20198
3562152 3589410 27258
3573555 3590070 16515
3573613 3590631 17018
3576956 3591027 14071
3585423 3592017 6594
3571569 3593337 21768
3588125 3594393 6268
3581293 3594756 13463
3581799 3595812 14013
3573228 3595845 22617
3589999 3597462 7463
3586906 3598254 11348
3589233 3599937 10704
3574015 3600960 26945
3586431 3601521 15090
3581971 3601785 19814
3595270 3602445 7175
3595909 3602511 6602
3585198 3604227 19029
3595435 3605019 9584
3591622 3608286 16664
3591653 3609144 17491
3591817 3609243 17426
3598784 3610497 11713
3599873 3610893 11020
3594067 3612345 18278
3597400 3615645 18245
3598211 3618087 19876
3597280 3619077 21797
