1202 7821 6619
1481 11847 10366
2045 12804 10759
2703 13431 10728
12078 18678 6600
2757 19734 16977
6553 21021 14468
14209 21021 6812
10928 24057 13129
10037 24222 14185
18659 25311 6652
14558 25377 10819
14049 26730 12681
12179 28578 16399
9731 29205 19474
20992 29403 8411
21410 30591 9181
23003 32208 9205
24323 32736 8413
26407 35706 9299
20267 35970 15703
22860 38841 15981
29313 39138 9825
27930 40458 12528
20518 40491 19973
35126 42075 6949
26806 42108 15302
27520 42669 15149
34021 43197 9176
28830 45078 16248
25964 45639 19675
32513 46101 13588
31057 46167 15110
20869 48345 27476
21569 48906 27337
42134 49203 7069
28394 50094 21700
40283 51612 11329
24596 52371 27775
32008 52437 20429
45474 52602 7128
33902 52965 19063
36114 53658 17544
45911 53724 7813
42040 56265 14225
45206 56793 11587
35228 57057 21829
48471 57486 9015
41430 58014 16584
43143 58014 14871
37138 59235 22097
35377 60720 25343
39786 61116 21330
54910 62238 7328
44642 63855 19213
51647 64878 13231
55188 65439 10251
38047 65472 27425
53672 65538 11866
34926 65901 30975
38995 66528 27533
50791 66990 16199
59016 68079 9063
61375 68574 7199
46272 68772 22500
44430 69762 25332
49476 70356 20880
58554 70884 12330
49671 71016 21345
65613 72930 7317
64377 74085 9708
52734 75141 22407
55306 76164 20858
62408 78243 15835
66261 80025 13764
58585 80454 21869
71064 80553 9489
73681 80850 7169
74236 81378 7142
68974 81840 12866
70026 84513 14487
66133 84612 18479
65657 84744 19087
59982 87615 27633
55076 87714 32638
54426 88242 33816
64536 88407 23871
67541 89265 21724
61293 89430 28137
68036 89793 21757
61760 89925 28165
70383 90750 20367
59471 92763 33292
81278 93060 11782
67343 94380 27037
72681 94809 22128
83565 95436 11871
73640 95568 21928
90603 97185 6582
63552 97515 33963
80266 98010 17744
92250 98835 6585
89590 99000 9410
91413 99495 8082
93708 101178 7470
77322 101838 24516
75624 102234 26610
75303 102267 26964
84347 102762 18415
96131 102762 6631
85755 104412 18657
97097 104676 7579
91403 104973 13570
91559 105633 14074
77791 107910 30119
75935 108273 32338
86470 108405 21935
85290 108471 23181
74973 109659 34686
100739 111111 10372
102473 112233 9760
106679 113223 6544
102568 115401 12833
100904 116160 15256
106092 116820 10728
111727 118899 7172
112121 119130 7009
110393 120912 10519
110660 121506 10846
107431 122463 15032
111612 122991 11379
113998 122991 8993
89220 125235 36015
93603 125367 31764
109646 126060 16414
120145 127413 7268
114707 127677 12970
120403 127941 7538
123728 129987 6259
109927 130911 20984
120760 131010 10250
121282 132099 10817
124254 132627 8373
101104 134079 32975
127455 134079 6624
117619 134178 16559
119532 135267 15735
111640 136389 24749
130831 138402 7571
110572 139557 28985
113016 141108 28092
111752 141504 29752
126916 142197 15281
138314 144573 6259
127292 145233 17941
118702 145299 26597
140716 146982 6266
124013 148500 24487
117056 149127 32071
128961 151272 22311
143952 152889 8937
119272 153978 34706
132775 155199 22424
132017 155727 23710
138324 156585 18261
145386 157707 12321
141786 158466 16680
143908 158994 15086
141877 159753 17876
146972 160116 13144
144543 160281 15738
141814 160776 18962
143363 161139 17776
153835 161832 7997
147132 163845 16713
147478 164406 16928
146924 164802 17878
138627 165297 26670
142670 165495 22825
145201 166254 21053
147669 166749 19080
150374 168036 17662
148957 169653 20696
157680 169653 11973
157824 170214 12390
159630 170214 10584
163015 170874 7859
163749 171369 7620
136293 173283 36990
163916 173844 9928
148775 173976 25201
142514 174405 31891
142583 174603 32020
156495 174933 18438
162773 175428 12655
153681 175989 22308
147745 177804 30059
134053 178167 44114
149385 178332 28947
165022 178959 13937
139346 183744 44398
168129 184041 15912
151173 187242 36069
167219 187506 20287
165733 187770 22037
158043 189321 31278
175597 190740 15143
177007 191268 14261
180145 191829 11684
147871 192027 44156
173505 192555 19050
165906 193149 27243
172297 193611 21314
175706 193677 17971
157310 194238 36928
182222 195162 12940
184632 195492 10860
175218 196416 21198
157319 197472 40153
175676 197538 21862
188842 197571 8729
173457 198363 24906
177620 198561 20941
176092 199221 23129
179624 200541 20917
187988 201069 13081
181296 201201 19905
194870 202125 7255
176557 202455 25898
193455 203808 10353
194492 203940 9448
189754 205161 15407
197827 205656 7829
193236 206910 13674
184183 208890 24707
188273 210309 22036
197966 212124 14158
193658 212553 18895
191501 212982 21481
202654 214665 12011
196086 215259 19173
207798 215754 7956
176254 215985 39731
188709 217371 28662
210776 218064 7288
202745 219450 16705
190484 219516 29032
204668 220209 15541
196082 222750 26668
198305 223278 24973
212239 224169 11930
210303 224598 14295
199240 224664 25424
216621 224697 8076
214005 227205 13200
212772 227799 15027
225679 232056 6377
226573 233244 6671
227160 233772 6612
223216 234036 10820
229127 236148 7021
213361 239283 25922
227859 241791 13932
211690 241989 30299
224292 243408 19116
234382 243573 9191
235843 244101 8258
226968 245025 18057
234905 245520 10615
240054 246642 6588
224948 247170 22222
237660 248226 10566
233130 249546 16416
236560 249876 13316
243826 250965 7139
228954 253440 24486
237995 255222 17227
248885 255882 6997
245541 256278 10737
247240 257169 9929
237854 260370 22516
244767 260799 16032
232071 260898 28827
241246 261459 20213
234406 261492 27086
253371 264099 10728
243183 264132 20949
254405 266904 12499
257485 267069 9584
257890 267696 9806
257170 267828 10658
255765 268785 13020
254451 270732 16281
252055 270897 18842
251575 270996 19421
246080 273702 27622
264599 273702 9103
234323 274098 39775
257504 274494 16990
260223 277233 17010
265170 278223 13053
271836 278652 6816
252076 279807 27731
270818 280434 9616
272169 281721 9552
268110 282513 14403
269434 283074 13640
275166 283701 8535
257690 284163 26473
260868 284460 23592
263729 284691 20962
262786 287166 24380
265582 287694 22112
265958 288189 22231
269542 290136 20594
274209 290664 16455
281385 290730 9345
272170 290961 18791
284412 291324 6912
282458 293667 11209
287094 296175 9081
278702 296637 17935
288426 297264 8838
274489 298881 24392
291912 300399 8487
284989 302016 17027
290355 303435 13080
274520 303501 28981
291032 304458 13426
290863 304722 13859
291993 305283 13290
289856 306702 16846
290915 307263 16348
291664 307956 16292
293320 308253 14933
299872 309012 9140
297021 310002 12981
297382 310563 13181
291512 311157 19645
300500 311685 11185
289641 312213 22572
295009 312675 17666
304598 314820 10222
299161 314919 15758
288571 317988 29417
286724 319242 32518
303387 319605 16218
302955 322740 19785
294333 322872 28539
316179 322872 6693
297943 323268 25325
290283 323400 33117
313792 325017 11225
306087 326106 20019
316941 327096 10155
307985 327195 19210
321437 331881 10444
306283 332904 26621
317456 334191 16735
306368 335445 29077
306724 335610 28886
311074 336006 24932
322703 337161 14458
316961 339207 22246
318057 339768 21711
326400 339867 13467
333429 342045 8616
335186 344058 8872
335250 344553 9303
315938 345048 29110
317092 345114 28022
322161 345609 23448
315762 347787 32025
320206 348249 28043
314024 348843 34819
323667 349140 25473
330318 349371 19053
318331 350097 31766
337723 350427 12704
314489 352209 37720
342444 352473 10029
308044 352836 44792
330698 352902 22204
330769 353298 22529
331754 353331 21577
348037 355113 7076
342951 355443 12492
341662 356598 14936
349159 357885 8726
342713 359469 16756
336866 360492 23626
339324 360756 21432
326070 360921 34851
343506 361548 18042
340411 363396 22985
324124 364023 39899
325910 364254 38344
331288 366597 35309
356499 366861 10362
358909 367092 8183
351000 369831 18831
357763 370161 12398
353470 370392 16922
342731 370656 27925
360940 371448 10508
356750 374550 17800
365515 374616 9101
359763 375012 15249
359549 375111 15562
342961 375210 32249
368368 375639 7271
356649 375870 19221
360740 376398 15658
359418 377124 17706
364448 377652 13204
341287 378840 37553
358182 379104 20922
355493 379302 23809
357777 379830 22053
373720 380787 7067
364983 382272 17289
366173 384252 18079
367023 385803 18780
359394 387288 27894
375600 389334 13734
381049 390225 9176
383611 390258 6647
376960 392997 16037
374985 393426 18441
387366 393624 6258
364735 396198 31463
365553 396231 30678
372593 396693 24100
377230 396792 19562
378703 397749 19046
390605 399300 8695
385880 399531 13651
369087 399960 30873
391923 401610 9687
394645 401775 7130
392063 402270 10207
379969 402633 22664
393729 402963 9234
384656 405339 20683
391686 405999 14313
383524 406197 22673
395392 409431 14039
402821 409431 6610
406295 412533 6238
396029 413919 17890
406541 413952 7411
400079 414843 14764
408845 415602 6757
401572 416922 15350
409097 419991 10894
403930 420816 16886
404012 421476 17464
410672 422004 11332
410785 422598 11813
411789 423192 11403
391119 424182 33063
411939 424842 12903
402130 426261 24131
401072 427020 25948
417714 427581 9867
421683 428505 6822
420355 430221 9866
419944 430848 10904
420328 431178 10850
409946 431739 21793
401652 432267 30615
407232 433323 26091
414226 435039 20813
420551 435600 15049
404832 436062 31230
423764 436128 12364
420911 436524 15613
425539 436689 11150
414433 437085 22652
423147 437118 13971
429057 439824 10767
427568 441606 14038
418357 446127 27770
426326 446259 19933
431013 447249 16236
433439 448866 15427
427988 449097 21109
424532 449955 25423
427690 450483 22793
416527 451110 34583
443351 451242 7891
425682 451770 26088
433726 451770 18044
444461 454212 9751
447774 454377 6603
442848 457182 14334
451175 457776 6601
425717 458271 32554
441296 459690 18394
445485 460251 14766
426165 462132 35967
435350 462990 27640
456707 465432 8725
459530 468237 8707
454499 468501 14002
460148 469689 9541
458417 469953 11536
459012 470481 11469
437616 471570 33954
439407 472263 32856
451890 472329 20439
446526 472725 26199
458198 473517 15319
459650 474045 14395
451738 475563 23825
469989 476619 6630
453355 476751 23396
471908 478896 6988
466885 479358 12473
450643 481602 30959
467233 482328 15095
471646 482922 11276
466707 483252 16545
471903 483813 11910
465546 484836 19290
462363 486123 23760
465793 487014 21221
471216 487443 16227
462574 487575 25001
470887 488136 17249
475509 489720 14211
480540 489753 9213
483307 490446 7139
463147 493053 29906
486124 493449 7325
480033 493515 13482
488468 496320 7852
468197 496452 28255
477016 496551 19535
478300 497112 18812
489763 497376 7613
482576 497640 15064
475415 499356 23941
475993 499653 23660
482666 499950 17284
473831 500181 26350
473206 500544 27338
493726 501006 7280
485034 501039 16005
485008 502689 17681
489700 503448 13748
488784 503745 14961
494191 504009 9818
494727 504009 9282
492417 504273 11856
495814 505824 10010
496281 506418 10137
490385 507078 16693
501565 509388 7823
494504 509487 14983
484921 509883 24962
501752 509916 8164
478352 510444 32092
488606 511005 22399
489932 513150 23218
495198 514404 19206
498771 514437 15666
503580 516813 13233
507422 517110 9688
491894 517143 25249
506457 518925 12468
499147 520212 21065
504825 520344 15519
515094 521895 6801
508219 524469 16250
504320 524898 20578
515087 524997 9910
497928 525129 27201
515780 527076 11296
494552 527439 32887
485192 528297 43105
502440 528825 26385
510026 529386 19360
497902 529815 31913
512160 529914 17754
520628 529980 9352
522771 530475 7704
525476 532488 7012
523185 532983 9798
519883 533148 13265
526405 533148 6743
524368 533511 9143
521695 533676 11981
525062 534204 9142
526594 535293 8699
495108 535590 40482
512608 536382 23774
502316 536943 34627
527532 539682 12150
510105 540507 30402
532579 542091 9512
505691 543213 37522
514543 543213 28670
522421 544500 22079
527739 544896 17157
533755 545061 11306
515833 545325 29492
517227 546447 29220
532161 547107 14946
533097 547239 14142
513741 548130 34389
535079 548724 13645
541720 549549 7829
526342 550968 24626
529957 551463 21506
529887 551562 21675
539784 552189 12405
530827 552618 21791
517149 552750 35601
532428 553179 20751
521979 553542 31563
545426 553773 8347
515693 555324 39631
525724 555951 30227
536223 557436 21213
551180 557634 6454
544863 558459 13596
549277 559020 9743
552008 559020 7012
552646 559746 7100
552998 560241 7243
548444 562122 13678
530354 563475 33121
543787 564828 21041
550682 566676 15994
554568 567963 13395
539328 568029 28701
558148 568326 10178
560592 568854 8262
560454 570735 10281
553879 571032 17153
560666 571296 10630
554378 571659 17281
539570 572088 32518
561630 572187 10557
562221 572748 10527
552807 573078 20271
564472 573408 8936
534910 573507 38597
559807 575388 15581
566114 576774 10660
545437 577269 31832
569203 577302 8099
567815 578094 10279
539860 578721 38861
555394 579975 24581
557399 580536 23137
566636 581064 14428
544073 581163 37090
550573 584166 33593
564731 584265 19534
570536 585453 14917
579244 585915 6671
565442 587565 22123
567273 589083 21810
567493 590568 23075
584102 590700 6598
581370 591063 9693
570131 592383 22252
579583 593274 13691
584589 593769 9180
578460 594132 15672
586450 594330 7880
564104 595089 30985
576378 596970 20592
578486 597333 18847
591816 602745 10929
594687 603405 8718
593353 603438 10085
583456 603603 20147
583786 603603 19817
595014 603999 8985
596651 606672 10021
573690 607629 33939
597164 608190 11026
584151 609840 25689
590041 609873 19832
586029 610104 24075
585667 610665 24998
591847 611391 19544
580933 612909 31976
581247 613404 32157
585031 613536 28505
605207 614658 9451
607041 616572 9531
596787 617166 20379
603657 620268 16611
613692 620763 7071
601136 622974 21838
601890 623436 21546
611645 623997 12352
606565 624129 17564
599198 626340 27142
601879 626406 24527
591263 626835 35572
607165 626934 19769
606593 627396 20803
618528 627561 9033
600956 627858 26902
605700 628386 22686
613733 628485 14752
615594 629640 14046
618269 631191 12922
599559 631587 32028
613194 632214 19020
622927 634920 11993
614225 635316 21091
620311 636570 16259
601357 636999 35642
618500 637857 19357
619076 638583 19507
622774 640167 17393
620473 640563 20090
607990 640794 32804
632991 641817 8826
634668 642840 8172
620844 643533 22689
617670 644556 26886
614269 644886 30617
622838 645150 22312
628764 645546 16782
618092 646107 28015
630964 647856 16892
634743 648153 13410
626675 650166 23491
631504 651486 19982
634491 651981 17490
635035 653367 18332
644854 654918 10064
645459 655215 9756
645199 655479 10280
646426 656040 9614
645901 657492 11591
651842 658515 6673
642285 661089 18804
653227 661947 8720
631376 662508 31132
638219 662574 24355
642063 663630 21567
655955 663663 7708
652938 664059 11121
647418 664125 16707
657050 665148 8098
656839 665841 9002
639556 666732 27176
635154 667854 32700
645135 668349 23214
647313 669405 22092
659001 670428 11427
648924 670560 21636
640875 672144 31269
660393 673134 12741
650704 673497 22793
653915 674685 20770
648786 675081 26295
659868 676368 16500
664440 679437 14997
669190 680559 11369
672214 681153 8939
663751 681417 17666
674334 683100 8766
677784 684156 6372
648290 684387 36097
661302 686598 25296
668777 686763 17986
662933 687324 24391
664482 687588 23106
649188 687621 38433
671389 688611 17222
665627 688941 23314
642571 689997 47426
650853 690558 39705
673269 690558 17289
680382 691317 10935
677571 693693 16122
683874 694221 10347
680043 694980 14937
684457 695343 10886
684811 696465 11654
681536 697026 15490
682015 698049 16034
681135 698445 17310
684086 698907 14821
689914 699534 9620
679002 699666 20664
690039 699963 9924
695067 702372 7305
658173 702603 44430
665694 702900 37206
657178 703065 45887
678370 703428 25058
683506 704022 20516
697201 704484 7283
665287 705474 40187
673962 706497 32535
687262 706728 19466
678004 707718 29714
686728 708147 21419
697802 709632 11830
698578 710391 11813
701657 710919 9262
702462 711447 8985
685014 713823 28809
706167 715143 8976
682903 716397 33494
698400 716694 18294
704001 717156 13155
707301 717552 10251
685948 718377 32429
684796 718806 34010
699817 719796 19979
684163 720390 36227
691333 720423 29090
691660 721017 29357
702429 721512 19083
702082 722073 19991
703082 722073 18991
699200 723096 23896
707838 723228 15390
714756 724251 9495
715820 724812 8992
718311 725340 7029
709164 725802 16638
716542 726297 9755
709604 726363 16759
711306 726924 15618
712623 727881 15258
718110 728937 10827
722038 729465 7427
714275 730818 16543
720753 730950 10197
707828 731181 23353
714369 731313 16944
719796 732171 12375
708331 733425 25094
716039 733590 17551
720538 734580 14042
728905 735933 7028
725228 736164 10936
728184 737286 9102
721773 737319 15546
725957 738078 12121
732412 739464 7052
724302 739992 15690
732553 739992 7439
731490 743655 12165
734851 743655 8804
734213 744216 10003
732946 744612 11666
732549 745899 13350
732368 747582 15214
736371 748869 12498
739151 750816 11665
740645 751443 10798
729755 754017 24262
735535 754413 18878
731424 756591 25167
752554 760023 7469
745951 761541 15590
734587 762069 27482
749397 763125 13728
753099 763950 10851
760112 766359 6247
742752 768306 25554
752803 769065 16262
754919 769395 14476
753069 769593 16524
761635 769923 8288
756294 772530 16236
749073 773124 24051
753079 773652 20573
751783 776391 24608
764127 778800 14673
763389 780714 17325
758847 782133 23286
764179 783915 19736
774997 784245 9248
771517 784443 12926
779404 786093 6689
765653 786786 21133
767743 786951 19208
767800 787974 20174
762771 789327 26556
772808 789888 17080
774372 790317 15945
777946 790680 12734
773935 791505 17570
766747 792957 26210
771699 793518 21819
779948 793650 13702
781768 794211 12443
777841 794706 16865
770473 795069 24596
789666 796290 6624
775472 797412 21940
785180 797775 12595
775659 798501 22842
790341 800646 10305
785460 800745 15285
782167 801834 19667
795582 802428 6846
797335 804144 6809
791703 805365 13662
793852 805926 12074
795841 807576 11735
788105 809655 21550
798199 811998 13799
793520 812889 19369
794585 812955 18370
791357 813879 22522
799032 815232 16200
804945 815595 10650
792930 816156 23226
799587 817080 17493
807468 818400 10932
806418 818565 12147
810394 819786 9392
794261 821634 27373
817159 823746 6587
801284 823878 22594
806957 824373 17416
814049 824505 10456
809214 825561 16347
813033 826287 13254
802993 826650 23657
814409 829257 14848
814034 829422 15388
806877 829455 22578
819123 829818 10695
819814 830379 10565
824869 831897 7028
799834 832623 32789
810352 833184 22832
802566 834900 32334
807874 834933 27059
822429 835263 12834
813598 836055 22457
817002 838167 21165
827797 838167 10370
819145 838662 19517
827871 838761 10890
816861 839322 22461
812062 840444 28382
816162 840477 24315
816678 841533 24855
818447 841599 23152
832300 842655 10355
809192 844338 35146
823538 845889 22351
816519 846417 29898
831585 847671 16086
833238 847671 14433
837186 848199 11013
816334 850839 34505
828139 851367 23228
823191 851400 28209
844718 853347 8629
844236 854469 10233
827091 854997 27906
847371 857373 10002
837882 858330 20448
849831 858561 8730
853257 859848 6591
840089 859914 19825
832630 860277 27647
839672 861861 22189
843460 862191 18731
835655 862389 26734
835692 862950 27258
854420 862950 8530
829281 863346 34065
848930 863445 14515
850586 863973 13387
839373 864534 25161
843801 864930 21129
850566 866085 15519
852703 866613 13910
848116 867042 18926
846987 870408 23421
855933 873081 17148
846521 873147 26626
865942 873609 7667
850936 873708 22772
849984 873840 23856
859761 874236 14475
866008 876084 10076
854303 876414 22111
866399 876546 10147
860476 879285 18809
853610 879615 26005
862428 880242 17814
873096 881397 8301
863872 881991 18119
868086 883509 15423
873890 884070 10180
867956 884598 16642
862381 886446 24065
878102 889614 11512
858100 889746 31646
872073 890406 18333
879042 890703 11661
876507 891000 14493
867302 892056 24754
885935 892287 6352
867620 894201 26581
869316 894201 24885
870040 894531 24491
872596 895026 22430
873518 895422 21904
886357 897369 11012
887683 899118 11435
877728 900570 22842
895242 901494 6252
889691 903177 13486
890508 903705 13197
885106 905949 20843
885765 906543 20778
899250 906642 7392
893787 906774 12987
890432 906939 16507
890645 908787 18142
891660 909777 18117
876637 910173 33536
877118 910305 33187
890362 910668 20306
904380 911031 6651
891059 911196 20137
884585 911394 26809
887377 911988 24611
898886 914430 15544
901741 915255 13514
880459 917631 37172
884007 918225 34218
907473 918687 11214
909778 920964 11186
910240 921525 11285
912679 921987 9308
898107 922251 24144
905134 924528 19394
907605 924594 16989
904737 924957 20220
911174 925716 14542
920802 927069 6267
922202 928785 6583
904499 930105 25606
924389 931392 7003
912154 932613 20459
921645 933207 11562
913576 933636 20060
892498 933999 41501
912026 935913 23887
909539 936738 27199
931350 938025 6675
928998 939807 10809
933083 939972 6889
935688 943272 7584
921811 943536 21725
919570 943701 24131
933756 945615 11859
933852 945846 11994
931354 945912 14558
930781 946473 15692
939592 949179 9587
940493 949212 8719
941344 949773 8429
935098 952248 17150
946004 952314 6310
931961 952842 20881
914253 956010 41757
926581 956109 29528
940608 956802 16194
937394 957231 19837
948265 957858 9593
934035 960036 26001
938153 961059 22906
950472 966834 16362
957702 967065 9363
953146 967395 14249
936946 967923 30977
957524 967923 10399
933987 970695 36708
935124 970992 35868
936628 971124 34496
943204 971190 27986
949062 971355 22293
952958 971784 18826
948183 972048 23865
956003 972246 16243
953910 972378 18468
954388 973071 18683
951700 975249 23549
948936 975348 26412
943536 976305 32769
955388 976866 21478
965466 977955 12489
968741 978417 9676
969364 979308 9944
967063 979605 12542
969773 980925 11152
963839 980991 17152
963386 982575 19189
970667 983697 13030
936767 984159 47392
965953 986469 20516
975116 986667 11551
964707 986865 22158
982257 989010 6753
971315 989670 18355
972464 994290 21826
983131 994323 11192
978676 994488 15812
978319 995808 17489
984032 996996 12964
978774 999900 21126
975564 1000197 24633
975718 1000659 24941
987197 1001121 13924
981350 1003101 21751
997004 1003398 6394
974509 1005510 31001
988589 1005939 17350
986887 1006302 19415
977764 1006434 28670
982329 1006962 24633
986085 1007490 21405
994487 1008348 13861
992886 1009008 16122
994083 1009569 15486
995069 1010163 15094
997448 1013133 15685
998074 1013364 15290
999011 1014222 15211
998921 1014750 15829
974864 1015839 40975
1000751 1015839 15088
984420 1016895 32475
1005283 1017027 11744
1000870 1017291 16421
1007342 1017555 10213
993812 1017984 24172
993042 1018413 25371
996645 1018578 21933
995036 1018941 23905
991517 1020756 29239
999227 1021680 22453
996132 1021911 25779
1014554 1022142 7588
1005553 1022340 16787
1016206 1025046 8840
999636 1025112 25476
1007647 1025211 17564
1017963 1025574 7611
1005154 1026267 21113
999892 1027026 27134
1011758 1027818 16060
1013612 1028346 14734
1017138 1029171 12033
1018120 1030029 11909
1021929 1031184 9255
1015169 1032999 17830
1015730 1033494 17764
1015534 1033560 18026
1020134 1036761 16627
1025366 1037223 11857
1030286 1037751 7465
1005038 1039005 33967
1006995 1039566 32571
1030511 1039731 9220
1013987 1042800 28813
1023833 1043328 19495
1028192 1043955 15763
1017999 1044087 26088
1020819 1044153 23334
1026731 1044681 17950
1020543 1044780 24237
1023927 1045341 21414
1030330 1045869 15539
1030607 1046628 16021
1012612 1047156 34544
1039849 1047156 7307
1009493 1047387 37894
1023765 1047915 24150
1033649 1048971 15322
1032865 1050225 17360
1037717 1051677 13960
1027157 1052271 25114
1044907 1052766 7859
1025037 1054053 29016
1030345 1055472 25127
1042534 1055604 13070
1046116 1056957 10841
1033299 1057254 23955
1035088 1057287 22199
1047216 1058310 11094
1047452 1058706 11254
1034600 1060818 26218
1050902 1061973 11071
1055208 1062501 7293
1055472 1062996 7524
1058587 1065504 6917
1038289 1065669 27380
1042498 1066197 23699
1046808 1067352 20544
1061277 1067913 6636
1057051 1068672 11621
1050632 1070553 19921
1058392 1070916 12524
1064417 1071048 6631
1063860 1073787 9927
1065556 1074546 8990
1046002 1074975 28973
1068943 1075767 6824
1039851 1076229 36378
1042230 1076757 34527
1059497 1078473 18976
1052135 1080090 27955
1067843 1080618 12775
1062525 1080651 18126
1067817 1081938 14121
1067530 1083291 15761
1065213 1083786 18573
1061007 1083852 22845
1061210 1083951 22741
1078367 1086426 8059
1071861 1087086 15225
1072266 1087680 15414
1080051 1088670 8619
1063761 1089132 25371
1075670 1089429 13759
1065386 1089627 24241
1084770 1092366 7596
1083356 1092630 9274
1079925 1094082 14157
1069100 1094148 25048
1076209 1096326 20117
1077225 1096887 19662
1077396 1097283 19887
1072271 1098570 26299
1088600 1099593 10993
1077645 1099791 22146
1086529 1100286 13757
1094723 1101441 6718
1083640 1102992 19352
1083626 1103487 19861
1072905 1103817 30912
1095871 1104510 8639
1093530 1106226 12696
1069805 1106556 36751
1098044 1107348 9304
1091692 1109163 17471
1085405 1111506 26101
1094658 1113288 18630
1104296 1113519 9223
1105931 1114047 8116
1095927 1114278 18351
1091356 1114707 23351
1099986 1117017 17031
1105181 1117413 12232
1095405 1117479 22074
1095088 1118073 22985
1111269 1119888 8619
1107395 1120383 12988
1096608 1121274 24666
1103594 1121802 18208
1099078 1122330 23252
1096206 1123089 26883
1113860 1123089 9229
1101601 1123617 22016
1107852 1123749 15897
1108458 1124607 16149
1110783 1124871 14088
1117031 1125399 8368
1115681 1128138 12457
1121332 1130151 8819
1110105 1131141 21036
1122782 1131372 8590
1123142 1132989 9847
1114709 1133814 19105
1116159 1133847 17688
1117305 1134375 17070
1121153 1134441 13288
1129449 1136124 6675
1122125 1136454 14329
1125093 1137081 11988
1119352 1137642 18290
1131589 1139226 7637
1104563 1139952 35389
1129862 1140711 10849
1129861 1141272 11411
1131171 1143021 11850
1134148 1143252 9104
1135131 1144242 9111
1124402 1144473 20071
1136121 1145958 9837
1132797 1147278 14481
1137038 1149984 12946
1145963 1152228 6265
1145709 1152987 7278
1145729 1153515 7786
1137070 1153548 16478
1146434 1154043 7609
1139623 1155429 15806
1138656 1157112 18456
1135577 1159818 24241
1151983 1159884 7901
1150750 1162557 11807
1149405 1162722 13317
1156923 1163514 6591
1154096 1165824 11728
1153410 1168233 14823
1151262 1169124 17862
1157608 1169322 11714
1158111 1169883 11772
1151600 1169949 18349
1144896 1170642 25746
1144798 1172325 27527
1151972 1172853 20881
1148028 1173117 25089
1156426 1173909 17483
1155854 1174074 18220
1160025 1175592 15567
1160633 1176219 15586
1161864 1176615 14751
1164605 1176747 12142
1146693 1176846 30153
1170165 1177572 7407
1167052 1177737 10685
1152246 1180212 27966
1160524 1180872 20348
1175230 1181697 6467
1162198 1183578 21380
1171516 1184106 12590
1148243 1184172 35929
1177083 1184865 7782
1150870 1185393 34523
1173764 1185393 11629
1178184 1186416 8232
1177463 1187175 9712
1180004 1187703 7699
1171254 1187967 16713
1176883 1188726 11843
1182402 1189254 6852
1169362 1189518 20156
1167496 1191168 23672
1172654 1193247 20593
1185046 1195491 10445
1184540 1196514 11974
1175267 1196910 21643
1156094 1197570 41476
1165275 1198098 32823
1163147 1198395 35248
1174964 1198659 23695
1177893 1199220 21327
1173965 1200111 26146
1184662 1200309 15647
1181071 1202454 21383
1176869 1202784 25915
1185494 1202982 17488
1197068 1205820 8752
1184634 1206678 22044
1191319 1207008 15689
1192641 1207602 14961
1196405 1208130 11725
1181704 1208559 26855
1180355 1211331 30976
1185281 1211760 26479
1173707 1212189 38482
1183539 1212750 29211
1190101 1214961 24860
1187220 1216050 28830
1198672 1216578 17906
1194348 1217304 22956
1200456 1217337 16881
1192712 1217865 25153
1201224 1219317 18093
1177737 1220571 42834
1194605 1221594 26989
1203196 1221792 18596
1201316 1223442 22126
1213219 1224135 10916
1214906 1224333 9427
1213675 1224696 11021
1193035 1224993 31958
1192877 1226181 33304
1211377 1227303 15926
1220054 1227831 7777
1221451 1228128 6677
1198866 1228623 29757
1205449 1228689 23240
1203366 1230702 27336
1220036 1232319 12283
1222557 1232880 10323
1225494 1233375 7881
1222543 1233408 10865
1221311 1234827 13516
1227630 1235949 8319
1218571 1236510 17939
1214246 1237632 23386
1204049 1238028 33979
1220609 1238325 17716
1202978 1238556 35578
1226002 1238919 12917
1227128 1241196 14068
1234394 1241394 7000
1217057 1241559 24502
1234643 1241922 7279
1226075 1244859 18784
1233572 1245354 11782
1227320 1245981 18661
1208622 1247433 38811
1241908 1248588 6680
1240101 1250073 9972
1230556 1250667 20111
1225573 1250700 25127
1232535 1253274 20739
1228121 1253769 25648
1237868 1253934 16066
1248476 1255881 7405
1245620 1256937 11317
1233430 1257003 23573
1246170 1257036 10866
1233460 1259709 26249
1225285 1260699 35414
1248802 1260798 11996
1223551 1261029 37478
1241993 1262151 20158
1249786 1262844 13058
1253227 1264824 11597
1253066 1265583 12517
1250561 1266936 16375
1258273 1267497 9224
1225018 1269081 44063
1241295 1270731 29436
1231713 1272282 40569
1252099 1272315 20216
1241347 1272447 31100
1234589 1273107 38518
1267163 1274394 7231
1269010 1275648 6638
1267362 1276044 8682
1259090 1277463 18373
1257004 1278057 21053
1256223 1278684 22461
1250109 1279113 29004
1258620 1280763 22143
1254239 1281324 27085
1237945 1282281 44336
1248295 1282842 34547
1257039 1283370 26331
1269853 1283997 14144
1265899 1284756 18857
1276761 1286637 9876
1261941 1286703 24762
1275636 1287462 11826
1272230 1287792 15562
1279720 1291257 11537
1283401 1291356 7955
1272982 1291653 18671
1270722 1294062 23340
1283256 1294359 11103
1287802 1296636 8834
1280358 1296669 16311
1289661 1297692 8031
1287004 1297890 10886
1291141 1297890 6749
1288288 1299276 10988
1274844 1300959 26115
1290504 1303302 12798
1284655 1304721 20066
1277614 1304853 27239
1278019 1306503 28484
1289166 1307031 17865
1290985 1307526 16541
1296379 1307559 11180
1303259 1309836 6577
1304445 1310826 6381
1289195 1310925 21730
1299342 1313631 14289
1291201 1313961 22760
1297158 1314489 17331
1291770 1315314 23544
1292641 1315842 23201
1311244 1317492 6248
1307008 1317591 10583
1311432 1317987 6555
1309191 1318185 8994
1294854 1318581 23727
1309644 1318746 9102
1301072 1319637 18565
1297836 1321155 23319
1295788 1321815 26027
1298496 1322442 23946
1314668 1323498 8830
1311296 1323861 12565
1317376 1324389 7013
1299745 1325577 25832
1307603 1325643 18040
1304019 1326369 22350
1302902 1328250 25348
1314820 1328283 13463
1317924 1328976 11052
1320242 1330989 10747
1304088 1333035 28947
1319835 1333563 13728
1320245 1333860 13615
1317736 1334718 16982
1316003 1335642 19639
1296952 1336764 39812
1327864 1339998 12134
1303494 1340823 37329
1327958 1343067 15109
1317047 1343529 26482
1326695 1343562 16867
1323328 1344123 20795
1329587 1344189 14602
1340405 1347060 6655
1323945 1347423 23478
1331497 1347489 15992
1335049 1348512 13463
1322798 1348545 25747
1343553 1349799 6246
1339899 1350822 10923
1342745 1351977 9232
1340960 1352208 11248
1327202 1355211 28009
1342453 1355574 13121
1336243 1355772 19529
1350116 1356861 6745
1344163 1358973 14810
1331410 1359270 27860
1349168 1359930 10762
1338720 1361085 22365
1348053 1361976 13923
1356818 1363494 6676
1345650 1363923 18273
1357315 1363923 6608
1350063 1366893 16830
1349746 1366926 17180
1354816 1367190 12374
1359460 1369797 10337
1360772 1373064 12292
1367070 1373328 6258
1358561 1374021 15460
1362053 1375242 13189
1354755 1376265 21510
1360093 1376727 16634
1364392 1377255 12863
1358589 1378773 20184
1358521 1379730 21209
1357000 1379895 22895
1359655 1380225 20570
1363517 1381380 17863
1368590 1382568 13978
1357883 1383063 25180
1371108 1383129 12021
1375571 1383723 8152
1366832 1386231 19399
1373412 1387815 14403
1368117 1387914 19797
1363604 1388343 24739
1376682 1388805 12123
1362475 1389003 26528
1371431 1390686 19255
1357074 1391016 33942
1364667 1391049 26382
1376357 1392105 15748
1370616 1392204 21588
1356983 1393392 36409
1383571 1395075 11504
1375559 1398276 22717
1375768 1398738 22970
1387633 1401048 13415
1374366 1401741 27375
1385527 1401906 16379
1377836 1402302 24466
1378515 1403061 24546
1365423 1404612 39189
1389571 1404612 15041
1397150 1405107 7957
1370430 1405206 34776
1389701 1409067 19366
1391101 1409199 18098
1400845 1409991 9146
1400531 1410189 9658
1381407 1413027 31620
1385681 1413390 27709
1384081 1413918 29837
1376365 1414479 38114
1379085 1414875 35790
1397538 1415106 17568
1393558 1415502 21944
1402700 1416030 13330
1405122 1416360 11238
1404302 1417812 13510
1382870 1419462 36592
1397339 1419792 22453
1400343 1419825 19482
1408665 1419858 11193
1389277 1420023 30746
1411751 1421508 9757
1408761 1423059 14298
1413534 1423059 9525
1416202 1423587 7385
1397484 1424742 27258
1389728 1426689 36961
1404903 1427151 22248
1415969 1427283 11314
1392977 1428471 35494
1406186 1429725 23539
1395013 1430352 35339
1408783 1430418 21635
1413975 1431441 17466
1401856 1431837 29981
1411455 1431936 20481
1410361 1432266 21905
1417990 1432893 14903
1414021 1433157 19136
1414549 1433718 19169
1414819 1434345 19526
1395749 1434972 39223
1415076 1434972 19896
1416147 1436061 19914
1423061 1436721 13660
1406245 1437183 30938
1395392 1439262 43870
1416748 1439823 23075
1412567 1441539 28972
1410177 1441605 31428
1391918 1443057 51139
1395635 1443090 47455
1424294 1443453 19159
1424648 1444179 19531
1401532 1444740 43208
1406468 1444806 38338
1408017 1444872 36855
1432009 1445070 13061
1426153 1445268 19115
1432017 1447446 15429
1422923 1447974 25051
1430706 1448172 17466
1438736 1448469 9733
1426064 1449063 22999
1441020 1449690 8670
1416165 1450878 34713
1439122 1450977 11855
1423715 1451439 27724
1436405 1451439 15034
1438876 1452000 13124
1424453 1453056 28603
1432803 1453353 20550
1438681 1454409 15728
1430031 1455201 25170
1436298 1455729 19431
1428854 1456257 27403
1444363 1457709 13346
1448480 1458831 10351
1430086 1459524 29438
1440406 1459557 19151
1434991 1462197 27206
1455779 1462428 6649
1450436 1464903 14467
1445158 1466553 21395
1449705 1469259 19554
1445803 1469622 23819
1452787 1469820 17033
1448687 1470183 21496
1456785 1470612 13827
1451065 1470645 19580
1446787 1470876 24089
1452447 1471173 18726
1429268 1472460 43192
1462741 1473945 11204
1469316 1476981 7665
1452297 1478400 26103
1447126 1478730 31604
1466166 1480050 13884
1448131 1481964 33833
1460686 1481964 21278
1456808 1482030 25222
1469234 1482525 13291
1457919 1482558 24639
1471892 1482756 10864
1469835 1483053 13218
1470416 1483053 12637
1472925 1483284 10359
1475347 1484208 8861
1451225 1484439 33214
1457747 1485000 27253
1459743 1485594 25851
1468855 1485792 16937
1461312 1486683 25371
1431772 1488102 56330
1439789 1488531 48742
1441772 1489224 47452
1477642 1489389 11747
1470804 1489686 18882
1457008 1489785 32777
1460518 1490907 30389
1480410 1493151 12741
1466656 1493646 26990
1466010 1493745 27735
1482790 1494009 11219
1470711 1494702 23991
1477874 1495329 17455
1457667 1495758 38091
1482124 1496781 14657
1491063 1497870 6807
1464066 1498365 34299
1468555 1498563 30008
1468721 1498959 30238
1465887 1499058 33171
1478670 1499190 20520
1470528 1499520 28992
1469647 1499586 29939
1479086 1499784 20698
1472798 1500114 27316
1475879 1500213 24334
1484116 1500378 16262
1487704 1500939 13235
1483401 1502391 18990
1476686 1504734 28048
1455622 1505295 49673
1491736 1505625 13889
1497012 1506747 9735
1477186 1507044 29858
1497560 1507308 9748
1487669 1508265 20596
1495047 1510971 15924
1485652 1511400 25748
1497950 1511565 13615
1486881 1511598 24717
1478516 1511961 33445
1498725 1512522 13797
1481668 1514337 32669
1492010 1514700 22690
1490631 1514766 24135
1498467 1517043 18576
1495455 1517967 22512
1497795 1518000 20205
1496220 1518561 22341
1502468 1519122 16654
1499506 1520871 21365
1514689 1523676 8987
1507585 1526019 18434
1514541 1526877 12336
1517035 1527471 10436
1513341 1527702 14361
1517159 1528032 10873
1507072 1530276 23204
1490393 1531002 40609
1512670 1531233 18563
1497233 1531596 34363
1507359 1531629 24270
1507484 1532025 24541
1503356 1532949 29593
1515885 1537932 22047
1505175 1540110 34935
1520721 1541793 21072
1515588 1542453 26865
1525287 1542849 17562
1517596 1542882 25286
1533470 1543179 9709
1519553 1543542 23989
1528211 1543674 15463
1524251 1544070 19819
1537258 1544994 7736
1525684 1546380 20696
1516916 1546743 29827
1530600 1546809 16209
1514760 1547271 32511
1518118 1547271 29153
1526573 1547436 20863
1524311 1548129 23818
1536094 1549977 13883
1538305 1550010 11705
1542027 1550703 8676
1539028 1550835 11807
1543509 1552023 8514
1534770 1552947 18177
1534903 1553541 18638
1533260 1553772 20512
1533320 1554366 21046
1542617 1554894 12277
1537583 1555191 17608
1547599 1557336 9737
1525143 1557930 32787
1542544 1558887 16343
1535109 1559976 24867
1546042 1561593 15551
1547273 1562517 15244
1539661 1563309 23648
1547382 1563771 16389
1541963 1563837 21874
1543765 1564431 20666
1549573 1567137 17564
1543787 1567797 24010
1536270 1567896 31626
1556912 1568259 11347
1557148 1570668 13520
1564907 1571790 6883
1546528 1574430 27902
1554645 1576542 21897
1558640 1577565 18925
1546662 1577631 30969
1563441 1578390 14949
1553239 1579347 26108
1565141 1580733 15592
1556802 1582185 25383
1562760 1583175 20415
1563141 1583208 20067
1564019 1583769 19750
1562179 1584363 22184
1561944 1584462 22518
1560350 1586937 26587
1565666 1587630 21964
1556262 1587663 31401
1565772 1587663 21891
1559340 1588719 29379
1574782 1590039 15257
1548245 1590369 42124
1577268 1590600 13332
1581360 1591128 9768
1560297 1593834 33537
1567293 1593867 26574
1580603 1593999 13396
1569120 1594428 25308
1586383 1595616 9233
1572415 1595649 23234
1581032 1597167 16135
1590735 1599345 8610
1577882 1599411 21529
1584726 1600137 15411
1588995 1602546 13551
1566358 1602843 36485
1582945 1603371 20426
1588711 1605153 16442
1579490 1605483 25993
1595497 1607892 12395
1599728 1607925 8197
1592937 1608750 15813
1577464 1608816 31352
1598759 1609311 10552
1603372 1610763 7391
1588211 1611159 22948
1577090 1611687 34597
1584417 1612281 27864
1593509 1613733 20224
1599851 1614954 15103
1583601 1617825 34224
1591343 1618155 26812
1613418 1619739 6321
1606772 1620432 13660
1614521 1621158 6637
1613180 1623402 10222
1596121 1625415 29294
1594421 1626075 31654
1615045 1626570 11525
1599377 1626603 27226
1602209 1626735 24526
1608387 1628814 20427
1591175 1629309 38134
1604648 1629837 25189
1602071 1629870 27799
1612486 1629936 17450
1601104 1630926 29822
1616358 1631949 15591
1621183 1632642 11459
1621736 1632939 11203
1624205 1633170 8965
1613771 1633995 20224
1621098 1634622 13524
1625453 1634655 9202
1625004 1636239 11235
1629375 1636437 7062
1627127 1636800 9673
1627858 1637295 9437
1625890 1637625 11735
1628476 1639473 10997
1631679 1641057 9378
1638572 1645545 6973
1632984 1648911 15927
1635560 1649637 14077
1627294 1649868 22574
1638035 1650726 12691
1639027 1652970 13943
1626121 1654455 28334
1636157 1655115 18958
1638863 1655313 16450
1640887 1655379 14492
1638893 1655676 16783
1639487 1655874 16387
1633069 1656468 23399
1635822 1656699 20877
1632381 1658382 26001
1646449 1659405 12956
1632478 1659669 27191
1645014 1661088 16074
1644997 1662804 17807
1654601 1663233 8632
1657333 1663959 6626
1640204 1665708 25504
1657062 1666137 9075
1652768 1666962 14194
1655051 1667523 12472
1629546 1668414 38868
1638117 1669338 31221
1646168 1669932 23764
1653479 1670724 17245
1646268 1670823 24555
1655832 1671021 15189
1661367 1672638 11271
1653648 1673925 20277
1660803 1674090 13287
1663764 1674651 10887
1664876 1675212 10336
1664146 1676631 12485
1667207 1676664 9457
1659310 1678050 18740
1658439 1679766 21327
1664400 1681350 16950
1667103 1681779 14676
1664967 1682274 17307
1669744 1682340 12596
1675758 1682373 6615
1673186 1682868 9682
1670669 1684089 13420
1677908 1684881 6973
1666705 1686630 19925
1674406 1687059 12653
1666729 1687125 20396
1659089 1689369 30280
1669263 1690128 20865
1666678 1690392 23714
1666398 1690491 24093
1684958 1692636 7678
1684364 1697322 12958
1677347 1697685 20338
1684761 1697784 13023
1687992 1697850 9858
1685136 1698378 13242
1685547 1698939 13392
1676969 1699599 22630
1688325 1700028 11703
1683344 1701348 18004
1683633 1702305 18672
1684813 1703724 18911
1693647 1704450 10803
1678115 1705077 26962
1687318 1706430 19112
1692503 1707288 14785
1685668 1707486 21818
1688220 1707519 19299
1677771 1708047 30276
1702830 1710720 7890
1680653 1711050 30397
1689220 1711248 22028
1704172 1711248 7076
1690904 1711809 20905
1701074 1712997 11923
1696410 1713096 16686
1706320 1715505 9185
1705575 1716165 10590
1710789 1718376 7587
1703575 1718706 15131
1690573 1721247 30674
1696959 1721610 24651
1712083 1722369 10286
1702199 1723854 21655
1708028 1724448 16420
1713953 1724481 10528
1710790 1724844 14054
1708398 1725372 16974
1695289 1727055 31766
1703110 1728078 24968
1710680 1728111 17431
1706021 1728804 22783
1722923 1731246 8323
1716143 1732665 16522
1717936 1733193 15257
1709229 1733985 24756
1723888 1734216 10328
1725850 1734843 8993
1694208 1736064 41856
1711395 1736493 25098
1714311 1737054 22743
1714093 1738077 23984
1727443 1739133 11690
1714437 1740816 26379
1729383 1742202 12819
1733508 1744347 10839
1718416 1746096 27680
1735719 1746624 10905
1716726 1747218 30492
1737977 1748142 10165
1741642 1748670 7028
1717640 1750419 32779
1733667 1750980 17313
1730874 1751607 20733
1744620 1753125 8505
1746422 1753653 7231
1743124 1754049 10925
1739065 1754313 15248
1732155 1754379 22224
1719252 1754808 35556
1743202 1755435 12233
1748019 1757052 9033
1731040 1758042 27002
1751505 1760682 9177
1747740 1761078 13338
1755202 1761804 6602
1727386 1764180 36794
1728419 1764774 36355
1753753 1765236 11483
1739398 1766457 27059
1748497 1766985 18488
1738652 1767546 28894
1736417 1768008 31591
1736433 1768470 32037
1728974 1768668 39694
1762676 1769130 6454
1742431 1769229 26798
1749169 1771506 22337
1756810 1772199 15389
1759448 1772232 12784
1744000 1772694 28694
1758724 1775466 16742
1762784 1776984 14200
1764166 1777578 13412
1742448 1778667 36219
1770544 1779261 8717
1746590 1780812 34222
1758436 1781901 23465
1761504 1782429 20925
1750177 1782594 32417
1761931 1783056 21125
1762516 1783254 20738
1762988 1786257 23269
1779096 1787082 7986
1775011 1789392 14381
1774194 1790184 15990
1770469 1790778 20309
1780068 1792923 12855
1782069 1793451 11382
1779473 1793880 14407
1783787 1794540 10753
1781467 1796124 14657
1777061 1796883 19822
1775094 1797774 22680
1789929 1797774 7845
1789303 1801272 11969
1794644 1801866 7222
1783471 1802691 19220
1789015 1803780 14765
1793029 1803879 10850
1784675 1804473 19798
1775743 1805001 29258
1793271 1805034 11763
1785607 1806981 21374
1791900 1807740 15840
1795239 1809687 14448
1796004 1810710 14706
1801390 1812822 11432
1803791 1813746 9955
1806753 1814274 7521
1799743 1817640 17897
1806008 1818201 12193
1799738 1820511 20773
1807524 1820841 13317
1810032 1820973 10941
1807591 1821237 13646
1797083 1826088 29005
1816042 1827078 11036
1822187 1828695 6508
1812533 1829586 17053
1816228 1830609 14381
1826267 1833447 7180
1822955 1836054 13099
1823753 1836120 12367
1824171 1836648 12477
1817065 1836681 19616
1828355 1838760 10405
1825855 1839222 13367
1829352 1839387 10035
1830821 1841466 10645
1819532 1842423 22891
1819345 1843644 24299
1822156 1843677 21521
1812456 1844073 31617
1826344 1844337 17993
1832480 1844436 11956
1835250 1846218 10968
1824967 1847274 22307
1841301 1850376 9075
1841488 1852290 10802
1832923 1853214 20291
1830031 1853577 23546
1831388 1854138 22750
1830401 1854963 24562
1849689 1855953 6264
1844874 1856877 12003
1846577 1859847 13270
1829464 1862091 32627
1839402 1864995 25593
1859210 1867041 7831
1838122 1867074 28952
1837237 1868361 31124
1841894 1871265 29371
1851680 1871562 19882
1853170 1872090 18920
1848482 1873179 24697
1856846 1873344 16498
1853756 1874829 21073
1847104 1874994 27890
1847557 1875588 28031
1848769 1875885 27116
1860445 1875918 15473
1860898 1876116 15218
1847994 1876149 28155
1862504 1876446 13942
1862830 1877007 14177
1869060 1878822 9762
1851226 1882617 31391
1854787 1883442 28655
1859721 1883904 24183
1854286 1884894 30608
1868612 1885785 17173
1868164 1886181 18017
1864420 1886742 22322
1874662 1886808 12146
1874887 1887204 12317
1872537 1887600 15063
1870026 1888986 18960
1876187 1889349 13162
1882640 1889745 7105
1877027 1891725 14698
1880901 1892814 11913
1885780 1892814 7034
1879458 1892913 13455
1888542 1895157 6615
1856393 1895982 39589
1886997 1897929 10932
1874674 1898754 24080
1873363 1899084 25721
1870232 1901130 30898
1878517 1901658 23141
1893545 1902054 8509
1879939 1902219 22280
1895068 1902549 7481
1881578 1903143 21565
1893520 1905288 11768
1882147 1905453 23306
1885655 1905486 19831
1895231 1905849 10618
1889847 1905915 16068
1886300 1908390 22090
1899584 1908885 9301
1901224 1909380 8156
1899396 1910205 10809
1903965 1910766 6801
1903742 1911228 7486
1904775 1911723 6948
1897834 1914231 16397
1905788 1917762 11974
1892350 1917927 25577
1900839 1918356 17517
1902999 1920006 17007
1902241 1920468 18227
1885085 1920732 35647
1906442 1921095 14653
1888706 1921128 32422
1888919 1921722 32803
1903452 1922283 18831
1893462 1923405 29943
1900919 1923933 23014
1909701 1924263 14562
1889578 1924329 34751
1901229 1924428 23199
1912525 1924791 12266
1901669 1924857 23188
1912556 1926639 14083
1893294 1927629 34335
1910562 1927860 17298
1907419 1930104 22685
1916073 1930335 14262
1926490 1932744 6254
1921109 1933206 12097
1892044 1933272 41228
1925187 1933503 8316
1900272 1933932 33660
1923305 1935912 12607
1913529 1936704 23175
1891865 1937166 45301
1928305 1937529 9224
1929842 1940400 10558
1919330 1940829 21499
1923937 1941621 17684
1924481 1941654 17173
1906765 1943238 36473
1932986 1943568 10582
1933918 1944063 10145
1929607 1944360 14753
1935214 1944591 9377
1930438 1944888 14450
1935774 1945449 9675
1937400 1946109 8709
1922811 1947297 24486
1934880 1947429 12549
1911286 1948320 37034
1936854 1948485 11631
1916974 1948881 31907
1919752 1949409 29657
1939950 1949739 9789
1930369 1950630 20261
1936376 1952115 15739
1941034 1952643 11609
1927050 1952940 25890
1931911 1953402 21491
1945524 1956636 11112
1936246 1957032 20786
1926823 1958253 31430
1946602 1959540 12938
1940399 1961091 20692
1951583 1963137 11554
1941439 1964655 23216
1957644 1965117 7473
1960856 1968615 7759
1960361 1968978 8617
1962183 1969473 7290
1953069 1972377 19308
1965777 1972377 6600
1952501 1975083 22582
1967467 1976601 9134
1963557 1978779 15222
1954067 1980231 26164
1950312 1980330 30018
1954256 1980528 26272
1955694 1981155 25461
1955725 1981749 26024
1965374 1983234 17860
1967997 1984950 16953
1969834 1985610 15776
1975061 1986138 11077
1970566 1987128 16562
1980523 1988151 7628
1968218 1989273 21055
1968395 1989966 21571
1976155 1990263 14108
1973433 1991814 18381
1958429 1993167 34738
1967134 1993629 26495
1963347 1993695 30348
1966654 1994157 27503
1963536 1994289 30753
1962833 1994718 31885
1964216 1994850 30634
1956622 1996764 40142
1971475 1997226 25751
1980798 1997787 16989
1981825 1998348 16523
1969075 1998579 29504
1992825 2001087 8262
1967109 2001582 34473
1974064 2001615 27551
1985762 2001846 16084
1978149 2004915 26766
1974742 2005047 30305
1988418 2005080 16662
1978948 2005575 26627
1981351 2006169 24818
1972154 2007753 35599
1975612 2009370 33758
1981769 2009469 27700
1984387 2010030 25643
1997731 2010921 13190
1988353 2011812 23459
2005090 2011977 6887
1994656 2012340 17684
1982577 2012736 30159
1990324 2012901 22577
1997343 2013264 15921
1992875 2013462 20587
1998690 2013627 14937
1998169 2013858 15689
1994639 2014452 19813
1995629 2015079 19450
2000006 2015607 15601
1990810 2016498 25688
1998321 2016696 18375
2002473 2017785 15312
2003697 2018313 14616
2003741 2018346 14605
2008770 2018874 10104
1985516 2019501 33985
2003769 2019633 15864
2006866 2020722 13856
2008569 2021250 12681
2013511 2022042 8531
1981689 2022108 40419
2010564 2022405 11841
2011383 2022999 11616
1996409 2024814 28405
2006313 2024913 18600
2012024 2025012 12988
2015666 2025441 9775
2008217 2026431 18214
1997317 2026827 29510
2004500 2027256 22756
1998592 2028807 30215
2000417 2029467 29050
2002601 2029962 27361
2004748 2030490 25742
2022399 2031084 8685
2011552 2032206 20654
2016142 2034054 17912
2027841 2034417 6576
2020562 2035176 14614
2004355 2036760 32405
2008781 2037288 28507
2023397 2037684 14287
2021518 2038971 17453
2004628 2039136 34508
2019069 2040093 21024
2033878 2040621 6743
2021742 2041380 19638
2035327 2041578 6251
2022879 2041776 18897
2033560 2043360 9800
2030786 2043756 12970
2037182 2043756 6574
1996891 2045010 48119
2014232 2045538 31306
2012832 2046693 33861
2036227 2048277 12050
2040638 2049828 9190
2032302 2051247 18945
2040001 2051379 11378
2037580 2051808 14228
2043620 2052402 8782
2034533 2052864 18331
2039851 2053920 14069
2044901 2054118 9217
2027918 2055702 27784
2049893 2056494 6601
2047453 2057088 9635
2048148 2057649 9501
2049938 2058342 8404
2050853 2059233 8380
2052086 2059926 7840
2054707 2061774 7067
2043809 2062467 18658
2041493 2063127 21634
2048472 2063424 14952
2049559 2063952 14393
2049297 2064513 15216
2055540 2064744 9204
2040802 2066196 25394
2051649 2066658 15009
2056904 2067186 10282
2048675 2068935 20260
2054933 2071212 16279
2064865 2071443 6578
2059584 2071740 12156
2041484 2072268 30784
2055651 2073588 17937
2057490 2075007 17517
2057582 2075601 18019
2066470 2076129 9659
2049765 2079330 29565
2063986 2079528 15542
2064152 2080056 15904
2068796 2080320 11524
2068084 2082036 13952
2073884 2082696 8812
2056435 2083818 27383
2068001 2084412 16411
2075069 2085765 10696
2073579 2086557 12978
2069809 2088009 18200
2073613 2090517 16904
2072974 2090550 17576
2079237 2091111 11874
2083252 2091606 8354
2082504 2092101 9597
2084194 2092596 8402
2084146 2093520 9374
2078051 2094807 16756
2084614 2095335 10721
2065169 2098008 32839
2080679 2098635 17956
2090029 2098668 8639
2080643 2099691 19048
2081587 2100681 19094
2075006 2101275 26269
2079077 2102100 23023
2087073 2103354 16281
2079882 2103948 24066
2090026 2104113 14087
2088435 2105004 16569
2085373 2106819 21446
2085968 2107248 21280
2101025 2108865 7840
2103620 2109888 6268
2105083 2111835 6752
2103755 2113551 9796
2099044 2113683 14639
2080797 2115300 34503
2083015 2116620 33605
2102554 2117940 15386
2101183 2118501 17318
2104806 2118666 13860
2112713 2119722 7009
2099755 2120481 20726
2109926 2122296 12370
2095402 2123187 27785
2100907 2123748 22841
2117261 2125365 8104
2107086 2126124 19038
2109888 2126289 16401
2110938 2126454 15516
2111752 2126850 15098
2112001 2127015 15014
2114701 2127378 12677
2118111 2127576 9465
2116097 2127906 11809
2104617 2128467 23850
2110634 2128995 18361
2097323 2131734 34411
2116717 2132658 15941
2106063 2132856 26793
2091774 2134935 43161
2103273 2135595 32322
2118048 2135925 17877
2119236 2135925 16689
2113841 2136156 22315
2128580 2138829 10249
2107842 2139489 31647
2111094 2139753 28659
2115475 2139819 24344
2120465 2140974 20509
2114702 2141601 26899
2107724 2142657 34933
2123823 2143284 19461
2132419 2143482 11063
2134765 2144076 9311
2117711 2144802 27091
2112202 2146023 33821
2131506 2147409 15903
2128340 2147508 19168
2127351 2147805 20454
2117851 2148234 30383
2133671 2149752 16081
2143625 2150643 7018
2133171 2151534 18363
2126054 2151798 25744
2131543 2152326 20783
2144753 2153415 8662
2128807 2156418 27611
2130612 2156616 26004
2128793 2157045 28252
2116695 2157144 40449
2133643 2157573 23930
2147741 2159223 11482
2130863 2160477 29614
2133561 2160774 27213
2144658 2162160 17502
2132127 2162424 30297
2142766 2162952 20186
2140464 2165295 24831
2154908 2166450 11542
2156910 2167935 11025
2162593 2169222 6629
2127142 2171664 44522
2158935 2171928 12993
2139147 2172225 33078
2146530 2172918 26388
2149300 2172918 23618
2149872 2173446 23574
2151738 2173446 21708
2144446 2174337 29891
2151537 2174997 23460
2155945 2175129 19184
2158079 2175393 17314
2126619 2176152 49533
2132703 2176680 43977
2146676 2177274 30598
2168543 2177769 9226
2164528 2181432 16904
2165136 2181993 16857
2172985 2182521 9536
2172897 2183082 10185
2173087 2183643 10556
2163365 2184864 21499
2168016 2184897 16881
2164652 2185458 20806
2153235 2185755 32520
2138636 2186283 47647
2160213 2186382 26169
2171325 2188032 16707
2177561 2189616 12055
2170251 2190078 19827
2159940 2191233 31293
2165367 2191761 26394
2179467 2192421 12954
2168254 2192487 24233
2161237 2192817 31580
2179555 2193015 13460
2163664 2193048 29384
2163740 2193246 29506
2175739 2195787 20048
2168681 2196084 27403
2165001 2196150 31149
2179813 2196315 16502
2188990 2197338 8348
2189603 2199153 9550
2188056 2199285 11229
2179890 2200341 20451
2170374 2200440 30066
2185027 2201430 16403
2190091 2201958 11867
2187127 2202354 15227
2177421 2202948 25527
2180285 2203146 22861
2178314 2203575 25261
2183288 2204334 21046
2189682 2205753 16071
2181569 2206182 24613
2189691 2206314 16623
2194476 2206842 12366
2195492 2207568 12076
2193859 2209383 15524
2201983 2211198 9215
2190943 2211660 20717
2188017 2213145 25128
2179859 2214399 34540
2199160 2214729 15569
2193956 2214927 20971
2197663 2215851 18188
2208417 2217402 8985
2197691 2217930 20239
2208619 2217963 9344
2202206 2218458 16252
2206041 2218986 12945
2196840 2221527 24687
2206706 2223012 16306
2216510 2223177 6667
2207517 2224728 17211
2213413 2225322 11909
2216801 2227401 10600
2206286 2227929 21643
2208887 2228919 20032
2212191 2229975 17784
2189613 2230635 41022
2202369 2231229 28860
2211053 2231328 20275
2201510 2232285 30775
2223769 2235156 11387
2219274 2235519 16245
2226001 2236080 10079
2213767 2236311 22544
2214252 2236806 22554
2206882 2240106 33224
2210876 2240700 29824
2223892 2241360 17468
2226755 2241591 14836
2217108 2241756 24648
2215216 2242878 27662
2238640 2244891 6251
2218421 2244957 26536
2236252 2245287 9035
2218470 2245584 27114
2223732 2246607 22875
2238920 2249313 10393
2225919 2250831 24912
2239358 2253570 14212
2228135 2255484 27349
2245159 2255550 10391
2236895 2256012 19117
2247277 2256276 8999
2226404 2256705 30301
2242613 2258289 15676
2252903 2260170 7267
2245926 2260797 14871
2235148 2260929 25781
2256677 2264196 7519
2245418 2265252 19834
2246983 2266242 19259
2250405 2266935 16530
2260507 2267199 6692
2245628 2268948 23320
2255338 2269938 14600
2259296 2270004 10708
2262216 2271291 9075
2263405 2272908 9503
2260518 2273205 12687
2252773 2276109 23336
2262419 2276274 13855
2269406 2277099 7693
2265021 2277429 12408
2268494 2280201 11707
2263720 2280333 16613
2260124 2280630 20506
2270073 2280795 10722
2259934 2281059 21125
2266715 2281686 14971
2269179 2282181 13002
2248898 2283534 34636
2260676 2283864 23188
2256165 2284557 28392
2274745 2285415 10670
2276238 2286009 9771
2264580 2286702 22122
2264646 2287197 22551
2276612 2289078 12466
2271410 2289804 18394
2276608 2289903 13295
2253744 2292510 38766
2270488 2292510 22022
2273513 2293038 19525
2269192 2294754 25562
2286782 2294952 8170
2255763 2295282 39519
2280393 2295744 15351
2276622 2295810 19188
2283889 2296272 12383
2287072 2296833 9761
2269021 2299044 30023
2278121 2300925 22804
2292761 2301090 8329
2292437 2301585 9148
2272246 2302938 30692
2276586 2303433 26847
2287822 2304555 16733
2287654 2305314 17660
2292266 2306766 14500
2296928 2307261 10333
2298569 2307789 9220
2284325 2309670 25345
2305970 2312640 6670
2285953 2313465 27512
2278399 2313861 35462
2290343 2314191 23848
2279813 2314686 34873
2295896 2316204 20308
2302783 2316237 13454
2296878 2316567 19689
2303006 2316798 13792
2300140 2319174 19034
2308648 2319174 10526
2279827 2320032 40205
2303462 2320263 16801
2304540 2320791 16251
2305718 2321319 15601
2313760 2321583 7823
2294951 2322375 27424
2309745 2323299 13554
2310548 2324652 14104
2297956 2325081 27125
2318335 2325312 6977
2298992 2325609 26617
2313490 2326005 12515
2314771 2326533 11762
2301736 2327358 25622
2315297 2328414 13117
2309018 2329701 20683
2297346 2330262 32916
2319461 2331879 12418
2324432 2333001 8569
2328197 2335377 7180
2308666 2336829 28163
2320633 2337258 16625
2309714 2339040 29326
2322423 2339040 16617
2321207 2339667 18460
2319247 2339964 20717
2316474 2342439 25965
2310534 2342901 32367
2333300 2344221 10921
2336474 2344848 8374
2336684 2345409 8725
2325954 2348049 22095
2316108 2348478 32370
2328244 2348643 20399
2322026 2348742 26716
2325370 2349171 23801
2340883 2349798 8915
2333196 2352504 19308
2322663 2352867 30204
2319462 2353527 34065
2348059 2355078 7019
2326604 2356266 29662
2327552 2356827 29275
2328946 2357355 28409
2335987 2357652 21665
2344893 2358147 13254
2345909 2359038 13129
2342620 2361942 19322
2352194 2363394 11200
2348411 2363493 15082
2335111 2365176 30065
2343670 2365704 22034
2341178 2366265 25087
2343723 2366694 22971
2341988 2367453 25465
2358405 2368476 10071
2353497 2369499 16002
2346634 2369895 23261
2357742 2372568 14826
2351890 2374152 22262
2351046 2376561 25515
2342987 2377089 34102
2357198 2377287 20089
2358220 2377287 19067
2363151 2377617 14466
2373557 2379795 6238
2365553 2380488 14935
2362588 2381379 18791
2366825 2381973 15148
2371212 2383194 11982
2369403 2383590 14187
2377171 2387814 10643
2377592 2388375 10783
2382825 2389431 6606
2369050 2389926 20876
2374436 2391015 16579
2379735 2393391 13656
2357608 2393424 35816
2376941 2393952 17011
2375743 2394480 18737
2384196 2394909 10713
2373530 2395932 22402
2382517 2396361 13844
2379819 2397186 17367
2378457 2397978 19521
2377901 2399430 21529
2388291 2401047 12756
2380697 2404611 23914
2400386 2406954 6568
2381290 2407152 25862
2378080 2407383 29303
2394243 2407746 13503
2398596 2409990 11394
2402396 2410881 8485
2396148 2411013 14865
2402172 2412135 9963
2387272 2412300 25028
2405704 2412333 6629
2383208 2413950 30742
2389004 2414544 25540
2381067 2415204 34137
2409059 2416161 7102
2396752 2418966 22214
2400214 2420154 19940
2401534 2421210 19676
2396220 2421672 25452
2405892 2422794 16902
2406663 2423652 16989
2407379 2424279 16900
2407061 2425500 18439
2410781 2426028 15247
2410918 2426622 15704
2411743 2427315 15572
2396510 2427480 30970
2419088 2427480 8392
2412727 2427843 15116
2396603 2427909 31306
2410484 2429691 19207
2399964 2431044 31080
2402763 2432826 30063
2407097 2434113 27016
2413716 2434674 20958
2422016 2435532 13516
2423593 2437182 13589
2424212 2437776 13564
2408625 2437908 29283
2423499 2438436 14937
2426222 2438931 12709
2411791 2440977 29186
2419626 2441406 21780
2428473 2442165 13692
2414151 2443848 29697
2416431 2444310 27879
2435155 2444343 9188
2430826 2446158 15332
2422762 2448369 25607
2423320 2449359 26039
2428433 2449689 21256
2415223 2452065 36842
2444174 2452989 8815
2446034 2454771 8737
2446216 2455266 9050
2435254 2456058 20804
2447766 2456520 8754
2432032 2456718 24686
2445576 2457246 11670
2440161 2457312 17151
2445976 2457774 11798
2447762 2458896 11134
2442563 2458929 16366
2439262 2460381 21119
2424926 2460975 36049
2438757 2461503 22746
2436109 2462097 25988
2448302 2463087 14785
2455235 2464077 8842
2453537 2464176 10639
2431583 2465298 33715
2458834 2467872 9038
2457119 2468004 10885
2461747 2469093 7346
2442431 2470380 27949
2447804 2470809 23005
2449322 2471469 22147
2450351 2471502 21151
2461665 2471931 10266
2465530 2471997 6467
2457676 2472030 14354
2463441 2474175 10734
2439933 2475264 35331
2460402 2475792 15390
2468311 2476089 7778
2466858 2476650 9792
2465263 2478597 13334
2459908 2479059 19151
2460089 2479620 19531
2469834 2480082 10248
2474067 2480808 6741
2472380 2481204 8824
2462275 2483283 21008
2460664 2483877 23213
2470283 2484966 14683
2470527 2485527 15000
2458091 2485989 27898
2469893 2486121 16228
2471578 2486583 15005
2478471 2488728 10257
2457406 2488761 31355
2471960 2489190 17230
2467423 2491896 24473
2476896 2492259 15363
2477328 2493909 16581
2481065 2495031 13966
2468670 2495328 26658
2472479 2498034 25555
2469899 2498232 28333
2492408 2498661 6253
2467585 2498760 31175
2474663 2499090 24427
2474221 2499189 24968
2482722 2499684 16962
2483603 2500212 16609
2472518 2501895 29377
2485640 2502390 16750
2483179 2502918 19739
2478737 2503974 25237
2480820 2503974 23154
2485584 2504964 19380
2493440 2505921 12481
2480813 2509881 29068
2499189 2510112 10923
2501910 2510772 8862
2491523 2510805 19282
2500698 2512488 11790
2489376 2513907 24531
2487048 2515227 28179
2493838 2515689 21851
2503588 2516085 12497
2494659 2516250 21591
2503343 2516976 13633
2502866 2517108 14242
2503386 2517603 14217
2493295 2519451 26156
2509955 2519814 9859
2489311 2520012 30701
2495315 2520309 24994
2511383 2520342 8959
2514800 2521464 6664
2507664 2522916 15252
2512085 2523279 11194
2509047 2523411 14364
2515678 2523411 7733
2517235 2524698 7463
2495333 2526612 31279
2497896 2527206 29310
2520548 2527239 6691
2509172 2527272 18100
2505534 2529912 24378
2517169 2531001 13832
2516248 2532519 16271
2520363 2533179 12816
2509990 2534202 24212
2517183 2534730 17547
2514714 2535291 20577
2522128 2536050 13922
2528366 2537733 9367
2512842 2539416 26574
2520195 2539746 19551
2526169 2540010 13841
2521194 2540835 19641
2531938 2541627 9689
2534020 2542155 8135
2530034 2543244 13210
2529062 2545224 16162
2529844 2546610 16766
2533911 2547138 13227
2531921 2547270 15349
2540954 2548821 7867
2524461 2548854 24393
2539566 2550702 11136
2532585 2551263 18678
2536940 2551329 14389
2534982 2552088 17106
2535322 2552352 17030
2536653 2552616 15963
2536907 2553078 16171
2538319 2554398 16079
2531842 2555553 23711
2538737 2556279 17542
2534675 2556345 21670
2526262 2557137 30875
2526373 2558259 31886
2545684 2559645 13961
2555988 2562252 6264
2550818 2562846 12028
2530442 2564100 33658
2542734 2566443 23709
2538728 2567301 28573
2553419 2568522 15103
2560088 2573934 13846
2566564 2575485 8921
2568780 2575683 6903
2557523 2577960 20437
2568956 2578752 9796
2562185 2579016 16831
2560773 2581821 21048
2552741 2582481 29740
2561972 2583240 21268
2570032 2584395 14363
2561700 2585715 24015
2565824 2585715 19891
2566746 2585781 19035
2568803 2586276 17473
2564048 2587365 23317
2569399 2587431 18032
2565005 2589015 24010
2567190 2589708 22518
2562676 2590137 27461
2584032 2590632 6600
2584295 2592975 8680
2569200 2593239 24039
2573590 2594130 20540
2575258 2594691 19433
2576979 2596473 19494
2586915 2598189 11274
2571708 2598585 26877
2583525 2599146 15621
2574853 2599179 24326
2588179 2600103 11924
2587710 2600268 12558
2567399 2601324 33925
2596292 2602545 6253
2599481 2606109 6628
2580462 2606373 25911
2566729 2606967 40238
2602815 2609475 6660
2598875 2609673 10798
2592397 2612346 19949
2594785 2613138 18353
2604511 2613204 8693
2595896 2613963 18067
2606089 2614986 8897
2587365 2619507 32142
2598908 2619936 21028
2607989 2621322 13333
2607250 2621685 14435
2607526 2622279 14753
2601427 2624523 23096
2604930 2624688 19758
2614046 2625612 11566
2584810 2626140 41330
2598877 2626701 27824
2600439 2627262 26823
2603243 2627790 24547
2610461 2630925 20464
2606204 2630991 24787
2616220 2632806 16586
2612350 2633631 21281
2618672 2634027 15355
2608949 2634159 25210
2609653 2634885 25232
2605667 2635446 29779
2614799 2636007 21208
2617423 2636337 18914
2619624 2636898 17274
2615381 2637954 22573
2627879 2638152 10273
2625252 2638713 13461
2611109 2639208 28099
2629237 2640396 11159
2630472 2642871 12399
2620371 2643993 23622
2625872 2646699 20827
2627291 2647755 20464
2619883 2648184 28301
2634554 2648316 13762
2626139 2649603 23464
2626559 2649636 23077
2635045 2651055 16010
2637758 2652177 14419
2632129 2652507 20378
2641696 2655081 13385
2642188 2655543 13355
2636211 2657391 21180
2633700 2658909 25209
2636303 2659008 22705
2641772 2659437 17665
2639917 2659635 19718
2639256 2661351 22095
2632244 2661813 29569
2649623 2662143 12520
2639323 2662242 22919
2632999 2662869 29870
2643653 2662902 19249
2650631 2665113 14482
2628415 2665608 37193
2647844 2665905 18061
2651898 2666268 14370
2657244 2667522 10278
2653493 2669172 15679
2646794 2669535 22741
2655036 2670294 15258
2651823 2673528 21705
2650750 2673561 22811
2633972 2674452 40480
2641789 2675112 33323
2653391 2675145 21754
2626668 2675541 48873
2661325 2676102 14777
2651204 2678676 27472
2653644 2679237 25593
2642917 2679501 36584
2654735 2680029 25294
2659729 2680062 20333
2658642 2680623 21981
2665628 2680920 15292
2653583 2681052 27469
2655161 2681580 26419
2664356 2682735 18379
2668312 2683758 15446
2672878 2684319 11441
2654714 2684979 30265
2651716 2685969 34253
2653803 2686629 32826
2677034 2686695 9661
2667099 2687685 20586
2677983 2689698 11715
2684183 2691348 7165
2676729 2691645 14916
2676796 2692338 15542
2658075 2692734 34659
2679649 2693823 14174
2662646 2694549 31903
2661768 2695077 33309
2654737 2695539 40802
2673518 2695638 22120
2661548 2698245 36697
2663532 2698344 34812
2662338 2698905 36567
2692886 2699565 6679
2679935 2699862 19927
2665247 2700093 34846
2682160 2700423 18263
2666287 2700456 34169
2693569 2702205 8636
2676045 2702766 26721
2680883 2703162 22279
2689617 2703657 14040
2697360 2704251 6891
2693587 2705175 11588
2694676 2705274 10598
2684091 2707254 23163
2685616 2708376 22760
2701807 2709564 7757
2697396 2711082 13686
2701132 2712072 10940
2680344 2712171 31827
2686993 2712204 25211
2691024 2712831 21807
2694247 2713887 19640
2702898 2715504 12606
2707750 2716659 8909
2699538 2716791 17253
2682871 2717319 34448
2702113 2717847 15734
2702468 2718837 16369
2696933 2720058 23125
2711501 2720454 8953
2701411 2721114 19703
2706776 2721378 14602
2706231 2721543 15312
2708925 2721906 12981
2707806 2722071 14265
2710567 2722467 11900
2715011 2723721 8710
2705371 2724711 19340
2703096 2725899 22803
2707498 2726328 18830
2707978 2726328 18350
2706567 2726922 20355
2712953 2729628 16675
2713015 2730354 17339
2710569 2732334 21765
2726036 2732697 6661
2717839 2732796 14957
2719143 2739231 20088
2724119 2739561 15442
2732207 2739561 7354
2717515 2739660 22145
2721278 2739693 18415
2729647 2742267 12620
2730512 2742366 11854
2718578 2742399 23821
2732698 2742894 10196
2725657 2743422 17765
2720152 2743455 23303
2722500 2744016 21516
2728245 2745402 17157
2720200 2746095 25895
2728539 2746128 17589
2738233 2748108 9875
2740459 2748669 8210
2737534 2748933 11399
2737082 2749098 12016
2737179 2749692 12513
2735880 2752365 16485
2728687 2753091 24404
2736916 2754147 17231
2742208 2754180 11972
2726510 2755797 29287
2732383 2756457 24074
2739728 2757051 17323
2739417 2759757 20340
2743228 2760285 17057
2749353 2761374 12021
2745739 2761539 15800
2737644 2763156 25512
2733432 2764740 31308
2742878 2764773 21895
2748364 2765070 16706
2730017 2765499 35482
2751669 2765598 13929
2744473 2765796 21323
2749712 2765862 16150
2757083 2766390 9307
2759100 2766918 7818
2745360 2770119 24759
2750465 2770482 20017
2746512 2770548 24036
2763195 2770713 7518
2735009 2772066 37057
2765817 2772099 6282
2751324 2773782 22458
2758449 2773914 15465
2767951 2774541 6590
2760730 2774772 14042
2768523 2775531 7008
2761743 2775795 14052
2767845 2776554 8709
2769922 2779029 9107
2765625 2779524 13899
2771605 2779590 7985
2758524 2781207 22683
2750270 2781768 31498
2756131 2783286 27155
2764903 2783814 18911
2769724 2784474 14750
2773815 2785563 11748
2769873 2786982 17109
2781852 2788467 6615
2781085 2788665 7580
2774707 2789688 14981
2772276 2790579 18303
2763437 2790645 27208
2771418 2791206 19788
2768113 2791767 23654
2777613 2792658 15045
2786167 2792988 6821
2780225 2793219 12994
2771295 2799258 27963
2773475 2799819 26344
2782092 2800446 18354
2782832 2801007 18175
2784713 2801205 16492
2784388 2801568 17180
2778981 2801733 22752
2767455 2804307 36852
2792574 2804340 11766
2785979 2805000 19021
2793918 2807706 13788
2797697 2807871 10174
2798117 2808234 10117
2781239 2809026 27787
2784968 2809422 24454
2785126 2809587 24461
2782431 2810016 27585
2786099 2811270 25171
2790990 2811798 20808
2797608 2813151 15543
2803254 2814207 10953
2783042 2814273 31231
2787726 2814999 27273
2786488 2815560 29072
2793908 2817078 23170
2789674 2817144 27470
2800594 2818167 17573
2801733 2818365 16632
2810155 2819883 9728
2798252 2820015 21763
2802221 2820873 18652
2802509 2823381 20872
2806089 2823909 17820
2814400 2825889 11489
2794053 2826186 32133
2795020 2827737 32717
2797245 2828595 31350
2798631 2828760 30129
2807719 2829387 21668
2805209 2829684 24475
2800462 2830938 30476
2804201 2831466 27265
2815593 2832027 16434
2812888 2832621 19733
2823409 2833413 10004
2820684 2833908 13224
2816701 2835657 18956
2821965 2836449 14484
2822142 2837043 14901
2813054 2838858 25804
2811653 2839716 28063
2830246 2841234 10988
2829264 2844996 15732
2831398 2845326 13928
2829181 2845491 16310
2821614 2846184 24570
2834497 2846580 12083
2800521 2847306 46785
2833318 2847867 14549
2814426 2848263 33837
2810126 2850606 40480
2818279 2851002 32723
2813438 2851167 37729
2828980 2851596 22616
2831351 2852586 21235
2816226 2852883 36657
2835061 2852982 17921
2816910 2853411 36501
2832022 2853774 21752
2818944 2853939 34995
2821901 2855457 33556
2840801 2855655 14854
2842129 2858163 16034
2851185 2858196 7011
2817017 2859615 42598
2823249 2860176 36927
2844655 2860374 15719
2830972 2860704 29732
2851321 2862717 11396
2829189 2863179 33990
2851954 2863245 11291
2853344 2863476 10132
2840364 2863674 23310
2853841 2863773 9932
2845006 2865753 20747
2827547 2866875 39328
2859712 2867271 7559
2828912 2867469 38557
2859949 2867898 7949
2843711 2868096 24385
2837888 2870175 32287
2862233 2870208 7975
2841286 2870703 29417
2830218 2871132 40914
2848445 2873409 24964
2851037 2874531 23494
2853374 2874531 21157
2868735 2875587 6852
2857777 2875884 18107
2869678 2878491 8813
2863779 2878689 14910
2870120 2879349 9229
2867271 2879448 12177
2871580 2879844 8264
2869861 2881197 11336
2870531 2881461 10930
2849361 2882319 32958
2852512 2883078 30566
2860121 2883639 23518
2841110 2884398 43288
2860997 2884464 23467
2865170 2884761 19591
2869828 2884926 15098
2871882 2885487 13605
2854252 2887665 33413
2860249 2887698 27449
2876314 2888721 12407
2871146 2890272 19126
2882995 2890338 7343
2874182 2890800 16618
2865597 2893143 27546
2865935 2893440 27505
2865870 2893473 27603
2873215 2894628 21413
2877035 2896212 19177
2880549 2896245 15696
2879954 2898819 18865
2885048 2899050 14002
2870498 2899347 28849
2884511 2899578 15067
2886978 2900106 13128
2872064 2901294 29230
2874840 2901327 26487
2882409 2903505 21096
2877283 2904363 27080
2891436 2905320 13884
2894830 2905848 11018
2893938 2906112 12174
2875387 2906706 31319
2891563 2906838 15275
2886548 2907069 20521
2898680 2908818 10138
2893743 2909082 15339
2901743 2909313 7570
2893418 2909544 16126
2899351 2910039 10688
2902806 2911689 8883
2899612 2912382 12770
2889442 2913240 23798
2906788 2913537 6749
2894069 2915154 21085
2884862 2916177 31315
2907686 2917068 9382
2899528 2918421 18893
2911105 2919576 8471
2913060 2921028 7968
2913300 2922282 8982
2907460 2923437 15977
2896613 2924163 27550
2891702 2925516 33814
2906049 2926077 20028
2910087 2926176 16089
2900775 2927067 26292
2904567 2927364 22797
2890654 2927595 36941
2909945 2928123 18178
2911861 2928453 16592
2912264 2928552 16288
2907350 2929311 21961
2912888 2931159 18271
2913946 2931687 17741
2910182 2931786 21604
2909234 2931885 22651
2922101 2932248 10147
2908431 2932314 23883
2923561 2932974 9413
2916550 2935053 18503
2918585 2935317 16732
2918589 2935911 17322
2905738 2936043 30305
2927046 2936670 9624
2929765 2936967 7202
2914224 2940069 25845
2922083 2940927 18844
2921271 2942775 21504
2928715 2944128 15413
2925313 2944557 19244
2941279 2947527 6248
2928527 2947791 19264
2931945 2949903 17958
2935433 2950497 15064
2935098 2953698 18600
2940747 2954061 13314
2933694 2956206 22512
2941187 2956437 15250
2946860 2956965 10105
2919047 2957427 38380
2931070 2958021 26951
2916514 2958087 41573
2937713 2959143 21430
2944818 2959671 14853
2947924 2959803 11879
2934998 2960694 25696
2942512 2961123 18611
2942317 2962410 20093
2938438 2963004 24566
2917743 2963466 45723
2949792 2963499 13707
2940509 2963532 23023
2939519 2963829 24310
2955077 2963994 8917
2942834 2964390 21556
2953487 2966535 13048
2943794 2966766 22972
2953232 2967096 13864
2948231 2967294 19063
2948155 2968647 20492
2951480 2969175 17695
2962733 2970792 8059
2963096 2970858 7762
2954255 2971089 16834
2949140 2973894 24754
2962645 2973960 11315
2945043 2974455 29412
2961244 2975379 14135
2932130 2975940 43810
2954895 2976171 21276
2956473 2977161 20688
2961907 2978118 16211
2960357 2979339 18982
2960429 2979405 18976
2971147 2979966 8819
2965964 2980725 14761
2967886 2980857 12971
2968795 2981253 12458
2973490 2981913 8423
2965563 2982111 16548
2973639 2982474 8835
2966235 2982639 16404
2974324 2982969 8645
2968137 2985015 16878
2976592 2986269 9677
2976372 2986665 10293
2965015 2987325 22310
2970182 2989404 19222
2944533 2989470 44937
2963632 2989899 26267
2955956 2990328 34372
2956610 2992176 35566
2968382 2992704 24322
2971998 2993001 21003
2969293 2993166 23873
2973497 2993595 20098
2961968 2995245 33277
2981579 2995410 13831
2980033 2997918 17885
2987065 2998479 11414
2989826 2998545 8719
2987258 3000954 13696
2991518 3001515 9997
2976127 3003264 27137
2972625 3003693 31068
2965996 3004584 38588
2971009 3006399 35390
2984876 3006894 22018
2980775 3006927 26152
2983393 3007059 23666
2987368 3007455 20087
2978963 3007488 28525
2979307 3007785 28478
2986175 3008313 22138
2992881 3009666 16785
2996061 3011118 15057
3003000 3012141 9141
2999435 3013659 14224
2995137 3015210 20073
3003593 3015639 12046
2993111 3018114 25003
2989421 3018444 29023
2989669 3018840 29171
3000617 3019104 18487
2983424 3019269 35845
3006322 3019434 13112
2988374 3019665 31291
3007775 3020028 12253
3009703 3020556 10853
2986316 3020853 34537
2996971 3021381 24410
3004815 3022569 17754
3011030 3024087 13057
2997622 3024219 26597
3006026 3024846 18820
2994900 3025671 30771
3002225 3028047 25822
3019277 3029202 9925
3013523 3029730 16207
3021561 3032403 10842
3003049 3032799 29750
3000099 3034713 34614
3028796 3035406 6610
3017895 3036000 18105
3018742 3036000 17258
3020531 3036561 16030
3030930 3039564 8634
3021580 3039663 18083
3014440 3042204 27764
3017392 3043392 26000
3034887 3044943 10056
3029045 3045339 16294
3030361 3047022 16661
3016124 3047088 30964
3009347 3047121 37774
3022444 3047484 25040
3034957 3047583 12626
3011333 3048540 37207
3033896 3049827 15931
3041845 3050256 8411
3017097 3050619 33522
3032620 3050652 18032
3034316 3051213 16897
3043038 3053325 10287
3028452 3053457 25005
3027673 3054414 26741
3028832 3054975 26143
3029946 3055569 25623
3047473 3055998 8525
3049481 3057021 7540
3045146 3057417 12271
3030000 3057912 27912
3027342 3057945 30603
3046991 3057978 10987
3048775 3058473 9698
3041788 3058770 16982
3052128 3059034 6906
3034823 3061179 26356
3051249 3061179 9930
3053242 3061872 8630
3045948 3062268 16320
3047293 3063126 15833
3047468 3063687 16219
3051375 3064314 12939
3051460 3065865 14405
3051651 3066459 14808
3045581 3066492 20911
3045497 3066789 21292
3049628 3068076 18448
3042557 3069462 26905
3040817 3069858 29041
3042111 3070584 28473
3046255 3071145 24890
3051715 3071772 20057
3058335 3072597 14262
3045990 3072960 26970
3061027 3073158 12131
3048772 3074412 25640
3054247 3076953 22706
3049416 3077118 27702
3055527 3077679 22152
3071023 3079758 8735
3061116 3081837 20721
3074381 3082365 7984
3056142 3082860 26718
3071209 3084510 13301
3057694 3085566 27872
3079405 3086028 6623
3061931 3086094 24163
3061639 3086655 25016
3071559 3089955 18396
3075335 3090615 15280
3083218 3093849 10631
3084997 3094971 9974
3084912 3095400 10488
3065396 3097050 31654
3088629 3098601 9972
3084040 3099690 15650
3074802 3099954 25152
3083345 3100482 17137
3064776 3101835 37059
3075756 3102495 26739
3088700 3102627 13927
3078036 3103023 24987
3089880 3103188 13308
3074077 3104211 30134
3086765 3105762 18997
3098476 3106224 7748
3098553 3106752 8199
3081488 3107313 25825
3086015 3107841 21826
3097710 3108930 11220
3096308 3109854 13546
3102815 3110910 8095
3082272 3111042 28770
3089638 3111570 21932
3094287 3112131 17844
3091527 3114111 22584
3102549 3115068 12519
3109077 3115761 6684
3098828 3117180 18352
3109726 3118434 8708
3096549 3121800 25251
3101688 3122691 21003
3112331 3123417 11086
3103850 3125001 21151
3097136 3126618 29482
3110369 3126948 16579
3112547 3128070 15523
3119553 3128367 8814
3115859 3128598 12739
3117821 3128862 11041
3121330 3129126 7796
3121817 3129621 7804
3120538 3132723 12185
3111126 3136188 25062
3116664 3136584 19920
3108091 3137145 29054
3117924 3137442 19518
3123157 3137607 14450
3115293 3137673 22380
3123912 3138102 14190
3124019 3140643 16624
3133385 3142326 8941
3116734 3142491 25757
3119534 3143844 24310
3134086 3145197 11111
3121258 3145362 24104
3130650 3145956 15306
3127590 3147045 19455
3131796 3147606 15810
3128407 3148167 19760
3118542 3148662 30120
3123401 3148662 25261
3123934 3149718 25784
3120326 3151038 30712
3137119 3151632 14513
3135062 3152259 17197
3136169 3152820 16651
3143876 3152853 8977
3142450 3153546 11096
3140038 3153645 13607
3147839 3154536 6697
3119808 3156021 36213
3136501 3156615 20114
3135156 3157143 21987
3138982 3157143 18161
3143777 3157638 13861
3145338 3158232 12894
3150897 3158298 7401
3128906 3159222 30316
3151727 3159321 7594
3140177 3159750 19573
3136617 3160938 24321
3138001 3161499 23498
3145534 3162291 16757
3116804 3162390 45586
3144093 3162489 18396
3151106 3163017 11911
3153289 3164205 10916
3157831 3167109 9278
3153890 3167208 13318
3157992 3167637 9645
3148913 3168165 19252
3138961 3169782 30821
3153100 3171135 18035
3148610 3171861 23251
3161376 3172521 11145
3156804 3172785 15981
3151018 3173016 21998
3157304 3173544 16240
3163992 3175788 11796
3164211 3176349 12138
3154320 3176646 22326
3153455 3179385 25930
3147133 3179946 32813
3168882 3180474 11592
3160086 3180540 20454
3168094 3181002 12908
3151237 3181530 30293
3168354 3181596 13242
3154320 3183147 28827
3166903 3183279 16376
3163838 3183543 19705
3167107 3184137 17030
3169756 3184632 14876
3158887 3185325 26438
3167003 3185952 18949
3173451 3185985 12534
3170767 3186381 15614
3177977 3186612 8635
3162001 3188493 26492
3147106 3188922 41816
3161050 3189153 28103
3174081 3189450 15369
3153199 3190341 37142
3170192 3192123 21931
3161264 3192519 31255
3161204 3193179 31975
3159203 3193740 34537
3163230 3194301 31071
3167131 3197568 30437
3180908 3198261 17353
3181849 3198822 16973
3191805 3199317 7512
3177453 3200142 22689
3180811 3200274 19463
3168680 3200736 32056
3187909 3200802 12893
3179996 3202419 22423
3191884 3203211 11327
3175400 3206412 31012
3186107 3207633 21526
3175878 3208293 32415
3179615 3209052 29437
3195329 3210636 15307
3190078 3211758 21680
3196513 3212682 16169
3202090 3213342 11252
3199757 3213804 14047
3202355 3213903 11548
3206176 3214299 8123
3187255 3214695 27440
3187385 3215718 28333
3192846 3216312 23466
3206226 3217038 10812
3195501 3218490 22989
3192189 3219051 26862
3201856 3219183 17327
3202496 3220536 18040
3204572 3221097 16525
3208700 3221559 12859
3196814 3223473 26659
3213196 3223803 10607
3201554 3224760 23206
3206503 3224859 18356
3203576 3225288 21712
3196834 3226905 30071
3196342 3227433 31091
3204301 3228027 23726
3216140 3228357 12217
3203616 3228555 24939
3213205 3228852 15647
3206506 3229116 22610
3201785 3229974 28189
3202708 3231558 28850
3209536 3231987 22451
3208104 3232647 24543
3215462 3232944 17482
3221813 3233472 11659
3195812 3235353 39541
3214903 3236937 22034
3220167 3237135 16968
3231209 3238389 7180
3212034 3240138 28104
3217728 3240996 23268
3213014 3241590 28576
3216381 3242118 25737
3236062 3244659 8597
3221950 3244824 22874
3234678 3246210 11532
3226699 3246573 19874
3230557 3248685 18128
3232327 3249081 16754
3235269 3249609 14340
3221524 3250401 28877
3223739 3250995 27256
3242114 3252315 10201
3236197 3252414 16217
3235332 3253701 18369
3246339 3255021 8682
3235957 3255483 19526
3244481 3256308 11827
3248076 3256902 8826
3244851 3257826 12975
3248104 3258024 9920
3250163 3258717 8554
3242139 3259377 17238
3253886 3260466 6580
3254015 3260961 6946
3259397 3265647 6250
3249976 3269013 19037
3256852 3269640 12788
3258953 3269871 10918
3249063 3270135 21072
3253310 3270696 17386
3263260 3272247 8987
3263246 3272280 9034
3241025 3272379 31354
3251331 3272874 21543
3260977 3273402 12425
3264584 3273930 9346
3255327 3275448 20121
3257462 3275481 18019
3256682 3278187 21505
3261986 3279738 17752
3262178 3280299 18121
3268321 3280794 12473
3262413 3280926 18513
3270582 3281223 10641
3258510 3281685 23175
3261904 3282213 20309
3274893 3282345 7452
3252631 3284787 32156
3271262 3286602 15340
3266186 3286734 20548
3274516 3287163 12647
3281047 3288450 7403
3266786 3288813 22027
3279530 3289803 10273
3273330 3290529 17199
3268049 3290892 22843
3261589 3292014 30425
3275814 3292410 16596
3276432 3293070 16638
3274877 3295347 20470
3284077 3296931 12854
3269301 3298548 29247
3286531 3298977 12446
3275318 3299142 23824
3273187 3299571 26384
3274233 3300099 25866
3280623 3301584 20961
3284865 3302145 17280
3278887 3304686 25799
3282530 3305049 22519
3287110 3307326 20216
3278175 3307458 29283
3288013 3308778 20765
3276884 3309966 33082
3296859 3310065 13206
3301335 3310329 8994
3304002 3310989 6987
3282909 3311550 28641
3300359 3312507 12148
3286637 3312573 25936
3288484 3313134 24650
3295044 3313167 18123
3305062 3315213 10151
3304057 3315840 11783
3306387 3318183 11796
3303510 3318942 15432
3304804 3319569 14765
3288303 3319932 31629
3305023 3320493 15470
3306463 3321021 14558
3312828 3321549 8721
3310193 3323628 13435
3312534 3324123 11589
3304984 3326235 21251
3313139 3326268 13129
3316053 3326301 10248
3314404 3326631 12227
3318028 3327852 9824
3313554 3329403 15849
3322871 3329898 7027
3291477 3331053 39576
3309850 3331515 21665
3318134 3331779 13645
3306315 3332967 26652
3320660 3333000 12340
3310449 3334716 24267
3311841 3334980 23139
3312543 3336168 23625
3325814 3337686 11872
3327352 3338874 11522
3330180 3338907 8727
3327967 3339402 11435
3328146 3339435 11289
3327267 3339897 12630
3333152 3339996 6844
3321820 3342636 20816
3331526 3342669 11143
3327202 3343131 15929
3328611 3343692 15081
3339638 3345903 6265
3318321 3345936 27615
3325260 3348675 23415
3326527 3349104 22577
3336865 3349566 12701
3343954 3350622 6668
3326217 3351414 25197
3339190 3351810 12620
3340692 3352338 11646
3334338 3353262 18924
3328845 3353328 24483
3330241 3353823 23582
3329286 3354384 25098
3342044 3356331 14287
3344485 3356892 12407
3330617 3357585 26968
3340741 3360291 19550
3349140 3360819 11679
3343115 3361380 18265
3350090 3363591 13501
3351015 3363888 12873
3351137 3364119 12982
3357549 3365142 7593
3344687 3367089 22402
3334525 3368244 33719
3345787 3368244 22457
3350113 3368343 18230
3357307 3370785 13478
3356609 3371445 14836
3357027 3371544 14517
3362216 3371544 9328
3366194 3373194 7000
3345337 3376329 30992
3346003 3376362 30359
3362027 3377385 15358
3364020 3377385 13365
3362021 3377781 15760
3371036 3379167 8131
3355156 3379596 24440
3366399 3380223 13824
3372154 3380982 8828
3365848 3383589 17741
3374712 3385008 10296
3367387 3386031 18644
3373441 3387285 13844
3377793 3388770 10977
3369941 3390024 20083
3367138 3392631 25493
3369359 3393423 24064
3379783 3393423 13640
3383341 3393687 10346
3386528 3394182 7654
3387634 3394314 6680
3366276 3396129 29853
3365945 3396624 30679
3370144 3397020 26876
3371116 3397383 26267
3380648 3399330 18682
3385087 3399858 14771
3389890 3400287 10397
3385097 3400452 15355
3391273 3400815 9542
3392843 3401409 8566
3394978 3401607 6629
3396566 3403323 6757
3378461 3403653 25192
3371452 3403983 32531
3395317 3405072 9755
3388778 3408504 19726
3390609 3410055 19446
3397999 3411507 13508
3386970 3411969 24999
3393710 3412992 19282
3396673 3413553 16880
3405058 3414246 9188
3401870 3416358 14488
3406292 3416787 10495
3402469 3416853 14384
3394193 3416985 22792
3405900 3419097 13197
3400730 3419955 19225
3396974 3420120 23146
3402274 3420450 18176
3406753 3420450 13697
3406839 3422166 15327
3407872 3422826 14954
3414265 3423090 8825
3394261 3423552 29291
3415394 3424872 9478
3409591 3427017 17426
3414816 3428337 13521
3423485 3429723 6238
3420685 3433617 12932
3419884 3434640 14756
3417872 3436950 19078
3419851 3437544 17693
3423241 3437841 14600
3431643 3438897 7254
3427952 3440547 12595
3428603 3441075 12472
3429334 3441636 12302
3419927 3442494 22567
3431265 3443352 12087
3415264 3443814 28550
3435538 3443946 8408
3421251 3447741 26490
3431036 3448170 17134
3441776 3449919 8143
3442103 3449919 7816
3443273 3450546 7273
3424326 3450876 26550
3427415 3450975 23560
3442012 3453483 11471
3443576 3453549 9973
3437788 3453681 15893
3436852 3456618 19766
3438008 3456651 18643
3438639 3457245 18606
3430106 3457278 27172
3442328 3457641 15313
3446937 3460017 13080
3437391 3460842 23451
3430256 3461007 30751
3427991 3461271 33280
3456681 3463251 6570
3441510 3463977 22467
3436227 3464472 28245
3456675 3466584 9909
3443099 3467178 24079
3441164 3467772 26608
3441383 3468795 27412
3441473 3470280 28807
3451265 3470643 19378
3452723 3471336 18613
3462808 3471336 8528
3452231 3471402 19171
3455141 3472524 17383
3456857 3473052 16195
3457659 3473052 15393
3444353 3473316 28963
3449697 3473844 24147
3452140 3480840 28700
3453035 3483051 30016
3448874 3483216 34342
3474821 3483513 8692
3453987 3486252 32265
3480280 3486549 6269
3479585 3487572 7987
3476152 3489948 13796
3462296 3490773 28477
3469666 3491334 21668
3466187 3491895 25708
3469267 3493149 23882
3472065 3493611 21546
3480010 3494073 14063
3486707 3494601 7894
3479753 3494634 14881
3478800 3495294 16494
3480081 3495855 15774
3458152 3496449 38297
3481394 3496845 15451
3475017 3497505 22488
3481269 3498759 17490
3473994 3499386 25392
3489720 3499551 9831
3486945 3500244 13299
3491466 3500607 9141
3475984 3502125 26141
3473843 3503214 29371
3488485 3504732 16247
3496149 3505920 9771
3484545 3506415 21870
3466941 3506547 39606
3459800 3507075 47275
3473180 3507669 34489
3476159 3509022 32863
3486569 3509682 23113
3500558 3510243 9685
3486864 3510309 23445
3485218 3510870 25652
3487605 3511398 23793
3489929 3512949 23020
3500229 3513015 12786
3497175 3513312 16137
3504867 3513609 8742
3502848 3513873 11025
3506047 3514170 8123
3504260 3514401 10141
3490854 3514500 23646
3508851 3515292 6441
3489066 3517470 28404
3509720 3518229 8509
3501612 3520671 19059
3512187 3520770 8583
3491710 3521331 29621
3492194 3522024 29830
3513923 3523740 9817
3516190 3525258 9068
3514965 3526017 11052
3514172 3527370 13198
3519064 3528162 9098
3492363 3529218 36855
3493166 3529680 36514
3518262 3530340 12078
3507353 3530571 23218
3513561 3530868 17307
3508905 3531132 22227
3516700 3531660 14960
3514844 3532386 17542
3526741 3533277 6536
3522572 3533475 10903
3514250 3533541 19291
3525656 3534168 8512
3527419 3534663 7244
3517387 3535521 18134
3489202 3536841 47639
3508545 3537369 28824
3514795 3539580 24785
3521373 3540108 18735
3508198 3540504 32306
3523959 3540636 16677
3525080 3541692 16612
3512128 3543177 31049
3515140 3543705 28565
3517770 3543738 25968
3519447 3544332 24885
3529939 3544431 14492
3535514 3545520 10006
3533567 3547038 13471
3531983 3547533 15550
3537709 3547566 9857
3518497 3547995 29498
3532506 3548424 15918
3538064 3548589 10525
3540245 3551196 10951
3524114 3552252 28138
3531496 3553374 21878
3516431 3554265 37834
3541430 3554727 13297
3532477 3554958 22481
3542717 3556080 13363
3546335 3557202 10867
3525251 3557697 32446
3541857 3557796 15939
3548643 3558357 9714
3526995 3558720 31725
3540002 3559281 19279
3554011 3560271 6260
3544497 3562911 18414
3548262 3563010 14748
3543125 3563076 19951
3545298 3563637 18339
3524108 3566046 41938
3536262 3566376 30114
3555558 3567828 12270
3555071 3568686 13615
3526013 3569082 43069
3562136 3569181 7045
3562146 3569709 7563
3538399 3570105 31706
3564040 3570732 6692
3533054 3571062 38008
3550027 3571623 21596
3555305 3572844 17539
3557125 3573966 16841
3548238 3574329 26091
3561111 3574494 13383
3568213 3575022 6809
3563757 3575319 11562
3547099 3575352 28253
3548346 3576540 28194
3554695 3577002 22307
3555688 3577563 21875
3548531 3578520 29989
3570800 3578586 7786
3560654 3579048 18394
3571108 3579114 8006
3541521 3580269 38748
3574981 3581787 6806
3554984 3583074 28090
3568566 3584460 15894
3559753 3584988 25235
3544880 3585945 41065
3579468 3586077 6609
3563364 3586968 23604
3570205 3587529 17324
3560611 3587595 26984
3575865 3590334 14469
3582779 3590928 8149
3584901 3591588 6687
3579663 3592380 12717
3566827 3592512 25685
3570421 3593073 22652
3542097 3593601 51504
3575160 3593997 18837
3560860 3594162 33302
3571120 3594624 23504
3553520 3595086 41566
3586229 3595218 8989
3574200 3595284 21084
3569672 3596868 27196
3575944 3598452 22508
3589727 3599112 9385
3583572 3599475 15903
3579498 3599607 20109
3592136 3602181 10045
3588139 3602478 14339
3592423 3602775 10352
3566289 3602808 36519
3584062 3604194 20132
3597042 3605052 8010
3556504 3605976 49472
3584159 3607395 23236
3579866 3607956 28090
3594882 3609243 14361
3593534 3611124 17590
3588714 3611190 22476
3598839 3613896 15057
3591635 3615315 23680
3597604 3618780 21176
3593119 3619869 26750
3599867 3622773 22906
3598629 3622839 24210
3598798 3623367 24569
3589079 3623928 34849
3594448 3624324 29876
3592505 3624555 32050
3597466 3624852 27386
3599659 3625083 25424
3599613 3626238 26625
3586901 3628086 41185
