951 7260 6309
1940 8613 6673
5600 12210 6610
4810 16434 11624
3955 17259 13304
2233 18150 15917
3477 18150 14673
5032 18348 13316
4604 19305 14701
2440 20097 17657
7816 22803 14987
2954 23067 20113
4702 23166 18464
8455 23364 14909
16098 25014 8916
3810 25311 21501
18363 26433 8070
19810 26961 7151
4717 28512 23795
18171 29238 11067
12296 29799 17503
24117 31680 7563
6818 32307 25489
7284 33000 25716
976 33033 32057
4999 33627 28628
13311 35013 21702
13759 35442 21683
9198 35508 26310
19233 36564 17331
22860 36894 14034
24062 37488 13426
26247 38016 11769
16756 38643 21887
17761 39237 21476
10868 39798 28930
25589 39831 14242
11887 40359 28472
16538 42471 25933
22158 42636 20478
24043 43197 19154
32808 43626 10818
24802 43923 19121
29613 44781 15168
26220 45177 18957
34685 45705 11020
20804 47553 26749
27609 47718 20109
19399 48015 28616
29250 48279 19029
19797 48477 28680
17067 48741 31674
30644 48807 18163
23260 49038 25778
38893 50391 11498
38909 50952 12043
29947 51975 22028
32825 53130 20305
21878 53229 31351
36476 53328 16852
29049 53790 24741
21015 54186 33171
14824 54615 39791
21733 55308 33575
32632 56034 23402
20668 56529 35861
35870 56562 20692
22168 57057 34889
39268 57123 17855
42721 57189 14468
44950 57750 12800
31719 58014 26295
26241 58146 31905
24777 59070 34293
18914 60225 41311
21837 60819 38982
40959 60852 19893
37249 61413 24164
52820 61941 9121
33530 62370 28840
53952 63129 9177
43264 63426 20162
36246 64614 28368
27719 65142 37423
51695 66759 15064
52988 67287 14299
28961 67320 38359
32414 67782 35368
57410 68937 11527
41190 69267 28077
53306 71049 17743
46288 71544 25256
48694 71610 22916
58384 71610 13226
65179 72666 7487
46433 73458 27025
32007 75306 43299
48793 75405 26612
55408 75768 20360
53895 75966 22071
54621 76131 21510
60499 76890 16391
54490 76923 22433
63181 77418 14237
58395 77781 19386
68289 77946 9657
41640 78045 36405
42649 79101 36452
38018 80157 42139
43507 80157 36650
59421 80718 21297
58971 80817 21846
39915 81180 41265
55672 81246 25574
62982 81840 18858
42174 82170 39996
42842 82863 40021
73886 83061 9175
43955 83325 39370
76296 83589 7293
27709 83886 56177
71775 84513 12738
70487 84612 14125
74284 85140 10856
54442 87087 32645
49068 87417 38349
59770 87582 27812
58070 87615 29545
44696 87945 43249
77677 89199 11522
79015 89760 10745
48245 91245 43000
58445 91641 33196
63537 91806 28269
66903 92169 25266
76785 92730 15945
66455 92862 26407
33595 93456 59861
53108 94644 41536
81947 94908 12961
47708 95172 47464
32854 95436 62582
69594 97119 27525
75473 97647 22174
70454 98571 28117
58159 98604 40445
77113 98637 21524
91721 99000 7279
37247 99231 61984
42799 99792 56993
53661 100320 46659
53235 103026 49791
77074 103224 26150
94264 103323 9059
80445 103785 23340
59920 104049 44129
67636 104148 36512
68712 104676 35964
84178 105171 20993
80133 106557 26424
64984 106821 41837
81582 107085 25503
85591 107514 21923
82863 108405 25542
85100 108933 23833
70965 110022 39057
100802 110022 9220
90729 110055 19326
100536 110088 9552
81645 110220 28575
83021 111111 28090
86144 111342 25198
64762 113124 48362
102133 113751 11618
79495 114246 34751
104192 114279 10087
101463 114345 12882
102735 114576 11841
107540 115104 7564
89728 117447 27719
95324 117480 22156
96278 118734 22456
91215 119262 28047
69671 119757 50086
99825 120087 20262
96639 120186 23547
96172 120384 24212
104606 120615 16009
88934 122958 34024
92313 123486 31173
102361 123552 21191
94240 124179 29939
104651 124608 19957
97306 124707 27401
92122 125136 33014
94676 126192 31516
81897 126852 44955
113081 127413 14332
104802 128271 23469
98025 128601 30576
118650 129063 10413
119582 129360 9778
83818 129591 45773
86774 129624 42850
96109 130647 34538
90534 130713 40179
100824 132165 31341
93801 132528 38727
102967 132726 29759
108749 133089 24340
114745 133419 18674
117839 133947 16108
107634 134409 26775
113348 135003 21655
125659 135597 9938
115305 136719 21414
117985 137247 19262
110375 138501 28126
105743 138666 32923
107185 138831 31646
104302 139359 35057
85758 140349 54591
99722 140910 41188
105339 141372 36033
110867 141900 31033
124027 143649 19622
120930 144078 23148
136342 144078 7736
112590 144540 31950
119033 144606 25573
124963 145134 20171
113536 145233 31697
111673 146190 34517
128916 146256 17340
132554 146817 14263
106321 147147 40826
106372 147840 41468
94895 148269 53374
112216 148929 36713
113843 149457 35614
116705 149919 33214
113968 150084 36116
127636 151503 23867
130648 151899 21251
128381 152064 23683
127351 152592 25241
146921 154011 7090
133813 154209 20396
126180 155100 28920
113089 155562 42473
145072 155826 10754
130608 156123 25515
122096 156651 34555
118860 157245 38385
125425 157773 32348
122452 158334 35882
132046 159390 27344
138278 160017 21739
132641 160446 27805
146781 160446 13665
139862 160578 20716
127144 161040 33896
128082 161040 32958
118112 161073 42961
140345 161139 20794
131761 162063 30302
138887 162063 23176
153452 162129 8677
144323 162591 18268
133723 164373 30650
150465 164868 14403
139418 164934 25516
142441 165165 22724
143700 165330 21630
144490 165891 21401
145578 166155 20577
152737 166254 13517
155192 167541 12349
161828 168927 7099
123169 169884 46715
140173 169950 29777
147687 169950 22263
145271 170511 25240
149264 170643 21379
146405 171435 25030
153647 171732 18085
150837 172656 21819
153452 173184 19732
158493 173745 15252
146418 174141 27723
165401 174801 9400
132534 174900 42366
134584 174933 40349
147151 175395 28244
133761 175593 41832
142438 176022 33584
168672 177408 8736
168832 177969 9137
120180 178596 58416
145430 178893 33463
156437 179817 23380
147278 180015 32737
156646 180411 23765
158475 180510 22035
151625 180576 28951
168183 181071 12888
161039 181863 20824
168760 182226 13466
162524 182457 19933
163350 183018 19668
163164 184404 21240
149297 184470 35173
164948 184965 20017
151226 184998 33772
132402 185988 53586
129776 186648 56872
169027 187044 18017
146039 188232 42193
156862 188958 32096
151126 189288 38162
162521 189387 26866
155823 189882 34059
171740 190047 18307
160922 190971 30049
173404 191136 17732
168316 191433 23117
173478 191961 18483
178453 192588 14135
180170 193083 12913
185410 193677 8267
146081 194238 48157
186786 194304 7518
164131 194667 30536
154804 194898 40094
168513 195195 26682
148847 196284 47437
164639 197406 32767
165067 197967 32900
168964 198528 29564
181573 198858 17285
174105 198990 24885
189928 199320 9392
171590 199617 28027
190058 199881 9823
184786 199914 15128
178473 200079 21606
166350 202851 36501
176204 202983 26779
171572 203280 31708
176469 204105 27636
174783 204303 29520
180255 204666 24411
172092 204732 32640
175723 205359 29636
188164 205920 17756
170131 206481 36350
175491 206547 31056
185624 208659 23035
175841 209121 33280
184161 209187 25026
184490 209220 24730
186781 209748 22967
194892 209781 14889
162807 210144 47337
193315 210177 16862
195201 210375 15174
187101 211959 24858
180611 213378 32767
205421 213378 7957
185903 213939 28036
171173 214533 43360
202544 215589 13045
190341 216018 25677
193770 217041 23271
201228 217107 15879
193883 217569 23686
189239 217635 28396
195572 218163 22591
197102 219318 22216
187522 219714 32192
176295 220341 44046
176326 220638 44312
178875 220869 41994
170257 221199 50942
203411 221694 18283
191371 221991 30620
207506 222222 14716
203006 223311 20305
193637 224400 30763
198734 225456 26722
187420 225687 38267
176699 226281 49582
189049 226578 37529
206511 226842 20331
194396 227106 32710
183734 227634 43900
208754 228657 19903
204695 229086 24391
205880 229614 23734
214437 229713 15276
206469 229977 23508
210769 230175 19406
182911 230835 47924
197545 230868 33323
208511 231099 22588
213212 231627 18415
189847 231924 42077
195860 231957 36097
208104 232485 24381
225124 232683 7559
217742 233376 15634
225401 234564 9163
217564 235389 17825
219543 236808 17265
221939 237006 15067
197758 237765 40007
214625 237996 23371
171887 238293 66406
208238 240240 32002
221487 240768 19281
196241 241527 45286
217101 242616 25515
224119 243111 18992
219011 243144 24133
184906 243969 59063
212714 243969 31255
187743 244035 56292
227349 245025 17676
211809 246147 34338
219937 246279 26342
205703 246906 41203
229552 247962 18410
201423 248094 46671
234070 248490 14420
211938 248655 36717
227228 249381 22153
232998 249414 16416
243212 250470 7258
211971 251361 39390
215314 251955 36641
221602 252483 30881
216081 252516 36435
221829 253473 31644
222267 253539 31272
219871 254001 34130
224273 254034 29761
216451 254133 37682
210467 254562 44095
225097 254595 29498
228370 255156 26786
230058 255717 25659
232341 255849 23508
208155 257763 49608
201331 257862 56531
209181 258819 49638
225935 258951 33016
228984 259083 30099
219514 259347 39833
236075 259512 23437
226945 261987 35042
228201 262581 34380
227113 262581 35468
215378 262911 47533
231669 263142 31473
216639 263703 47064
227864 263967 36103
237993 264033 26040
238279 265056 26777
234272 266904 32632
237518 267432 29914
227212 267663 40451
237662 268026 30364
235670 268224 32554
251567 268554 16987
215317 268785 53468
260372 269016 8644
239467 270567 31100
239944 271095 31151
223217 271557 48340
252006 272811 20805
242520 273207 30687
233134 273735 40601
245483 273768 28285
223819 273867 50048
209899 275517 65618
246200 276573 30373
221051 276606 55555
248259 277101 28842
253888 277200 23312
256871 277530 20659
253624 277629 24005
239014 278190 39176
238448 280302 41854
241151 280830 39679
262750 280863 18113
235623 280929 45306
271092 281391 10299
261021 281424 20403
255201 281985 26784
264142 281985 17843
268306 282513 14207
247671 283371 35700
271886 284691 12805
263243 285615 22372
260369 286704 26335
270336 288387 18051
258755 288486 29731
263079 289410 26331
247920 289542 41622
255484 290103 34619
246130 290565 44435
268590 291126 22536
250259 291258 40999
238486 291489 53003
268707 291687 22980
237229 291720 54491
257769 291786 34017
247289 292083 44794
241743 292314 50571
229061 292644 63583
275932 292875 16943
232658 293337 60679
267335 293733 26398
253575 295020 41445
240812 295548 54736
273792 296670 22878
277054 296967 19913
267509 297264 29755
261113 297495 36382
254190 297693 43503
264020 298056 34036
269337 298386 29049
259250 298650 39400
247495 298650 51155
280442 300234 19792
288797 301323 12526
286788 302412 15624
271981 302610 30629
275572 304986 29414
281721 306108 24387
258908 306867 47959
283188 306999 23811
280381 307065 26684
263665 307560 43895
269619 308550 38931
273119 309177 36058
265585 310530 44945
271312 311784 40472
269969 311817 41848
267365 312411 45046
267264 312609 45345
278274 312873 34599
290615 312906 22291
286992 313236 26244
287194 313830 26636
269375 313962 44587
295797 313962 18165
286994 314490 27496
280211 315315 35104
286016 315843 29827
277262 316899 39637
271806 317229 45423
279998 319209 39211
282356 319770 37414
302905 320694 17789
312253 321255 9002
314294 321783 7489
288484 321948 33464
290009 322476 32467
289343 322839 33496
268227 323895 55668
286916 324357 37441
288591 324918 36327
302023 325545 23522
311027 326073 15046
290962 326964 36002
288255 327030 38775
282663 327690 45027
297190 328053 30863
283269 328251 44982
293696 328647 34951
264847 328812 63965
280562 328911 48349
263303 329340 66037
297257 329472 32215
287781 329901 42120
307024 329901 22877
307063 330924 23861
295833 331023 35190
277458 331254 53796
276702 331386 54684
303568 332904 29336
271662 333432 61770
311677 333630 21953
318627 334158 15531
309771 334224 24453
313598 335016 21418
322253 335280 13027
328564 336171 7607
318586 338382 19796
293706 338481 44775
296412 339042 42630
300498 339603 39105
320899 339801 18902
321882 340362 18480
327164 340890 13726
309765 343860 34095
290700 344355 53655
292678 345015 52337
320428 345444 25016
292770 345543 52773
297355 345972 48617
314063 346137 32074
328369 346566 18197
330134 347127 16993
289463 347589 58126
293611 348711 55100
321186 349338 28152
326931 349734 22803
326501 349899 23398
300985 350295 49310
292469 350625 58156
289462 350790 61328
292615 350823 58208
328741 350856 22115
311756 351714 39958
306327 351912 45585
316262 352143 35881
318774 352803 34029
299932 353133 53201
319666 353166 33500
306515 355344 48829
342904 356235 13331
336512 356994 20482
339736 357555 17819
341850 358083 16233
303390 358446 55056
307460 358974 51514
330848 359700 28852
343583 361548 17965
354024 362076 8052
332641 362901 30260
315480 365079 49599
308083 365145 57062
338566 365442 26876
339148 365970 26822
285857 366366 80509
339329 366465 27136
328087 366927 38840
340839 366960 26121
316325 367059 50734
329719 368280 38561
330212 368313 38101
336580 368907 32327
337365 369963 32598
320368 370194 49826
323241 370260 47019
308176 370293 62117
327164 370854 43690
321044 370887 49843
323778 371415 47637
331314 372471 41157
347757 372669 24912
338283 373032 34749
325034 373065 48031
330198 373593 43395
355330 374319 18989
338934 376959 38025
354940 377322 22382
331288 377487 46199
360100 377850 17750
342223 379698 37475
345754 380259 34505
326355 381249 54894
354195 381810 27615
355559 381843 26284
356257 382008 25751
356517 382602 26085
336876 383526 46650
317619 384186 66567
372689 384186 11497
324108 384450 60342
331323 384912 53589
323379 385110 61731
326210 385605 59395
329045 386265 57220
341988 387024 45036
341172 387552 46380
334016 387882 53866
353004 388113 35109
337312 388443 51131
324450 388806 64356
341479 389136 47657
353199 389169 35970
361137 389235 28098
324454 389367 64913
319065 389532 70467
331320 389928 58608
366401 390225 23824
325073 390489 65416
320065 391050 70985
323424 391545 68121
308596 392238 83642
350113 392568 42455
360362 392964 32602
316251 393294 77043
351049 393855 42806
370200 394284 24084
365494 394416 28922
365818 394647 28829
342724 394944 52220
367757 395208 27451
349957 395472 45515
358005 398838 40833
359524 399894 40370
372900 400455 27555
374971 401016 26045
334466 401676 67210
336237 402237 66000
360423 402369 41946
354539 402798 48259
330237 404910 74673
335292 405471 70179
338437 405933 67496
332564 405999 73435
349634 406560 56926
345904 406659 60755
378255 406659 28404
364356 406791 42435
352707 407187 54480
345785 407616 61831
366382 407847 41465
361609 409860 48251
368950 410322 41372
378549 410850 32301
378978 410982 32004
381919 411444 29525
372917 412500 39583
377523 413028 35505
371122 413688 42566
351406 414183 62777
350348 414216 63868
397459 414777 17318
371057 415206 44149
373463 416262 42799
374243 417120 42877
342491 417516 75025
350075 418803 68728
378496 418869 40373
372106 419892 47786
386104 420453 34349
374131 421014 46883
376155 421575 45420
379717 421740 42023
376948 422004 45056
364153 422664 58511
401416 423390 21974
381737 423489 41752
405503 423918 18415
363431 425898 62467
365871 426459 60588
352155 427053 74898
364211 427152 62941
398378 427548 29170
374146 427581 53435
391598 427812 36214
399811 428076 28265
341232 428208 86976
370379 428637 58258
381092 429594 48502
422111 430914 8803
359036 431013 71977
398056 432036 33980
372789 432333 59544
382249 432597 50348
392814 433125 40311
380946 433389 52443
386659 433686 47027
387614 433950 46336
392033 434214 42181
410094 434412 24318
381644 434478 52834
388168 435006 46838
391516 435039 43523
388598 435600 47002
389708 436128 46420
393107 436887 43780
348494 437646 89152
357728 437745 80017
395129 438867 43738
359326 438867 79541
395290 439461 44171
398339 440913 42574
412063 440946 28883
412012 442563 30551
402146 442596 40450
403494 443058 39564
424395 443619 19224
390418 444147 53729
424396 444180 19784
392778 444675 51897
405636 445797 40161
397012 446193 49181
363764 446292 82528
401337 446754 45417
364752 446886 82134
402156 447315 45159
371996 447447 75451
380537 448602 68065
393548 448899 55351
388248 449229 60981
386421 449460 63039
427305 449592 22287
398670 449988 51318
412952 451011 38059
417624 452133 34509
407671 452430 44759
410074 452463 42389
422117 453024 30907
396459 453585 57126
400611 453684 53073
395112 453915 58803
393342 454080 60738
395361 454608 59247
422720 455928 33208
385191 456621 71430
395524 457347 61823
373304 457545 84241
395788 457908 62120
388997 458667 69670
412182 459228 47046
391758 459822 68064
357741 459855 102114
416047 459888 43841
418536 460449 41913
388464 463650 75186
394445 464211 69766
426751 464277 37526
439965 464277 24312
417417 464343 46926
418527 464871 46344
422325 465234 42909
449962 465333 15371
390074 465366 75292
418954 465399 46445
425916 465795 39879
425985 466356 40371
399958 468567 68609
456423 468633 12210
404073 469194 65121
457139 469194 12055
428908 469458 40550
411723 469722 57999
429962 470052 40090
432436 470613 38177
441069 471768 30699
406460 472296 65836
415865 472395 56530
416078 472923 56845
410426 472956 62530
417073 474243 57170
401848 475101 73253
432180 475530 43350
434952 476223 41271
396475 476652 80177
406541 478896 72355
382903 478929 96026
409133 479457 70324
459542 479985 20443
418620 480018 61398
438974 480546 41572
460260 480579 20319
441620 481008 39388
470109 483054 12945
432410 483153 50743
428949 483285 54336
432955 483846 50891
474046 484110 10064
437002 484407 47405
439078 484440 45362
401504 485826 84322
442424 485859 43435
452208 486057 33849
401137 487212 86075
444014 488433 44419
464230 488598 24368
464022 488961 24939
465497 489126 23629
442267 489159 46892
437504 490215 52711
474501 490809 16308
457458 490842 33384
469643 491403 21760
454256 492228 37972
460284 492789 32505
424307 493548 69241
435469 493911 58442
425380 494109 68729
437375 494505 57130
424996 494637 69641
425772 495198 69426
430710 495792 65082
478016 495858 17842
483222 496419 13197
448282 496749 48467
469673 496782 27109
397447 497442 99995
486090 497508 11418
413605 497772 84167
450432 499950 49518
415256 500181 84925
443595 500379 56784
465684 500973 35289
415648 501237 85589
420417 501336 80919
467354 502359 35005
441586 502887 61301
439366 502920 63554
422118 503448 81330
443180 503712 60532
436982 504207 67225
410725 504801 94076
485357 504999 19642
472648 505329 32681
446398 506682 60284
462133 507045 44912
425777 508266 82489
480348 509520 29172
437633 510114 72481
440762 510675 69913
479367 511467 32100
493528 511731 18203
480769 512061 31292
495571 512820 17249
499302 513348 14046
448199 514371 66172
450537 514899 64362
451807 515427 63620
488706 516582 27876
405860 517011 111151
406399 517572 111173
452506 517770 65264
428217 518298 90081
426570 518298 91728
445805 518562 72757
435011 520113 85102
469146 520674 51528
510520 520905 10385
458617 521301 62684
443247 521598 78351
447455 521697 74242
409586 522126 112540
415790 522192 106402
455539 522291 66752
461796 522390 60594
463111 522456 59345
472774 524007 51233
461512 524568 63056
443058 524997 81939
462983 525195 62212
463606 525525 61919
475270 526119 50849
467387 526515 59128
487626 527835 40209
462239 530409 68170
455988 530508 74520
458851 531828 72977
465518 532356 66838
524674 532950 8276
428721 534270 105549
458526 534567 76041
452260 535524 83264
441212 536085 94873
486088 536283 50195
489278 536844 47566
435009 537009 102000
446266 537438 91172
442710 538131 95421
443960 538692 94732
469345 539088 69743
460787 539253 78466
458652 539814 81162
422139 541200 119061
529457 541332 11875
429767 541728 111961
454432 541893 87461
467881 542322 74441
484005 542850 58845
494326 543015 48689
481037 543081 62044
481322 544203 62881
486380 544302 57922
469354 544401 75047
469115 545325 76210
469734 545358 75624
477210 545490 68280
461006 545589 84583
485385 545721 60336
487420 546282 58862
463524 546744 83220
470555 547305 76750
476185 547800 71615
490469 548097 57628
472986 549087 76101
491727 549219 57492
506212 549516 43304
490268 550044 59776
496116 550308 54192
521538 550605 29067
500190 550968 50778
524869 551298 26429
505557 551496 45939
506858 552189 45331
488593 552618 64025
508238 552717 44479
530801 553410 22609
465316 554499 89183
536113 554499 18386
492797 554598 61801
536422 555060 18638
491180 555852 64672
538415 557205 18790
500456 558459 58003
462659 559020 96361
527495 559152 31657
476479 559614 83135
528169 559779 31610
511436 560076 48640
529278 560340 31062
473721 561363 87642
482642 561891 79249
553968 561990 8022
477139 562881 85742
488928 562881 73953
496962 563178 66216
500135 563739 63604
499775 563904 64129
521577 563904 42327
489483 564630 75147
505698 564828 59130
489858 565191 75333
506514 566841 60327
505135 567732 62597
518013 569943 51930
525750 570504 44754
520519 572484 51965
493526 572781 79255
545451 573012 27561
477287 573342 96055
545889 573573 27684
523849 573903 50054
547830 574134 26304
514750 574398 59648
531117 574464 43347
552941 574695 21754
545110 574926 29816
535473 575025 39552
488503 575487 86984
512447 576114 63667
499149 578127 78978
481798 578556 96758
508540 578556 70016
503328 578919 75591
504881 579084 74203
548940 579348 30408
551353 579414 28061
505231 580041 74810
484562 580470 95908
518727 580569 61842
484649 581064 96415
519289 581262 61973
488153 582120 93967
534449 582714 48265
528297 583275 54978
536791 583869 47078
538424 584496 46072
513661 585387 71726
514177 585948 71771
516319 586476 70157
520891 586608 65717
518067 587037 68970
498274 587136 88862
521979 587730 65751
498449 588225 89776
516264 588258 71994
549424 588324 38900
521231 588753 67522
555029 588885 33856
532434 589314 56880
531782 590436 58654
545980 590733 44753
532454 591030 58576
553664 591294 37630
560439 592449 32010
572649 593538 20889
578477 594066 15589
564341 594198 29857
496690 594231 97541
580107 594594 14487
478114 594759 116645
565007 594759 29752
493013 595320 102307
569166 595353 26187
553880 595683 41803
496793 595716 98923
509719 596112 86393
515155 598851 83696
555307 599016 43709
504585 599313 94728
538092 599808 61716
540065 599841 59776
520544 600402 79858
522442 600798 78356
569021 600963 31942
548124 603207 55083
484641 603537 118896
519019 604197 85178
555826 604329 48503
508197 604560 96363
565045 605121 40076
521320 605319 83999
521956 605484 83528
520612 605550 84938
522551 605880 83329
561073 606705 45632
537575 608850 71275
572658 609312 36654
575631 609873 34242
557324 610863 53539
527934 613536 85602
528646 614130 85484
525006 614229 89223
580356 614460 34104
554513 614757 60244
560046 614955 54909
536036 616044 80008
558959 616341 57382
541290 617496 76206
547694 618453 70759
563592 618552 54960
565989 618981 52992
518985 619542 100557
546953 619542 72589
552221 620103 67882
561935 620532 58597
527012 620697 93685
583932 621258 37326
594557 621324 26767
571687 621819 50132
588743 622413 33670
519903 622809 102906
598483 622974 24491
565276 623832 58556
544806 624063 79257
601893 624129 22236
568400 624426 56026
554264 624525 70261
547352 624624 77272
556763 625053 68290
508592 625548 116956
511674 625647 113973
561925 626142 64217
580271 628353 48082
580456 628914 48458
581997 629475 47478
583769 630465 46696
594775 630564 35789
600292 632445 32153
534604 632841 98237
601704 632907 31203
607001 633006 26005
529828 633798 103970
569290 634359 65069
622866 635844 12978
577844 636669 58825
625635 637065 11430
577882 637098 59216
589942 637329 47387
579195 637857 58662
592634 638154 45520
591973 638286 46313
576219 639078 62859
606783 639210 32427
569576 640200 70624
565874 640695 74821
566428 641223 74795
548272 641817 93545
565994 642048 76054
576365 642378 66013
607381 643368 35987
609590 644457 34867
548811 645051 96240
555537 645117 89580
569887 645480 75593
560541 645678 85137
596006 646140 50134
583096 646206 63110
576071 646569 70498
590651 647229 56578
528722 647295 118573
587345 647328 59983
597976 649770 51794
607814 650034 42220
602060 650298 48238
604975 650331 45356
611937 650958 39021
622979 652047 29068
635058 653037 17979
646074 654621 8547
619211 655479 36268
609267 655578 46311
562766 655677 92911
576626 656007 79381
586322 656535 70213
613056 656568 43512
639264 656898 17634
589339 656964 67625
614955 657129 42174
626114 657129 31015
582896 657723 74827
590930 658317 67387
573150 660198 87048
628118 660396 32278
640818 660990 20172
593740 662277 68537
576152 662409 86257
587649 662904 75255
599479 662937 63458
610020 662970 52950
595174 663432 68258
602443 663465 61022
604543 664026 59483
612971 664455 51484
605781 664521 58740
619103 666402 47299
627488 666765 39277
582166 667161 84995
647456 667920 20464
629722 668679 38957
628790 668778 39988
630782 669273 38491
605421 669306 63885
637374 670362 32988
644395 670923 26528
657556 671748 14192
624391 671946 47555
629924 672012 42088
634113 672540 38427
642109 673233 31124
646049 673761 27712
634403 673959 39556
626254 674157 47903
606999 674223 67224
632105 674586 42481
608662 675807 67145
610599 676401 65802
639726 677424 37698
587012 678051 91039
599293 678513 79220
649989 679041 29052
647285 679536 32251
666604 679569 12965
652375 680097 27722
656615 680130 23515
665372 680658 15286
645257 681384 36127
615449 681681 66232
614341 683298 68957
613097 684519 71422
605882 684618 78736
560476 685047 124571
628837 685179 56342
643394 685278 41884
620259 685509 65250
647835 685806 37971
622431 686565 64134
653709 687588 33879
606726 688248 81522
666722 688512 21790
671385 689040 17655
671515 689634 18119
672501 690195 17694
650725 690822 40097
624444 691251 66807
635530 691350 55820
650773 691647 40874
621339 691812 70473
649579 692472 42893
655882 692769 36887
659982 693033 33051
646880 695574 48694
634308 696003 61695
631670 696135 64465
634517 696531 62014
670338 696993 26655
631697 697653 65956
687770 697686 9916
690504 698181 7677
647831 699072 51241
650853 699765 48912
657192 699996 42804
632446 700953 68507
661397 701118 39721
639014 701481 62467
650263 702966 52703
640341 702999 62658
645505 703494 57989
651071 703527 52456
654067 704022 49955
608801 704187 95386
628303 704220 75917
636726 705342 68616
678859 705606 26747
641406 705903 64497
640290 706035 65745
644662 706464 61802
607434 706563 99129
683110 707322 24212
621085 707949 86864
647124 708510 61386
696036 708972 12936
664023 709764 45741
644637 712074 67437
688738 712767 24029
656482 712998 56516
695166 714054 18888
658381 714351 55970
673874 716001 42127
649346 716430 67084
649810 716991 67181
639827 717453 77626
633287 717717 84430
706753 717717 10964
676016 718179 42163
661464 718575 57111
677077 718740 41663
686015 719598 33583
678283 719763 41480
670772 720918 50146
682852 720984 38132
656400 721446 65046
659812 722964 63152
654359 723195 68836
648752 723393 74641
658375 723558 65183
645388 724185 78797
673702 724647 50945
633922 725274 91352
670384 725835 55451
685745 725868 40123
650210 725901 75691
654197 726462 72265
697691 726792 29101
693809 726858 33049
651759 726891 75132
610128 727848 117720
699409 728178 28769
677931 728376 50445
693999 728970 34971
694129 729564 35435
694644 729663 35019
702527 730983 28456
716625 732072 15447
696374 732501 36127
661998 732897 70899
675131 732963 57832
702892 733095 30203
666866 733425 66559
667708 733953 66245
683531 734679 51148
712330 735141 22811
715625 736263 20638
674819 737385 62566
692870 737748 44878
699730 737781 38051
661933 738276 76343
667044 738507 71463
666452 738870 72418
693177 739002 45825
696846 739398 42552
709966 739398 29432
708995 739530 30535
711980 739926 27946
692833 740025 47192
712470 740058 27588
680012 740718 60706
683132 741246 58114
662326 743127 80801
696567 743193 46626
669389 743292 73903
655797 743853 88056
659779 744447 84668
701936 744480 42544
705539 744777 39238
672576 745305 72729
713304 747582 34278
720029 747681 27652
709767 747747 37980
710035 748308 38273
677009 748539 71530
727116 749199 22083
681768 750222 68454
692448 752004 59556
695899 752598 56699
725503 753918 28415
723240 754446 31206
683035 755304 72269
732307 755601 23294
716580 756294 39714
706778 757647 50869
710343 758076 47733
719907 758241 38334
660779 758604 97825
689972 759297 69325
729210 759957 30747
716661 760386 43725
720589 761310 40721
698482 761442 62960
685673 761475 75802
673206 761838 88632
697793 762003 64210
678486 762300 83814
686344 762564 76220
680857 762993 82136
679191 763092 83901
685422 763422 78000
695430 763620 68190
680749 764115 83366
711647 764181 52534
712285 764742 52457
731816 765699 33883
688052 765765 77713
738953 766821 27868
717078 767184 50106
676680 767217 90537
681775 768471 86696
748088 768471 20383
749995 768999 19004
686897 769032 82135
714812 769923 55111
715064 770451 55387
692044 770715 78671
696594 771936 75342
724881 772101 47220
738086 772167 34081
701947 772497 70550
741714 772728 31014
741741 773685 31944
745686 774213 28527
727603 776391 48788
727784 776952 49168
729922 776985 47063
728168 777513 49345
715804 777645 61841
696031 778008 81977
711436 778074 66638
726242 778206 51964
717358 778602 61244
696262 778602 82340
689545 778734 89189
732656 779262 46606
724772 779691 54919
737118 781407 44289
738094 781935 43841
718174 781968 63794
717781 782496 64715
708418 782892 74474
689247 782958 93711
703781 783618 79837
761308 783783 22475
729161 784179 55018
693880 784608 90728
755741 785202 29461
697102 785697 88595
739299 787413 48114
769536 787413 17877
729127 787941 58814
690422 787941 97519
758573 788700 30127
741933 788931 46998
744740 788964 44224
756294 788964 32670
720806 789393 68587
709308 790515 81207
764395 790647 26252
716200 791670 75470
718816 792099 73283
720613 792231 71618
757203 793617 36414
706488 793716 87228
754725 796224 41499
765692 796653 30961
704959 796851 91892
747785 797313 49528
715493 797379 81886
760124 797643 37519
723420 798633 75213
721950 799095 77145
771209 801834 30625
735277 802956 67679
776015 802989 26974
768798 803022 34224
721080 803550 82470
793953 804639 10686
760139 807279 47140
787202 807444 20242
760533 807873 47340
772199 807972 35773
787406 808005 20599
772617 808401 35784
777658 808962 31304
716334 811800 95466
747464 812229 64765
773263 812229 38966
756406 812691 56285
774621 812790 38169
760264 813219 52955
751094 813318 62224
709442 813648 104206
698815 814308 115493
793639 814506 20867
769709 816651 46942
783893 817509 33616
728274 817575 89301
775101 817740 42639
778252 817872 39620
772543 818037 45494
728452 818103 89651
765569 818136 52567
780398 818433 38035
778580 818763 40183
788501 818829 30328
727195 818961 91766
792379 819093 26714
771747 819192 47445
783874 819225 35351
729394 820116 90722
798813 821568 22755
795208 822492 27284
809915 822657 12742
798138 822789 24651
814157 823185 9028
795882 823251 27369
725754 823647 97893
730287 824142 93855
739571 826881 87310
781648 827145 45497
769038 827838 58800
774643 828432 53789
783977 828861 44884
751796 829389 77593
788983 829554 40571
743322 830049 86727
744075 830742 86667
740021 830940 90919
760641 832029 71388
765430 832359 66929
761299 832590 71291
773630 832887 59257
724800 833019 108219
763295 833184 69889
795529 833580 38051
802528 833943 31415
808189 833943 25754
804409 834108 29699
735495 836847 101352
798410 837342 38932
737915 837375 99460
801911 837936 36025
749161 838035 88874
794325 838068 43743
762207 839058 76851
760612 840081 79469
831461 843909 12448
806115 844437 38322
822957 844569 21612
772769 845922 73153
792666 846483 53817
797342 847341 49999
761284 847671 86387
734007 847770 113763
800285 847836 47551
767614 847869 80255
790379 848331 57952
809621 848364 38743
789842 849486 59644
778166 849585 71419
756537 849882 93345
809447 850509 41062
794186 851565 57379
802915 851598 48683
824372 851598 27226
836996 852159 15163
809314 852687 43373
820348 852753 32405
744382 853248 108866
791328 854040 62712
743777 854832 111055
790706 854898 64192
743976 855195 111219
753054 855360 102306
816310 855591 39281
764796 856020 91224
773866 857439 83573
809993 859155 49162
762541 860178 97637
839276 861861 22585
766146 862818 96672
834733 863082 28349
788351 864831 76480
812312 865161 52849
788890 865425 76535
822404 866250 43846
824664 867075 42411
793750 867471 73721
793904 868164 74260
801064 868725 67661
776746 868824 92078
810558 868890 58332
771751 869286 97535
828692 869385 40693
823364 869451 46087
769849 870870 101021
770226 871464 101238
780544 872124 91580
806838 872520 65682
800141 872619 72478
803318 872685 69367
811501 873147 61646
736900 873180 136280
811883 873708 61825
777396 874929 97533
778906 875457 96551
730444 875886 145442
784196 876018 91822
760440 876414 115974
825868 879648 53780
830533 880209 49676
833282 880770 47488
842494 881331 38837
826393 881364 54971
835981 881892 45911
800563 883575 83012
801109 884103 82994
835990 884433 48443
789289 884565 95276
788230 884598 96368
802868 884664 81796
850007 884994 34987
790109 885192 95083
793794 885720 91926
809526 885819 76293
738368 885852 147484
853238 886083 32845
810270 886413 76143
853942 886611 32669
802217 887073 84856
804723 887634 82911
819725 888459 68734
824363 889251 64888
822074 889911 67837
824210 890142 65932
813287 890340 77053
843503 890571 47068
817562 890934 73372
851845 892023 40178
791540 892221 100681
803809 892782 88973
858888 893079 34191
877251 894168 16917
814660 895521 80861
819853 896577 76724
825511 897138 71627
856202 897567 41365
855710 898722 43012
862057 899085 37028
857385 899250 41865
845560 899877 54317
851840 899910 48070
850725 900438 49713
855487 900504 45017
851324 901032 49708
826300 902055 75755
834754 904167 69413
857996 904200 46204
795520 904827 109307
835880 905355 69475
798960 905487 106527
850069 905784 55715
826034 906906 80872
837015 908886 71871
837325 909480 72155
858763 909513 50750
859998 910074 50076
874671 910569 35898
819205 911328 92123
852853 911559 58706
871603 911757 40154
830059 912285 82226
854053 912351 58298
833766 912846 79080
803278 913968 110690
905871 914496 8625
812231 914529 102298
814857 914595 99738
795028 916608 121580
829135 916707 87572
806447 917301 110854
843066 917301 74235
823132 917895 94763
878602 918159 39557
806861 918456 111595
894683 918720 24037
807817 918984 111167
859884 921426 61542
872641 922020 49379
852064 922416 70352
795590 922680 127090
851641 923208 71567
813564 924759 111195
883366 925089 41723
831350 926673 95323
808533 927993 119460
880290 928191 47901
833021 928554 95533
881205 928785 47580
852170 928917 76747
838422 929148 90726
872715 931821 59106
883656 932118 48462
822507 932283 109776
911542 932415 20873
879903 932976 53073
829466 933306 103840
880251 933537 53286
832634 933966 101332
921233 934098 12865
853583 936606 83023
868537 937134 68597
905749 937200 31451
907514 937761 30247
879658 938289 58631
880080 938850 58770
881187 939411 58224
914176 939444 25268
895857 940764 44907
834541 941094 106553
899162 941292 42130
910958 941358 30400
912551 942381 29830
814146 942678 128532
849629 943074 93445
910773 943404 32631
849971 943635 93664
875122 943767 68645
884314 944163 59849
855750 944196 88446
856668 944757 88089
859086 944856 85770
863545 945318 81773
837558 946671 109113
888003 947727 59724
891003 948255 57252
849014 948420 99406
886626 948519 61893
849114 948981 99867
881645 949080 67435
863411 949641 86230
819011 949707 130696
894490 952083 57593
920733 952611 31878
897020 952974 55954
898678 953700 55022
838383 953766 115383
844892 956373 111481
894916 956835 61919
835357 957297 121940
897967 957363 59396
842245 958749 116504
902341 958815 56474
814506 961653 147147
907824 961752 53928
838485 962049 123564
926357 963369 37012
904495 965316 60821
843778 965646 121868
870236 966042 95806
847410 966570 119160
865372 966801 101429
863892 967461 103569
866932 968022 101090
869532 968583 99051
894969 969111 74142
908351 969342 60991
916432 972048 55616
908109 972246 64137
916732 972609 55877
910355 972774 62419
889578 973665 84087
920637 973764 53127
920910 974358 53448
899919 976767 76848
902400 977328 74928
908439 977889 69450
859011 978417 119406
892678 978945 86267
894298 979473 85175
917346 981420 64074
877587 982212 104625
879169 982773 103604
875003 985017 110014
923699 986073 62374
876841 986271 109430
857188 986964 129776
891583 987459 95876
906776 989439 82663
930868 989703 58835
894537 990198 95661
938280 990264 51984
858560 990693 132133
941730 990825 49095
923544 992805 69261
888521 993267 104746
892828 993828 101000
929813 995544 65731
911929 998514 86585
914762 999108 84346
877341 999174 121833
916509 999636 83127
860690 999834 139144
917943 1000197 82254
867941 1000230 132289
933345 1001319 67974
901542 1002210 100668
943021 1002672 59651
943857 1003332 59475
923377 1003464 80087
894432 1004025 109593
894484 1004619 110135
941272 1006104 64832
920554 1007523 86969
894919 1007754 112835
895724 1008315 112591
924740 1011384 86644
938591 1012077 73486
926394 1015344 88950
942103 1015509 73406
946610 1015542 68932
947909 1016037 68128
942965 1016037 73072
