5006 11616 6610
6551 13233 6682
7826 18282 10456
7045 20493 13448
12224 20922 8698
14598 22935 8337
14452 24486 10034
19129 25377 6248
7865 28215 20350
13299 31614 18315
15402 34023 18621
19402 35706 16304
20008 36234 16226
35400 41646 6246
32127 42999 10872
31973 46728 14755
38109 48906 10797
42377 49005 6628
43951 50589 6638
33281 54681 21400
44743 55671 10928
51227 57915 6688
53968 68508 14540
52167 68541 16374
64934 71841 6907
66373 73392 7019
56108 74778 18670
63653 76329 12676
62775 77880 15105
61344 80520 19176
53433 80586 27153
62264 81180 18916
69083 81510 12427
58222 83556 25334
74902 86691 11789
73420 87747 14327
71740 88143 16403
61649 88275 26626
69326 90255 20929
86261 92499 6238
86755 93357 6602
89412 96030 6618
94879 105633 10754
97056 108009 10953
99273 111870 12597
102419 114246 11827
96009 114774 18765
105978 116952 10974
110816 117447 6631
104354 119625 15271
109584 119922 10338
105173 122067 16894
114061 124938 10877
116069 127248 11179
117935 129228 11293
123291 134178 10887
126146 134310 8164
125212 135960 10748
128689 139623 10934
136834 143088 6254
135278 145662 10384
130615 145860 15245
141609 147873 6264
133041 150513 17472
145110 151437 6327
146193 153615 7422
146085 153714 7629
146463 156882 10419
144724 157509 12785
152027 159489 7462
146090 160446 14356
147273 162459 15186
151091 162492 11401
153356 163053 9697
158474 165099 6625
141348 166254 24906
160175 166419 6244
159487 169983 10496
150519 170280 19761
165380 171699 6319
162161 174735 12574
165429 176682 11253
169745 178794 9049
170777 180081 9304
155372 181533 26161
168655 183183 14528
170419 186021 15602
176733 187539 10806
178886 189618 10732
176810 190740 13930
182772 193149 10377
190807 197076 6269
191274 202191 10917
197242 203808 6566
200060 206745 6685
200756 209385 8629
202786 209781 6995
200583 214863 14280
203758 219549 15791
214449 221562 7113
212725 223476 10751
215765 226644 10879
228004 235026 7022
224293 235158 10865
221716 237864 16148
227416 240933 13517
233082 243474 10392
230840 243672 12832
236957 244167 7210
234114 249282 15168
234915 250899 15984
246353 252978 6625
247744 254001 6257
248470 255090 6620
251282 262020 10738
258251 267234 8983
257546 268422 10876
251595 270633 19038
257840 271590 13750
258572 274692 16120
261536 276804 15268
269132 280401 11269
267936 282381 14445
270296 283701 13405
265035 285483 20448
259104 286440 27336
271262 286671 15409
280162 286770 6608
267508 288684 21176
274820 289542 14722
278656 291390 12734
283322 292149 8827
270602 292941 22339
268845 293667 24822
289844 296472 6628
283397 296505 13108
291905 298155 6250
287578 298386 10808
290805 298650 7845
289050 300135 11085
293008 302412 9404
292344 302841 10497
296697 303006 6309
287532 305679 18147
301720 307989 6269
295922 309309 13387
304477 311091 6614
303321 314952 11631
307059 317988 10929
304510 319011 14501
300133 321717 21584
303317 324687 21370
314284 328383 14099
323747 330561 6814
323579 331221 7642
311489 333696 22207
315697 335742 20045
330274 338052 7778
327184 341187 14003
331600 341979 10379
320846 344289 23443
334599 346995 12396
338403 349272 10869
328746 353298 24552
338331 353826 15495
331755 354255 22500
345671 360030 14359
352884 360525 7641
347989 362307 14318
356254 364947 8693
357109 367851 10742
364106 370359 6253
362022 372438 10416
366585 373593 7008
364798 375705 10907
360319 378147 17828
365949 379071 13122
371615 382437 10822
377580 383823 6243
367297 386100 18803
374100 388179 14079
372892 388278 15386
374105 388806 14701
377446 389235 11789
368533 391380 22847
379682 392205 12523
387277 393888 6611
387267 394284 7017
381292 395571 14279
389381 398574 9193
395245 401577 6332
399353 405966 6613
400602 406857 6255
391377 408375 16998
394681 409893 15212
397734 414315 16581
400460 416196 15736
401461 418968 17507
406170 420387 14217
411952 422334 10382
413622 423456 9834
415918 426888 10970
421905 428142 6237
421401 429231 7830
416761 432993 16232
422428 433158 10730
423546 436227 12681
426584 437712 11128
427582 438999 11417
434150 440781 6631
436053 443058 7005
430575 445500 14925
440556 446886 6330
433114 447744 14630
438858 448569 9711
437204 449493 12289
444354 450615 6261
443844 452067 8223
448514 455136 6622
448877 455136 6259
451097 457743 6646
453686 464079 10393
449639 464178 14539
452369 466158 13789
451481 466851 15370
459414 470547 11133
461689 472824 11135
457208 474144 16936
461113 475827 14714
466450 478005 11555
463041 480381 17340
476622 483252 6630
470923 487245 16322
481400 487641 6241
481757 488136 6379
478787 489852 11065
482656 491304 8648
485635 496386 10751
492447 498696 6249
490818 498795 7977
500295 506913 6618
497467 507837 10370
503230 509487 6257
494551 510180 15629
504375 512556 8181
507811 514074 6263
498984 515361 16377
506573 515559 8986
500062 518793 18731
504922 520575 15653
509760 521928 12168
503766 524172 20406
505103 524832 19729
518001 524997 6996
512280 526251 13971
516239 527736 11497
510246 528825 18579
522481 529485 7004
519514 535986 16472
510220 536910 26690
531224 537867 6643
521477 543048 21571
536759 543081 6322
521668 544335 22667
525780 546249 20469
537642 546348 8706
528412 547536 19124
529348 547536 18188
535994 548064 12070
539159 549186 10027
533722 549450 15728
537693 551133 13440
542247 551661 9414
527924 551925 24001
524889 554763 29874
546016 555390 9374
542423 556413 13990
546286 557469 11183
544622 558591 13969
554098 560340 6242
554123 560373 6250
553493 562320 8827
552005 563739 11734
546912 564993 18081
549762 565818 16056
554953 572253 17300
562997 573738 10741
563233 573969 10736
563756 576807 13051
566166 579381 13215
578291 584529 6238
580349 586971 6622
582022 588654 6632
588622 595254 6632
583008 597300 14292
592886 600006 7120
594375 600633 6258
590838 602382 11544
594971 602580 7609
591608 602745 11137
590692 604923 14231
599939 606936 6997
602956 616407 13451
614074 620334 6260
606604 621027 14423
617697 624327 6630
623321 629574 6253
623150 629772 6622
619148 632808 13660
626300 636669 10369
635270 641520 6250
638623 645315 6692
631366 647889 16523
633228 650067 16839
637040 650892 13852
638075 652014 13939
643368 652674 9306
646755 653136 6381
640634 656073 15439
646988 656172 9184
648273 659010 10737
643110 659340 16230
650869 659868 8999
651838 662046 10208
650476 662772 12296
649847 664653 14806
653604 665016 11412
661102 667359 6257
661528 668151 6623
655557 670824 15267
663271 670890 7619
667266 673530 6264
664501 673794 9293
665536 674091 8555
665813 676005 10192
661638 676962 15324
672124 678381 6257
663381 679668 16287
663012 682638 19626
671152 684849 13697
672647 685014 12367
674889 685707 10818
678815 687654 8839
679084 691614 12530
682589 693363 10774
680371 694881 14510
679137 694947 15810
683648 695277 11629
679566 695475 15909
687292 696399 9107
687862 696861 8999
690434 696861 6427
683556 699567 16011
693017 699633 6616
696652 704385 7733
691503 704682 13179
690127 706365 16238
695233 707388 12155
694052 710589 16537
704950 712239 7289
697473 712866 15393
708997 716397 7400
703595 716727 13132
698407 717222 18815
710767 719400 8633
699005 719895 20890
712783 722964 10181
709256 724581 15325
718082 731412 13330
722257 732633 10376
724248 734613 10365
723457 734646 11189
727954 737352 9398
727731 738540 10809
732704 739332 6628
734920 741180 6260
732112 741576 9464
730080 745140 15060
744259 750519 6260
744919 756162 11243
747763 758142 10379
749035 759264 10229
753903 760980 7077
754396 761013 6617
743472 761409 17937
746892 764049 17157
763304 769890 6586
761168 771540 10372
761399 772167 10768
761581 773157 11576
754725 775698 20973
760760 777744 16984
767836 777942 10106
762131 780681 18550
767938 781638 13700
776299 782925 6626
781108 787413 6305
780875 787545 6670
780419 791307 10888
783397 792726 9329
773806 794145 20339
777485 799029 21544
789585 800019 10434
787789 801306 13517
785258 803121 17863
791822 803715 11893
798090 804738 6648
792673 806256 13583
804367 818004 13637
800381 818268 17887
808360 819159 10799
812865 824769 11904
813105 825033 11928
813847 826188 12341
815656 827739 12083
820941 827871 6930
813967 830181 16214
808236 830709 22473
820747 834009 13262
821184 834339 13155
811414 834999 23585
821900 837375 15475
819300 837441 18141
823419 837705 14286
828522 837969 9447
819197 841203 22006
827625 841665 14040
833370 842292 8922
832388 843942 11554
836073 844008 7935
834207 844437 10230
826590 845361 18771
834637 846582 11945
837156 847044 9888
842409 848661 6252
830761 849420 18659
844885 851136 6251
847005 853677 6672
850408 856647 6239
844285 857109 12824
852359 858627 6268
839547 859320 19773
851705 860112 8407
843456 860244 16788
851505 863808 12303
853802 864996 11194
859522 866184 6662
857807 868197 10390
861952 868527 6575
862895 871596 8701
868103 874797 6694
868815 875424 6609
866390 877437 11047
867284 877899 10615
870121 880869 10748
862163 881661 19498
870017 882981 12964
876802 883641 6839
874135 885060 10925
878819 885423 6604
867040 886347 19307
880027 891495 11468
875541 892782 17241
887802 898623 10821
892226 898854 6628
888735 908094 19359
891912 909513 17601
894250 909546 15296
903545 912483 8938
899759 917697 17938
908000 918885 10885
905057 919413 14356
906282 920997 14715
909777 921987 12210
915241 923241 8000
921188 927432 6244
924929 931194 6265
921715 932547 10832
926704 933504 6800
916163 933636 17473
926605 936375 9770
923767 936639 12872
930147 936771 6624
924680 939477 14797
936435 943041 6606
929658 943998 14340
939065 945318 6253
939481 946506 7025
939850 947034 7184
943098 953964 10866
944756 955515 10759
949169 955779 6610
950263 959244 8981
958591 965580 6989
954148 967395 13247
958001 968055 10054
958924 968121 9197
954291 969012 14721
955879 969111 13232
964821 976008 11187
969773 978978 9205
977827 984324 6497
978418 984687 6269
972695 985116 12421
971670 986964 15294
979238 988812 9574
981204 989340 8136
979007 992244 13237
987151 993399 6248
982452 993663 11211
975540 993828 18288
978916 994851 15935
981098 996864 15766
977587 999570 21983
985722 999603 13881
988070 1001121 13051
994453 1001715 7262
988168 1004487 16319
996424 1007424 11000
993468 1007556 14088
997055 1007985 10930
985628 1008909 23281
1005030 1011648 6618
1002176 1011978 9802
1002996 1015839 12843
1006631 1015839 9208
999754 1019040 19286
1005354 1019535 14181
1011251 1022109 10858
1021780 1028610 6830
1019122 1029864 10742
1017720 1031844 14124
1021335 1032702 11367
1026836 1033098 6262
1021270 1035408 14138
1023877 1037718 13841
1026136 1038609 12473
1024588 1041711 17123
1028750 1042305 13555
1025024 1042536 17512
1035306 1045011 9705
1039372 1047288 7916
1040118 1047816 7698
1042759 1049367 6608
1033378 1051017 17639
1042323 1051215 8892
1041804 1052601 10797
1050028 1056660 6632
1038658 1057848 19190
1045385 1058772 13387
1050226 1061346 11120
1048864 1062402 13538
1045959 1064415 18456
1056226 1067121 10895
1063495 1069761 6266
1066214 1076955 10741
1062940 1077318 14378
1071930 1082796 10866
1072381 1084116 11735
1073032 1088835 15803
1075243 1089627 14384
1078637 1093884 15247
1081644 1096755 15111
1086128 1098636 12508
1092662 1099263 6601
1088091 1101870 13779
1088877 1103652 14775
1093126 1109724 16598
1100913 1111803 10890
1090419 1112694 22275
1095000 1112826 17826
1106207 1113948 7741
1110528 1117149 6621
1111309 1124046 12737
1105094 1124178 19084
1110998 1124904 13906
1107239 1126620 19381
1115581 1127973 12392
1121950 1128963 7013
1124414 1131042 6628
1124733 1131702 6969
1126016 1132626 6610
1128549 1139358 10809
1135637 1141899 6262
1125543 1142559 17016
1133607 1144341 10734
1140054 1146684 6630
1142303 1148565 6262
1142622 1149258 6636
1145697 1152030 6333
1148834 1155099 6265
1141649 1155198 13549
1145618 1158201 12583
1157565 1163877 6312
1142298 1166517 24219
1155442 1166715 11273
1157230 1167969 10739
1164608 1171236 6628
1165345 1171962 6617
1167220 1173546 6326
1162667 1173942 11275
1167338 1181301 13963
1179353 1186152 6799
1175340 1188297 12957
1167295 1188924 21629
1170479 1189221 18742
1174917 1190871 15954
1183917 1190937 7020
1173870 1193907 20037
1180223 1194666 14443
1183315 1194996 11681
1189810 1196778 6968
1188705 1197537 8832
1191353 1197966 6613
1175937 1198857 22920
1195038 1201662 6624
1197534 1203774 6240
1200852 1207470 6618
1197879 1208328 10449
1195327 1209879 14552
1203002 1213740 10738
1193986 1214235 20249
1206483 1216941 10458
1204245 1218822 14577
1207213 1221990 14777
1207553 1222749 15196
1212332 1223079 10747
1218049 1224696 6647
1216321 1225851 9530
1218834 1233210 14376
1230163 1236411 6248
1226162 1237863 11701
1228588 1239018 10430
1229438 1240602 11164
1232913 1241988 9075
1236135 1242384 6249
1227250 1243737 16487
1235448 1249809 14361
1242143 1252878 10735
1247164 1253769 6605
1245356 1254363 9007
1240827 1256706 15879
1243025 1257663 14638
1247370 1258191 10821
1251256 1260699 9443
1258927 1265187 6260
1258937 1265682 6745
1261221 1267464 6243
1258431 1269444 11013
1264717 1270962 6245
1268797 1275516 6719
1265111 1277232 12121
1268049 1278849 10800
1272980 1280004 7024
1263192 1280994 17802
1270710 1285713 15003
1273899 1287825 13926
1281702 1287957 6255
1281410 1287990 6580
1268865 1288419 19554
1282475 1289673 7198
1284443 1290696 6253
1279564 1291026 11462
1284604 1291191 6587
1273097 1293633 20536
1277798 1294227 16429
1285558 1295481 9923
1286153 1296240 10087
1278939 1296405 17466
1291016 1298352 7336
1287666 1298451 10785
1292329 1299540 7211
1293971 1301817 7846
1291808 1302180 10372
1287771 1303137 15366
1291413 1305051 13638
1300769 1307394 6625
1301316 1307922 6606
1296913 1308516 11603
1295608 1310529 14921
1303976 1310991 7015
1306869 1313598 6729
1304424 1315677 11253
1309451 1315710 6259
1312875 1319505 6630
1306842 1321716 14874
1316497 1323102 6605
1318617 1325049 6432
1318735 1325577 6842
1320142 1326765 6623
1316719 1327458 10739
1313102 1327953 14851
1317448 1328646 11198
1325866 1332474 6608
1329153 1335411 6258
1328515 1339404 10889
1336322 1342935 6613
1337986 1344618 6632
1338439 1345113 6674
1336814 1347555 10741
1338829 1352340 13511
1343917 1352901 8984
1338417 1354023 15606
1349935 1356465 6530
1350575 1356828 6253
1349717 1360656 10939
1354298 1360920 6622
1358720 1365738 7018
1359159 1365738 6579
1352635 1367355 14720
1354118 1370556 16438
1355532 1371480 15948
1365250 1376001 10751
1367624 1376265 8641
1365647 1377156 11509
1371834 1378080 6246
1366189 1378212 12023
1373740 1383360 9620
1378228 1384482 6254
1366417 1384944 18527
1373688 1386330 12642
1373647 1389531 15884
1383697 1390356 6659
1378331 1392270 13939
1381635 1392402 10767
1376609 1394844 18235
1385805 1396197 10392
1392747 1399365 6618
1381601 1403622 22021
1397487 1403820 6333
1397906 1404315 6409
1390628 1406955 16327
1400815 1407054 6239
1393762 1407549 13787
1401821 1413291 11470
1402400 1413588 11188
1402504 1413918 11414
1404127 1415766 11639
1404724 1418505 13781
1408632 1424412 15780
1412527 1425039 12512
1416689 1427547 10858
1405278 1427613 22335
1421007 1427613 6606
1419149 1431606 12457
1409954 1434609 24655
1419740 1435500 15760
1429269 1435929 6660
1422308 1439262 16954
1423874 1440384 16510
1429526 1440912 11386
1419512 1443156 23644
1435871 1445070 9199
1428185 1448139 19954
1438487 1449426 10939
1443537 1450218 6681
1437501 1452495 14994
1434075 1452957 18882
1443694 1455003 11309
1433438 1455696 22258
1453138 1460118 6980
1449995 1461966 11971
1452120 1462494 10374
1457263 1463880 6617
1459220 1470084 10864
1456440 1470315 13875
1466762 1473384 6622
1473979 1480248 6269
1467290 1481172 13882
1476626 1483251 6625
1476057 1485396 9339
1479211 1485825 6614
1471847 1486683 14836
1479758 1487673 7915
1486106 1492722 6616
1483378 1496484 13106
1483336 1497771 14435
1489390 1499190 9800
1490752 1499685 8933
1499326 1506351 7025
1493497 1507737 14240
1501596 1508199 6603
1498255 1510608 12353
1508621 1515228 6607
1505389 1516812 11423
1511149 1517769 6620
1505856 1518099 12243
1504975 1521432 16457
1513971 1524336 10365
1511562 1527504 15942
1524061 1533081 9020
1531164 1537998 6834
1521764 1541232 19468
1528911 1546149 17238
1532589 1546545 13956
1533637 1548657 15020
1530870 1548855 17985
1543974 1554762 10788
1541493 1555620 14127
1549365 1556643 7278
1541252 1559646 18394
1544968 1559712 14744
1551543 1560438 8895
1550841 1561659 10818
1550081 1561791 11710
1550685 1563408 12723
1556189 1564332 8143
1542294 1564860 22566
1547953 1566609 18656
1558104 1571922 13818
1565703 1572384 6681
1562145 1575552 13407
1566225 1577235 11010
1556097 1579644 23547
1563035 1581954 18919
1572162 1583076 10914
1576680 1585221 8541
1575821 1585815 9994
1569953 1585947 15994
1571335 1586409 15074
1572185 1587894 15709
1570959 1591029 20070
1585556 1591887 6331
1575129 1593108 17979
1584020 1594758 10738
1587124 1595187 8063
1578056 1598091 20035
1578647 1598487 19840
1587541 1599807 12266
1593179 1605252 12073
1596588 1607331 10743
1589207 1608915 19708
1586277 1610928 24651
1599369 1612479 13110
1603260 1614591 11331
1606434 1615119 8685
1610631 1621356 10725
1610889 1621884 10995
1608313 1624986 16673
1614476 1625415 10939
1619438 1625910 6472
1620357 1626999 6642
1614961 1628385 13424
1619950 1628880 8930
1619168 1630035 10867
1626517 1634259 7742
1621720 1634820 13100
1621557 1635711 14154
1626980 1641552 14572
1627660 1642080 14420
1623630 1643763 20133
1628097 1645677 17580
1635672 1647459 11787
1641903 1648515 6612
1632527 1648878 16351
1642723 1655379 12656
1649295 1655544 6249
1647063 1657260 10197
1633654 1658712 25058
1637726 1662441 24715
1649480 1662573 13093
1658666 1665048 6382
1652488 1665411 12923
1647265 1666005 18740
1659646 1668612 8966
1662319 1669503 7184
1653210 1669965 16755
1650688 1671549 20861
1656983 1671549 14566
1669203 1677753 8550
1663596 1677984 14388
1671942 1678545 6603
1669481 1681020 11539
1678082 1684320 6238
1668333 1687224 18891
1681962 1688214 6252
1674147 1690425 16278
1678426 1690458 12032
1675026 1691910 16884
1679537 1693527 13990
1679583 1696728 17145
1686502 1697256 10754
1695243 1701480 6237
1694401 1705275 10874
1700656 1706925 6269
1695459 1708146 12687
1701411 1711776 10365
1709009 1719894 10885
1714677 1721742 7065
1712274 1723029 10755
1715133 1724448 9315
1720230 1727649 7419
1714750 1730817 16067
1721861 1732599 10738
1724782 1733886 9104
1714451 1733919 19468
1719915 1734348 14433
1723074 1737087 14013
1720906 1738407 17501
1722650 1739793 17143
1735836 1742466 6630
1740510 1751244 10734
1746659 1753686 7027
1740385 1754808 14423
1749173 1755798 6625
1748738 1757448 8710
1750679 1759758 9079
1741690 1760418 18728
1755455 1762431 6976
1757574 1764180 6606
1747162 1766424 19262
1761448 1772166 10718
1761795 1772166 10371
1767831 1774080 6249
1759079 1774872 15793
1767549 1778832 11283
1773764 1782726 8962
1770487 1785828 15341
1772663 1788072 15409
1775641 1788864 13223
1781696 1794441 12745
1784763 1795926 11163
1789621 1796223 6602
1778205 1796916 18711
1778342 1801041 22699
1790871 1804176 13305
1794324 1809192 14868
1804369 1810776 6407
1807730 1814406 6676
1803677 1819785 16108
1802745 1820808 18063
1808398 1821303 12905
1809353 1823811 14458
1808097 1825461 17364
1807507 1828695 21188
1812275 1831269 18994
1825712 1833480 7768
1825872 1834701 8829
1822773 1835361 12588
1817550 1836549 18999
1828839 1836681 7842
1811095 1837308 26213
1822175 1837803 15628
1823470 1839255 15785
1819346 1839915 20569
1821460 1840311 18851
1831952 1842324 10372
1833830 1842522 8692
1836325 1842588 6263
1837280 1843974 6694
1831757 1845492 13735
1838340 1846878 8538
1840351 1847406 7055
1844105 1850871 6766
1841117 1852257 11140
1843374 1858560 15186
1845810 1859484 13674
1853782 1860045 6263
1848038 1864467 16429
1851181 1865952 14771
1850667 1866777 16110
1862245 1868493 6248
1864400 1870638 6238
1865857 1872585 6728
1867496 1873740 6244
1870638 1881429 10791
1875207 1881825 6618
1871331 1884630 13299
1875458 1887105 11647
1876350 1887336 10986
1880899 1890075 9176
1874788 1890438 15650
1883729 1892880 9151
1878485 1895487 17002
1885882 1896642 10760
1877957 1897401 19444
1890880 1898292 7412
1887327 1900998 13671
1882583 1901427 18844
1895275 1902549 7274
1882606 1905453 22847
1891422 1905783 14361
1892442 1907862 15420
1898859 1910568 11709
1889490 1911030 21540
1902320 1913505 11185
1904817 1913637 8820
1896194 1913670 17476
1905778 1914330 8552
1900145 1915419 15274
1899830 1916739 16909
1904667 1916772 12105
1911245 1923471 12226
1908495 1924890 16395
1904278 1926276 21998
1918302 1929048 10746
1918821 1931457 12636
1920465 1932744 12279
1922368 1936308 13940
1929943 1938024 8081
1925200 1938222 13022
1933883 1940202 6319
1935934 1942182 6248
1929119 1942875 13756
1929233 1943403 14170
1931069 1945020 13951
1932952 1946043 13091
1935913 1950861 14948
1945070 1951323 6253
1945180 1954392 9212
1948222 1954854 6632
1934900 1957230 22330
1941084 1958979 17895
1952614 1959276 6662
1948968 1963401 14433
1945448 1965612 20164
1957443 1970826 13383
1965662 1971915 6253
1967538 1974522 6984
1959323 1974918 15595
1961346 1977360 16014
1965196 1977492 12296
1968074 1979835 11761
1974159 1980396 6237
1973721 1981452 7731
1970934 1986699 15765
1980763 1987392 6629
1982549 1988811 6262
1972592 1990065 17473
1984835 1991451 6616
1983835 1997721 13886
1998625 2005245 6620
1992802 2008578 15776
1990297 2009601 19304
1992261 2009931 17670
1996586 2011911 15325
1999180 2012703 13523
2002417 2013264 10847
2009464 2016069 6605
2003304 2020095 16791
2005273 2020623 15350
2010147 2021184 11037
2016382 2022999 6617
2016593 2023230 6637
2017781 2025540 7759
2009394 2027289 17895
2021290 2027916 6626
2020006 2034483 14477
2024999 2035935 10936
2038276 2044878 6602
2033056 2046561 13505
2036726 2047518 10792
2036382 2049597 13215
2039839 2056659 16820
2047144 2058144 11000
2045140 2059530 14390
2051619 2060850 9231
2051989 2065536 13547
2065330 2071575 6245
2066935 2073555 6620
2067100 2078373 11273
2076849 2083455 6606
2078834 2085072 6238
2076571 2086953 10382
2082201 2088801 6600
2079211 2090055 10844
2085393 2092035 6642
2084302 2094675 10373
2089068 2095335 6267
2081467 2096259 14792
2080912 2097612 16700
2092494 2099328 6834
2095297 2101869 6572
2092657 2103519 10862
2098339 2104608 6269
2099660 2105928 6268
2095647 2107017 11370
2099145 2111109 11964
2097640 2111868 14228
2103496 2117214 13718
2105156 2118171 13015
2108033 2122725 14692
2112098 2122956 10858
2118225 2124474 6249
2110845 2125926 15081
2120490 2127081 6591
2112985 2128896 15911
2121877 2133153 11276
2126935 2133186 6251
2116496 2136123 19627
2129564 2136189 6625
2131304 2138268 6964
2130380 2138367 7987
2130576 2141436 10860
2137467 2144472 7005
2135155 2146023 10868
2135701 2146584 10883
2140819 2151204 10385
2146818 2157936 11118
2145822 2158992 13170
2152340 2159025 6685
2153369 2159982 6613
2144708 2162193 17485
2156519 2163546 7027
2158249 2165394 7145
2159369 2165625 6256
2148711 2169222 20511
2165543 2172159 6616
2168467 2174733 6266
2170161 2176779 6618
2174209 2180838 6629
2174818 2188692 13874
2184147 2190408 6261
2184252 2190903 6651
2179711 2193477 13766
2183925 2197140 13215
2183957 2197899 13942
2189556 2199846 10290
2194976 2205720 10744
2200705 2207337 6632
2196448 2209581 13133
2196552 2211198 14646
2203989 2214861 10872
2204434 2214927 10493
2210785 2217369 6584
2205941 2217468 11527
2208527 2217567 9040
2208507 2223606 15099
2214201 2225058 10857
2216061 2227071 11010
2220918 2230107 9189
2222117 2232978 10861
2222732 2233605 10873
2229876 2236113 6237
2237349 2243967 6618
2240380 2246640 6260
2242034 2248653 6619
2242059 2249082 7023
2250092 2256342 6250
2247096 2257464 10368
2252153 2260995 8842
2251053 2261424 10371
2248603 2264097 15494
2261094 2267694 6600
2263816 2270070 6254
2263095 2276373 13278
2266853 2277792 10939
2272111 2279409 7298
2273856 2281917 8061
2268438 2283468 15030
2272069 2284128 12059
2274441 2289243 14802
2279785 2290233 10448
2281548 2292906 11358
2288437 2295051 6614
2279985 2296041 16056
2287464 2301915 14451
2292488 2302872 10384
2301766 2308020 6254
2294090 2308581 14491
2302787 2310132 7345
2305844 2312838 6994
2297767 2314620 16853
2309340 2315940 6600
2300825 2317821 16996
2312570 2319966 7396
2304196 2321385 17189
2305676 2323167 17491
2309455 2324223 14768
2311716 2324553 12837
2318308 2324553 6245
2315860 2325114 9254
2308800 2327754 18954
2309991 2328480 18489
2322472 2329074 6602
2323319 2334387 11068
2321116 2336466 15350
2324943 2336532 11589
2334972 2341548 6576
2335995 2342307 6312
2328468 2344881 16413
2338909 2345541 6632
2329354 2347719 18365
2346752 2352999 6247
2347354 2353956 6602
2348130 2354385 6255
2349661 2356299 6638
2350309 2356926 6617
2351639 2357883 6244
2354079 2360325 6246
2363701 2374152 10451
2368734 2375340 6606
2367680 2376858 9178
2370205 2377056 6851
2372983 2383722 10739
2384284 2390916 6632
2378519 2393853 15334
2382608 2393886 11278
2385216 2396262 11046
2389534 2398968 9434
2386416 2399727 13311
2383327 2400255 16928
2387383 2400684 13301
2387028 2400750 13722
2381650 2401542 19892
2380564 2404578 24014
2398409 2405007 6598
2385593 2405073 19480
2399473 2406954 7481
2396306 2410947 14641
2403650 2414016 10366
2409157 2415402 6245
2405085 2415468 10383
2409128 2419494 10366
2412152 2423421 11269
2415283 2426391 11108
2420617 2427249 6632
2418116 2428998 10882
2420054 2430912 10858
2419706 2431275 11569
2423211 2431374 8163
2411470 2432496 21026
2424996 2433882 8886
2429484 2435730 6246
2414686 2436852 22166
2423487 2438601 15114
2435580 2441835 6255
2429279 2443947 14668
2435097 2446191 11094
2432503 2446389 13886
2436829 2447709 10880
2438174 2449326 11152
2443811 2450052 6241
2447669 2453979 6310
2444111 2456289 12178
2445619 2459490 13871
2458546 2468928 10382
2460982 2471865 10883
2460967 2472162 11195
2461364 2472360 10996
2465126 2474868 9742
2467133 2477508 10375
2476566 2487507 10941
2481400 2488002 6602
2477091 2490081 12990
2484003 2490609 6606
2481899 2492292 10393
2489948 2497242 7294
2485304 2498562 13258
2477656 2500443 22787
2489538 2500872 11334
2489922 2501400 11478
2495508 2503842 8334
2494129 2505228 11099
2495538 2507934 12396
2499998 2508825 8827
2499226 2510442 11216
2492803 2511135 18332
2504193 2511168 6975
2498997 2513544 14547
2506806 2518197 11391
2492649 2519187 26538
2493435 2519715 26280
2513332 2520441 7109
2503472 2520738 17266
2511670 2522388 10718
2509765 2526117 16352
2509111 2526546 17435
2516680 2529318 12638
2521845 2535225 13380
2528101 2538492 10391
2532845 2539449 6604
2522488 2540604 18116
2537452 2544135 6683
2540075 2546676 6601
2540471 2550834 10363
2538214 2551296 13082
2539549 2555982 16433
2550539 2557302 6763
2547736 2558127 10391
2548196 2558655 10459
2549209 2559480 10271
2547514 2559975 12461
2548588 2561724 13136
2555160 2565915 10755
2564202 2570832 6630
2564278 2571360 7082
2561236 2572284 11048
2562350 2573439 11089
2568672 2575320 6648
2562484 2577201 14717
2561041 2580171 19130
2559783 2580270 20487
2570603 2581689 11086
2559716 2583471 23755
2572111 2586903 14792
2576173 2588685 12512
2579821 2590269 10448
2583893 2592909 9016
2585206 2593503 8297
2588967 2595978 7011
2592899 2599146 6247
2588760 2599509 10749
2594155 2604525 10370
2594051 2605284 11233
2597498 2607891 10393
2601891 2608518 6627
2602690 2608947 6257
2601419 2612280 10861
2602210 2612940 10730
2604308 2613006 8698
2606624 2618550 11926
2612020 2621619 9599
2603847 2621982 18135
2606944 2623368 16424
2611022 2624589 13567
2609431 2625381 15950
2608632 2628087 19455
2615219 2630694 15475
2626749 2633367 6618
2617441 2633796 16355
2608918 2635710 26792
2625372 2636238 10866
2612235 2636502 24267
2614656 2636568 21912
2619923 2638284 18361
2612532 2639307 26775
2613282 2641056 27774
2617929 2642112 24183
2625032 2642541 17509
2631218 2646105 14887
2636085 2646897 10812
2637072 2649009 11937
2639512 2650791 11279
2643792 2651121 7329
2639377 2657094 17717
2644475 2657556 13081
2648348 2659107 10759
2641372 2660295 18923
2652447 2663133 10686
2651884 2663859 11975
2655958 2666334 10376
2661542 2667786 6244
2663291 2670294 7003
2659089 2673462 14373
2663767 2674551 10784
2666166 2677422 11256
2671397 2677653 6256
2672484 2679468 6984
2665647 2680260 14613
2669365 2680623 11258
2673716 2686200 12484
2681963 2688972 7009
2676601 2691381 14780
2688808 2696298 7490
2687585 2698443 10858
2697825 2704086 6261
2691238 2705538 14300
2696349 2707716 11367
2698791 2709663 10872
2706707 2712963 6256
2710090 2717253 7163
2706416 2718177 11761
2709186 2719563 10377
2715691 2723226 7535
2709466 2723688 14222
2718266 2724579 6313
2717707 2726790 9083
2720804 2727417 6613
2707647 2727714 20067
2722576 2729265 6689
2717947 2732730 14783
2717704 2733621 15917
2723212 2734512 11300
2720608 2735436 14828
2721061 2735436 14375
2709643 2735832 26189
2721861 2736426 14565
2710200 2736723 26523
2730141 2739792 9651
2730354 2741937 11583
2723503 2742729 19226
2716403 2743389 26986
2730789 2743917 13128
2729956 2744181 14225
2734205 2747316 13111
2730418 2747910 17492
2741950 2748570 6620
2738218 2749098 10880
2738520 2750187 11667
2743755 2750187 6432
2744322 2751045 6723
2749306 2755566 6260
2748374 2755962 7588
2746609 2757876 11267
2745155 2759196 14041
2758269 2764509 6240
2757875 2768172 10297
2762451 2768700 6249
2751451 2769261 17810
2755687 2770812 15125
2764989 2773617 8628
2771436 2777709 6273
2771629 2778204 6575
2773916 2780184 6268
2769504 2780844 11340
2774884 2785629 10745
2779888 2786157 6269
2772394 2788236 15842
2777059 2789424 12365
2780383 2791173 10790
2784808 2791437 6629
2789253 2795496 6243
2781705 2796618 14913
2783489 2798235 14746
2788953 2799819 10866
2789700 2800446 10746
2794985 2801601 6616
2797505 2804142 6637
2795976 2805330 9354
2800989 2807574 6585
2797662 2808399 10737
2794208 2809917 15709
2805189 2811798 6609
2805844 2815131 9287
2810749 2817012 6263
2809939 2820873 10934
2804377 2821896 17519
2807482 2823513 16031
2814679 2823876 9197
2803178 2824932 21754
2818474 2825394 6920
2823859 2830113 6254
2826327 2832951 6624
2828362 2839221 10859
2825359 2841597 16238
2831742 2844732 12990
2838648 2847735 9087
2841717 2847966 6249
2837958 2848329 10371
2842228 2849715 7487
2845469 2851728 6259
2845182 2851794 6612
2847173 2854137 6964
2848623 2856447 7824
2847364 2857734 10370
2852857 2859516 6659
2848015 2860638 12623
2849273 2861133 11860
2848958 2862090 13132
2856044 2870472 14428
2857372 2870538 13166
2856492 2873079 16587
2857373 2873376 16003
2858196 2875389 17193
2869347 2878029 8682
2872853 2879118 6265
2874403 2885289 10886
2881872 2892747 10875
2884078 2899380 15302
2893431 2899677 6246
2885368 2900700 15332
2885019 2900997 15978
2882675 2902416 19741
2891743 2903703 11960
2893990 2907894 13904
2897298 2908488 11190
2891305 2912250 20945
2900418 2913174 12756
2898171 2915088 16917
2905597 2916540 10943
2896084 2917068 20984
2895673 2919609 23936
2917491 2923734 6243
2909805 2923932 14127
2916591 2927397 10806
2905644 2929707 24063
2923312 2930004 6692
2905793 2932413 26620
2916868 2936736 19868
2924697 2939937 15240
2927025 2943402 16377
2939563 2945811 6248
2942043 2948649 6606
2941656 2948682 7026
2946613 2952873 6260
2948770 2955381 6611
2949255 2955876 6621
2943297 2958978 15681
2953124 2962014 8890
2953087 2963532 10445
2958674 2964918 6244
2960959 2967591 6632
2965699 2972706 7007
2962973 2973729 10756
2964400 2975808 11408
2962563 2978283 15720
2969838 2978778 8940
2968772 2981253 12481
2970515 2981385 10870
2982353 2988612 6259
2987996 2994618 6622
2988579 2995146 6567
2986294 2997159 10865
2989599 3000393 10794
2984976 3001746 16770
2989810 3003099 13289
2997138 3003759 6621
3003402 3014121 10719
2998714 3016068 17354
2998421 3016266 17845
3002252 3016695 14443
3007510 3018576 11066
3009651 3023229 13578
3013863 3024252 10389
3016181 3027255 11074
3022037 3028641 6604
3016281 3031248 14967
3024642 3031611 6969
3028255 3034878 6623
3028317 3035406 7089
3029328 3035571 6243
3023020 3036627 13607
3026612 3037650 11038
3026929 3038904 11975
3031637 3042501 10864
3031229 3044844 13615
3035402 3046230 10828
3033068 3048474 15406
3036846 3051774 14928
3048213 3058605 10392
3048404 3059595 11191
3048222 3062103 13881
3049743 3063027 13284
3057679 3065238 7559
3041285 3065304 24019
3051937 3072135 20198
3056275 3073026 16751
3055714 3078636 22922
3067678 3079989 12311
3070540 3081276 10736
3069370 3082728 13358
3076079 3085698 9619
3077991 3088371 10380
3083224 3090054 6830
3082276 3091110 8834
3075591 3091275 15684
3077560 3093024 15464
3073727 3093255 19528
3081873 3094080 12207
3069039 3096324 27285
3085230 3098799 13569
3077648 3101703 24055
3084290 3101736 17446
3096626 3103749 7123
3099085 3105333 6248
3096302 3107412 11110
3107803 3114375 6572
3105491 3118434 12943
3109475 3119919 10444
3110304 3121041 10737
3110919 3121602 10683
3106142 3124308 18166
3116554 3127311 10757
3114770 3129126 14356
3123953 3130578 6625
3130318 3140709 10391
3137364 3145758 8394
3136097 3147837 11740
3142206 3148464 6258
3136361 3148992 12631
3143226 3150411 7185
3148634 3154899 6265
3142440 3156153 13713
3150273 3156879 6606
3136670 3157539 20869
3140514 3162489 21975
3143571 3162951 19380
3149952 3163413 13461
3152947 3165195 12248
3155759 3166944 11185
3154653 3168297 13644
3159758 3169650 9892
3163840 3170079 6239
3159131 3170112 10981
3158842 3170409 11567
3164428 3171597 7169
3157202 3173643 16441
3167115 3176349 9234
3170039 3176646 6607
3166268 3177537 11269
3166155 3179187 13032
3168288 3183048 14760
3172299 3183378 11079
3174487 3189219 14732
3183691 3190374 6683
3182604 3192981 10377
3173458 3193608 20150
3188934 3195588 6654
3190308 3198855 8547
3192954 3203343 10389
3193850 3207138 13288
3204029 3212583 8554
3198355 3213540 15185
3207022 3214002 6980
3203265 3214101 10836
3207246 3214596 7350
3207734 3217104 9370
3204866 3219612 14746
3209676 3219777 10101
3204631 3221955 17324
3218810 3225057 6247
3214954 3225816 10862
3220971 3227235 6264
3220068 3228753 8685
3224819 3231426 6607
3215961 3235848 19887
3232526 3239148 6622
3235245 3241887 6642
3232904 3243471 10567
3240823 3249411 8588
3237673 3249972 12299
3240914 3251787 10873
3244939 3252018 7079
3236907 3254988 18081
3239398 3255219 15821
3251523 3261456 9933
3248813 3262512 13699
3257199 3263865 6666
3249934 3264393 14459
3244103 3264921 20818
3253169 3265812 12643
3251957 3268485 16528
3262841 3269838 6997
3267208 3273468 6260
3267929 3274194 6265
3257699 3275646 17947
3270427 3277032 6605
3276046 3282675 6629
3272909 3283632 10723
3275090 3285480 10390
3280294 3286536 6242
3277887 3288582 10695
3284479 3291156 6677
3285995 3292608 6613
3288379 3295017 6638
3290811 3297888 7077
3287656 3300990 13334
3280178 3302211 22033
3289710 3303267 13557
3290844 3303696 12852
3295608 3305280 9672
3297386 3306600 9214
3288656 3306666 18010
3296391 3309702 13311
3299812 3309735 9923
3296699 3310065 13366
3301988 3314619 12631
3297940 3315543 17603
3309529 3319833 10304
3307121 3324387 17266
3305650 3324882 19232
3318803 3326862 8059
3315299 3327258 11959
3316629 3327786 11157
3316009 3329370 13361
3322944 3329799 6855
3322947 3333693 10746
3331372 3337983 6611
3328815 3339204 10389
3336224 3344847 8623
3334505 3345375 10870
3339468 3345705 6237
3336923 3347685 10762
3342686 3353559 10873
3344720 3355539 10819
3352701 3359334 6633
3352703 3359994 7291
3355231 3362238 7007
3345454 3365208 19754
3355319 3366264 10945
3350841 3367914 17073
3361485 3368211 6726
3363012 3372006 8994
3358846 3373161 14315
3362397 3374613 12216
3366170 3376560 10390
3370481 3377088 6607
3371962 3383259 11297
3373406 3385635 12229
3372660 3386460 13800
3375803 3386691 10888
3376423 3387087 10664
3388494 3394743 6249
3388640 3395271 6631
3390800 3397812 7012
3394089 3400716 6627
3394877 3405831 10954
3400279 3406887 6608
3392221 3407382 15161
3402161 3408504 6343
3398443 3409197 10754
3392459 3412398 19939
3394403 3413025 18622
3409366 3415995 6629
3406487 3416853 10366
3408946 3418767 9821
3408697 3419064 10367
3408080 3419559 11479
3414966 3421572 6606
3415365 3426687 11322
3421470 3430284 8814
3420435 3432396 11961
3424862 3432561 7699
3420201 3433848 13647
3416390 3434508 18118
3420218 3436686 16468
3427214 3437742 10528
3431284 3438930 7646
3420998 3440943 19945
3429677 3442032 12355
3425777 3445662 19885
3422357 3447642 25285
3436788 3450876 14088
3432369 3451635 19266
3438922 3452163 13241
3441847 3452592 10745
3436220 3454638 18418
3439139 3454671 15532
3433197 3455067 21870
3431058 3457542 26484
3436286 3462261 25975
3452053 3465264 13211
3452243 3465858 13615
3460038 3467376 7338
3459647 3468828 9181
3464235 3470808 6573
3468970 3475593 6623
3461586 3478035 16449
3468876 3479751 10875
3473948 3480576 6628
3476811 3483414 6603
3473304 3483678 10374
3482703 3488958 6255
3483135 3489750 6615
3481063 3495492 14429
3487125 3497868 10743
3484891 3498627 13736
3494330 3500937 6607
3496724 3503346 6622
3492905 3503610 10705
3498806 3505227 6421
3490772 3505854 15082
3503002 3509253 6251
3496048 3513279 17231
3503667 3515853 12186
3502809 3519648 16839
3514270 3520902 6632
3507263 3521760 14497
3516375 3522981 6606
3522664 3533046 10382
3526485 3533079 6594
3523987 3534861 10874
3530284 3536907 6623
3531046 3537732 6686
3528135 3539415 11280
3533569 3544497 10928
3540399 3547005 6606
3542804 3549051 6247
3531748 3549216 17468
3540357 3551130 10773
3538239 3551592 13353
3547432 3554034 6602
3544210 3554595 10385
3549892 3556146 6254
3549121 3556542 7421
3552747 3559050 6303
3554154 3564528 10374
3561060 3567696 6636
3561494 3568059 6565
3559365 3570534 11169
3553415 3570600 17185
3566381 3572646 6265
3564951 3572679 7728
3554995 3573933 18938
3565293 3579807 14514
3566346 3580335 13989
3574611 3582909 8298
3570468 3584988 14520
3575331 3587100 11769
3577922 3587694 9772
3578682 3591951 13269
3579620 3592974 13354
3570815 3595020 24205
3588432 3598881 10449
3593564 3599805 6241
3587862 3601950 14088
3596938 3603204 6266
3592980 3603930 10950
3593587 3607032 13445
