1066 11451 10385
7330 18216 10886
13052 23925 10873
17265 28083 10818
24028 30723 6695
17546 33891 16345
14593 34815 20222
25124 36795 11671
29088 37422 8334
25007 37521 12514
28217 40590 12373
28465 41118 12653
33474 41316 7842
22751 41349 18598
24128 41976 17848
36322 42702 6380
31397 43296 11899
29162 45936 16774
32072 46992 14920
27011 48378 21367
33588 48576 14988
34051 49104 15053
20360 50193 29833
34297 50721 16424
29907 54780 24873
41379 56100 14721
44567 57189 12622
36501 57981 21480
42209 58014 15805
42328 59070 16742
43596 59565 15969
47244 60192 12948
44949 60324 15375
38556 66957 28401
48006 67947 19941
45422 68772 23350
50516 69234 18718
49041 69267 20226
51818 70389 18571
54366 71148 16782
51200 71676 20476
50896 72435 21539
58847 72963 14116
41167 74877 33710
64422 78738 14316
72768 79695 6927
60997 80949 19952
63832 82005 18173
64350 84249 19899
69527 87120 17593
53625 88407 34782
76229 90288 14059
69684 90321 20637
71397 90618 19221
69912 90882 20970
70908 91509 20601
66920 91608 24688
73755 92070 18315
73503 92136 18633
68792 93819 25027
72539 94380 21841
73713 94974 21261
73994 95502 21508
83119 95700 12581
75698 96096 20398
74517 98901 24384
77117 99462 22345
78108 101508 23400
81429 102333 20904
80655 103092 22437
85349 104709 19360
80051 105270 25219
78507 105798 27291
85877 105930 20053
81070 106887 25817
85260 107448 22188
80032 109131 29099
88982 109329 20347
81369 109725 28356
91317 114246 22929
96996 114279 17283
93706 114378 20672
101617 116358 14741
105622 120516 14894
107123 120648 13525
91531 123057 31526
102759 123717 20958
111937 124113 12176
101802 124278 22476
110853 124311 13458
113081 124641 11560
104388 127512 23124
101139 127710 26571
116715 130746 14031
119025 131274 12249
112988 134046 21058
114879 137016 22137
121056 137511 16455
117438 137676 20238
116940 138204 21264
118051 138765 20714
122827 139359 16532
130228 139524 9296
121043 142560 21517
123051 142692 19641
122654 143154 20500
131263 143946 12683
123699 145893 22194
128837 146421 17584
127162 148500 21338
140558 148797 8239
118592 149061 30469
139143 149688 10545
122705 152295 29590
127013 152856 25843
128763 153384 24621
126936 153417 26481
135776 153615 17839
138039 153945 15906
136307 154143 17836
134937 154539 19602
127904 157377 29473
128661 157971 29310
140517 158136 17619
139259 160644 21385
149028 162162 13134
142936 163548 20612
135887 164208 28321
148403 164274 15871
149194 164604 15410
140004 164769 24765
148860 167904 19044
143580 168036 24456
152255 168366 16111
152073 170610 18537
146857 171567 24710
152017 175461 23444
169916 177936 8020
159336 178101 18765
160607 178662 18055
142985 178695 35710
156207 179223 23016
165799 179751 13952
156950 181137 24187
160918 181698 20780
161427 182226 20799
154085 185427 31342
162330 186582 24252
166723 187110 20387
162893 187143 24250
169505 187638 18133
170087 188166 18079
177818 188232 10414
165091 191004 25913
180577 191136 10559
159667 191301 31634
161506 194205 32699
157508 194733 37225
164725 195294 30569
174371 195327 20956
177182 196086 18904
174608 197538 22930
177626 198264 20638
160313 198825 38512
180955 200013 19058
182089 200574 18485
182899 201201 18302
172791 202587 29796
172885 203181 30296
179318 204402 25084
185414 205524 20110
186142 208230 22088
185665 209055 23390
199646 215094 15448
191299 215985 24686
186643 216018 29375
195743 216546 20803
197749 217173 19424
198320 217767 19447
206626 217800 11174
202972 218988 16016
172766 219219 46453
203009 219516 16507
184264 219747 35483
212360 220011 7651
186231 220341 34110
190409 220902 30493
190921 220902 29981
193561 221463 27902
199533 221463 21930
190026 221991 31965
200723 222024 21301
196321 223212 26891
200318 223773 23455
201275 225192 23917
204888 225753 20865
220062 226743 6681
202587 229416 26829
211609 229944 18335
212694 230505 17811
213534 231066 17532
219863 231891 12028
203038 233838 30800
223023 233904 10881
220816 233970 13154
214876 234267 19391
203553 234399 30846
218658 235026 16368
220163 241263 21100
227491 241395 13904
224638 244002 19364
222461 245685 23224
238038 246477 8439
232808 248721 15913
228726 252021 23295
243679 252318 8639
231702 252549 20847
226702 253275 26573
227955 254991 27036
227222 255552 28330
234405 256080 21675
238999 256080 17081
239590 256509 16919
230313 256575 26262
240847 256674 15827
232088 257103 25015
239701 257664 17963
228421 259875 31454
237979 260238 22259
243840 261987 18147
238808 262020 23212
240602 262746 22144
245995 262977 16982
244044 263208 19164
255290 263769 8479
235353 263868 28515
232093 266112 34019
236396 266805 30409
232076 267069 34993
239261 267234 27973
262405 269808 7403
227696 270171 42475
248299 270468 22169
241781 270732 28951
243827 271326 27499
254561 273933 19372
242193 274032 31839
259708 274197 14489
252966 275484 22518
249698 277134 27436
251044 277398 26354
248170 277959 29789
251045 278553 27508
253147 279114 25967
255792 279114 23322
262727 279642 16915
263367 280170 16803
246041 280335 34294
257634 280863 23229
241125 282315 41190
253240 282381 29141
246181 282876 36695
252334 283437 31103
258673 283998 25325
267656 286110 18454
275599 289212 13613
276007 290433 14426
277444 292248 14804
278568 292776 14208
275804 293667 17863
267829 295152 27323
263405 295515 32110
263606 296043 32437
277128 296373 19245
281635 296373 14738
267369 296538 29169
271978 299277 27299
275818 299838 24020
270571 302973 32402
285586 305976 20390
277454 306042 28588
288205 306570 18365
296595 306669 10074
293520 308748 15228
286779 309276 22497
289183 309804 20621
288725 311058 22333
296491 311718 15227
289100 316305 27205
294875 317460 22585
304204 317658 13454
291023 319506 28483
295274 320034 24760
292149 320562 28413
299426 320595 21169
300318 320694 20376
296759 320892 24133
293686 321123 27437
299982 321684 21702
304554 322245 17691
306616 323301 16685
311659 323400 11741
297526 325446 27920
293404 327228 33824
306202 327690 21488
293401 330825 37424
297266 331386 34120
315058 331782 16724
324632 332937 8305
321774 334125 12351
321831 334488 12657
316805 337260 20455
325730 337887 12157
325925 338382 12457
315125 340461 25336
322067 340824 18757
319273 340989 21716
327557 341517 13960
314502 341847 27345
321143 342012 20869
322955 344718 21763
335168 345114 9946
323579 345246 21667
326820 345807 18987
334088 349569 15481
339902 352671 12769
329068 352704 23636
339285 353298 14013
333385 355113 21728
337794 355641 17847
333743 355872 22129
339981 356004 16023
347612 356301 8689
341693 356433 14740
343673 356928 13255
342596 357027 14431
340139 362472 22333
337888 362736 24848
338534 363330 24796
351296 364815 13519
357600 367554 9954
346920 368445 21525
362546 372042 9496
348899 374418 25519
353487 374583 21096
349204 374979 25775
349802 375573 25771
358993 375804 16811
349730 376134 26404
365092 376662 11570
364149 376893 12744
358339 380391 22052
360020 380754 20734
354928 380985 26057
353761 381117 27356
359303 381513 22210
361481 382305 20824
364398 382800 18402
358963 383955 24992
367517 384615 17098
356147 386034 29887
356719 386067 29348
367126 388311 21185
376337 389400 13063
374070 393162 19092
359929 393294 33365
374854 394020 19166
381752 394548 12796
373829 396561 22732
373667 396759 23092
376558 397650 21092
381298 399564 18266
374795 400620 25825
377245 401181 23936
372472 401709 29237
381712 404052 22340
383850 404613 20763
377288 405042 27754
382691 405702 23011
386440 408903 22463
390612 409464 18852
394874 410025 15151
396876 412962 16086
404235 412962 8727
388384 416196 27812
395437 417219 21782
400425 418440 18015
401339 419001 17662
389844 419496 29652
391088 420057 28969
391235 420222 28987
398995 420618 21623
407762 420981 13219
403477 423588 20111
411265 428406 17141
400811 429594 28783
405516 429726 24210
406687 432036 25349
403249 432564 29315
401167 432927 31760
401596 433521 31925
408766 434148 25382
414105 435765 21660
429383 438405 9022
413947 440055 26108
415887 440550 24663
423607 441078 17471
417605 443124 25519
415341 443256 27915
420900 443652 22752
424845 444840 19995
438153 445401 7248
420842 446457 25615
419035 446886 27851
429615 448602 18987
432405 449658 17253
434954 451143 16189
415870 451803 35933
436501 454311 17810
433129 455433 22304
441360 457149 15789
435151 457182 22031
437585 459294 21709
441123 462363 21240
430654 462561 31907
437464 463089 25625
452578 463518 10940
437915 463683 25768
449078 463980 14902
450165 464211 14046
446723 465069 18346
455165 471108 15943
456507 472725 16218
451120 474408 23288
451828 474969 23141
439613 475035 35422
450105 475563 25458
468796 475860 7064
465370 477840 12470
455871 478203 22332
459158 478764 19606
463710 479061 15351
461459 479292 17833
457951 482823 24872
476914 485727 8813
476748 486057 9309
452522 486255 33733
460518 488928 28410
463436 489225 25789
474790 489852 15062
467914 491370 23456
471988 492129 20141
473169 492195 19026
470707 493251 22544
481357 495231 13874
481772 495957 14185
481725 496650 14925
484512 499851 15339
483625 501567 17942
489136 505098 15962
484529 505989 21460
480255 506913 26658
482935 509190 26255
484774 509751 24977
487313 509883 22570
490322 510411 20089
501467 510675 9208
490550 511005 20455
494796 514206 19410
492643 516054 23411
495779 516219 20440
482449 516318 33869
500316 516978 16662
496437 517143 20706
502004 517605 15601
503658 520344 16686
494362 522621 28259
494801 523149 28348
503000 524403 21403
489247 524931 35684
505902 525525 19623
512846 526119 13273
505377 526350 20973
506071 526746 20675
505924 526944 21020
509618 527307 17689
508704 527571 18867
517977 528792 10815
521116 529386 8270
517429 530574 13145
520650 530805 10155
516324 532488 16164
516422 534699 18277
523593 535128 11535
521517 538032 16515
509042 538131 29089
513703 539253 25550
519850 539880 20030
524686 541101 16415
518350 541332 22982
513758 543114 29356
531896 544038 12142
517438 544302 26864
523355 544830 21475
517303 547635 30332
517834 548196 30362
521305 548823 27518
535152 549615 14463
530758 551133 20375
528045 551826 23781
538133 552189 14056
531077 552849 21772
543680 553839 10159
538291 554400 16109
533549 554532 20983
534585 555126 20541
536547 556248 19701
548679 556677 7998
552440 559119 6679
530782 561726 30944
545603 563574 17971
545608 564102 18494
542449 564201 21752
548973 564630 15657
548520 564762 16242
550587 565158 14571
545618 565356 19738
560218 567039 6821
552818 567732 14914
547243 567963 20720
566573 573177 6604
556789 573441 16652
559255 573969 14714
558929 574233 15304
556033 575784 19751
563132 577599 14467
558807 578985 20178
564420 579513 15093
557598 580800 23202
569559 581328 11769
567573 582516 14943
568486 588720 20234
572805 589479 16674
570410 589776 19366
574768 590634 15866
568761 593241 24480
578171 593406 15235
577034 596211 19177
573575 596574 22999
591687 603405 11718
588699 605583 16884
593219 606573 13354
596378 607233 10855
587028 607827 20799
592311 608949 16638
592457 609015 16558
589519 612216 22697
591029 612975 21946
591950 613536 21586
596603 613635 17032
596114 614130 18016
591295 616671 25376
602922 616836 13914
600933 617199 16266
608390 619905 11515
603770 622644 18874
598413 624030 25617
599870 624327 24457
607905 624855 16950
613672 625383 11711
611150 627429 16279
608022 628320 20298
605227 628584 23357
611106 628881 17775
618268 632115 13847
606960 636471 29511
619255 636603 17348
630705 639111 8406
605505 639210 33705
611814 639672 27858
611221 639804 28583
619331 640365 21034
621199 640893 19694
620688 640992 20304
624324 641586 17262
617199 642147 24948
620972 642279 21307
621412 642576 21164
636779 644028 7249
631271 644853 13582
623994 645480 21486
621459 645777 24318
624127 646074 21947
621878 646371 24493
625504 646932 21428
623939 648978 25039
620299 650133 29834
633513 652179 18666
633392 652476 19084
641112 652971 11859
632952 655083 22131
641482 655248 13766
624988 656700 31712
640355 657591 17236
643883 659670 15787
629818 660099 30281
642533 660792 18259
657666 663927 6261
654264 668184 13920
654114 668514 14400
642168 670395 28227
625141 670923 45782
654852 671319 16467
644056 674157 30101
653973 674652 20679
662123 676434 14311
659458 677754 18296
662963 677754 14791
662359 678381 16022
671402 682440 11038
663809 682539 18730
665234 683067 17833
667926 683628 15702
666258 683859 17601
671904 684156 12252
670413 685641 15228
670549 686862 16313
662405 688842 26437
667193 689370 22177
680635 689469 8834
677998 692571 14573
686519 692769 6250
685067 696267 11200
679975 697686 17711
677266 699666 22400
680003 699798 19795
687559 700293 12734
682744 700425 17681
679429 702867 23438
681604 703395 21791
688348 703461 15113
694443 707322 12879
696499 708048 11549
686760 713031 26271
699194 713229 14035
693687 713526 19839
694107 714615 20508
695068 715176 20108
689393 715407 26014
695709 715737 20028
707835 718113 10278
702303 722403 20100
699082 722502 23420
706602 723063 16461
714136 723261 9125
706861 723591 16730
700036 725604 25568
705257 725703 20446
706712 726132 19420
700715 726330 25615
693644 726990 33346
721788 729300 7512
722893 729498 6605
710568 730224 19656
710535 735702 25167
715692 736692 21000
716935 737154 20219
713450 737187 23737
718835 737451 18616
719869 737847 17978
721242 738474 17232
725318 740553 15235
729726 741180 11454
730327 745107 14780
735599 745239 9640
737303 745833 8530
729828 746361 16533
716944 748209 31265
737106 748374 11268
721814 748671 26857
728641 749364 20723
724157 749892 25735
734068 749958 15890
737613 750882 13269
725288 753093 27805
730029 753654 23625
728070 754149 26079
731680 754248 22568
732946 754776 21830
741928 755205 13277
735435 755568 20133
742711 758769 16058
733647 758802 25155
737375 759363 21988
743248 759957 16709
755596 765534 9938
745770 766491 20721
757321 766722 9401
752251 766788 14537
726307 769197 42890
738617 769725 31108
730034 769956 39922
754062 770715 16653
757660 770847 13187
755329 770880 15551
735052 773157 38105
738710 773223 34513
757207 774048 16841
749551 774114 24563
740755 774345 33590
752825 774477 21652
747774 774939 27165
756339 775236 18897
752840 778668 25828
760814 781539 20725
769730 782001 12271
770531 784080 13549
759495 784542 25047
747506 784740 37234
744872 785202 40330
752398 785400 33002
759704 786423 26719
763744 786522 22778
769651 787281 17630
769696 787842 18146
764530 788436 23906
774255 794046 19791
783623 794706 11083
787438 795795 8357
778202 796191 17989
765295 798468 33173
775376 798996 23620
771220 799029 27809
771819 799524 27705
781425 800283 18858
775842 801042 25200
781457 801570 20113
776363 802263 25900
785234 802263 17029
777480 803352 25872
779415 803979 24564
786947 803979 17032
787291 811272 23981
788835 811536 22701
787745 811602 23857
788999 813351 24352
792077 814308 22231
778973 814539 35566
793297 814770 21473
788315 815067 26752
794988 815331 20343
794534 815364 20830
789938 815595 25657
786887 815826 28939
807136 818070 10934
793354 819126 25772
797027 821172 24145
802015 822921 20906
799801 824637 24836
803378 825957 22579
810723 827574 16851
807125 829257 22132
819253 831336 12083
811780 833844 22064
820808 834372 13564
812195 834438 22243
822573 834900 12327
815367 837606 22239
821875 837672 15797
799849 837771 37922
821548 838563 17015
823163 843051 19888
820797 845163 24366
824937 845691 20754
828873 846681 17808
835455 847209 11754
826733 847671 20938
842159 848892 6733
833623 849717 16094
820051 850476 30425
845775 852753 6978
828189 853677 25488
836726 854205 17479
828196 855294 27098
829146 855360 26214
834982 855855 20873
828981 856449 27468
829629 856977 27348
837745 859683 21938
841139 860706 19567
844765 863445 18680
855175 863940 8765
841998 864864 22866
839591 865458 25867
843285 867174 23889
847669 867735 20066
849092 868659 19567
848973 869220 20247
848859 870441 21582
853041 870969 17928
843212 871431 28219
843393 872025 28632
846497 872586 26089
852442 873081 20639
847836 876315 28479
848245 876909 28664
848060 877173 29113
861900 877668 15768
850086 879285 29199
861107 880275 19168
857633 881133 23500
866630 881298 14668
861670 882486 20816
866699 884037 17338
859273 884334 25061
870668 886512 15844
867810 888888 21078
881131 890571 9440
868572 890967 22395
865075 891033 25958
866184 891594 25410
869081 892023 22942
868796 892089 23293
866916 892122 25206
869689 892716 23027
872805 893277 20472
875629 893673 18044
879539 893706 14167
876505 896478 19973
867176 897435 30259
878494 899085 20591
880815 899514 18699
886147 904332 18185
887881 904563 16682
880721 904794 24073
887297 904860 17563
889045 905091 16046
888677 905289 16612
872903 907236 34333
899159 907500 8341
888896 907896 19000
890631 908193 17562
891522 908523 17001
897737 910470 12733
882145 914826 32681
902823 915189 12366
888950 915354 26404
903639 915816 12177
901085 915882 14797
904720 917466 12746
900421 918852 18431
903110 919017 15907
903798 920172 16374
912764 921591 8827
904473 921954 17481
907264 927795 20531
913738 928290 14552
915943 929313 13370
901477 931095 29618
920037 932382 12345
916897 932844 15947
912515 933372 20857
909475 934098 24623
916497 934626 18129
927898 937200 9302
918135 937365 19230
918015 938388 20373
927882 939873 11991
924896 943932 19036
937676 944361 6685
930203 947925 17722
924901 948420 23519
928824 948948 20124
928100 949509 21409
931725 949674 17949
933092 950070 16978
936199 951918 15719
932771 953238 20467
932108 953271 21163
938312 954657 16345
946556 955944 9388
937971 955977 18006
942558 956505 13947
934884 957858 22974
950903 958551 7648
943670 961719 18049
944377 961719 17342
947212 962247 15035
943071 962610 19539
946967 965349 18382
935513 965415 29902
951248 965877 14629
936096 966009 29913
939466 966636 27170
943526 968550 25024
947268 969111 21843
950503 969837 19334
960203 971652 11449
963181 972774 9593
945580 974754 29174
955086 975579 20493
967906 975810 7904
944579 976008 31429
949547 977955 28408
958795 978285 19490
952848 978549 25701
956644 979011 22367
954453 979176 24723
963487 979209 15722
957234 979605 22371
956251 979770 23519
960558 980034 19476
963124 981915 18791
965109 983235 18126
975586 986601 11015
964814 987063 22249
965749 989802 24053
970558 990264 19706
972131 993663 21532
978537 994851 16314
977804 995544 17740
973022 995940 22918
982200 995940 13740
977829 996105 18276
976471 997194 20723
981678 997623 15945
974286 998316 24030
971931 998580 26649
985997 1001517 15520
985482 1004751 19269
972185 1005015 32830
982314 1005015 22701
971367 1005411 34044
985114 1005576 20462
990356 1007919 17563
986119 1008645 22526
990348 1009206 18858
986128 1009767 23639
992446 1011219 18773
998690 1012143 13453
983611 1014420 30809
992705 1017093 24388
988090 1019370 31280
998901 1020558 21657
1010372 1022043 11671
1011504 1024155 12651
1014070 1024947 10877
1014592 1025442 10850
1014486 1028412 13926
1014641 1029270 14629
1018592 1030293 11701
1020888 1032075 11187
1024289 1032933 8644
1022737 1034748 12011
1019707 1035804 16097
1032338 1038510 6172
1026015 1041150 15135
1032192 1043064 10872
1025380 1044351 18971
1031727 1045044 13317
1027869 1045407 17538
1029107 1047552 18445
1030165 1047816 17651
1026152 1048245 22093
1034691 1051050 16359
1041144 1055571 14427
1027903 1057023 29120
1033201 1057551 24350
1040783 1058112 17329
1038049 1058937 20888
1040538 1060752 20214
1056221 1063326 7105
1036061 1064415 28354
1039725 1065702 25977
1050650 1066230 15580
1042789 1066560 23771
1049734 1068837 19103
1054469 1069266 14797
1052295 1069365 17070
1040079 1069431 29352
1043742 1069893 26151
1041886 1069992 28106
1051040 1070553 19513
1045600 1073094 27494
1058139 1073259 15120
1056206 1076130 19924
1057171 1076592 19421
1057100 1078242 21142
1060534 1078770 18236
1062402 1080882 18480
1061034 1081179 20145
1062723 1082235 19512
1067775 1082763 14988
1068745 1083753 15008
1076137 1086327 10190
1064349 1086954 22605
1070200 1087713 17513
1081030 1090551 9521
1076141 1090815 14674
1069535 1090914 21379
1078097 1094313 16216
1073352 1096326 22974
1078632 1096821 18189
1083848 1096920 13072
1086940 1097448 10508
1078748 1097778 19030
1081953 1098306 16353
1083620 1099032 15412
1084752 1099659 14907
1078840 1100649 21809
1085673 1103850 18177
1092895 1106556 13661
1069600 1106589 36989
1093651 1107942 14291
1088134 1108041 19907
1088301 1108041 19740
1098227 1109493 11266
1093192 1113123 19931
1089113 1113948 24835
1090984 1115994 25010
1094742 1116555 21813
1092215 1119525 27310
1098231 1120086 21855
1103450 1120218 16768
1099682 1120713 21031
1106397 1120878 14481
1104047 1122429 18382
1101223 1123914 22691
1102951 1124112 21161
1106742 1124112 17370
1111587 1124442 12855
1103422 1124706 21284
1109444 1124706 15262
1113284 1130052 16768
1115487 1130547 15060
1114701 1132296 17595
1116933 1132824 15891
1111056 1133253 22197
1110033 1135695 25662
1114968 1136223 21255
1105181 1136454 31273
1119618 1139523 19905
1120027 1139919 19892
1112720 1142856 30136
1118061 1143417 25356
1121665 1143879 22214
1120010 1144011 24001
1130348 1146354 16006
1122149 1147212 25063
1131166 1147377 16211
1122710 1147773 25063
1132703 1148301 15598
1133677 1148829 15152
1131185 1150347 19162
1126893 1150710 23817
1133942 1150908 16966
1134985 1151007 16022
1127662 1151403 23741
1128009 1152030 24021
1135702 1152426 16724
1125489 1152558 27069
1134211 1155627 21416
1127720 1155759 28039
1139347 1156254 16907
1135197 1159290 24093
1143078 1159455 16377
1144437 1159884 15447
1141735 1163085 21350
1142378 1163613 21235
1143410 1164141 20731
1154107 1164240 10133
1147282 1164669 17387
1144162 1167441 23279
1144766 1168167 23401
1160074 1168200 8126
1158850 1169718 10868
1153580 1170642 17062
1148266 1171302 23036
1144550 1171368 26818
1147517 1171929 24412
1152988 1172028 19040
1156296 1172490 16194
1160003 1173018 13015
1165265 1173909 8644
1165803 1174437 8634
1165499 1176846 11347
1167340 1179618 12278
1169391 1180773 11382
1163574 1183974 20400
1165264 1184535 19271
1173182 1187274 14092
1160794 1187967 27173
1166833 1188495 21662
1161928 1189056 27128
1167051 1189089 22038
1174828 1189155 14327
1163182 1189617 26435
1175422 1190409 14987
1167847 1190739 22892
1169067 1191894 22827
1173497 1194600 21103
1173047 1195128 22081
1178648 1195128 16480
1167763 1196844 29081
1170758 1197438 26680
1170171 1197537 27366
1181136 1197834 16698
1176067 1198065 21998
1177265 1199979 22714
1182306 1200771 18465
1191268 1201299 10031
1193665 1204929 11264
1184097 1205457 21360
1190429 1205787 15358
1194600 1207041 12441
1184171 1209021 24850
1183802 1209417 25615
1187727 1209450 21723
1188119 1209945 21826
1173915 1209978 36063
1191308 1210539 19231
1189709 1210638 20929
1197100 1211166 14066
1183652 1214367 30715
1179450 1214961 35511
1193926 1215522 21596
1182747 1215687 32940
1204639 1216017 11378
1199389 1216050 16661
1200153 1216116 15963
1183262 1216314 33052
1187591 1216908 29317
1197712 1218096 20384
1202335 1218129 15794
1206455 1219119 12664
1207060 1219383 12323
1192937 1219944 27007
1206903 1223508 16605
1211572 1225356 13784
1188488 1227534 39046
1205975 1228161 22186
1208633 1228557 19924
1194844 1229547 34703
1212346 1230075 17729
1211614 1230339 18725
1212970 1233309 20339
1206391 1234893 28502
1220655 1235025 14370
1205974 1235421 29447
1218869 1236015 17146
1227873 1236015 8142
1230508 1237599 7091
1227725 1238160 10435
1227989 1238721 10732
1222172 1239216 17044
1221145 1241592 20447
1220062 1241922 21860
1217486 1242417 24931
1222070 1242978 20908
1217200 1243407 26207
1223168 1243539 20371
1217579 1243902 26323
1234817 1244826 10009
1214236 1249941 35705
1228954 1250469 21515
1235140 1253538 18398
1232789 1253670 20881
1229275 1253802 24527
1235929 1254099 18170
1239911 1254891 14980
1228497 1256607 28110
1246459 1259214 12755
1237750 1260072 22322
1241003 1260633 19630
1246731 1260864 14133
1222049 1261194 39145
1236958 1261722 24764
1255460 1262811 7351
1245090 1263603 18513
1248157 1264230 16073
1247510 1267431 19921
1244656 1267629 22973
1250394 1267992 17598
1248646 1268058 19412
1259742 1268190 8448
1249363 1270797 21434
1256552 1270863 14311
1259137 1271820 12683
1251584 1272018 20434
1253064 1272546 19482
1261076 1275285 14209
1271284 1282149 10865
1264058 1282743 18685
1264948 1283106 18158
1266697 1284129 17432
1270438 1285449 15011
1273752 1288254 14502
1262758 1289739 26981
1263689 1290267 26578
1272771 1290894 18123
1275561 1291125 15564
1271347 1293468 22121
1272368 1293501 21133
1268559 1294194 25635
1276769 1294392 17623
1277815 1294755 16940
1271558 1294854 23296
1275360 1295877 20517
1273201 1297098 23897
1287542 1297131 9589
1277741 1298154 20413
1275112 1300629 25517
1282599 1303830 21231
1285030 1304457 19427
1290856 1305513 14657
1292163 1306173 14010
1300858 1308450 7592
1293518 1309572 16054
1293973 1310001 16028
1291286 1310034 18748
1286874 1310100 23226
1291575 1310529 18954
1286728 1312839 26111
1293273 1313268 19995
1293039 1313763 20724
1293714 1313796 20082
1290828 1314489 23661
1296951 1314522 17571
1299618 1316403 16785
1300607 1316931 16324
1295530 1316997 21467
1311821 1320561 8740
1301329 1323399 22070
1303355 1324422 21067
1306320 1324488 18168
1291587 1326105 34518
1304375 1328811 24436
1312154 1329273 17119
1320886 1331352 10466
1304898 1332012 27114
1305903 1332474 26571
1295492 1332540 37048
1306281 1333002 26721
1306936 1333563 26627
1314607 1334124 19517
1313175 1334553 21378
1324983 1335774 10791
1306219 1337754 31535
1313388 1338315 24927
1327384 1339437 12053
1319080 1340922 21842
1321025 1341450 20425
1314108 1341549 27441
1318925 1343958 25033
1319571 1344156 24585
1327346 1344552 17206
1325538 1345212 19674
1320237 1346334 26097
1325450 1346895 21445
1313695 1347753 34058
1322937 1348314 25377
1331837 1348512 16675
1318909 1351152 32243
1327177 1351680 24503
1328395 1352274 23879
1331505 1352802 21297
1331206 1356003 24797
1336000 1356399 20399
1331128 1356861 25733
1332743 1357356 24613
1337969 1357752 19783
1343161 1358280 15119
1338407 1359600 21193
1323141 1360689 37548
1325943 1361151 35208
1332530 1361481 28951
1326192 1361877 35685
1340009 1362042 22033
1328574 1362339 33765
1340039 1362603 22564
1342635 1363164 20529
1332555 1363527 30972
1355865 1364484 8619
1326898 1366761 39863
1340870 1367289 26419
1338984 1368279 29295
1347238 1368444 21206
1342739 1368972 26233
1343849 1369566 25717
1340478 1370094 29616
1343404 1373295 29891
1347850 1373460 25610
1358297 1373823 15526
1350621 1373955 23334
1349643 1374021 24378
1358879 1374483 15604
1356642 1374582 17940
1360259 1375473 15214
1360580 1375968 15388
1367045 1376232 9187
1358019 1376562 18543
1347871 1377783 29912
1344197 1378707 34510
1348886 1379763 30877
1341938 1380060 38122
1349522 1380621 31099
1361956 1381215 19259
1359353 1381743 22390
1369238 1384449 15211
1363275 1385637 22362
1360636 1386495 25859
1366627 1386990 20363
1375894 1387188 11294
1367306 1387683 20377
1366326 1388904 22578
1366898 1389003 22105
1368301 1390125 21824
1373481 1390224 16743
1378057 1390455 12398
1361745 1390884 29139
1373502 1391346 17844
1364305 1391445 27140
1373678 1393458 19780
1381763 1394448 12685
1384980 1396164 11184
1356807 1397880 41073
1373216 1398309 25093
1355233 1398474 43241
1367046 1399068 32022
1382809 1399464 16655
1377821 1402797 24976
1384700 1403721 19021
1391513 1406691 15178
1384645 1407318 22673
1388836 1407912 19076
1391146 1408506 17360
1394090 1409034 14944
1390499 1410024 19525
1394485 1411707 17222
1395464 1412202 16738
1391101 1413423 22322
1399052 1416624 17572
1401659 1417152 15493
1404491 1417779 13288
1403350 1419528 16178
1394462 1421013 26551
1395710 1421574 25864
1414250 1425897 11647
1396727 1426689 29962
1406956 1427745 20789
1405588 1428009 22421
1405899 1429890 23991
1408033 1430418 22385
1421015 1430748 9733
1419127 1437051 17924
1415667 1437612 21945
1422388 1438668 16280
1416103 1440846 24743
1421428 1441176 19748
1423296 1441374 18078
1426480 1443882 17402
1419001 1445070 26069
1427992 1445268 17276
1422378 1445631 23253
1429399 1446489 17090
1440368 1447248 6880
1429150 1448799 19649
1432891 1448799 15908
1434064 1449558 15494
1435579 1450086 14507
1440167 1451868 11701
1441860 1452693 10833
1426084 1453716 27632
1430133 1454277 24144
1432115 1454871 22756
1430962 1455432 24470
1428495 1456125 27630
1436972 1456290 19318
1431794 1456488 24694
1438744 1456686 17942
1436222 1456818 20596
1439424 1457247 17823
1439000 1457313 18313
1435238 1459194 23956
1442409 1459722 17313
1429130 1460448 31318
1441726 1460976 19250
1443102 1462890 19788
1433177 1466091 32914
1440027 1466586 26559
1453429 1468368 14939
1442887 1472064 29177
1448679 1472625 23946
1444925 1472856 27931
1445048 1473450 28402
1445099 1474077 28978
1455909 1474143 18234
1446733 1474671 27938
1458426 1474671 16245
1450274 1475265 24991
1442404 1475364 32960
1453691 1475793 22102
1455930 1476387 20457
1447336 1477146 29810
1465714 1479588 13874
1439352 1479885 40533
1451088 1480446 29358
1469730 1481502 11772
1453515 1485264 31749
1454287 1485825 31538
1474545 1486848 12303
1451147 1487046 35899
1461933 1487046 25113
1466058 1487739 21681
1457478 1488234 30756
1455899 1488300 32401
1450412 1488564 38152
1468485 1488762 20277
1471308 1489290 17982
1463750 1489719 25969
1467641 1490049 22408
1459001 1491501 32500
1461917 1492062 30145
1468481 1492656 24175
1472597 1492722 20125
1456470 1492953 36483
1468872 1493514 24642
1466260 1493745 27485
1482363 1497540 15177
1491763 1499157 7394
1455610 1500741 45131
1476739 1501665 24926
1476766 1502292 25526
1483065 1502886 19821
1479440 1503414 23974
1484111 1503480 19369
1478072 1503942 25870
1477840 1506615 28775
1474845 1506648 31803
1481496 1506681 25185
1480811 1507176 26365
1488786 1507737 18951
1489994 1507737 17743
1501208 1508727 7519
1473614 1510938 37324
1479756 1513050 33294
1484544 1513578 29034
1488027 1515261 27234
1478817 1516053 37236
1478821 1516614 37793
1483384 1517208 33824
1500630 1517637 17007
1501775 1517901 16126
1482027 1518297 36270
1484909 1518462 33553
1483266 1518825 35559
1504214 1518924 14710
1489414 1519650 30236
1490387 1520244 29857
1495600 1520772 25172
1498448 1521630 23182
1491787 1522026 30239
1502145 1522158 20013
1496756 1522587 25831
1498248 1523874 25626
1501125 1524435 23310
1493292 1525029 31737
1510745 1525227 14482
1490011 1528230 38219
1489098 1528791 39693
1503441 1528824 25383
1503939 1529814 25875
1506799 1530309 23510
1511788 1530342 18554
1524443 1533180 8737
1497750 1533378 35628
1506268 1533939 27671
1507659 1534500 26841
1512905 1535061 22156
1519065 1535754 16689
1510701 1536183 25482
1512142 1536579 24437
1512710 1536810 24100
1514204 1537041 22837
1516818 1537635 20817
1525189 1538097 12908
1503771 1538262 34491
1505566 1538262 32696
1518819 1538328 19509
1523874 1541463 17589
1519531 1550835 31304
1535058 1552320 17262
1537676 1552485 14809
1534945 1552947 18002
1535445 1553475 18030
1526804 1555521 28717
1533549 1555686 22137
1535978 1555752 19774
1536581 1556082 19501
1533710 1556148 22438
1539112 1556610 17498
1541740 1557006 15266
1544161 1558821 14660
1528859 1560207 31348
1542338 1562022 19684
1542970 1562616 19646
1543555 1562979 19424
1544258 1565652 21394
1543284 1566675 23391
1554612 1569051 14439
1554239 1571064 16825
1554153 1572054 17901
1551293 1572582 21289
1557516 1574628 17112
1568586 1575717 7131
1563778 1577037 13259
1545032 1578291 33259
1547177 1578852 31675
1562139 1579182 17043
1564003 1579710 15707
1556928 1580040 23112
1538961 1580601 41640
1561309 1581129 19820
1565419 1582911 17492
1566424 1583439 17015
1570398 1583505 13107
1565201 1583868 18667
1571744 1584132 12388
1570364 1584924 14560
1568202 1586079 17877
1580704 1587333 6629
1566320 1587663 21343
1552666 1592448 39782
1575633 1593306 17673
1574099 1595649 21550
1573712 1596705 22993
1584212 1599444 15232
1574348 1599873 25525
1589861 1601061 11200
1594905 1601886 6981
1577065 1602051 24986
1581037 1602612 21575
1574939 1604262 29323
1585533 1604559 19026
1588549 1606176 17627
1592206 1606869 14663
1596493 1608915 12422
1588229 1612116 23887
1593292 1612347 19055
1591910 1612677 20767
1594148 1612908 18760
1606848 1613832 6984
1595518 1614360 18842
1601062 1615416 14354
1594646 1616109 21463
1600473 1616109 15636
1598025 1619673 21648
1605707 1621686 15979
1604207 1621719 17512
1609406 1623435 14029
1601099 1623963 22864
1606263 1624491 18228
1617589 1627593 10004
1609724 1628154 18430
1618227 1630365 12138
1616876 1630794 13918
1611863 1633995 22132
1623887 1634655 10768
1627078 1637229 10151
1629432 1640694 11262
1618099 1641453 23354
1625287 1641915 16628
1625418 1642608 17190
1624724 1643103 18379
1631859 1645314 13455
1624060 1646337 22277
1630612 1646898 16286
1630912 1648779 17867
1637811 1650132 12321
1645044 1651353 6309
1625087 1651452 26365
1638956 1653729 14773
1640941 1654257 13316
1636548 1654620 18072
1640880 1654884 14004
1647020 1657029 10009
1631207 1657458 26251
1642239 1657557 15318
1632325 1658085 25760
1642448 1658085 15637
1641527 1658646 17119
1635817 1659339 23522
1639437 1660098 20661
1647882 1664421 16539
1649083 1665048 15965
1650739 1667292 16553
1662370 1668678 6308
1650498 1670559 20061
1648665 1670823 22158
1651944 1671351 19407
1657028 1671813 14785
1656159 1671879 15720
1658499 1672407 13908
1649896 1674354 24458
1654606 1674486 19880
1654721 1675575 20854
1649920 1675608 25688
1663232 1678314 15082
1648901 1679931 31030
1663230 1680789 17559
1666681 1681350 14669
1669577 1684551 14974
1665568 1685013 19445
1669820 1685112 15292
1666923 1686333 19410
1665736 1686762 21026
1654891 1686861 31970
1669066 1687290 18224
1671216 1687752 16536
1671080 1687884 16804
1668807 1688346 19539
1675174 1688973 13799
1670615 1690062 19447
1681308 1691712 10404
1676726 1692438 15712
1676371 1692834 16463
1663664 1695639 31975
1675446 1696200 20754
1675075 1696827 21752
1681097 1698675 17578
1670153 1699434 29281
1661316 1700391 39075
1671371 1700952 29581
1678500 1703262 24762
1680930 1703823 22893
1687522 1704417 16895
1676222 1705011 28789
1684098 1705110 21012
1686010 1706133 20123
1677392 1708179 30787
1687757 1709235 21478
1678733 1711083 32350
1682318 1711644 29326
1688120 1713393 25273
1699136 1713921 14785
1707348 1714317 6969
1690378 1715637 25259
1689846 1715736 25890
1686928 1716264 29336
1694206 1716858 22652
1694687 1716891 22204
1672485 1717155 44670
1696915 1717452 20537
1692474 1717716 25242
1685403 1717914 32511
1697366 1718310 20944
1699670 1718871 19201
1697116 1719366 22250
1688679 1720620 31941
1712353 1722633 10280
1709799 1723755 13956
1706180 1724811 18631
1711769 1725306 13537
1712568 1725834 13266
1712608 1727385 14777
1686607 1730586 43979
1700712 1731114 30402
1706608 1731114 24506
1721265 1731444 10179
1700736 1731642 30906
1705780 1734315 28535
1711053 1734843 23790
1715841 1734942 19101
1698662 1735371 36709
1713865 1735371 21506
1723472 1735899 12427
1723523 1736262 12739
1706947 1736625 29678
1724611 1736889 12278
1725505 1738110 12605
1726040 1739694 13654
1728602 1740123 11521
1733539 1740750 7211
1726915 1741212 14297
1723535 1746030 22495
1725277 1746591 21314
1728159 1747086 18927
1732290 1747086 14796
1718060 1747119 29059
1722095 1749231 27136
1729977 1749858 19881
1723972 1750320 26348
1735693 1750320 14627
1737667 1750947 13280
1748897 1755501 6604
1743899 1756293 12394
1729082 1759428 30346
1753164 1759494 6330
1735359 1759659 24300
1729418 1760022 30604
1736345 1760253 23908
1730293 1760583 30290
1741099 1761573 20474
1736860 1765665 28805
1755075 1766259 11184
1740937 1766358 25421
1755635 1767183 11548
1750520 1770351 19831
1756516 1770846 14330
1765755 1775598 9843
1757026 1776522 19496
1756267 1776588 20321
1757077 1777116 20039
1760526 1777743 17217
1757240 1778634 21394
1762396 1779195 16799
1753751 1780383 26632
1753358 1780944 27586
1758473 1780944 22471
1762369 1781505 19136
1777305 1784805 7500
1761113 1785465 24352
1760997 1788006 27009
1773047 1788699 15652
1781360 1789227 7867
1772627 1791900 19273
1760030 1792197 32167
1750240 1792593 42353
1761330 1792791 31461
1764433 1793154 28721
1766108 1793748 27640
1770987 1794012 23025
1768427 1794309 25882
1774543 1794441 19898
1774967 1795101 20134
1778038 1795101 17063
1783305 1797180 13875
1784808 1797708 12900
1771072 1798104 27032
1774474 1798302 23828
1765122 1800777 35655
1770532 1801074 30542
1796035 1803153 7118
1787107 1805826 18719
1794187 1808433 14246
1795237 1808961 13724
1797305 1809489 12184
1799581 1810446 10865
1789979 1811964 21985
1799830 1811964 12134
1806728 1812987 6259
1789657 1813350 23693
1808231 1814802 6571
1799922 1815165 15243
1801556 1816551 14995
1811238 1822161 10923
1815618 1822425 6807
1806776 1822887 16111
1810057 1823415 13358
1805220 1824306 19086
1807077 1824339 17262
1800437 1826649 26212
1800594 1827210 26616
1808649 1827540 18891
1810007 1828167 18160
1816453 1829619 13166
1807900 1829718 21818
1811868 1830279 18411
1812302 1830444 18142
1822616 1837638 15022
1815989 1839915 23926
1827941 1840443 12502
1817310 1842291 24981
1820053 1842852 22799
1819764 1843644 23880
1822035 1844832 22797
1823336 1845426 22090
1817711 1845657 27946
1818813 1846218 27405
1824306 1846647 22341
1840592 1847010 6418
1828129 1847208 19079
1828537 1847736 19199
1835610 1848264 12654
1839044 1850706 11662
1835819 1851696 15877
1838899 1852224 13325
1821970 1853808 31838
1832723 1854105 21382
1834324 1854633 20309
1821046 1857867 36821
1831816 1857867 26051
1837724 1858956 21232
1851296 1862586 11290
1845402 1863642 18240
1832641 1865424 32783
1835660 1865985 30325
1847877 1866711 18834
1839238 1866876 27638
1843652 1867404 23752
1846844 1868988 22144
1846215 1869219 23004
1839354 1869912 30558
1845494 1870407 24913
1851162 1870473 19311
1839193 1871034 31841
1852921 1871694 18773
1848090 1874235 26145
1856133 1876380 20247
1842694 1879383 36689
1845594 1879449 33855
1860267 1880010 19743
1862187 1880010 17823
1851851 1880241 28390
1852870 1880703 27833
1857403 1881330 23927
1862088 1881693 19605
1854386 1883805 29419
1859610 1884333 24723
1859276 1884927 25651
1864538 1885488 20950
1866480 1886016 19536
1869460 1887072 17612
1870030 1888128 18098
1879454 1889250 9796
1866806 1892451 25645
1869840 1892979 23139
1877087 1893408 16321
1876930 1894002 17072
1879341 1895124 15783
1884682 1895718 11036
1884615 1899579 14964
1880623 1899942 19319
1877732 1899975 22243
1874392 1902681 28289
1886959 1903110 16151
1887431 1903539 16108
1882716 1903704 20988
1888792 1905981 17189
1890417 1909479 19062
1885415 1909875 24460
1887887 1910172 22285
1888444 1910766 22322
1895872 1912317 16445
1891102 1912680 21578
1897945 1912713 14768
1898406 1913769 15363
1902616 1917069 14453
1894258 1917828 23570
1907088 1919214 12126
1895923 1920732 24809
1904301 1921029 16728
1899466 1921293 21827
1910474 1921623 11149
1902950 1921920 18970
1896668 1921953 25285
1894204 1922580 28376
1911835 1925319 13484
1910982 1928850 17868
1919153 1929048 9895
1914300 1931622 17322
1915837 1932150 16313
1903242 1932744 29502
1916191 1932744 16553
1909617 1933338 23721
1915211 1933833 18622
1913145 1934922 21777
1910655 1937067 26412
1911069 1937166 26097
1925009 1937727 12718
1920866 1939146 18280
1919388 1939872 20484
1919269 1941984 22715
1921899 1943172 21273
1926195 1943997 17802
1926031 1946373 20342
1933347 1947330 13983
1939638 1947792 8154
1932777 1950993 18216
1932741 1953501 20760
1939980 1953633 13653
1938633 1953831 15198
1940665 1954359 13694
1934219 1956702 22483
1938368 1956834 18466
1927394 1957593 30199
1936973 1958154 21181
1922022 1961388 39366
1938831 1961916 23085
1934197 1967427 33230
1941782 1968153 26371
1953230 1968219 14989
1954460 1968747 14287
1946345 1969374 23029
1944608 1969902 25294
1948237 1969968 21731
1948272 1970496 22224
1945340 1971948 26608
1960276 1972377 12101
1952804 1972509 19705
1942863 1972773 29910
1966685 1973301 6616
1958281 1975446 17165
1958824 1976007 17183
1954716 1979373 24657
1964339 1979868 15529
1966526 1980363 13837
1969850 1981749 11899
1957130 1983795 26665
1963837 1984257 20420
1968035 1987458 19423
1975685 1988910 13225
1975360 1990428 15068
1965734 1990791 25057
1976058 1990791 14733
1967988 1991352 23364
1976703 1991418 14715
1977489 1991418 13929
1979198 1991913 12715
1976125 1993860 17735
1986651 1998348 11697
1986067 2000130 14063
1977854 2000658 22804
1970660 2001219 30559
1970484 2001681 31197
1982851 2002275 19424
1983982 2002671 18689
1988525 2002671 14146
1989612 2003298 13686
1981670 2004453 22783
1987175 2005872 18697
1991530 2011812 20282
1999486 2011812 12326
2006290 2013825 7535
2000707 2015046 14339
2004347 2018313 13966
2000539 2021382 20843
2005616 2021976 16360
2008868 2022504 13636
1999893 2022999 23106
2001733 2023989 22256
2007880 2024484 16604
2002975 2024649 21674
2004255 2025177 20922
1999692 2025573 25881
2008544 2025705 17161
1993801 2025771 31970
1997850 2026959 29109
2006873 2027520 20647
2009045 2027916 18871
2017112 2028444 11332
2009095 2028609 19514
2021060 2028972 7912
2002855 2030325 27470
2017289 2031348 14059
2020207 2036034 15827
2008587 2036397 27810
1997769 2036826 39057
2013392 2037882 24490
2018843 2039895 21052
2024806 2040027 15221
2022309 2040489 18180
2023483 2040588 17105
2017869 2041017 23148
2021994 2043096 21102
2019593 2043624 24031
2034595 2043756 9161
2042771 2049795 7024
2022708 2050422 27714
2028509 2050950 22441
2021675 2051148 29473
2038953 2051445 12492
2025875 2051676 25801
2032083 2052204 20121
2036589 2052402 15813
2038916 2052930 14014
2039060 2052963 13903
2028316 2055438 27122
2033158 2055999 22841
2050519 2056758 6239
2045972 2059266 13294
2052658 2062005 9347
2043183 2062434 19251
2053901 2065107 11206
2041044 2066064 25020
2052487 2066592 14105
2052670 2066856 14186
2052312 2067912 15600
2056020 2068440 12420
2043832 2069562 25730
2041010 2069793 28783
2055578 2070981 15403
2064895 2071575 6680
2061139 2073423 12284
2053637 2073687 20050
2059413 2074743 15330
2059303 2076888 17585
2054343 2077284 22941
2058998 2080089 21091
2063454 2081673 18219
2067103 2083092 15989
2070334 2083587 13253
2067001 2084874 17873
2068241 2085435 17194
2062592 2085501 22909
2046712 2086821 40109
2059381 2087349 27968
2066448 2088702 22254
2069285 2089263 19978
2069603 2090880 21277
2068810 2096193 27383
2072915 2096358 23443
2069671 2096391 26720
2070687 2096721 26034
2081837 2097282 15445
2072038 2097480 25442
2077084 2098503 21419
2081410 2099064 17654
2081815 2100483 18668
2080795 2101671 20876
2090529 2102364 11835
2085371 2104872 19501
2093210 2106027 12817
2076656 2108865 32209
2081010 2109228 28218
2086077 2109228 23151
2090908 2109393 18485
2088969 2109756 20787
2091982 2109888 17906
2093158 2110416 17258
2094825 2110812 15987
2089404 2112429 23025
2086730 2112957 26227
2086900 2112990 26090
2080690 2113518 32828
2083703 2114574 30871
2088871 2115135 26264
2088279 2115597 27318
2098007 2115630 17623
2095737 2116125 20388
2098013 2116158 18145
2100139 2116224 16085
2076068 2116686 40618
2090219 2119887 29668
2103258 2120316 17058
2092978 2120415 27437
2099464 2120448 20984
2095351 2124639 29288
2113899 2124771 10872
2117305 2125332 8027
2110050 2126223 16173
2112505 2126751 14246
2106316 2129523 23207
2120556 2129688 9132
2107691 2129721 22030
2108998 2130051 21053
2104005 2132295 28290
2101156 2132724 31568
2117921 2132889 14968
2123374 2133285 9911
2102114 2133417 31303
2109424 2133615 24191
2109774 2134176 24402
2125712 2135958 10246
2116945 2136486 19541
2116355 2137146 20791
2121145 2137641 16496
2115166 2139159 23993
2108783 2140842 32059
2109217 2141502 32285
2113042 2142426 29384
2117354 2143944 26590
2127777 2145066 17289
2130600 2146881 16281
2131045 2148960 17915
2132066 2148993 16927
2138387 2150016 11629
2132825 2151270 18445
2132009 2154438 22429
2137048 2154471 17423
2135962 2154999 19037
2129255 2157639 28384
2136475 2158596 22121
2138745 2158860 20115
2138998 2159157 20159
2141771 2159718 17947
2142965 2160279 17314
2148575 2161995 13420
2141294 2162358 21064
2149704 2165064 15360
2138744 2165130 26386
2143256 2165262 22006
2158678 2166120 7442
2141485 2166285 24800
2145741 2166813 21072
2147506 2167374 19868
2157124 2169750 12626
2143495 2170014 26519
2160173 2170278 10105
2149876 2170542 20666
2144611 2170608 25997
2160818 2173149 12331
2154420 2173776 19356
2149478 2174106 24628
2137055 2176878 39823
2166936 2177340 10404
2139583 2177439 37856
2144712 2180640 35928
2158780 2180904 22124
2148451 2181201 32750
2145978 2181432 35454
2151466 2181762 30296
2154940 2181795 26855
2153831 2182290 28459
2165228 2182884 17656
2155322 2183412 28090
2152825 2183445 30620
2166258 2183940 17682
2162920 2183973 21053
2167034 2184072 17038
2163061 2184567 21506
2168852 2184567 15715
2156775 2187273 30498
2159558 2188296 28738
2162426 2188857 26431
2166457 2189418 22961
2180766 2192652 11886
2160034 2194005 33971
2151520 2194203 42683
2167563 2195127 27564
2170845 2195655 24810
2172770 2196843 24073
2169811 2198856 29045
2187865 2199054 11189
2179134 2199582 20448
2167068 2200506 33438
2178102 2200572 22470
2168625 2201067 32442
2187545 2202156 14611
2167059 2202222 35163
2168716 2202288 33572
2177066 2205357 28291
2170462 2210769 40307
2173953 2211264 37311
2181231 2211330 30099
2186961 2211792 24831
2185944 2211924 25980
2196590 2212221 15631
2186533 2212254 25721
2187300 2212485 25185
2190212 2212848 22636
2180085 2214366 34281
2195760 2214828 19068
2195461 2217270 21809
2203788 2218887 15099
2204207 2219415 15208
2205103 2219976 14873
2202293 2221230 18937
2191359 2222616 31257
2193443 2223243 29800
2205360 2228622 23262
2214299 2228721 14422
2208017 2229183 21166
2211006 2229645 18639
2212061 2230272 18211
2218288 2231229 12941
2209761 2233473 23712
2224069 2233704 9635
2221760 2233836 12076
2210959 2234034 23075
2207396 2234661 27265
2209409 2235981 26572
2222741 2237103 14362
2219788 2240007 20219
2219639 2240139 20500
2209826 2240337 30511
2220008 2240601 20593
2215443 2240865 25422
2224194 2241162 16968
2225670 2241591 15921
2220679 2242218 21539
2229183 2242746 13563
2224128 2244099 19971
2226680 2246970 20290
2229966 2249214 19248
2230943 2249643 18700
2229375 2249676 20301
2236717 2250171 13454
2227252 2253372 26120
2212532 2254593 42061
2238801 2257035 18234
2230169 2257794 27625
2232927 2258355 25428
2236786 2258949 22163
2240941 2259510 18569
2241291 2260038 18747
2245761 2262282 16521
2233018 2262480 29462
2246011 2262777 16766
2233307 2263074 29767
2238783 2263701 24918
2231579 2264031 32452
2241288 2264295 23007
2252853 2264559 11706
2251147 2265516 14369
2240845 2265846 25001
2251437 2266143 14706
2245154 2266506 21352
2244827 2267001 22174
2248261 2267100 18839
2242051 2269344 27293
2245422 2272413 26991
2262320 2272644 10324
2259670 2274294 14624
2261219 2274789 13570
2259463 2277990 18527
2260821 2278023 17202
2261715 2278518 16803
2264673 2278518 13845
2265029 2279046 14017
2266902 2281719 14817
2260943 2282247 21304
2249286 2284920 35634
2273031 2288121 15090
2271235 2289771 18536
2277980 2291190 13210
2272539 2292048 19509
2274050 2292675 18625
2282078 2293005 10927
2243777 2293665 49888
2289313 2295942 6629
2280426 2297064 16638
2277728 2297229 19501
2295116 2301354 6238
2285469 2302014 16545
2292824 2304918 12094
2292283 2307459 15176
2293831 2307855 14024
2295293 2308350 13057
2296851 2308878 12027
2296143 2310396 14253
2299836 2310957 11121
2300439 2311485 11046
2294524 2314290 19766
2297156 2315280 18124
2302443 2315808 13365
2298919 2317557 18638
2304534 2317854 13320
2301722 2320989 19267
2299474 2322870 23396
2307034 2323332 16298
2310288 2325609 15321
2314466 2326038 11572
2311842 2326170 14328
2308394 2326995 18601
2309528 2327556 18028
2317907 2328909 11002
2321748 2329503 7755
2306870 2330790 23920
2307453 2331384 23931
2309329 2332011 22682
2312658 2332737 20079
2321162 2333793 12631
2316411 2335938 19527
2315194 2336268 21074
2317079 2338215 21136
2321586 2342340 20754
2324657 2342934 18277
2327163 2343264 16101
2325936 2343825 17889
2329908 2343957 14049
2312138 2347026 34888
2319727 2347191 27464
2316994 2347587 30593
2329198 2347752 18554
2330324 2348181 17857
2331770 2348775 17005
2333333 2349765 16432
2337202 2350557 13355
2331501 2352405 20904
2340243 2353593 13350
2333612 2355507 21895
2331432 2356497 25065
2334277 2356497 22220
2342485 2358147 15662
2324895 2359467 34572
2340025 2360721 20696
2340208 2366100 25892
2352498 2367024 14526
2349831 2367387 17556
2353297 2369301 16004
2352588 2369499 16911
2353928 2369862 15934
2357742 2371974 14232
2347123 2372700 25577
2362807 2372865 10058
2350891 2373261 22370
2353739 2373855 20116
2353046 2374548 21502
2352393 2375208 22815
2356718 2377089 20371
2356196 2377320 21124
2358058 2377914 19856
2363416 2378442 15026
2350932 2381643 30711
2358027 2382732 24705
2361053 2383293 22240
2359945 2383821 23876
2363442 2386362 22920
2363170 2386527 23357
2364669 2386692 22023
2352422 2387055 34633
2356967 2387055 30088
2371726 2387055 15329
2364428 2390850 26422
2368037 2391477 23440
2368458 2392071 23613
2368742 2392170 23428
2366374 2393886 27512
2368285 2394513 26228
2389126 2395965 6839
2372848 2396691 23843
2360771 2397318 36547
2364187 2397714 33527
2365131 2399892 34761
2377425 2399925 22500
2376271 2400519 24248
2382022 2400816 18794
2378196 2400948 22752
2378653 2401080 22427
2369342 2401179 31837
2377062 2404017 26955
2375254 2404380 29126
2381489 2404578 23089
2390448 2405106 14658
2387450 2407878 20428
2383257 2409000 25743
2391301 2412696 21395
2394761 2412828 18067
2393388 2413290 19902
2399573 2413356 13783
2400623 2414016 13393
2403850 2415501 11651
2384682 2416095 31413
2406067 2416722 10655
2407602 2418570 10968
2406432 2419329 12897
2412867 2422299 9432
2389202 2422431 33229
2416444 2424675 8231
2410195 2425632 15437
2409765 2426193 16428
2405399 2426853 21454
2409296 2427876 18580
2409962 2428404 18442
2411365 2428899 17534
2399041 2429394 30353
2414509 2429625 15116
2411834 2429922 18088
2406499 2432496 25997
2423720 2432628 8908
2413091 2432661 19570
2408419 2433222 24803
2415303 2433354 18051
2402698 2433783 31085
2413596 2435730 22134
2428915 2440218 11303
2423873 2441076 17203
2418286 2442561 24275
2418395 2443551 25156
2418476 2444112 25636
2424876 2444277 19401
2401051 2444376 43325
2421818 2444673 22855
2426660 2444904 18244
2421027 2445762 24735
2429348 2446290 16942
2436157 2448468 12311
2438480 2453616 15136
2439842 2454144 14302
2426956 2455134 28178
2433102 2455695 22593
2430262 2455959 25697
2435293 2456289 20996
2427701 2457576 29875
2419864 2458104 38240
2427885 2458632 30747
2449536 2459094 9558
2436073 2460084 24011
2434412 2460447 26035
2437142 2461173 24031
2441900 2461800 19900
2450169 2461866 11697
2437339 2461899 24560
2431936 2462427 30491
2445052 2462823 17771
2434839 2464077 29238
2443794 2464143 20349
2450431 2466948 16517
2442768 2470149 27381
2440785 2474307 33522
2456704 2474340 17636
2458456 2474505 16049
2457716 2475330 17614
2446871 2477508 30637
2460372 2480280 19908
2448919 2481171 32252
2450771 2481699 30928
2461733 2482260 20527
2476164 2483283 7119
2450153 2483481 33328
2457102 2484042 26940
2451698 2484636 32938
2462943 2486517 23574
2467870 2488794 20924
2477184 2489157 11973
2477622 2489784 12162
2478010 2490312 12302
2481728 2491500 9772
2485100 2491797 6697
2474170 2492523 18353
2467117 2493513 26396
2471154 2494701 23547
2473245 2495262 22017
2480685 2495592 14907
2472042 2495625 23583
2491949 2499585 7636
2482345 2501499 19154
2482628 2501499 18871
2481999 2502192 20193
2485266 2502819 17553
2487768 2503182 15414
2489813 2503710 13897
2490185 2503842 13657
2497698 2503941 6243
2461794 2506020 44226
2496255 2506416 10161
2496386 2507571 11185
2499066 2514402 15336
2499920 2514402 14482
2490792 2514534 23742
2498989 2517339 18350
2497240 2517471 20231
2496385 2517603 21218
2488756 2517768 29012
2500764 2517966 17202
2497118 2518329 21211
2499732 2518923 19191
2501804 2520672 18868
2505560 2521200 15640
2497550 2521728 24178
2496235 2524071 27836
2502376 2524566 22190
2497752 2524665 26913
2506279 2525094 18815
2511521 2527239 15718
2503809 2527899 24090
2486939 2528163 41224
2508592 2528427 19835
2498249 2528559 30310
2500017 2529087 29070
2509408 2532321 22913
2513158 2533872 20714
2508850 2534433 25583
2522615 2537238 14623
2521291 2538228 16937
2521826 2538756 16930
2516422 2539020 22598
2524290 2539548 15258
2527522 2539812 12290
2512105 2540703 28598
2534063 2543277 9214
2520626 2545686 25060
2539321 2548161 8840
2533528 2549316 15788
2534012 2550603 16591
2532891 2551362 18471
2529594 2552781 23187
2536568 2553441 16873
2530644 2553705 23061
2540771 2554365 13594
2542704 2554893 12189
2530580 2556345 25765
2531623 2556675 25052
2535451 2556906 21455
2530609 2559876 29267
2543585 2564397 20812
2528721 2565024 36303
2540014 2565585 25571
2544607 2565684 21077
2544794 2568555 23761
2545564 2568885 23321
2539193 2569149 29956
2553752 2569776 16024
2536531 2572482 35951
2558989 2574957 15968
2560860 2575155 14295
2548158 2576013 27855
2545181 2576508 31327
2544569 2578356 33787
2550939 2578851 27912
2539108 2579247 40139
2563588 2579346 15758
2556111 2579379 23268
2566381 2579874 13493
2551100 2579940 28840
2563311 2580303 16992
2554635 2581557 26922
2557462 2581623 24161
2551749 2583141 31392
2557190 2583702 26512
2559919 2583801 23882
2567177 2584329 17152
2563541 2586045 22504
2567357 2588256 20899
2574062 2589939 15877
2569989 2591358 21369
2574469 2593272 18803
2583409 2595714 12305
2589037 2598090 9053
2572283 2598816 26533
2576693 2599575 22882
2573404 2600103 26699
2574377 2603337 28960
2587073 2603964 16891
2569191 2604426 35235
2570138 2604921 34783
2587750 2605581 17831
2576613 2605746 29133
2592907 2606109 13202
2578910 2606307 27397
2585163 2606472 21309
2586787 2607033 20246
2588950 2607561 18611
2593695 2608089 14394
2580612 2609112 28500
2577305 2609310 32005
2582168 2609871 27703
2592475 2610135 17660
2598936 2610234 11298
2589441 2611290 21849
2587059 2613600 26541
2593107 2616306 23199
2597558 2617593 20035
2600792 2618220 17428
2599903 2619012 19109
2600019 2619672 19653
2603592 2621322 17730
2610808 2622081 11273
2612719 2623236 10517
2611893 2625216 13323
2615220 2625546 10326
2612815 2628648 15833
2614666 2629077 14411
2610109 2629506 19397
2619837 2630727 10890
2619039 2631915 12876
2615627 2632608 16981
2612413 2635809 23396
2621250 2635908 14658
2622004 2636469 14465
2617065 2641518 24453
2628923 2642739 13816
2625532 2644125 18593
2624451 2644719 20268
2623416 2645940 22524
2630908 2645973 15065
2626817 2646732 19915
2629015 2648019 19004
2623492 2648745 25253
2629622 2652507 22885
2646346 2652606 6260
2641975 2653332 11357
2635280 2655774 20494
2619316 2655906 36590
2636498 2657622 21124
2631298 2657754 26456
2651056 2657919 6863
2637658 2658150 20492
2633677 2658348 24671
2636101 2658909 22808
2636438 2659470 23032
2632702 2659998 27296
2649194 2662638 13444
2626137 2662671 36534
2628222 2663232 35010
2638508 2663298 24790
2634899 2663826 28927
2641231 2663859 22628
2635915 2664387 28472
2641512 2664387 22875
2654867 2664882 10015
2655317 2665443 10126
2633122 2665872 32750
2635940 2666433 30493
2623759 2668644 44885
2656750 2671746 14996
2656819 2672274 15455
2654009 2672472 18463
2659294 2672802 13508
2661648 2673330 11682
2637806 2675541 37735
2638327 2675673 37346
2638566 2676135 37569
2657850 2676333 18483
2664871 2676432 11561
2640611 2677092 36481
2644819 2677125 32306
2646810 2678973 32163
2647750 2682603 34853
2645828 2682735 36907
2650409 2683263 32854
2670067 2685375 15308
2667889 2685573 17684
2656980 2686959 29979
2668536 2690490 21954
2668874 2694912 26038
2673092 2695440 22348
2673700 2696133 22433
2678152 2696760 18608
2678741 2697255 18514
2682183 2697849 15666
2667708 2698080 30372
2669055 2698608 29553
2676432 2698641 22209
2674004 2699202 25198
2661313 2699697 38384
2678887 2700225 21338
2669946 2700753 30807
2681012 2702106 21094
2677623 2703987 26364
2686559 2706000 19441
2692076 2706693 14617
2700337 2707320 6983
2692086 2707419 15333
2677289 2710488 33199
2683774 2711049 27275
2696688 2711247 14559
2697833 2711412 13579
2692694 2713062 20368
2693627 2713590 19963
2674215 2714151 39936
2686017 2714283 28266
2684132 2714712 30580
2694094 2714844 20750
2694521 2715504 20983
2695702 2716032 20330
2683140 2717913 34773
2687778 2718474 30696
2699150 2718837 19687
2690221 2719068 28847
2689359 2719596 30237
2701835 2720652 18817
2703508 2721180 17672
2709436 2721543 12107
2698445 2725602 27157
2704120 2725932 21812
2696887 2726592 29705
2710031 2726757 16726
2705987 2728803 22816
2703249 2729331 26082
2711486 2729364 17878
2702901 2733786 30885
2705015 2734182 29167
2717479 2734182 16703
2718024 2734710 16686
2714599 2735766 21167
2721474 2736690 15216
2719619 2738472 18853
2719731 2739528 19797
2720819 2740122 19303
2721701 2740188 18487
2722400 2743422 21022
2729378 2744676 15298
2733252 2745600 12348
2722115 2746788 24673
2726030 2747316 21286
2729784 2748504 18720
2739809 2748504 8695
2727983 2748801 20818
2738505 2750814 12309
2743300 2752695 9395
2724283 2754015 29732
2738962 2754642 15680
2740924 2756919 15995
2731290 2760318 29028
2749305 2760549 11244
2733236 2760714 27478
2736476 2760879 24403
2740093 2761341 21248
2746290 2761473 15183
2739400 2762430 23030
2746319 2762958 16639
2747823 2763519 15696
2740922 2763783 22861
2747885 2764080 16195
2743311 2764311 21000
2746308 2764674 18366
2731831 2764872 33041
2750018 2765202 15184
2733943 2767380 33437
2744211 2767908 23697
2745021 2767974 22953
2749312 2771340 22028
2759712 2771934 12222
2760798 2772462 11664
2748424 2775267 26843
2761329 2775663 14334
2759509 2775828 16319
2759005 2776950 17945
2762846 2777445 14599
2754376 2779062 24686
2760625 2779623 18998
2762184 2780019 17835
2763400 2780151 16751
2763156 2780514 17358
2765485 2782395 16910
2768347 2782560 14213
2769278 2787246 17968
2765833 2788764 22931
2770672 2789259 18587
2767841 2790447 22606
2771115 2790975 19860
2773593 2792460 18867
2774984 2792493 17509
2781193 2792493 11300
2775963 2794803 18840
2776861 2795694 18833
2786875 2797839 10964
2788286 2801007 12721
2777649 2801040 23391
2786899 2801238 14339
2788553 2802492 13939
2781856 2805594 23738
2789765 2805693 15928
2782156 2807310 25154
2800039 2808663 8624
2779229 2808795 29566
2781870 2809356 27486
2789146 2809620 20474
2789750 2809884 20134
2790777 2810181 19404
2789972 2810379 20407
2794591 2810907 16316
2797079 2811402 14323
2797590 2812821 15231
2807559 2815164 7605
2799802 2815329 15527
2800758 2815923 15165
2792721 2816022 23301
2802112 2818233 16121
2808997 2819025 10028
2810602 2819289 8687
2803364 2820312 16948
2805439 2820840 15401
2809128 2821896 12768
2798395 2822523 24128
2802237 2822655 20418
2802423 2823183 20760
2808662 2824173 15511
2817410 2824635 7225
2814809 2826054 11245
2804740 2827836 23096
2807391 2828397 21006
2811565 2829123 17558
2804972 2829387 24415
2815640 2831433 15793
2814484 2833512 19028
2817510 2834634 17124
2817872 2835162 17290
2821972 2835756 13784
2823995 2838264 14269
2822928 2840673 17745
2818947 2841003 22056
2825291 2843874 18583
2808540 2844204 35664
2819476 2844732 25256
2824000 2845260 21260
2824099 2846811 22712
2829120 2847339 18219
2821519 2849418 27899
2842900 2851299 8399
2830540 2852652 22112
2831159 2853213 22054
2826131 2854500 28369
2828838 2855061 26223
2834427 2855622 21195
2845690 2855952 10262
2841120 2858097 16977
2834480 2858823 24343
2835717 2861298 25581
2840670 2861859 21189
2842181 2862486 20305
2847498 2863014 15516
2833483 2863839 30356
2849249 2866248 16999
2835142 2867040 31898
2850877 2868030 17153
2842134 2870505 28371
2854767 2870769 16002
2843574 2871231 27657
2856316 2871297 14981
2848005 2871330 23325
2847201 2871858 24657
2846989 2872287 25298
2858820 2874333 15513
2841915 2874498 32583
2842734 2875521 32787
2857909 2876049 18140
2853749 2879910 26161
2859911 2880537 20626
2849653 2880900 31247
2850292 2881428 31136
2850905 2881956 31051
2851095 2882484 31389
2855258 2884662 29404
2864537 2887764 23227
2851083 2890800 39717
2868760 2890800 22040
2855806 2890965 35159
2861820 2891526 29706
2865338 2892153 26815
2867495 2892747 25252
2868132 2893275 25143
2873993 2893803 19810
2873677 2894001 20324
2876720 2894067 17347
2876380 2894265 17885
2878454 2894925 16471
2873346 2895156 21810
2854646 2898126 43480
2855852 2898720 42868
2865611 2899347 33736
2884846 2899479 14633
2889943 2900535 10592
2881182 2902053 20871
2874958 2902680 27722
2881849 2903637 21788
2876590 2904825 28235
2882241 2905287 23046
2887366 2905815 18449
2881441 2906838 25397
2892110 2908158 16048
2886648 2909577 22929
2881013 2912778 31765
2893488 2913306 19818
2894433 2913900 19467
2905897 2914758 8861
2888055 2915616 27561
2891047 2915682 24635
2899387 2916639 17252
2890529 2916870 26341
2896481 2920071 23590
2896722 2920170 23448
2904354 2921292 16938
2903521 2921952 18431
2903511 2923338 19827
2895367 2923371 28004
2906812 2924295 17483
2909085 2925582 16497
2906682 2928057 21375
2913880 2929641 15761
2915405 2931456 16051
2911944 2932875 20931
2907442 2934063 26621
2917748 2934591 16843
2904618 2934690 30072
2923385 2934888 11503
2914491 2935317 20826
2919527 2935977 16450
2908732 2937792 29060
2907678 2938320 30642
2917323 2938881 21558
2917410 2939244 21834
2920258 2939805 19547
2906879 2940366 33487
2924942 2942115 17173
2918779 2942379 23600
2920883 2942544 21661
2927753 2943336 15583
2925126 2947197 22071
2936155 2947329 11174
2923328 2948451 25123
2920803 2950431 29628
2928135 2950959 22824
2931237 2951322 20085
2928843 2951553 22710
2925376 2952345 26969
2926959 2952906 25947
2929595 2953500 23905
2931285 2954061 22776
2932897 2954523 21626
2941149 2954556 13407
2940087 2958384 18297
2950552 2959176 8624
2949821 2962146 12325
2950375 2962146 11771
2936643 2962740 26097
2948803 2963301 14498
2936192 2964852 28660
2936713 2965347 28634
2937902 2965347 27445
2937092 2965413 28321
2949257 2965875 16618
2951247 2965941 14694
2938516 2966040 27524
2938969 2966040 27071
2935842 2966601 30759
2939020 2967096 28076
2957252 2969175 11923
2949297 2969703 20406
2944927 2973597 28670
2947055 2976567 29512
2957128 2976600 19472
2956246 2977128 20882
2959969 2977128 17159
2957000 2977656 20656
2960469 2977722 17253
2959354 2978184 18830
2960954 2978712 17758
2944944 2979768 34824
2956898 2980329 23431
2947429 2980923 33494
2958925 2980923 21998
2964044 2985048 21004
2972530 2987061 14531
2966847 2990262 23415
2975661 2990493 14832
2967490 2990856 23366
2963241 2990955 27714
2972592 2991450 18858
2968364 2991483 23119
2973915 2991978 18063
2982587 2993232 10645
2977152 2993265 16113
2982164 2995245 13081
2987687 2995443 7756
2970680 2997258 26578
2977930 2997819 19889
2981834 3000129 18295
2977011 3000228 23217
2974920 3000756 25836
2988462 3001284 12822
2994764 3001878 7114
2987935 3003330 15395
2984912 3004056 19144
2983650 3004485 20835
2981712 3009897 28185
2982892 3010458 27566
2999253 3010788 11535
2982541 3013692 31151
3001421 3013956 12535
2994443 3014220 19777
2988285 3014781 26496
2989060 3017190 28130
3005317 3017355 12038
2994352 3017751 23399
2996998 3017850 20852
3011774 3018345 6571
3006061 3022833 16772
3009421 3023064 13643
3010501 3023592 13091
3011802 3024087 12285
3003887 3024648 20761
3011519 3025506 13987
3007629 3027750 20121
2990438 3028476 38038
3014223 3028707 14484
2998167 3029037 30870
3001759 3029466 27707
3018325 3031743 13418
3021705 3031776 10071
3011957 3033228 21271
3012184 3034779 22595
3015122 3035373 20251
3030458 3038310 7852
3016038 3038574 22536
3028744 3041181 12437
3007522 3042072 34550
3032212 3044316 12104
3028581 3044811 16230
3025113 3045306 20193
3028018 3045636 17618
3027213 3045834 18621
3017031 3046164 29133
3027979 3047517 19538
3029018 3048573 19555
3030692 3048573 17881
3006793 3049365 42572
3018110 3049398 31288
3030570 3051807 21237
3033163 3052368 19205
3039289 3054381 15092
3039448 3055239 15791
3033357 3059001 25644
3034627 3059595 24968
3036419 3059925 23506
3045020 3062070 17050
3045005 3062301 17296
3030254 3062829 32575
3042532 3063357 20825
3041605 3065502 23897
3054647 3072168 17521
3047909 3072399 24490
3052003 3072993 20990
3056789 3073521 16732
3046457 3075369 28912
3056029 3075600 19571
3049231 3075930 26699
3056810 3076722 19912
3061470 3077052 15582
3061504 3078306 16802
3055971 3079956 23985
3049455 3080484 31029
3068990 3084081 15091
3053060 3084279 31219
3075239 3084345 9106
3057179 3087414 30235
3059988 3088074 28086
3052990 3088602 35612
3061461 3088668 27207
3057541 3089097 31556
3064086 3089229 25143
3080638 3089691 9053
3049785 3089757 39972
3082306 3091638 9332
3066780 3092496 25716
3058692 3092958 34266
3064468 3093024 28556
3074232 3093057 18825
3076154 3093189 17035
3069005 3093585 24580
3062252 3094014 31762
3076333 3094113 17780
3070435 3094641 24206
3062634 3095532 32898
3070672 3096060 25388
3076093 3096654 20561
3064277 3097842 33565
3064903 3098403 33500
3068697 3098997 30300
3077794 3099558 21764
3066575 3099855 33280
3083952 3103914 19962
3094229 3104409 10180
3067459 3106686 39227
3079474 3107412 27938
3081728 3107973 26245
3092547 3108468 15921
3079494 3111174 31680
3080285 3111174 30889
3079425 3111405 31980
3094033 3111735 17702
3087693 3111966 24273
3091967 3112065 20098
3095983 3112362 16379
3072693 3112560 39867
3096760 3112593 15833
3097807 3113088 15281
3086548 3114639 28091
3107541 3115497 7956
3070739 3116355 45616
3073575 3116487 42912
3075816 3117576 41760
3078659 3117840 39181
3078637 3118137 39500
3082646 3118434 35788
3066442 3118698 52256
3090651 3119061 28410
3069178 3119721 50543
3087542 3122493 34951
3086244 3124209 37965
3093896 3124770 30874
3118056 3125001 6945
3093924 3125100 31176
3106356 3128070 21714
3097214 3128235 31021
3116774 3128433 11659
3105522 3128895 23373
3105905 3129423 23518
3098716 3130941 32225
3107392 3131634 24242
3107842 3132195 24353
3080427 3132624 52197
3093415 3132657 39242
3093547 3133251 39704
3108638 3134142 25504
3103830 3134307 30477
3117306 3134703 17397
3111898 3137673 25775
3124260 3138333 14073
3127899 3139455 11556
3120634 3142458 21824
3128292 3142953 14661
3129610 3143481 13871
3115323 3144207 28884
3123795 3144999 21204
3115837 3145263 29426
3116150 3148200 32050
3119854 3148662 28808
3128747 3153975 25228
3129534 3154536 25002
3124508 3154800 30292
3135027 3156879 21852
3137283 3157242 19959
3144622 3157374 12752
3137431 3157407 19976
3137046 3157770 20724
3124384 3158034 33650
3131639 3158067 26428
3139181 3158331 19150
3139308 3159123 19815
3139999 3159684 19685
3144632 3160311 15679
3134232 3160575 26343
3134945 3161103 26158
3142244 3161532 19288
3135443 3161664 26221
3139996 3162225 22229
3127911 3162786 34875
3151897 3164865 12968
3138976 3165987 27011
3142563 3166515 23952
3152710 3167043 14333
3140521 3168066 27545
3142479 3168594 26115
3154571 3170145 15574
3162489 3171333 8844
3147508 3171828 24320
3149681 3172356 22675
3150867 3172950 22083
3151851 3172983 21132
3166048 3176019 9971
3141081 3176184 35103
3158577 3176613 18036
3155166 3177372 22206
3154162 3177933 23771
3163747 3178362 14615
3166277 3178890 12613
3156706 3179814 23108
3162575 3180342 17767
3163332 3180837 17505
3149330 3184170 34840
3156666 3184863 28197
3168556 3185259 16703
3165843 3185655 19812
3170443 3188790 18347
3170473 3188856 18383
3169997 3188988 18991
3172683 3189450 16767
3166926 3191265 24339
3185358 3192024 6666
3168853 3192123 23270
3185787 3198096 12309
3175009 3200703 25694
3189676 3200835 11159
3185450 3201264 15814
3186349 3201792 15443
3179560 3202683 23123
3185711 3202881 17170
3180410 3203244 22834
3188023 3203409 15386
3185786 3203838 18052
3183759 3203937 20178
3186109 3204333 18224
3185712 3204465 18753
3185362 3204993 19631
3195846 3206115 10269
3185996 3207699 21703
3181813 3208194 26381
3187937 3208689 20752
3186957 3208854 21897
3193690 3212088 18398
3195164 3212616 17452
3186658 3216675 30017
3193871 3217137 23266
3201804 3217236 15432
3186318 3217797 31479
3200643 3220338 19695
3207973 3222780 14807
3199610 3223308 23698
3200678 3226014 25336
3205405 3226509 21104
3208047 3229083 21036
3205203 3229512 24309
3199957 3230073 30116
3202091 3230667 28576
3218203 3231162 12959
3208160 3233307 25147
3211126 3233934 22808
3211432 3236046 24614
3213051 3236706 23655
3220548 3237168 16620
3208539 3237762 29223
3215966 3238323 22357
3216415 3238950 22535
3210519 3239445 28926
3194774 3239511 44737
3204324 3239973 35649
3217720 3240864 23144
3218048 3241887 23839
3212390 3242349 29959
3214504 3242712 28208
3216448 3243273 26825
3218639 3245550 26911
3224338 3246111 21773
3238939 3246672 7733
3222773 3248322 25549
3229052 3248916 19864
3220680 3250533 29853
3223274 3251094 27820
3224740 3251127 26387
3230427 3251919 21492
3239919 3252447 12528
3216722 3254328 37606
3244205 3254361 10156
3229320 3254889 25569
3245607 3254922 9315
3219698 3255153 35455
3239357 3255549 16192
3234279 3255648 21369
3223683 3258354 34671
3230438 3265086 34648
3255872 3265845 9973
3241159 3267330 26171
3252268 3267495 15227
3254751 3268056 13305
3249483 3271224 21741
3242473 3271290 28817
3246447 3271818 25371
3251544 3271818 20274
3252489 3272445 19956
3250778 3272643 21865
3253582 3273006 19424
3253728 3273270 19542
3259406 3273534 14128
3253769 3273864 20095
3252890 3274557 21667
3240193 3276768 36575
3240172 3277065 36893
3245577 3277626 32049
3243170 3277923 34753
3247255 3278253 30998
3244192 3278451 34259
3250982 3278616 27634
3263032 3278682 15650
3247553 3278781 31228
3264236 3278979 14743
3257530 3279144 21614
3253276 3279309 26033
3259686 3279606 19920
3231816 3281883 50067
3236951 3282444 45493
3257412 3282807 25395
3240738 3283038 42300
3265234 3284160 18926
3246602 3284523 37921
3276319 3287229 10910
3261847 3289110 27263
3271274 3290430 19156
3265625 3290958 25333
3268392 3291750 23358
3240548 3292311 51763
3273708 3294423 20715
3269226 3294984 25758
3277077 3295017 17940
3282477 3295083 12606
3271771 3295545 23774
3279680 3296139 16459
3270201 3296667 26466
3277622 3297162 19540
3281600 3298350 16750
3281416 3298581 17165
3282373 3298878 16505
3283581 3302706 19125
3285626 3303861 18235
3288655 3305412 16757
3293389 3306501 13112
3290973 3307821 16848
3281130 3308283 27153
3281433 3308811 27378
3286830 3309042 22212
3284266 3309372 25106
3283461 3309702 26241
3289904 3309900 19996
3286623 3310197 23574
3291498 3310593 19095
3294110 3311979 17869
3295993 3312408 16415
3291838 3313101 21263
3290857 3313794 22937
3289617 3314322 24705
3306941 3314718 7777
3294030 3314883 20853
3300915 3317523 16608
3304567 3318051 13484
3294098 3320427 26329
3280784 3323265 42481
3286614 3323694 37080
3313001 3324156 11155
3307760 3324222 16462
3299517 3324354 24837
3310297 3324882 14585
3319492 3326169 6677
3312171 3327027 14856
3303272 3328083 24811
3309607 3328611 19004
3314592 3330195 15603
3296738 3330921 34183
3306989 3331383 24394
3319997 3331647 11650
3312376 3333363 20987
3313339 3334584 21245
3326703 3334914 8211
3314619 3336201 21582
3318880 3336729 17849
3320587 3339138 18551
3322785 3339666 16881
3327984 3341118 13134
3318033 3341547 23514
3325443 3342042 16599
3325794 3342735 16941
3329433 3344220 14787
3324366 3345936 21570
3326968 3346497 19529
3323585 3347025 23440
3327982 3347091 19109
3341681 3347949 6268
3331737 3350325 18588
3333187 3351183 17996
3321685 3351711 30026
3339685 3353229 13544
3337178 3355803 18625
3338069 3355803 17734
3342615 3356265 13650
3340655 3356364 15709
3344187 3358179 13992
3343327 3359169 15842
3346692 3360258 13566
3347028 3361281 14253
3342494 3364086 21592
3344924 3364581 19657
3345220 3364614 19394
3337364 3369399 32035
3346528 3369432 22904
3352898 3369597 16699
3354198 3370257 16059
3352103 3370521 18418
3345019 3371016 25997
3351813 3371544 19731
3352759 3372138 19379
3349420 3372633 23213
3345492 3373491 27999
3358819 3375372 16553
3363058 3376659 13601
3353606 3382236 28630
3375737 3382764 7027
3355852 3382863 27011
3367182 3383061 15879
3362880 3383358 20478
3363300 3384414 21114
3369177 3384942 15765
3377640 3384975 7335
3367020 3385041 18021
3369441 3385602 16161
3370820 3386097 15277
3377844 3387780 9936
3359360 3388143 28783
3368694 3388704 20010
3372482 3388770 16288
3369724 3391311 21587
3379787 3392994 13207
3377014 3395106 18092
3377165 3395733 18568
3369178 3395865 26687
3372998 3396327 23329
3381225 3399462 18237
3381934 3399957 18023
3383536 3400650 17114
3377862 3402498 24636
3389114 3403059 13945
3385087 3403224 18137
3381186 3403884 22698
3386889 3403917 17028
3393524 3404181 10657
3373270 3406293 33023
3378500 3406359 27859
3380789 3406920 26131
3379329 3407415 28086
3386955 3407844 20889
3400594 3410121 9527
3379281 3411045 31764
3388191 3411639 23448
3397234 3412233 14999
3383923 3412695 28772
3405630 3412926 7296
3384713 3413289 28576
3388293 3413916 25623
3396674 3416094 19420
3397555 3417117 19562
3409161 3418437 9276
3389936 3419295 29359
3392642 3421605 28963
3393541 3422166 28625
3407130 3422364 15234
3397842 3422793 24951
3405466 3423090 17624
3414172 3425862 11690
3395099 3426291 31192
3415993 3428997 13004
3409235 3429096 19861
3411918 3431967 20049
3412746 3432561 19815
3409396 3432990 23594
3417047 3435069 18022
3420997 3435630 14633
3410379 3435762 25383
3420191 3436686 16495
3416389 3437016 20627
3423792 3438072 14280
3409536 3438831 29295
3423106 3439986 16880
3424411 3440547 16136
3427987 3443286 15299
3427563 3446223 18660
3418198 3446520 28322
3429710 3446784 17074
3420880 3447972 27092
3414925 3449721 34796
3420247 3450282 30035
3424859 3450876 26017
3426476 3450942 24466
3425984 3451173 25189
3426392 3451767 25375
3431446 3452361 20915
3432588 3452922 20334
3439566 3453879 14313
3429120 3455001 25881
3431910 3456156 24246
3436193 3456156 19963
3432702 3456717 24015
3437517 3456717 19200
3437842 3457278 19436
3438200 3457377 19177
3447537 3459357 11820
3448394 3461931 13537
3451913 3463548 11635
3429432 3464373 34941
3446290 3464901 18611
3450785 3465297 14512
3443516 3466749 23233
3447804 3467046 19242
3437871 3467277 29406
3457328 3467607 10279
3456075 3468399 12324
3463276 3474339 11063
3445719 3476187 30468
3453194 3477177 23983
3457136 3477705 20569
3461765 3478233 16468
3472708 3480609 7901
3463355 3480906 17551
3467686 3482754 15068
3461662 3484668 23006
3472806 3485592 12786
3474462 3487209 12747
3483777 3490014 6237
3473909 3490377 16468
3486277 3493281 7004
3471332 3493380 22048
3477507 3495195 17688
3476213 3497109 20896
3477564 3497670 20106
3482151 3498264 16113
3475558 3498396 22838
3484584 3498825 14241
3489976 3500904 10928
3490197 3501399 11202
3490822 3501432 10610
3493054 3505524 12470
3492219 3505821 13602
3493953 3506844 12891
3500118 3507240 7122
3495313 3507372 12059
3477352 3508560 31208
3488286 3509121 20835
3492705 3509682 16977
3494388 3510210 15822
3494945 3511827 16882
3501397 3512223 10826
3486570 3514929 28359
3498608 3515358 16750
3500884 3515424 14540
3491948 3515457 23509
3510337 3517437 7100
3503529 3518790 15261
3510873 3523179 12306
3513257 3523806 10549
3515206 3524202 8996
3516867 3525753 8886
3514571 3526380 11809
3507737 3526842 19105
3509335 3529614 20279
3513463 3531462 17999
3524672 3535983 11311
3510380 3536577 26197
3519955 3537501 17546
3521941 3538557 16616
3518528 3539778 21250
3521231 3541659 20428
3524887 3542154 17267
3521774 3542979 21205
3525597 3545355 19758
3527116 3545421 18305
3535050 3545916 10866
3528735 3546180 17445
3532289 3546444 14155
3527454 3548325 20871
3531100 3549447 18347
3527917 3549777 21860
3531828 3549975 18147
3528260 3550305 22045
3535859 3552714 16855
3535782 3553110 17328
3527087 3553539 26452
3527284 3554133 26849
3532739 3554760 22021
3540056 3557862 17806
3542863 3559545 16682
3537009 3561063 24054
3541705 3562317 20612
3541929 3565518 23589
3545762 3565980 20218
3551037 3566046 15009
3548275 3566541 18266
3549985 3567135 17150
3550562 3569709 19147
3553085 3570270 17185
3559904 3573570 13666
3563289 3573999 10710
3551571 3577266 25695
3559889 3577695 17806
3553048 3577860 24812
3555752 3577893 22141
3556172 3578454 22282
3561151 3578454 17303
3565467 3579015 13548
3558464 3579048 20584
3558504 3579444 20940
3562370 3580764 18394
3559889 3581094 21205
3566296 3581391 15095
3554082 3582678 28596
3558932 3583239 24307
3560587 3583800 23213
3577152 3584163 7011
3560965 3584625 23660
3558231 3589179 30948
3566008 3589773 23765
3568744 3589971 21227
3581068 3590103 9035
3573374 3590499 17125
3580269 3596076 15807
3583923 3596703 12780
3582711 3596736 14025
3570829 3599904 29075
3570937 3600366 29429
3578589 3600465 21876
3580424 3601059 20635
3584645 3601620 16975
3579638 3602082 22444
3567563 3602610 35047
3582028 3602742 20714
3567588 3603204 35616
3573627 3603798 30171
3584253 3604359 20106
3567764 3604755 36991
3585165 3605943 20778
3569792 3606471 36679
3577120 3607890 30770
3580370 3607989 27619
3583236 3611091 27855
3586792 3611091 24299
3590271 3611553 21282
3590795 3613467 22672
3599905 3613797 13892
3598959 3614556 15597
3587260 3616734 29474
3595965 3617262 21297
3591694 3617658 25964
3587488 3619242 31754
3595541 3620001 24460
3597618 3620496 22878
3598790 3621222 22432
3597916 3621354 23438
3590772 3623961 33189
3589703 3624423 34720
3596718 3624588 27870
3596332 3624984 28652
3599344 3625578 26234
