680 6930 6250
3822 10428 6606
5128 11715 6587
2428 11814 9386
5718 15906 10188
6194 16401 10207
2660 19107 16447
5976 19107 13131
3011 22308 19297
7161 22836 15675
12089 22869 10780
7623 22935 15312
7552 23793 16241
10489 24321 13832
14871 25641 10770
7068 27654 20586
12452 27951 15499
13737 28776 15039
4115 31152 27037
6619 31713 25094
12863 32274 19411
15497 32835 17338
4452 33693 29241
4795 34287 29492
1862 34848 32986
7338 34848 27510
7416 35310 27894
9982 35409 25427
16288 35541 19253
12125 35970 23845
18672 36102 17430
14096 36432 22336
24563 36465 11902
22524 36663 14139
23864 37191 13327
17768 39138 21370
12297 39666 27369
18151 39897 21746
14279 40227 25948
19359 40458 21099
23514 40821 17307
24311 41415 17104
34304 42933 8629
22841 44187 21346
16431 44616 28185
22519 44715 22196
32586 44781 12195
19794 45177 25383
28304 46002 17698
33679 46563 12884
19275 47949 28674
31126 48609 17483
17399 50292 32893
24445 51018 26573
24160 54252 30092
26479 54813 28334
37745 55407 17662
40753 55935 15182
41670 56463 14793
31513 57750 26237
28636 58245 29609
40607 58773 18166
43566 59301 15735
37254 59466 22212
46378 59697 13319
51345 60225 8880
29760 62040 32280
29853 62667 32814
29259 63063 33804
37913 64053 26140
31885 64317 32432
41017 64614 23597
41528 64911 23383
44244 65208 20964
50464 66033 15569
51775 67551 15776
51497 68970 17473
52442 69069 16627
37003 70389 33386
46592 71049 24457
48125 71511 23386
54867 71775 16908
55438 72303 16865
43754 74283 30529
39835 74349 34514
63143 75372 12229
40496 75438 34942
45071 75999 30928
43562 76164 32602
51933 76527 24594
56437 76593 20156
50623 76824 26201
44118 77022 32904
51496 77385 25889
49330 77550 28220
61206 78045 16839
47065 78705 31640
53415 79233 25818
66639 80454 13815
35729 80586 44857
47675 80619 32944
37863 80784 42921
68019 81873 13854
49413 82269 32856
54376 82797 28421
72958 83688 10730
61645 86031 24386
70689 87780 17091
73747 88341 14594
64469 90882 26413
68470 92202 23732
77124 92532 15408
48963 93588 44625
59190 94908 35718
61955 95205 33250
66156 95733 29577
62008 96261 34253
68049 96294 28245
69438 96525 27087
64508 96789 32281
57981 97053 39072
53409 97350 43941
55505 97911 42406
60884 98439 37555
71246 99000 27754
75759 101607 25848
66646 102234 35588
78098 102630 24532
66693 102762 36069
87196 103422 16226
69338 105831 36493
81885 106161 24276
84064 106722 22658
87638 107184 19546
89336 107745 18409
77761 108339 30578
78388 108768 30380
90788 109164 18376
57015 111540 54525
67120 111606 44486
67777 112596 44819
73038 112662 39624
85147 112992 27845
81248 113223 31975
86538 113784 27246
90361 114345 23984
103184 114609 11425
99390 116325 16935
84997 116457 31460
101756 116919 15163
83073 117414 34341
107893 118173 10280
73565 118272 44707
110246 119064 8818
89227 121473 32246
101557 121506 19949
102053 122331 20278
102910 122892 19982
107368 125004 17636
78683 126126 47443
102407 126753 24346
89870 127314 37444
110708 127413 16705
111654 127941 16287
87528 128898 41370
91132 129459 38327
84343 130020 45677
119245 130515 11270
99632 130548 30916
104395 130581 26186
90067 130647 40580
99847 130977 31130
93744 131604 37860
97797 131736 33939
75325 132792 57467
104568 133287 28719
98604 134310 35706
94513 134343 39830
98003 134904 36901
99041 134904 35863
106468 135465 28997
87330 135498 48168
116518 135960 19442
109528 136455 26927
124998 137082 12084
129717 137577 7860
118187 138171 19984
129888 138171 8283
111640 138204 26564
127793 138699 10906
113165 139260 26095
116447 140844 24397
108667 141273 32606
109399 141834 32435
123696 141999 18303
130124 142527 12403
124328 143385 19057
94185 145002 50817
129934 147147 17213
106614 147675 41061
123099 148368 25269
133231 148896 15665
106889 149424 42535
114587 149490 34903
112322 150381 38059
106705 151074 44369
104764 151107 46343
117497 151503 34006
120462 151635 31173
101191 151701 50510
122514 151932 29418
90706 152097 61391
109009 152559 43550
114795 152658 37863
112451 152757 40306
116543 153252 36709
139909 154869 14960
129850 155463 25613
139935 155463 15528
133935 155760 21825
147738 159159 11421
128618 159588 30970
124253 160050 35797
133948 160710 26762
138099 162327 24228
114049 164010 49961
127014 165660 38646
128947 166221 37274
135441 166716 31275
126254 166881 40627
126935 167475 40540
102199 168036 65837
143679 168399 24720
143149 168531 25382
144930 168993 24063
148285 169059 20774
145755 169521 23766
153082 169620 16538
123350 169653 46303
128379 170247 41868
142406 170544 28138
139295 170841 31546
145292 171072 25780
150630 171699 21069
150632 172293 21661
119576 172821 53245
106473 172854 66381
130426 172854 42428
145752 173316 27564
140028 173415 33387
152201 174438 22237
146315 176220 29905
139767 176550 36783
136374 177111 40737
143495 179850 36355
129178 181236 52058
135452 181797 46345
151283 181830 30547
167299 182358 15059
141669 182391 40722
147457 182952 35495
169969 185394 15425
160289 186219 25930
158510 186417 27907
144933 186780 41847
149341 187341 38000
170169 187539 17370
150942 187869 36927
144264 191070 46806
152810 191400 38590
148303 191664 43361
164231 191961 27730
152305 192291 39986
152428 192555 40127
167286 192819 25533
152815 192984 40169
168481 193347 24866
156475 193512 37037
154668 193677 39009
164946 194040 29094
160454 194238 33784
163485 196053 32568
174956 196515 21559
168220 197472 29252
176475 198033 21558
181188 198165 16977
182359 198627 16268
183491 199188 15697
183189 199320 16131
159578 200145 40567
164276 200574 36298
168397 201234 32837
171559 201630 30071
145678 202290 56612
147335 203346 56011
174026 203973 29947
172286 204534 32248
179013 204567 25554
175235 204864 29629
172122 204930 32808
181229 205161 23932
191557 205161 13604
176971 205986 29015
179407 206547 27140
181629 207075 25446
151011 208329 57318
194792 209319 14527
154010 209484 55474
177040 209484 32444
159851 209913 50062
177201 210210 33009
174687 210573 35886
168793 213609 44816
169760 213807 44047
166732 213840 47108
170355 214137 43782
172484 214368 41884
167334 214401 47067
174267 214929 40662
167429 215028 47599
139579 215589 76010
169071 216117 47046
193584 217965 24381
190656 218526 27870
153128 218922 65794
167494 219582 52088
199925 219714 19789
158293 220143 61850
204605 220242 15637
159061 220737 61676
181156 222453 41297
206656 222849 16193
170146 223938 53792
175241 224367 49126
175441 224466 49025
178226 224928 46702
172336 225027 52691
199309 225555 26246
183648 225984 42336
209809 226083 16274
215372 228822 13450
180444 229746 49302
191516 230406 38890
200262 231000 30738
192803 231528 38725
201124 231561 30437
207652 232122 24470
180591 232155 51564
219632 232452 12820
151073 232683 81610
188723 232716 43993
209785 232881 23096
218535 234465 15930
220242 234993 14751
192404 235422 43018
191935 236445 44510
179957 237006 57049
181698 237072 55374
219436 237831 18395
182804 238128 55324
221983 238491 16508
225975 240570 14595
226666 241131 14465
224528 242319 17791
177234 242880 65646
192461 242946 50485
226823 242979 16156
204036 246675 42639
239232 246741 7509
209262 248688 39426
218866 250074 31208
230567 250602 20035
219966 250668 30702
226579 251295 24716
235959 252087 16128
212096 252615 40519
238801 252681 13880
213273 253176 39903
242042 253209 11167
228486 253770 25284
177608 253803 76195
168121 254298 86177
194766 254859 60093
205197 255321 50124
227709 256575 28866
236036 257136 21100
204899 258522 53623
212345 259083 46738
215167 259677 44510
227888 260205 32317
233668 260271 26603
191214 260733 69519
242900 261096 18196
197305 261228 63923
245915 261591 15676
189565 264033 74468
254717 264297 9580
196848 264594 67746
202022 265056 63034
256694 265485 8791
214683 265716 51033
233358 268719 35361
235572 268950 33378
224770 269643 44873
227567 270303 42736
238812 270303 31491
229446 270369 40923
244421 270831 26410
234555 270864 36309
235437 270930 35493
258135 272481 14346
243380 275847 32467
244542 275946 31404
244855 276507 31652
235380 276870 41490
247371 277101 29730
232288 277662 45374
234332 278190 43858
255208 278289 23081
242480 278751 36271
257322 278850 21528
253235 279081 25846
270795 279477 8682
263152 280170 17018
222695 281985 59290
230981 282612 51631
227150 283173 56023
242996 283602 40606
243248 284262 41014
244465 284658 40193
266487 284856 18369
269533 288981 19448
240618 290202 49584
278188 290202 12014
246247 291225 44978
270150 291324 21174
250871 291753 40882
259394 292248 32854
273206 292776 19570
278277 294360 16083
266740 296802 30062
249721 297957 48236
246995 298023 51028
267933 298353 30420
257517 298419 40902
276358 298914 22556
258791 299145 40354
276551 299706 23155
285586 300036 14450
260658 302313 41655
248536 303138 54602
261952 303567 41615
284610 303666 19056
278959 304095 25136
289465 306669 17204
171646 309210 137564
174890 309804 134914
279410 310101 30691
295315 311322 16007
280916 313599 32683
283295 314226 30931
276982 315084 38102
281529 316833 35304
292346 317262 24916
294101 317790 23689
302429 317889 15460
279425 318285 38860
305149 318450 13301
294461 318483 24022
282517 318813 36296
286097 318846 32749
170106 319011 148905
296639 319638 22999
303146 322080 18934
296313 322212 25899
297386 322674 25288
301191 323367 22176
315398 323895 8497
278921 323928 45007
279612 323994 44382
295364 324522 29158
297409 324588 27179
292325 327129 34804
303088 327657 24569
181751 328284 146533
274105 329439 55334
210539 329571 119032
225096 330825 105729
304062 332541 28479
297403 332640 35237
305499 333036 27537
299983 333168 33185
303089 333234 30145
307237 333432 26195
313679 333696 20017
309557 334092 24535
314366 334125 19759
315458 334653 19195
315877 335016 19139
220494 335214 114720
183813 335775 151962
308380 337920 29540
311622 337953 26331
326553 338481 11928
326591 340362 13771
317435 342078 24643
312752 344256 31504
326960 344553 17593
324499 344817 20318
313314 345279 31965
313670 345840 32170
320894 346368 25474
321869 346368 24499
319602 348150 28548
205517 348282 142765
321834 348678 26844
207506 348876 141370
212023 349404 137381
309596 349602 40006
326621 349668 23047
225609 349932 124323
310322 350163 39841
332308 350163 17855
230017 350493 120476
329148 353727 24579
330763 354255 23492
331029 354849 23820
312731 355377 42646
325269 355377 30108
260325 357060 96735
343722 357753 14031
338791 358611 19820
235307 359106 123799
339211 359205 19994
238016 359634 121618
186538 360855 174317
203890 360954 157064
239831 361977 122146
212335 362505 150170
213970 362934 148964
356763 364122 7359
352017 367224 15207
304511 367653 63142
329121 368214 39093
244298 369336 125038
173839 369897 196058
340095 370425 30330
205535 370458 164923
342227 371547 29320
351190 372108 20918
336054 372735 36681
336062 373296 37234
336478 373692 37214
339778 373923 34145
340924 374253 33329
342562 374847 32285
252719 375309 122590
354177 375408 21231
269231 375606 106375
238328 375837 137509
335040 377124 42084
359066 377652 18586
261382 378708 117326
366458 379104 12646
364722 379731 15009
249215 380061 130846
250297 380655 130358
255496 381216 125720
260207 381414 121207
221574 381777 160203
230671 382173 151502
366938 382734 15796
241386 382866 141480
373310 383262 9952
361972 383757 21785
363959 384846 20887
374090 385374 11284
344956 386100 41144
362561 386628 24067
234249 387024 152775
354290 387717 33427
365290 388311 23021
350100 389400 39300
357066 390027 32961
266437 390555 124118
342307 391083 48776
278588 391116 112528
360663 391512 30849
365127 391644 26517
273415 392040 118625
375564 392073 16509
279251 393129 113878
362743 394317 31574
360814 395802 34988
361662 396330 34668
363997 396891 32894
367846 397023 29177
275949 399135 123186
245168 399663 154495
248474 400257 151783
299898 400686 100788
388526 402006 13480
376628 402138 25510
374692 403458 28766
371474 404019 32545
381522 404613 23091
363662 406428 42766
339443 406956 67513
261618 407154 145536
384105 407517 23412
297423 407715 110292
380147 408012 27865
304217 408309 104092
381634 408540 26906
371779 408672 36893
278574 411510 132936
248858 411576 162718
272330 411741 139411
293228 411774 118546
377377 412401 35024
375288 412632 37344
301373 412830 111457
301484 412896 111412
377880 413193 35313
395289 413391 18102
381543 413754 32211
304046 413919 109873
314779 414117 99338
256228 414447 158219
317405 414711 97306
295198 416592 121394
310349 417120 106771
392411 417186 24775
367748 417714 49966
376160 418275 42115
401076 418803 17727
387996 418869 30873
406739 419331 12592
283429 419760 136331
254495 420189 165694
262569 420849 158280
268072 421410 153338
269789 421971 152182
389106 422532 33426
354371 424446 70075
382357 425766 43409
318438 426063 107625
382711 426294 43583
378948 426393 47445
394605 426954 32349
324591 427152 102561
283171 427911 144740
398807 428010 29203
277836 428109 150273
393501 428439 34938
405682 428571 22889
280632 428637 148005
391363 429066 37703
367528 429495 61967
393068 430353 37285
395923 430419 34496
395370 431310 35940
396368 432201 35833
403387 432531 29144
306575 432729 126154
405032 432729 27697
398118 432993 34875
337775 433455 95680
339348 434544 95196
348441 435105 86664
283180 435633 152453
425139 437085 11946
407410 438339 30929
341312 438834 97522
341478 439428 97950
271540 442662 171122
415416 444246 28830
416271 444840 28569
395392 445368 49976
297883 445830 147947
328073 446292 118219
397395 446424 49029
328078 446886 118808
407367 447018 39651
409015 447579 38564
332155 447612 115457
407945 447942 39997
409226 448107 38881
412704 448569 35865
395780 448635 52855
319809 448701 128892
426209 449262 23053
401676 450219 48543
311678 450318 138640
404195 450747 46552
411747 451902 40155
395803 452364 56561
398417 452430 54013
388610 453981 65371
356780 454542 97762
359842 455136 95294
428417 455136 26719
371133 455169 84036
289165 456225 167060
395395 456258 60863
449930 457281 7351
399805 457875 58070
350802 458238 107436
448603 460812 12209
359845 462924 103079
360810 463452 102642
293857 463881 170024
394435 464508 70073
426708 464904 38196
399284 465333 66049
412322 465894 53572
444193 466092 21899
426957 466455 39498
346842 467049 120207
349626 467478 117852
411650 467709 56059
351643 468006 116363
427822 468237 40415
436848 468303 31455
413342 468534 55192
413549 468600 55051
356211 468666 112455
405324 469194 63870
416607 469194 52587
438781 469326 30545
445536 469359 23823
413524 470514 56990
420359 470976 50617
424590 471669 47079
414169 471900 57731
419188 472494 53306
431883 473088 41205
443832 473220 29388
466022 474441 8419
374106 474870 100764
376912 475431 98519
392661 476058 83397
398392 476586 78194
400132 476619 76487
357254 477510 120256
404389 477642 73253
380855 479754 98899
431263 481635 50372
438523 482361 43838
440379 482988 42609
299907 483153 183246
405540 483516 77976
431888 483879 51991
315173 484242 169069
319928 485298 165370
322520 485826 163306
436770 486222 49452
442183 487311 45128
449799 487872 38073
363339 488334 124995
365332 488400 123068
371137 488763 117626
395419 488928 93509
443860 489060 45200
307247 489555 182308
451413 489588 38175
453116 489621 36505
316199 490050 173851
426338 490644 64306
463651 490677 27026
466350 491238 24888
430332 491832 61500
412918 492195 79277
441545 492195 50650
442491 492855 50364
464426 493284 28858
468980 493845 24865
329736 496056 166320
475268 497541 22273
395714 499092 103378
471376 503019 31643
407527 503151 95624
425266 503712 78446
437968 504273 66305
485424 504603 19179
460084 504702 44618
398127 505098 106971
398412 505593 107181
444981 505857 60876
338659 506979 168320
349455 508101 158646
484955 508629 23674
408505 509058 100553
410163 509751 99588
434895 510246 75351
466214 510510 44296
329981 510774 180793
452553 511335 58782
476272 511368 35096
484982 512457 27475
473650 512655 39005
486090 513018 26928
479557 513975 34418
492261 514536 22275
363332 515097 151765
496602 515130 18528
371466 515625 144159
498387 515691 17304
481771 515856 34085
459702 516054 56352
499111 516285 17174
500768 516846 16078
444900 519354 74454
502086 520245 18159
458675 520344 61669
462496 521037 58541
428603 521499 92896
498594 521796 23202
412945 522852 109907
406518 524700 118182
490607 525261 34654
495633 525822 30189
483683 525987 42304
497242 526350 29108
498094 526878 28784
346054 528330 182276
444990 528363 83373
494506 528891 34385
453999 528957 74958
410263 529452 119189
477859 529518 51659
454267 530574 76307
417121 530574 113453
455564 530607 75043
485805 530739 44934
421033 531102 110069
455169 531168 75999
459668 531300 71632
468360 531993 63633
468492 533049 64557
462891 534303 71412
486421 534402 47981
485042 534666 49624
501374 534831 33457
492509 534963 42454
507694 535392 27698
497338 535557 38219
414205 537669 123464
507187 538263 31076
531498 540408 8910
499044 541134 42090
433807 544599 110792
475782 545787 70005
414514 547305 132791
501947 547833 45886
487731 549582 61851
362216 549846 187630
510698 550110 39412
526723 550143 23420
390280 550176 159896
518901 550374 31473
395581 550737 155156
487819 551067 63248
401997 551298 149301
432787 551496 118709
500816 551628 50812
405408 551859 146451
504645 552222 47577
511034 554598 43564
518017 554697 36680
534790 554928 20138
526902 555258 28356
488701 555687 66986
527551 555885 28334
504309 556248 51939
511349 556314 44965
528251 556479 28228
528760 557073 28313
511366 557370 46004
489485 557601 68116
537850 560868 23018
544786 561132 16346
540479 561429 20950
476015 562221 86206
470884 562815 91931
451974 563376 111402
483433 563376 79943
487435 563904 76469
432740 563937 131197
490323 564432 74109
443766 565224 121458
492996 566676 73680
515045 567171 52126
517540 567798 50258
504652 568359 63707
527360 568887 41527
538391 568986 30595
546539 569646 23107
532117 569943 37826
441248 571593 130345
483068 572154 89086
470298 572484 102186
449326 572715 123389
486985 573012 86027
452169 573210 121041
455030 573738 118708
562961 574926 11965
515711 576213 60502
543378 576741 33363
485952 577302 91350
539567 578061 38494
439856 578589 138733
490964 578622 87658
505710 579150 73440
457383 579282 121899
525790 579678 53888
457724 580074 122350
571559 581097 9538
542071 582252 40181
493225 582846 89621
549106 582978 33872
493889 583407 89518
499144 585057 85913
504948 585519 80571
508182 586047 77865
436783 586113 149330
524916 586740 61824
488422 586872 98450
543514 587136 43622
489135 587433 98298
537671 587697 50026
438355 588786 150431
453703 589941 136238
562982 591129 28147
574564 591657 17093
535961 591690 55729
557949 592152 34203
536728 592251 55523
414900 593208 178308
431079 593736 162657
562718 593967 31249
457680 594165 136485
504891 594495 89604
464980 594858 129878
487953 595419 107466
493645 595980 102335
583628 597795 14167
544148 598719 54571
523662 598917 75255
546602 599247 52645
560397 599577 39180
556105 600039 43934
570593 600105 29512
560582 600435 39853
506473 601425 94952
507364 602811 95447
555693 603306 47613
556763 603372 46609
543738 603900 60162
509063 604461 95398
583101 604461 21360
511033 605088 94055
511765 605550 93785
573603 606078 32475
589165 607167 18002
558065 607233 49168
594280 608256 13976
543950 608355 64405
576830 608916 32086
454218 609345 155127
555940 609444 53504
537669 610302 72633
565511 612381 46870
568411 612909 44498
579735 613272 33537
572119 613536 41417
484276 614031 129755
496640 614724 118084
507015 615252 108237
508487 615846 107359
548465 616374 67909
461367 616902 155535
597171 617727 20556
597982 618288 20306
529947 618519 88572
532067 619047 86980
534150 619641 85491
526413 620103 93690
564028 620169 56141
460508 620631 160123
576282 620730 44448
577230 621225 43995
585857 621258 35401
567561 623634 56073
570820 623931 53111
517353 624162 106809
513363 624459 111096
540520 624723 84203
590672 626868 36196
593051 627990 34939
465524 628518 162994
600696 628518 27822
608556 628815 20259
484664 629673 145009
612409 629937 17528
593706 632874 39168
573952 633435 59483
554344 633831 79487
584802 633996 49194
589890 634557 44667
598800 635118 36318
509324 635217 125893
581126 637065 55939
602602 637626 35024
591766 638022 46256
521731 638055 116324
598105 638550 40445
525497 638748 113251
614042 639012 24970
605936 639144 33208
609073 639177 30104
601975 639276 37301
474958 639738 164780
593865 640101 46236
497694 640761 143067
599424 640794 41370
604898 641223 36325
543074 641883 98809
601709 642444 40735
595798 642939 47141
528738 643368 114630
533114 643962 110848
605562 644094 38532
606269 644160 37891
615954 645117 29163
611550 645216 33666
618667 645645 26978
515559 645678 130119
612794 645744 32950
607016 647394 40378
610003 647955 37952
614585 647988 33403
522596 648285 125689
599414 648450 49036
523970 648681 124711
568085 649374 81289
596163 649506 53343
546982 649935 102953
547422 650628 103206
616667 650661 33994
612884 650727 37843
551442 651189 99747
631336 651255 19919
553026 651750 98724
595823 652080 56257
555297 654819 99522
520697 654951 134254
526791 655017 128226
560616 655380 94764
537446 656502 119056
553365 658680 105315
545450 660033 114583
487426 660363 172937
507936 660924 152988
626870 661452 34582
608326 661914 53588
614804 662409 47605
622457 663102 40645
615807 663630 47823
615163 664323 49160
640742 665247 24505
540014 665346 125332
643312 665775 22463
548033 665874 117841
548723 666369 117646
615728 666831 51103
626144 666897 40753
539524 667953 128429
548674 668481 119807
614946 669339 54393
560965 669867 108902
610780 670131 59351
562006 670428 108422
619005 670692 51687
629991 670857 40866
645106 671715 26609
648459 673398 24939
634847 674289 39442
636616 674883 38267
564443 677622 113179
659311 678678 19367
546362 679800 133438
552788 680394 127606
633994 681021 47027
623326 681879 58553
644882 682011 37129
627211 682440 55229
628387 683001 54614
628921 683430 54509
566145 684090 117945
630241 684519 54278
624612 685212 60600
633586 685245 51659
563945 685311 121366
575424 685839 110415
641355 686202 44847
643562 686301 42739
610258 686796 76538
660478 686862 26384
666974 686862 19888
630473 687852 57379
630851 688446 57595
582469 688974 106505
619156 689073 69917
569673 689403 119730
553048 690195 137147
632595 690294 57699
634177 690393 56216
558044 690921 132877
634516 690954 56438
644626 691053 46427
658235 691680 33445
595163 691878 96715
680861 692769 11908
642538 694287 51749
645609 694320 48711
646199 694881 48682
629998 695112 65114
555292 695904 140612
578448 696432 117984
585965 696432 110467
651155 698973 47818
594370 699633 105263
653000 701481 48481
628975 702042 73067
674106 702900 28794
678787 703395 24608
578564 703956 125392
679571 703989 24418
581275 704286 123011
587693 704517 116824
583498 704814 121316
588072 705078 117006
623848 705375 81527
639731 705408 65677
589806 705639 115833
645987 706002 60015
652857 707058 54201
654345 707619 53274
642165 708081 65916
657434 708180 50746
639772 708840 69068
598349 709269 110920
648608 709434 60826
652787 709995 57208
654156 710556 56400
579827 711084 131257
686739 712470 25731
692569 712569 20000
584373 712998 128625
589276 713427 124151
694386 715968 21582
691714 716133 24419
694897 716661 21764
594697 720885 126188
690635 721248 30613
597570 721446 123876
692249 721875 29626
693176 722898 29722
632948 723954 91006
596736 724515 127779
598717 725076 126359
610021 725637 115616
694170 725967 31797
614287 726231 111944
663844 726231 62387
601763 726462 124699
668998 726759 57761
603495 727023 123528
697902 727188 29286
672008 727320 55312
659337 729432 70095
671179 729993 58814
643630 730257 86627
664571 730521 65950
598378 730554 132176
695831 730785 34954
688590 730851 42261
671500 731082 59582
612955 731082 118127
620455 731643 111188
685155 731709 46554
600063 731808 131745
699166 732864 33698
702539 732864 30325
629122 733491 104369
680809 734118 53309
681254 734712 53458
633133 735207 102074
710493 736065 25572
605280 738639 133359
629117 739992 110875
610133 740718 130585
612129 741246 129117
732695 741873 9178
617174 742302 125128
626792 743721 116929
614696 745536 130840
710677 745635 34958
640279 745965 105686
705403 746064 40661
641916 746592 104676
622855 746625 123770
626736 747054 120318
631081 747714 116633
633081 748275 115194
655112 748704 93592
658269 749298 91029
732919 750321 17402
574734 750519 175785
636016 750849 114833
577326 750981 173655
687592 752037 64445
676295 752169 75874
699575 752598 53023
646960 752631 105671
635269 753126 117857
704233 753159 48926
709429 753720 44291
609352 754281 144929
718477 754644 36167
612161 754809 142648
698864 755832 56968
701365 755898 54533
711877 756459 44582
701700 756987 55287
676616 758043 81427
718890 758043 39153
742958 760749 17791
620662 762201 141539
750818 762399 11581
751078 762993 11915
643807 763884 120077
669254 765039 95785
692972 767151 74179
639540 767217 127677
636960 767877 130917
711562 768240 56678
671192 768438 97246
745433 768768 23335
750756 768999 18243
650103 771639 121536
632570 771969 139399
722176 772200 50024
636121 772530 136409
728433 772761 44328
654466 772794 118328
657344 773355 116011
732467 773388 40921
732827 773421 40594
660205 773916 113711
696472 774510 78038
678497 775038 96541
698140 775038 76898
728636 775566 46930
722439 775731 53292
712755 776655 63900
727871 776787 48916
721760 777645 55885
726573 778239 51666
649938 778767 128829
656389 778800 122411
735499 778800 43301
731229 782067 50838
755758 782595 26837
770616 783684 13068
657425 784641 127216
667663 785829 118166
737736 788040 50304
669551 788040 118489
676304 788568 112264
654117 788667 134550
730005 789096 59091
697805 789525 91720
749519 789624 40105
653167 790350 137183
656715 790911 134196
709408 791472 82064
733384 791901 58517
652057 792000 139943
734346 792462 58116
739620 792561 52941
739027 792825 53798
748567 792858 44291
745946 793452 47506
695860 793551 97691
757995 793947 35952
655074 793980 138906
715296 795201 79905
769395 796818 27423
756121 796917 40796
751999 797181 45182
758059 797511 39452
756618 797742 41124
698764 798039 99275
776778 798303 21525
779672 798435 18763
776100 801339 25239
708000 804177 96177
676895 808302 131407
729091 808797 79706
658554 809061 150507
735221 809358 74137
673891 809754 135863
651040 810183 159143
665166 810414 145248
782082 810876 28794
674400 811008 136608
786461 811437 24976
747196 811503 64307
681583 811569 129986
687576 811998 124422
750680 812064 61384
698473 812592 114119
774798 812592 37794
770722 812658 41936
708129 813120 104991
778383 813186 34803
713039 813549 100510
675990 813747 137757
679311 814308 134997
763170 814638 51468
769365 815298 45933
764704 816255 51551
778990 816321 37331
779820 816849 37029
702636 817377 114741
788000 817377 29377
788637 818433 29796
681073 818961 137888
722839 822987 100148
725898 824868 98970
796189 825924 29735
682067 826485 144418
686184 827607 141423
752558 827673 75115
732265 828102 95837
687188 828168 140980
707443 828333 120890
787439 828366 40927
806996 829455 22459
813653 829521 15868
681437 830511 149074
682705 831237 148532
698794 831864 133070
715622 833118 117496
724724 833514 108790
827693 834867 7174
798163 834933 36770
710277 836946 126669
781230 837474 56244
789887 838629 48742
767866 839124 71258
792131 839223 47092
768285 839850 71565
782313 840411 58098
815723 840939 25216
775667 841500 65833
816931 841500 24569
819474 842061 22587
815577 844734 29157
824679 845790 21111
825429 846318 20889
721921 848166 126245
787531 848364 60833
723362 848760 125398
743333 848892 105559
833642 849519 15877
754062 851631 97569
764551 852225 87674
770310 852753 82443
816641 853875 37234
825626 853875 28249
700436 854700 154264
748411 854898 106487
725654 855360 129706
696960 856317 159357
842972 856449 13477
802362 860475 58113
847638 860541 12903
796850 860706 63856
803622 861036 57414
849315 861531 12216
831545 861663 30118
837169 862224 25055
737151 863907 126756
850814 867702 16888
736784 867735 130951
726571 868362 141791
855977 868494 12517
742656 868923 126267
844895 869484 24589
725168 869946 144778
727168 870474 143306
731140 871068 139928
783258 871629 88371
728509 871695 143186
742484 872157 129673
833709 873246 39537
854454 874863 20409
861685 875754 14069
759595 877008 117413
748702 880275 131573
856522 880506 23984
870879 881364 10485
751814 882816 131002
832295 884697 52402
860180 885225 25045
860921 885357 24436
868249 885522 17273
746201 886017 139816
861665 886446 24781
746925 886479 139554
751780 887535 135755
747247 888228 140981
760787 888756 127969
746279 889548 143269
878683 890835 12152
865712 891099 25387
880166 891363 11197
884061 891858 7797
885166 892386 7220
874407 892617 18210
862476 893244 30768
747172 893805 146633
878429 894465 16036
777920 896544 118624
764544 897699 133155
698180 901131 202951
755809 901824 146015
765315 902286 136971
713352 902913 189561
719715 903474 183759
870484 907302 36818
799549 907533 107984
804837 908061 103224
816752 908127 91375
740056 908193 168137
754626 908424 153798
744061 908721 164660
776894 908952 132058
780024 909447 129423
695229 910371 215142
704280 910899 206619
897251 917928 20677
817250 919281 102031
824417 920304 95887
837281 920832 83551
837289 921393 84104
789659 921690 132031
843906 921921 78015
865910 921987 56077
790110 922218 132108
876561 922548 45987
888074 922614 34540
738579 922812 184233
744520 923241 178721
897548 923703 26155
824200 923835 99635
751203 923967 172764
779819 925518 145699
898289 927267 28978
892576 927630 35054
854426 927828 73402
856761 932547 75786
766998 933108 166110
872909 937662 64753
881146 937926 56780
907671 938454 30783
752226 939642 187416
915143 939642 24499
925325 940170 14845
844809 940203 95394
794575 940698 146123
854151 940797 86646
758817 941226 182409
767270 941886 174616
911434 942612 31178
932120 945351 13231
932544 945945 13401
875091 948090 72999
875651 948585 72934
888433 949113 60680
890111 949707 59596
775946 953436 177490
888843 953700 64857
780690 954096 173406
789840 954228 164388
754030 954789 200759
823381 955350 131969
703816 955878 252062
929006 959079 30073
938938 959607 20669
801883 960168 158285
808021 960696 152675
899213 968616 69403
901310 969144 67834
901980 969672 67692
794335 969903 175568
902802 970233 67431
796930 970431 173501
798070 971718 173648
714834 975843 261009
755405 976371 220966
755492 976932 221440
760677 977493 216816
763362 977922 214560
912589 981783 69194
921671 982344 60673
906085 985347 79262
906904 985842 78938
766240 986865 220625
766985 987426 220441
768287 987888 219601
768917 988449 219532
839004 989109 150105
840033 994488 154455
777539 995874 218335
841844 997821 155977
854707 997854 143147
855366 998910 143544
780392 1001154 220762
777272 1001517 224245
785898 1001649 215751
768893 1002078 233185
788147 1002177 214030
778303 1002474 224171
780746 1003002 222256
790095 1003530 213435
933435 1006533 73098
925522 1006731 81209
929128 1007259 78131
945161 1007853 62692
948767 1008414 59647
956714 1008513 51799
930036 1010658 80622
796032 1011186 215154
864562 1011252 146690
876063 1012968 136905
904979 1014189 109210
900041 1016433 116392
795037 1017126 222089
797161 1017522 220361
791313 1017555 226242
792020 1018149 226129
796868 1018182 221314
938337 1018281 79944
915955 1018710 102755
798035 1018776 220741
798295 1019271 220976
817944 1020723 202779
873430 1022472 149042
874361 1023033 148672
958100 1023693 65593
905405 1024089 118684
948708 1026234 77526
951366 1026795 75429
819701 1027389 207688
955368 1027818 72450
829775 1029204 199429
741269 1032966 291697
772275 1034220 261945
834752 1034880 200128
776007 1035309 259302
777829 1035969 258140
946596 1036200 89604
953759 1036266 82507
808394 1036464 228070
877299 1036530 159231
768436 1037982 269546
957710 1037982 80272
958703 1038081 79378
815126 1039104 223978
980889 1039797 58908
823076 1040754 217678
809279 1041282 232003
830790 1041480 210690
834269 1042107 207838
971473 1042536 71063
839532 1042701 203169
802530 1043229 240699
842270 1043262 200992
947744 1043790 96046
806785 1043823 237038
810112 1044417 234305
956910 1047618 90708
841841 1047717 205876
881369 1047750 166381
963370 1048212 84842
967991 1048311 80320
976214 1049334 73120
816962 1051380 234418
876511 1051710 175199
963623 1051776 88153
979066 1052304 73238
981736 1052832 71096
990762 1053393 62631
990900 1053921 63021
958837 1054713 95876
960487 1056363 95876
828811 1056693 227882
844683 1056891 212208
994999 1057221 62222
788176 1057287 269111
848916 1057485 208569
849599 1058112 208513
976657 1058343 81686
1018116 1058607 40491
873390 1058640 185250
836291 1058871 222580
887868 1061346 173478
982928 1061346 78418
879502 1061610 182108
904980 1062633 157653
1023061 1064217 41156
832059 1068045 235986
1007081 1068078 60997
790784 1068210 277426
798026 1068903 270877
821820 1069695 247875
824990 1070322 245332
888914 1070817 181903
912564 1071378 158814
1017149 1071543 54394
848339 1072005 223666
849781 1072104 222323
822113 1072500 250387
814986 1072665 257679
856562 1072698 216136
960797 1072929 112132
991305 1073226 81921
857599 1073259 215660
1006275 1073589 67314
857847 1073721 215874
995040 1073787 78747
892229 1074282 182053
910432 1077483 167051
915418 1077549 162131
833434 1083291 249857
845993 1083390 237397
835095 1083819 248724
866425 1084050 217625
867410 1085172 217762
919977 1086855 166878
1003403 1087053 83650
992657 1087317 94660
928672 1087449 158777
1025263 1087614 62351
936861 1088076 151215
1030305 1088208 57903
1001623 1088373 86750
938049 1088703 150654
1035718 1088769 53051
943918 1088835 144917
769195 1088934 319739
974527 1089528 115001
819574 1090089 270515
988370 1090650 102280
803057 1091211 288154
1009637 1091475 81838
950023 1092135 142112
1028702 1092300 63598
1011217 1092564 81347
1036746 1092828 56082
862340 1093422 231082
865063 1093851 228788
963502 1093917 130415
867195 1094544 227349
801715 1095006 293291
1012639 1095006 82367
1016449 1095600 79151
1019908 1096128 76220
1024105 1096161 72056
1035702 1097217 61515
944587 1098207 153620
1006755 1098735 91980
1009493 1099329 89836
952736 1099395 146659
1010755 1099593 88838
1012620 1100220 87600
962668 1100451 137783
1037925 1100484 62559
975815 1100517 124702
1052887 1101078 48191
1077620 1102695 25075
980670 1102959 122289
845210 1103190 257980
851438 1103718 252280
856847 1104279 247432
1061211 1105434 44223
882298 1106358 224060
1006261 1107480 101219
1037188 1108008 70820
1054325 1109196 54871
883972 1109658 225686
1021648 1111935 90287
1028489 1112496 84007
1043770 1113288 69518
810430 1113585 303155
1059110 1113618 54508
872232 1114674 242442
890888 1115202 224314
897065 1115763 218698
814389 1116489 302100
1048947 1116819 67872
1055900 1117413 61513
1053049 1117677 64628
877469 1118436 240967
989631 1118469 128838
1033599 1118667 85068
881888 1118964 237076
1006812 1118997 112185
829454 1119525 290071
862953 1120020 257067
1081359 1122231 40872
1073709 1122726 49017
988199 1123551 135352
1083461 1123881 40420
1107916 1123881 15965
1001352 1124112 122760
863382 1124706 261324
865288 1125267 259979
880533 1127379 246846
882655 1127973 245318
882771 1128468 245697
884519 1129029 244510
1039301 1129590 90289
1079940 1130151 50211
1097076 1130679 33603
1032142 1133418 101276
890875 1133517 242642
806212 1133847 327635
1075820 1133913 58093
1041448 1133946 92498
891339 1133979 242640
899723 1134375 234652
1081722 1134474 52752
891421 1134540 243119
1064042 1134540 70498
828735 1134969 306234
1093992 1135035 41043
895155 1135167 240012
904516 1135563 231047
918772 1135629 216857
828777 1135662 306885
840680 1136190 295510
925451 1136190 210739
905746 1136190 230444
819728 1138896 319168
1066766 1139424 72658
1075119 1139424 64305
820142 1139919 319777
842645 1139952 297307
1086753 1139952 53199
1013419 1140480 127061
1074350 1140480 66130
1086853 1140513 53660
1014616 1141041 126425
1087535 1141041 53506
1025599 1141602 116003
855093 1141998 286905
1031696 1143780 112084
1087777 1144308 56531
1032173 1144374 112201
1090509 1144836 54327
1115374 1144869 29495
1038410 1144968 106558
1014441 1145232 130791
1091908 1145727 53819
884243 1145760 261517
1122772 1146123 23351
888203 1146189 257986
1095814 1146288 50474
888388 1146882 258494
888772 1147311 258539
1029940 1148004 118064
939914 1149819 209905
890316 1150248 259932
1105854 1151205 45351
908257 1151733 243476
923754 1152294 228540
1109212 1152855 43643
1115840 1152921 37081
926103 1153911 227808
1097486 1154901 57415
907674 1155165 247491
847184 1155297 308113
1114604 1155462 40858
910329 1155693 245364
849228 1155957 306729
944125 1155990 211865
918357 1156287 237930
852872 1156518 303646
1102566 1156650 54084
918722 1156782 238060
949300 1156980 207680
1112709 1157211 44502
1097385 1159224 61839
1027214 1159686 132472
1098868 1160016 61148
847964 1160544 312580
1038723 1160709 121986
1042395 1163811 121416
1123209 1163976 40767
1054854 1165956 111102
888773 1168530 279757
888875 1169025 280150
893100 1169685 276585
953798 1169850 216052
1040123 1170180 130057
893345 1170213 276868
955280 1170411 215131
896120 1170609 274489
1044143 1170708 126565
958759 1171500 212741
948224 1172985 224761
922205 1173843 251638
1126592 1174140 47548
922396 1174404 252008
953475 1174668 221193
1114312 1174734 60422
1123106 1174965 51859
1115967 1175295 59328
1130464 1175526 45062
857209 1175856 318647
1130846 1176087 45241
857847 1176417 318570
861179 1176714 315535
868395 1176945 308550
868646 1177308 308662
1100612 1180146 79534
1102154 1180707 78553
1052795 1181631 128836
1108307 1181928 73621
1110333 1182027 71694
1119567 1182720 63153
1066776 1182720 115944
873699 1183248 309549
1148623 1188297 39674
955860 1189782 233922
896269 1190145 293876
902214 1190871 288657
1061968 1191993 130025
927945 1192488 264543
904498 1192620 288122
912297 1193181 280884
1133045 1194204 61159
1137821 1194270 56449
1142458 1194864 52406
961277 1195557 234280
879269 1195920 316651
1105509 1196382 90873
978192 1196613 218421
875829 1196811 320982
1112409 1196910 84501
1130999 1197009 66010
978886 1197141 218255
876727 1197306 320579
986335 1197570 211235
877352 1198032 320680
1135873 1198065 62192
1140740 1198164 57424
886912 1198560 311648
1060144 1199121 138977
1149412 1199220 49808
1077440 1199220 121780
1064652 1200276 135624
1046602 1202322 155720
1117963 1202850 84887
1143256 1204005 60749
922894 1204566 281672
940320 1205094 264774
918255 1205292 287037
889773 1207833 318060
1122205 1209681 87476
921555 1210110 288555
928605 1210836 282231
976526 1211199 234673
1151021 1211859 60838
1078645 1213344 134699
915546 1213806 298260
921660 1214367 292707
994699 1214466 219767
996249 1214994 218745
1144498 1215060 70562
927404 1215060 287656
924058 1215588 291530
1162908 1216050 53142
941170 1218492 277322
1126397 1218789 92392
942378 1219020 276642
1151626 1219350 67724
1158664 1219449 60785
945184 1219548 274364
1121618 1219911 98293
906766 1219944 313178
951340 1220109 268769
1164337 1220472 56135
1125728 1220637 94909
966824 1220670 253846
1076725 1221198 144473
977538 1221231 243693
993858 1221561 227703
1080216 1221726 141510
1080281 1222254 141973
1163690 1224300 60610
1165160 1224861 59701
1170429 1224960 54531
1156769 1225191 68422
1065682 1225488 159806
1175194 1226115 50921
1170640 1227600 56960
982722 1229184 246462
993145 1230273 237128
1184594 1230438 45844
1154357 1230471 76114
1156423 1230537 74114
1097411 1231461 134050
1003375 1233540 230165
1007315 1234134 226819
998535 1234233 235698
1002913 1234761 231848
890643 1235157 344514
929296 1235784 306488
1172119 1235817 63698
1173407 1236345 62938
922483 1237533 315050
944753 1237665 292912
937852 1237995 300143
922866 1238094 315228
940493 1238589 298096
927852 1238721 310869
942905 1239117 296212
1146152 1239546 93394
944496 1239612 295116
936150 1239909 303759
1158422 1240074 81652
1180021 1240404 60383
1170021 1240635 70614
955490 1240734 285244
896210 1241196 344986
1087703 1241757 154054
1011152 1241955 230803
1090788 1243935 153147
1013313 1244166 230853
935139 1244364 309225
940983 1245024 304041
1174600 1245156 70556
1175021 1245222 70201
945297 1245585 300288
990131 1246113 255982
947330 1246377 299047
1197357 1247433 50076
1198200 1247994 49794
1198549 1248522 49973
1172795 1249314 76519
1173552 1249875 76323
1011975 1250436 238461
1171528 1250964 79436
1025050 1253208 228158
933362 1255056 321694
1099835 1257927 158092
1105535 1258323 152788
1178886 1258455 79569
1114429 1258884 144455
1185241 1259049 73808
1017085 1259280 242195
960769 1259412 298643
1020199 1260006 239807
1186003 1260534 74531
1193918 1260699 66781
1181617 1263735 82118
1214140 1263768 49628
1181901 1264329 82428
1226972 1264362 37390
1203950 1264527 60577
951083 1264824 313741
1186230 1264890 78660
1205375 1265088 59713
970545 1265385 294840
976774 1265913 289139
1216058 1266210 50152
978987 1266474 287487
1025421 1268091 242670
1198949 1269675 70726
1188716 1269708 80992
1129814 1270500 140686
1189351 1270797 81446
1203654 1271292 67638
1212159 1271292 59133
1023608 1273008 249400
1025812 1273569 247757
1184724 1273833 89109
1030842 1273998 243156
966371 1274361 307990
1208425 1274592 66167
1203540 1274691 71151
1114495 1274790 160295
1044912 1275252 230340
983764 1277034 293270
1206779 1277496 70717
1188113 1278453 90340
1211144 1278552 67408
1190362 1279014 88652
958783 1279608 320825
1127628 1280136 152508
1137028 1280202 143174
1037821 1280235 242414
1138654 1281258 142604
1026088 1281654 255566
1227425 1282941 55516
1196249 1284855 88606
1208736 1285383 76647
1121931 1285812 163881
966476 1286043 319567
1131906 1286340 154434
979861 1286769 306908
980511 1287462 306951
987513 1288023 300510
989818 1288584 298766
1221709 1289244 67535
1148244 1289310 141066
1051645 1289739 238094
1237413 1289805 52392
971575 1290366 318791
978769 1290894 312125
984872 1291290 306418
994371 1291950 297579
1042528 1292313 249785
1213743 1292379 78636
1024391 1293435 269044
1245863 1293963 48100
1246250 1293996 47746
1250460 1295019 44559
1046829 1295184 248355
1246578 1295712 49134
1255539 1296306 40767
1259689 1296900 37211
1266283 1296999 30716
1007128 1297659 290531
1057256 1298022 240766
1259900 1298385 38485
1157869 1298781 140912
1164869 1299375 134506
1172963 1299408 126445
1251876 1300761 48885
1049398 1300860 251462
1052200 1301388 249188
1056387 1301982 245595
1243766 1302510 58744
1258257 1302543 44286
1267134 1303137 36003
1289385 1303236 13851
1270792 1303665 32873
1020870 1304325 283455
1293545 1304325 10780
1033451 1305216 271765
1239766 1306239 66473
1058994 1307328 248334
1059261 1307856 248595
1060957 1308384 247427
991132 1308417 317285
993587 1309011 315424
994929 1309638 314709
1240884 1312245 71361
1001814 1312608 310794
1254639 1312839 58200
1003369 1313169 309800
1009835 1313334 303499
1254969 1313400 58431
1251119 1313763 62644
1010498 1313895 303397
1020457 1314456 293999
1021146 1315017 293871
1008631 1315710 307079
1297457 1316997 19540
1147481 1317756 170275
1283543 1318284 34741
1284425 1319373 34948
1082477 1319901 237424
1177557 1319934 142377
1289662 1320858 31196
1179695 1320990 141295
1059864 1321419 261555
1187458 1321551 134093
1060887 1322013 261126
1036284 1322145 285861
1069779 1322640 252861
1174695 1322871 148176
1069244 1323168 253924
1007742 1323861 316119
1051609 1324554 272945
1056605 1324983 268378
1054715 1326435 271720
1312981 1326501 13520
1265866 1326963 61097
1273467 1327557 54090
1318866 1327623 8757
1274587 1328118 53531
1276519 1328679 52160
1296987 1330032 33045
1073938 1330560 256622
1088677 1332309 243632
1182314 1334685 152371
1291852 1335213 43361
1033059 1335840 302781
1061622 1337556 275934
1263914 1337985 74071
1320991 1338414 17423
1305970 1338678 32708
1090542 1339041 248499
1063222 1339206 275984
1061127 1339734 278607
1071063 1339767 268704
1295677 1340262 44585
1080630 1340295 259665
1304328 1341219 36891
1310886 1341780 30894
1027711 1342374 314663
1032339 1342803 310464
1086983 1342935 255952
1092400 1343463 251063
1271691 1343496 71805
1199104 1343529 144425
1108614 1344024 235410
1211791 1344090 132299
1229778 1344222 114444
1231952 1345311 113359
1235887 1345377 109490
1081208 1346796 265588
1277262 1347258 69996
1285505 1347291 61786
1314844 1347390 32546
1287973 1348380 60407
1288899 1348974 60075
1298141 1349469 51328
1331821 1349766 17945
1026199 1349964 323765
1104283 1350459 246176
1285444 1351350 65906
1304998 1352043 47045
1305823 1352670 46847
1072139 1353198 281059
1311420 1353231 41811
1113368 1353858 240490
1326188 1354419 28231
1335741 1355937 20196
1304708 1356498 51790
1034188 1359468 325280
1338947 1359930 20983
1083451 1359996 276545
1096645 1360590 263945
1110123 1360986 250863
1115979 1362009 246030
1116946 1362570 245624
1127977 1363032 235055
1131611 1363725 232114
1042928 1363824 320896
1240155 1364220 124065
1110987 1364220 253233
1243081 1364748 121667
1256464 1365309 108845
1259688 1365837 106149
1082202 1366365 284163
1276456 1366926 90470
1085798 1366926 281128
1136173 1366959 230786
1301934 1367454 65520
1308264 1368015 59751
1249667 1368312 118645
1309060 1368543 59483
1250760 1368873 118113
1312615 1369137 56522
1036628 1369698 333070
1037116 1370028 332912
1339271 1370226 30955
1039618 1370721 331103
1050950 1371150 320200
1346140 1371381 25241
1105951 1372107 266156
1325331 1372635 47304
1326533 1373163 46630
1326320 1373229 46909
1328016 1373790 45774
1344574 1374318 29744
1267959 1374681 106722
1116588 1379862 263274
1117082 1380456 263374
1120848 1381182 260334
1127128 1381644 254516
1343963 1382106 38143
1347534 1382139 34605
1062135 1382172 320037
1336115 1382865 46750
1136227 1383327 247100
1068708 1383888 315180
1141150 1384020 242870
1374187 1384845 10658
1262961 1385373 122412
1264374 1385901 121527
1267152 1386462 119310
1086936 1386990 300054
1321780 1387320 65540
1323500 1387386 63886
1093364 1387518 294154
1330044 1388013 57969
1098898 1388079 289181
1264311 1388838 124527
1098926 1389366 290440
1148612 1389894 241282
1273816 1390719 116903
1274144 1391280 117136
1274566 1391874 117308
1355309 1393689 38380
1151800 1395339 243539
1316824 1395636 78812
1319126 1396197 77071
1168660 1396725 228065
1335101 1396791 61690
1169965 1397253 227288
1068186 1397352 329166
1175826 1397814 221988
1085815 1397880 312065
1344593 1398045 53452
1087636 1398441 310805
1138561 1401048 262487
1374653 1401609 26956
1362402 1401675 39273
1357382 1402038 44656
1138601 1402170 263569
1381920 1402566 20646
1156165 1402698 246533
1150491 1403160 252669
1161832 1403259 241427
1161772 1403721 241949
1094375 1405239 310864
1352338 1406427 54089
1278738 1406526 127788
1355880 1407483 51603
1101946 1407615 305669
1376026 1408077 32051
1104872 1408143 303271
1348292 1408605 60313
1357499 1409166 51667
1116904 1410123 293219
1392544 1411905 19361
1290719 1412466 121747
1399608 1412994 13386
1382056 1413324 31268
1382199 1413423 31224
1293320 1413621 120301
1346072 1414050 67978
1092366 1415007 322641
1174964 1415139 240175
1094791 1415667 320876
1180064 1415667 235603
1104886 1416228 311342
1111540 1416789 305249
1182892 1417647 234755
1189995 1418274 228279
1202730 1419561 216831
1136024 1419990 283966
1287030 1420023 132993
1390317 1421145 30828
1406517 1421673 15156
1174334 1422663 248329
1173456 1423224 249768
1176641 1423323 246682
1396801 1423785 26984
1176873 1423917 247044
1177409 1424346 246937
1356888 1424445 67557
1193812 1424841 231029
1352433 1427151 74718
1398131 1427547 29416
1358420 1428075 69655
1290555 1428207 137652
1377654 1428669 51015
1293397 1429329 135932
1126347 1429461 303114
1383649 1429692 46043
1133953 1430088 296135
1202674 1430286 227612
1095595 1430319 334724
1406845 1432464 25619
1311376 1433025 121649
1312852 1433586 120734
1388596 1433685 45089
1413977 1434114 20137
1416503 1434312 17809
1314159 1434741 120582
1367130 1434774 67644
1380427 1435302 54875
1316247 1435302 119055
1097009 1435863 338854
1106932 1436985 330053
1134955 1437513 302558
1392125 1437546 45421
1395048 1438107 43059
1137960 1438404 300444
1203144 1438800 235656
1140448 1438965 298517
1405489 1439460 33971
1143270 1440054 296784
1148599 1440615 292016
1293176 1440747 147571
1148765 1441176 292411
1135041 1441275 306234
1219685 1441374 221689
1407143 1441836 34693
1414977 1441935 26958
1113424 1443156 329732
1408358 1444377 36019
1188579 1444476 255897
1414739 1444905 30166
1188913 1445202 256289
1211589 1445433 233844
1196601 1445829 249228
1216543 1445961 229418
1207790 1446225 238435
1103234 1447380 344146
1142591 1448766 306175
1404687 1449162 44475
1392011 1449195 57184
1211521 1449327 237806
1215850 1449921 234071
1401355 1450251 48896
1313655 1450581 136926
1121300 1450779 329479
1424114 1451373 27259
1217752 1451604 233852
1426029 1452429 26400
1438287 1452462 14175
1327307 1454013 126706
1433525 1454376 20851
1110562 1454706 344144
1124366 1455927 331561
1430283 1459161 28878
1204641 1459194 254553
1441020 1461867 20847
1441951 1462395 20444
1445036 1463517 18481
1217323 1463649 246326
1114290 1464177 349887
1127518 1464573 337055
1208339 1465662 257323
1419054 1466190 47136
1434396 1466751 32355
1332113 1467180 135067
1156586 1467642 311056
1317386 1467774 150388
1338297 1468335 130038
1174359 1468368 294009
1221864 1468599 246735
1182272 1468962 286690
1156445 1469424 312979
1190225 1469424 279199
1412916 1470150 57234
1419476 1470216 50740
1431777 1471932 40155
1216995 1472658 255663
1138727 1473021 334294
1161419 1473087 311668
1444586 1473186 28600
1456466 1473780 17314
1145211 1474077 328866
1223182 1474275 251093
1161952 1475331 313379
1353882 1478103 124221
1437089 1478532 41443
1238516 1478862 240346
1340049 1479060 139011
1437970 1479621 41651
1444878 1479621 34743
1204691 1482657 277966
1426893 1482690 55797
1164909 1483449 318540
1432797 1483713 50916
1458148 1483746 25598
1349835 1484274 134439
1460983 1484340 23357
1350909 1484868 133959
1219003 1486089 267086
1432950 1486650 53700
1465043 1487574 22531
1438877 1487772 48895
1190436 1488135 297699
1439914 1488333 48419
1222127 1488663 266536
1437283 1488861 51578
1165505 1488861 323356
1342481 1489224 146743
1475110 1489224 14114
1162838 1489488 326650
1349987 1489752 139765
1480982 1489752 8770
1173682 1490016 316334
1195887 1490280 294393
1198346 1490841 292495
1362021 1491567 129546
1366974 1492128 125154
1466038 1492293 26255
1437331 1492359 55028
1467599 1493316 25717
1454282 1493580 39298
1449129 1494108 44979
1487988 1494306 6318
1388571 1494438 105867
1379625 1498002 118377
1380093 1498530 118437
1238410 1499190 260780
1253267 1500345 247078
1223701 1503975 280274
1189158 1505526 316368
1255090 1505889 250799
1491618 1505922 14304
1442243 1507176 64933
1444497 1507770 63273
1177665 1508364 330699
1445426 1508397 62971
1450907 1508496 57589
1368696 1508727 140031
1180263 1508892 328629
1453047 1509090 56043
1205706 1509255 303549
1186189 1509288 323099
1208153 1509849 301696
1176631 1510113 333482
1217266 1510410 293144
1244512 1510971 266459
1223407 1511367 287960
1257683 1512984 255301
1495318 1513017 17699
1500777 1514040 13263
1455077 1514073 58996
1407977 1514304 106327
1462376 1515723 53347
1400436 1517043 116607
1192009 1519848 327839
1269121 1520739 251618
1404514 1521630 117116
1412313 1524204 111891
1230056 1525326 295270
1411723 1525755 114032
1233487 1526052 292565
1254686 1526316 271630
1244715 1526745 282030
1247503 1527108 279605
1268345 1527273 258928
1249092 1527768 278676
1513979 1527933 13954
1264640 1528527 263887
1257917 1530507 272590
1457210 1530969 73759
1460497 1531497 71000
1221518 1532949 311431
1142095 1534104 392009
1151738 1534632 382894
1193211 1534797 341586
1417680 1535160 117480
1199813 1535457 335644
1420104 1535721 115617
1200880 1536018 335138
1255198 1536513 281315
1275262 1537833 262571
1465809 1537965 72156
1204530 1540671 336141
1502251 1540869 38618
1204883 1541232 336349
1416748 1541760 125012
1206182 1541793 335611
1420961 1542255 121294
1421564 1542750 121186
1421670 1543278 121608
1258679 1544334 285655
1269566 1544862 275296
1462319 1545555 83236
1265624 1546083 280459
1538877 1546446 7569
1448550 1546611 98061
1223324 1547040 323716
1477419 1548426 71007
1484138 1548789 64651
1201137 1548987 347850
1503387 1549317 45930
1201394 1549581 348187
1272325 1550076 277751
1201818 1550142 348324
1474678 1550835 76157
1476157 1551462 75305
1482009 1551990 69981
1508958 1553376 44418
1520467 1554531 34064
1426205 1554696 128491
1429952 1555257 125305
1526641 1555653 29012
1439575 1555818 116243
1187017 1555851 368834
1192864 1556313 363449
1479571 1556973 77402
1207682 1558359 350677
1227750 1559745 331995
1277152 1560174 283022
1277619 1560702 283083
1471535 1561230 89695
1439979 1561758 121779
1441548 1562253 120705
1443462 1562286 118824
1206858 1562814 355956
1294856 1563210 268354
1261100 1563606 302506
1261816 1564134 302318
1292005 1565289 273284
1292834 1565817 272983
1506497 1566873 60376
1518765 1567929 49164
1265791 1568226 302435
1285963 1568787 282824
1289350 1569183 279833
1294886 1569744 274858
1469358 1570404 101046
1214780 1570866 356086
1236698 1571493 334795
1494378 1573638 79260
1497130 1574199 77069
1503504 1574331 70827
1510364 1574925 64561
1513962 1576080 62118
1241899 1576245 334346
1548330 1578060 29730
1453418 1579347 125929
1511237 1580106 68869
1454584 1580205 125621
1293164 1580568 287404
1460593 1580766 120173
1295964 1581162 285198
1467391 1581294 113903
1308188 1581558 273370
1325422 1582185 256763
1529544 1582383 52839
1238002 1585551 347549
1532053 1585584 53531
1307951 1585815 277864
1541282 1586145 44863
1555478 1587333 31855
1576056 1587663 11607
1564008 1587861 23853
1547647 1590270 42623
1549951 1590798 40847
1577432 1590897 13465
1302246 1591392 289146
1524778 1591920 67142
1305657 1591953 286296
1583698 1592217 8519
1312323 1592514 280191
1312529 1593075 280546
1338044 1595913 257869
1257220 1596144 338924
1239747 1596309 356562
1554079 1596837 42758
1269697 1597266 327569
1344160 1597299 253139
1516577 1597530 80953
1342750 1600929 258179
1236072 1601754 365682
1448310 1601853 153543
1526555 1602315 75760
1298403 1602381 303978
1239586 1602876 363290
1241373 1603437 362064
1585426 1605120 19694
1586328 1605681 19353
1588508 1606737 18229
1521068 1606869 85801
1526380 1607397 81017
1469362 1607529 138167
1479790 1608585 128795
1481528 1609113 127585
1482140 1609674 127534
1530521 1609971 79450
1248663 1610202 361539
1250676 1610928 360252
1578743 1610994 32251
1580164 1611588 31424
1297967 1611687 313720
1334638 1611984 277346
1601579 1614921 13342
1286138 1615416 329278
1601881 1615515 13634
1527564 1615713 88149
1539436 1615713 76277
1354530 1617000 262470
1359315 1618089 258774
1498469 1618452 119983
1511073 1619607 108534
1311821 1620333 308512
1312755 1621158 308403
1587132 1621455 34323
1604929 1622016 17087
1605633 1622610 16977
1255525 1622742 367217
1263039 1623303 360264
1263674 1623765 360091
1599707 1624359 24652
1272843 1624491 351648
1276049 1624920 348871
1288654 1624920 336266
1326940 1625481 298541
1238871 1625580 386709
1341231 1626768 285537
1615969 1627527 11558
1260137 1628814 368677
1509226 1628847 119621
1516747 1629903 113156
1282256 1630431 348175
1609962 1630662 20700
1298671 1631388 332717
1614891 1631751 16860
1607941 1633764 25823
1272916 1636569 363653
1341549 1636965 295416
1281454 1636998 355544
1539596 1638186 98590
1297266 1638219 340953
1612556 1638714 26158
1303842 1638747 334905
1531235 1640892 109657
1536718 1641486 104768
1523905 1641981 118076
1545919 1645380 99461
1548912 1645908 96996
1551507 1646139 94632
1552127 1646502 94375
1314406 1648977 334571
1524879 1651914 127035
1623943 1652211 28268
1554682 1654323 99641
1325892 1655511 329619
1564476 1660692 96216
