818 7062 6244
4471 11154 6683
5837 12936 7099
5941 13035 7094
3886 13167 9281
7336 13860 6524
7880 14355 6475
3394 14850 11456
7918 14850 6932
7132 17523 10391
4250 18084 13834
12763 19437 6674
5879 20790 14911
14113 21285 7172
15075 21747 6672
15367 21846 6479
659 22539 21880
20918 27885 6967
16598 28512 11914
19409 29700 10291
17573 31251 13678
15551 31614 16063
23920 32076 8156
15755 34089 18334
15290 34881 19591
26394 35607 9213
26316 36795 10479
25988 37422 11434
18527 38973 20446
15545 39666 24121
17159 40491 23332
22407 41151 18744
24181 42900 18719
14724 43824 29100
35231 43857 8626
14986 43890 28904
27255 44913 17658
30532 44946 14414
32540 46134 13594
27041 47025 19984
33043 47652 14609
32954 49731 16777
34888 50622 15734
40191 51183 10992
40265 51183 10918
40566 51744 11178
27513 54384 26871
30711 54384 23673
36055 54912 18857
39233 55308 16075
46483 56925 10442
37239 57816 20577
50666 59862 9196
52406 60390 7984
47924 62799 14875
54488 63228 8740
56495 63756 7261
48385 64251 15866
54004 64317 10313
57906 64416 6510
50516 66429 15913
52860 67617 14757
28003 67650 39647
45936 68310 22374
60792 71049 10257
48545 71577 23032
50051 72369 22318
60466 73689 13223
68163 74778 6615
65218 75075 9857
70611 77220 6609
64728 77319 12591
64689 78969 14280
72072 79167 7095
68916 80322 11406
70562 82104 11542
65047 83457 18410
73006 83589 10583
70717 85569 14852
79081 85569 6488
72694 86097 13403
80163 86493 6330
80997 87252 6255
77396 88473 11077
77530 88671 11141
82285 89265 6980
72624 89364 16740
77301 91410 14109
77389 91971 14582
82972 92070 9098
73702 95172 21470
87401 97845 10444
87325 98868 11543
91331 98901 7570
88317 99825 11508
84927 100980 16053
89264 101112 11848
89335 101640 12305
91900 102564 10664
90390 102597 12207
97311 103752 6441
95350 104643 9293
86433 105303 18870
94544 105336 10792
97226 107316 10090
100850 108801 7951
103740 110088 6348
85124 110154 25030
87844 110616 22772
91798 111903 20105
101176 112200 11024
98072 113322 15250
91228 113817 22589
102953 114378 11425
97856 114411 16555
104384 115500 11116
108945 115962 7017
110381 116754 6373
103363 117117 13754
105840 117513 11673
110493 119427 8934
103091 119856 16765
104858 120516 15658
101812 120714 18902
104080 121143 17063
105104 121242 16138
94619 122595 27976
106464 123750 17286
100904 123948 23044
111986 125301 13315
120234 127479 7245
122468 128733 6265
117909 130317 12408
124589 131274 6685
114220 134508 20288
118726 134838 16112
130671 136983 6312
130294 137313 7019
114026 140184 26158
115391 140844 25453
130889 142263 11374
117346 144078 26732
131396 145299 13903
134936 146784 11848
135126 147345 12219
138269 148500 10231
142569 149226 6657
145819 152493 6674
138115 153384 15269
147005 153615 6610
140390 155397 15007
135534 155727 20193
149433 156519 7086
140291 158301 18010
153184 159258 6074
145027 159687 14660
154870 161139 6269
151494 162327 10833
149653 162393 12740
147142 163581 16439
144360 165396 21036
154945 165924 10979
147151 165957 18806
162145 168762 6617
162654 168960 6306
144667 169158 24491
163190 169851 6661
154697 171864 17167
158906 173250 14344
165396 174801 9405
169092 175857 6765
164903 176286 11383
158234 177606 19372
165295 180147 14852
171233 180180 8947
147081 183249 36168
157944 183810 25866
169968 183975 14007
170150 184833 14683
158479 187176 28697
162198 187242 25044
161754 187572 25818
165734 187836 22102
163231 188595 25364
175401 188661 13260
157766 188892 31126
173122 188892 15770
176220 189321 13101
169376 189387 20011
158654 189420 30766
164618 189915 25297
175010 189948 14938
162443 191961 29518
166277 192522 26245
176106 192555 16449
175357 192654 17297
173577 193017 19440
177513 193182 15669
168348 193578 25230
181362 194238 12876
170238 195723 25485
164938 196317 31379
181286 197472 16186
191882 198891 7009
175114 199254 24140
185204 199782 14578
175981 200442 24461
192701 201663 8962
186631 201960 15329
172820 203181 30361
171162 203610 32448
180106 204237 24131
174082 204369 30287
195419 205260 9841
181865 206316 24451
186576 206976 20400
189473 206976 17503
172469 207339 34870
187987 207537 19550
190319 207900 17581
194014 208098 14084
196208 208329 12121
199412 210606 11194
201445 211134 9689
188840 211530 22690
201764 212718 10954
206946 213444 6498
207224 213906 6682
201289 214137 12848
195328 214203 18875
191878 217107 25229
183550 217536 33986
207984 218757 10773
199077 220308 21231
194445 220737 26292
198989 221166 22177
205466 221430 15964
203399 221463 18064
205781 221958 16177
202349 222453 20104
217459 224598 7139
217478 225126 7648
199409 225357 25948
201174 225885 24711
219528 227205 7677
197260 228129 30869
198257 228690 30433
218413 229845 11432
220714 231396 10682
192813 232914 40101
212989 233541 20552
219640 234069 14429
220550 234366 13816
214264 234729 20465
225847 236082 10235
215639 236775 21136
212351 238194 25843
216696 239316 22620
224353 241725 17372
223500 243045 19545
225324 244266 18942
231065 244431 13366
232584 245124 12540
239003 245520 6517
231002 246906 15904
235356 247434 12078
240105 247962 7857
233421 248622 15201
214382 248952 34570
227424 249480 22056
233125 250041 16916
238740 250602 11862
225335 253242 27907
219616 253803 34187
229369 253935 24566
226449 254331 27882
226899 254364 27465
238402 254958 16556
228756 255552 26796
234688 257631 22943
226342 257664 31322
239120 257664 18544
241623 258786 17163
243224 258786 15562
224572 259182 34610
248971 259314 10343
251577 259314 7737
248077 259479 11402
237529 259809 22280
250788 259842 9054
254091 260436 6345
231840 262548 30708
241668 263439 21771
232098 266904 34806
252985 267333 14348
244569 267465 22896
238712 267531 28819
243906 268059 24153
249377 268455 19078
244383 268620 24237
228489 269148 40659
244476 270798 26322
260722 270996 10274
253399 271161 17762
252851 273537 20686
245697 274197 28500
260709 274329 13620
268948 274989 6041
251883 275187 23304
240113 275913 35800
239848 278223 38375
258179 279147 20968
245831 279180 33349
247634 279213 31579
251624 279543 27919
247108 280269 33161
259836 280302 20466
258283 282249 23966
263192 283008 19816
259930 283305 23375
261947 284625 22678
271743 285252 13509
270573 285879 15306
279641 286638 6997
277134 287958 10824
281787 288717 6930
267275 290532 23257
279747 290928 11181
275493 291159 15666
277311 291687 14376
270814 291918 21104
281232 292347 11115
269790 292479 22689
280320 293007 12687
276778 294360 17582
288204 295383 7179
285291 295581 10290
280374 296208 15834
290009 296439 6430
275553 296967 21414
284771 299442 14671
280641 299541 18900
282936 302511 19575
288885 302775 13890
289943 302808 12865
292405 303006 10601
283277 303105 19828
290797 303303 12506
290248 303435 13187
294437 305712 11275
296531 306240 9709
291946 306504 14558
289432 306867 17435
284194 309078 24884
284149 309606 25457
297225 310464 13239
304578 311751 7173
292003 312147 20144
295287 312345 17058
283256 313863 30607
283316 314292 30976
301299 314886 13587
302688 317493 14805
284153 319110 34957
312174 319902 7728
299264 319968 20704
301734 320463 18729
295982 321816 25834
296046 321915 25869
301774 325809 24035
301203 325842 24639
315141 327459 12318
318091 328482 10391
303895 329076 25181
308181 332145 23964
318233 333036 14803
316017 335577 19560
329131 335808 6677
326371 338151 11780
327607 339438 11831
334655 340923 6268
327358 341451 14093
336327 342936 6609
331077 343827 12750
338917 345213 6296
329279 347952 18673
343182 349437 6255
339042 349602 10560
342448 352011 9563
336695 352572 15877
340904 353661 12757
328044 353760 25716
344205 355773 11568
338533 356862 18329
336981 357390 20409
339995 357885 17890
335519 359469 23950
346196 360030 13834
346295 361614 15319
347120 362043 14923
355469 362076 6607
338791 362571 23780
348059 364353 16294
349506 364551 15045
344715 364584 19869
352821 364881 12060
344711 365772 21061
359425 366498 7073
361581 368346 6765
358572 369039 10467
348634 370293 21659
357667 370854 13187
361496 371085 9589
359550 371382 11832
357735 373065 15330
361170 374385 13215
369374 375441 6067
358550 375771 17221
356477 375936 19459
365260 376200 10940
360708 376332 15624
359394 379401 20007
360544 380028 19484
373753 380358 6605
374829 381150 6321
369353 382371 13018
375995 382602 6607
364689 386397 21708
368082 388245 20163
373862 390951 17089
380422 391908 11486
381787 392007 10220
380455 392403 11948
385772 392898 7126
381274 395076 13802
383507 395142 11635
380307 396000 15693
382603 396528 13925
368034 399366 31332
380223 399762 19539
381305 400290 18985
388486 400455 11969
378698 401874 23176
380162 402567 22405
393748 403194 9446
391747 403557 11810
397757 404778 7021
387769 405273 17504
395445 405801 10356
390524 407517 16993
393196 408276 15080
396608 408837 12229
393551 408870 15319
399094 408936 9842
398810 409365 10555
403679 410916 7237
397009 411510 14501
394528 412533 18005
386384 412797 26413
394738 413556 18818
404587 414579 9992
405464 415833 10369
411271 418077 6806
412044 418605 6561
412504 419331 6827
413682 419925 6243
391535 420552 29017
409598 421476 11878
412572 421575 9003
405488 422928 17440
400261 424611 24350
419829 426459 6630
410998 427581 16583
411224 427581 16357
415471 430419 14948
421428 431244 9816
424903 431805 6902
425447 432069 6622
409119 433059 23940
421966 433587 11621
420759 434808 14049
415621 435072 19451
407339 436326 28987
430072 436689 6617
419722 437943 18221
431811 438801 6990
425520 438867 13347
422680 438933 16253
422227 439428 17201
423684 440550 16866
434428 441441 7013
436155 442299 6144
437040 443685 6645
434950 445599 10649
427262 446952 19690
432719 447150 14431
431192 447513 16321
437062 448041 10979
441878 448503 6625
437047 448833 11786
443334 450450 7116
446130 452826 6696
444412 453255 8843
438343 455235 16892
439919 455664 15745
437296 459591 22295
447810 461043 13233
438469 461109 22640
448861 461604 12743
446574 461637 15063
447029 462132 15103
447707 463386 15679
456091 463485 7394
445531 464574 19043
432545 464838 32293
440669 464904 24235
449177 465069 15892
445093 465993 20900
442699 466521 23822
446066 466686 20620
444310 467049 22739
460948 467577 6629
455086 469656 14570
454929 469755 14826
457557 470844 13287
461429 471009 9580
462890 471900 9010
464264 473781 9517
456534 473880 17346
455910 476058 20148
459032 476553 17521
447401 476982 29581
464070 477114 13044
440922 479325 38403
471276 479457 8181
460325 479688 19363
463243 479886 16643
461386 480249 18863
474110 480711 6601
465872 481305 15433
447397 482592 35195
474931 483087 8156
450319 483615 33296
463671 484176 20505
469880 485166 15286
474966 487872 12906
477126 487872 10746
478078 489225 11147
467364 490446 23082
475380 490842 15462
474737 491073 16336
456280 491535 35255
477571 491964 14393
478277 492525 14248
467477 494802 27325
477520 496188 18668
490571 496914 6343
485386 497970 12584
493295 499554 6259
482054 500082 18028
481935 500148 18213
489141 500478 11337
487804 502095 14291
477241 503712 26471
485982 505494 19512
486871 505923 19052
491382 507441 16059
496994 508233 11239
485030 509421 24391
486610 509421 22811
502011 510840 8829
506623 512721 6098
499959 515922 15963
489072 516186 27114
500287 516714 16427
495817 517374 21557
498224 518199 19975
497350 518661 21311
504204 518793 14589
502410 519222 16812
493460 519948 26488
501948 520311 18363
505084 521136 16052
509312 523380 14068
515074 524271 9197
498443 525360 26917
503559 526449 22890
520619 526911 6292
521341 528165 6824
522639 528825 6186
523639 529584 5945
522661 531828 9167
497136 533808 36672
513440 533973 20533
501383 534105 32722
523046 534567 11521
519877 534666 14789
523607 534963 11356
520023 535161 15138
520496 535788 15292
514833 536085 21252
524424 536184 11760
522580 536679 14099
523976 537174 13198
510325 537702 27377
501825 538527 36702
514245 539550 25305
507199 540375 33176
509569 540936 31367
522172 542025 19853
527002 542289 15287
523921 544731 20810
530692 545820 15128
519534 545886 26352
531491 546348 14857
538986 546414 7428
529031 547305 18274
530731 549450 18719
510743 549516 38773
512706 550176 37470
537314 550176 12862
536509 553971 17462
525775 554169 28394
540846 554532 13686
548572 554961 6389
544699 555291 10592
548795 555489 6694
540943 555984 15041
542773 556512 13739
543351 557106 13755
550239 557700 7461
530813 558690 27877
549450 560769 11319
546913 562023 15110
552196 562584 10388
536888 563475 26587
549365 564135 14770
549977 564366 14389
539677 565785 26108
553469 566313 12844
537048 566445 29397
560732 568392 7660
544733 569151 24418
563376 570339 6963
559517 571032 11515
554944 571626 16682
561464 571758 10294
563987 572352 8365
564818 572880 8062
552745 573408 20663
552612 574233 21621
565193 574365 9172
560426 575652 15226
563791 576114 12323
569305 576609 7304
569779 578589 8810
571465 579084 7619
573628 579942 6314
569502 580239 10737
571156 580734 9578
566802 581856 15054
571049 582054 11005
569488 582450 12962
571574 582846 11272
574000 584100 10100
574856 584628 9772
574219 585123 10904
566063 585222 19159
573437 585255 11818
575337 585816 10479
580309 587004 6695
572993 590568 17575
586256 592647 6391
584440 593142 8702
586549 593670 7121
579835 595848 16013
579094 596310 17216
577738 596937 19199
574320 598587 24267
581194 599049 17855
579557 599115 19558
585270 600171 14901
572257 602349 30092
585568 602877 17309
581994 603108 21114
586774 603801 17027
587080 604032 16952
594504 604560 10056
598555 605121 6566
591037 605550 14513
599053 605748 6695
598988 608256 9268
586873 608355 21482
602439 609180 6741
603790 611490 7700
582144 611820 29676
601767 612249 10482
588431 612909 24478
595735 613107 17372
586554 614691 28137
599899 615252 15353
602573 615318 12745
604888 615648 10760
611689 618024 6335
611261 618189 6928
600357 619014 18657
606401 619113 12712
609031 621126 12095
605601 621324 15723
605949 621819 15870
611860 622413 10553
609131 622710 13579
610314 623238 12924
600540 624327 23787
597684 624492 26808
613459 625482 12023
606110 626571 20461
613734 627033 13299
614154 627462 13308
620615 627561 6946
609737 628551 18814
608181 630762 22581
615603 631290 15687
593460 631752 38292
619736 634689 14953
621641 635382 13741
624619 636174 11555
623034 638088 15054
630048 638682 8634
611315 638913 27598
632803 639243 6440
621021 639408 18387
628466 642114 13648
624788 642246 17458
632864 642510 9646
630495 642675 12180
630467 642873 12406
634925 643302 8377
637348 644589 7241
639568 646998 7430
629248 647295 18047
632060 647592 15532
637897 648120 10223
634604 648153 13549
632190 650232 18042
635697 650628 14931
632745 650793 18048
639101 650991 11890
626997 652014 25017
640518 654093 13575
629713 655215 25502
649000 655248 6248
635450 656337 20887
648237 656667 8430
651011 658416 7405
639187 658449 19262
643202 658482 15280
645342 659043 13701
646815 659670 12855
647163 661122 13959
647882 661716 13834
656542 663135 6593
644594 664851 20257
648962 665379 16417
648962 666369 17407
662072 668679 6607
648812 668745 19933
647375 669174 21799
660056 671451 11395
664954 671979 7025
652663 672408 19745
649915 672573 22658
649699 672936 23237
651867 675675 23808
655340 676236 20896
658493 677523 19030
663597 678084 14487
647530 679437 31907
666414 679470 13056
667822 679800 11978
668099 684255 16156
663730 684849 21119
667956 684915 16959
659888 685674 25786
665544 685806 20262
669377 686400 17023
665223 686433 21210
670233 687423 17190
666567 687951 21384
665024 688677 23653
666658 689667 23009
669042 691581 22539
669070 692076 23006
683282 692307 9025
682325 692472 10147
673513 692670 19157
686780 692967 6187
668927 693594 24667
677668 694188 16520
688956 695211 6255
660263 695871 35608
672888 696399 23511
672960 696597 23637
687247 697125 9878
690784 697719 6935
694661 701250 6589
685390 703989 18599
692732 703989 11257
688721 704121 15400
691012 705045 14033
692816 705045 12229
698753 705639 6886
680591 708708 28117
687225 710094 22869
691059 710655 19596
679196 711909 32713
703368 712998 9630
707265 713889 6624
696501 714615 18114
700071 714846 14775
702641 715704 13063
704909 716595 11686
710303 717288 6985
708482 717783 9301
697348 720522 23174
701505 720555 19050
692436 720819 28383
711541 721083 9542
702805 721116 18311
708917 721611 12694
699767 723756 23989
710751 723822 13071
697337 724185 26848
708682 724218 15536
708498 724812 16314
710690 726924 16234
717587 727551 9964
718358 727947 9589
721363 728079 6716
716056 730653 14597
714837 731016 16179
715494 731610 16116
723629 734316 10687
699200 734382 35182
708176 734547 26371
722724 735240 12516
723859 735240 11381
707079 737946 30867
715768 738078 22310
714817 738474 23657
720547 739563 19016
712640 743325 30685
733692 743358 9666
733954 743952 9998
733671 744612 10941
727859 747054 19195
725702 747813 22111
737321 748176 10855
730852 748341 17489
726993 749595 22602
727214 750981 23767
739473 751080 11607
726019 752070 26051
724167 752301 28134
711987 752499 40512
728872 753192 24320
733305 753324 20019
728337 753687 25350
735648 753984 18336
713395 754215 40820
737191 754545 17354
729456 754776 25320
736705 755337 18632
735352 755865 20513
737347 758043 20696
739352 759132 19780
748855 759990 11135
751727 761805 10078
748906 761871 12965
734638 763191 28553
742412 764082 21670
744549 768108 23559
744857 768603 23746
762914 769263 6349
743820 771210 27390
750498 771639 21141
756002 772332 16330
766839 774147 7308
744924 775533 30609
746944 775566 28622
742784 776061 33277
748291 776160 27869
756758 777084 20326
771348 777348 6000
767787 778866 11079
772782 779196 6414
769359 780021 10662
759556 780417 20861
771777 780648 8871
763408 780978 17570
768723 781506 12783
758187 782628 24441
750911 783882 32971
769557 784179 14622
768192 784278 16086
748175 784707 36532
774220 784971 10751
750335 785169 34834
746655 785730 39075
758984 786390 27406
759098 786819 27721
764584 787677 23093
781933 788601 6668
781523 788634 7111
757003 788766 31763
761078 789261 28183
765664 790218 24554
775945 790746 14801
778848 791307 12459
760989 791604 30615
784649 792462 7813
773482 792825 19343
777916 794013 16097
780749 797346 16597
789880 797379 7499
791133 797973 6840
754946 798105 43159
789087 799161 10074
787524 800415 12891
786618 800679 14061
782679 801801 19122
778050 802362 24312
770748 802791 32043
792178 803154 10976
779096 803847 24751
779193 804408 25215
787588 804408 16820
781374 804969 23595
757631 805002 47371
783505 806124 22619
794064 807774 13710
799503 808335 8832
779240 808599 29359
789650 811272 21622
791832 811305 19473
782939 811734 28795
796085 812229 16144
781512 815463 33951
784565 815496 30931
770954 816090 45136
802657 816123 13466
788441 816585 28144
802735 816618 13883
795937 817245 21308
792458 819291 26833
797076 819423 22347
793629 820446 26817
799862 822294 22432
797314 822756 25442
802302 822921 20619
799981 823449 23468
813653 823482 9829
811344 823680 12336
817283 825429 8146
806495 826056 19561
785996 826254 40258
802652 827310 24658
815494 829224 13730
808198 829455 21257
808514 830379 21865
816381 830379 13998
820896 830874 9978
810762 832227 21465
815569 833481 17912
819589 835329 15740
818363 837309 18946
813120 839091 25971
820053 839256 19203
815401 840213 24812
820769 843117 22348
813025 843315 30290
815344 843414 28070
824279 843711 19432
815829 843942 28113
808068 844239 36171
812885 844338 31453
828770 844932 16162
832845 847077 14232
820971 847341 26370
814805 847902 33097
816392 848562 32170
829339 848991 19652
839805 849486 9681
833690 852291 18601
833039 852819 19780
825786 854436 28650
834014 855393 21379
821808 856218 34410
842511 857307 14796
851153 859980 8827
853533 860508 6975
830822 862653 31831
822601 862818 40217
836349 863115 26766
850795 863577 12782
839268 866316 27048
845841 866943 21102
851231 866943 15712
852217 867405 15188
852235 869022 16787
856309 869550 13241
863277 870111 6834
848919 870144 21225
846152 870606 24454
864665 872058 7393
854178 875919 21741
869786 876051 6265
867211 876150 8939
869265 876282 7017
854980 876480 21500
869818 876810 6992
859343 879186 19843
852445 879879 27434
863374 879879 16505
862889 880803 17914
875560 882255 6695
869748 883146 13398
879199 885555 6356
870091 885687 15596
877110 886116 9006
876330 886413 10083
875864 886809 10945
854638 887832 33194
876049 888294 12245
877950 890439 12489
885596 891759 6163
886299 892914 6615
886735 893409 6674
863568 894366 30798
873457 894828 21371
874895 894993 20098
877813 895092 17279
875374 895356 19982
876378 895488 19110
882493 895620 13127
869546 898689 29143
882816 899382 16566
894395 901032 6637
894752 901527 6775
887739 904629 16890
891016 904959 13943
897068 905949 8881
898310 907764 9454
887060 907830 20770
876462 908028 31566
896193 908358 12165
870729 908622 37893
882442 909216 26774
887879 911064 23185
905263 911262 5999
896526 911955 15429
898659 912483 13824
906027 913011 6984
901023 914364 13341
905649 916674 11025
890652 918093 27441
904140 918753 14613
896563 919743 23180
888024 920568 32544
900772 921426 20654
912662 921756 9094
897994 923307 25313
912550 924165 11615
905080 924957 19877
901696 925122 23426
903234 925419 22185
909913 926079 16166
920023 926409 6386
912489 929280 16791
898062 929610 31548
910445 929808 19363
903595 930171 26576
925240 932316 7076
918548 932448 13900
914812 932547 17735
923452 933273 9821
917879 935253 17374
916329 936144 19815
927368 936474 9106
932117 938751 6634
917942 938850 20908
925479 939477 13998
926085 940335 14250
935469 942348 6879
921212 943404 22192
921629 943932 22303
930675 944955 14280
923307 946341 23034
927105 946341 19236
932006 947001 14995
936647 947529 10882
931689 951357 19668
934200 951885 17685
944978 953040 8062
943830 953106 9276
937455 954162 16707
945532 954558 9026
941442 956340 14898
929226 956835 27609
942886 957363 14477
943511 957528 14017
946590 958089 11499
943613 961158 17545
941884 963996 22112
946974 964524 17550
953101 965085 11984
954137 965448 11311
960051 967263 7212
960355 967791 7436
946458 968055 21597
958336 968187 9851
955755 970860 15105
956553 971223 14670
963267 971619 8352
953061 972015 18954
949442 974259 24817
963702 974457 10755
950166 974688 24522
965013 974985 9972
966860 975051 8191
952961 975414 22453
966452 975678 9226
966781 977328 10547
964291 978120 13829
962503 978648 16145
969510 978747 9237
956111 978879 22768
957112 979308 22196
970416 979407 8991
965069 981354 16285
972271 982344 10073
973875 982476 8601
961698 982641 20943
977599 983730 6131
975365 985314 9949
971741 985809 14068
974305 986337 12032
974385 986832 12447
981844 990099 8255
983301 990099 6798
976558 992079 15521
978320 992475 14155
980905 992640 11735
968393 995346 26953
985948 995577 9629
978264 996006 17742
980531 996039 15508
987324 996237 8913
984885 996369 11484
979641 996567 16926
991671 997953 6282
992056 998448 6392
993000 1000824 7824
991372 1000989 9617
994935 1001550 6615
976999 1004025 27026
986143 1004619 18476
990020 1004619 14599
984621 1006632 22011
998889 1007193 8304
990968 1007688 16720
998865 1009602 10737
989377 1010889 21512
989491 1010889 21398
989764 1011351 21587
999609 1017027 17418
1005313 1017588 12275
996139 1017720 21581
984785 1018083 33298
985289 1018149 32860
1003572 1018380 14808
1007819 1018710 10891
998574 1020789 22215
1012180 1021020 8840
999182 1023495 24313
999356 1024551 25195
1000254 1024980 24726
1017161 1027290 10129
1013756 1028511 14755
997949 1028742 30793
1003819 1029468 25649
1016720 1029501 12781
1014485 1029765 15280
1014566 1030062 15496
1010384 1032075 21691
1013442 1032768 19326
1024236 1032900 8664
1015995 1034418 18423
1024687 1037553 12866
1020704 1037586 16882
1028999 1037718 8719
1024823 1038576 13753
1023404 1041249 17845
1014159 1041381 27222
1020158 1041942 21784
1030769 1042536 11767
1038076 1045044 6968
1022772 1045242 22470
1034074 1046265 12191
1034769 1046991 12222
1032983 1047420 14437
1027283 1048740 21457
1042817 1050786 7969
1029067 1051446 22379
1031427 1052469 21042
1032621 1052931 20310
1037766 1052997 15231
1034384 1054185 19801
1045224 1054977 9753
1046785 1055670 8885
1050610 1058079 7469
1034134 1058145 24011
1051853 1058607 6754
1042658 1058739 16081
1032472 1059300 26828
1035719 1061577 25858
1055241 1061973 6732
1036479 1062006 25527
1039479 1064415 24936
1052778 1065174 12396
1050595 1066329 15734
1056236 1067187 10951
1059650 1069794 10144
1063782 1072764 8982
1046298 1073556 27258
1062811 1073952 11141
1067894 1076592 8698
1062064 1076823 14759
1061090 1077087 15997
1041511 1078308 36797
1065687 1080057 14370
1070126 1080618 10492
1072205 1080915 8710
1074380 1081443 7063
1075175 1082367 7192
1064772 1083357 18585
1065297 1083819 18522
1052436 1083918 31482
1053411 1084479 31068
1055550 1085040 29490
1069079 1085106 16027
1074116 1086162 12046
1080296 1086855 6559
1080106 1087284 7178
1080742 1087350 6608
1066775 1087779 21004
1053893 1088307 34414
1070307 1088835 18528
1078774 1091013 12239
1081776 1091013 9237
1082673 1092135 9462
1068330 1094082 25752
1080152 1094544 14392
1076541 1094643 18102
1075084 1095204 20120
1061688 1095765 34077
1081278 1096920 15642
1071960 1097844 25884
1077394 1098405 21011
1073414 1098438 25024
1088871 1098504 9633
1091629 1098999 7370
1088453 1099989 11536
1070039 1101342 31303
1095825 1102893 7068
1094972 1104345 9373
1077816 1104840 27024
1089024 1104840 15816
1082925 1105269 22344
1084917 1106160 21243
1102564 1109196 6632
1091719 1109229 17510
1089115 1109625 20510
1101797 1111968 10171
1104088 1112925 8837
1103349 1114212 10863
1095133 1114542 19409
1097602 1115994 18392
1108505 1117743 9238
1111843 1118106 6263
1098681 1121109 22428
1107623 1121703 14080
1112959 1122363 9404
1110173 1122660 12487
1113263 1124475 11212
1099286 1128237 28951
1115790 1128336 12546
1111526 1130712 19186
1120311 1130844 10533
1122091 1130910 8819
1111598 1131339 19741
1116081 1133220 17139
1098331 1133781 35450
1115743 1133847 18104
1116842 1134540 17698
1129009 1135365 6356
1128892 1135530 6638
1120223 1135728 15505
1130072 1136190 6118
1123457 1136256 12799
1115664 1137048 21384
1132487 1138731 6244
1126424 1139490 13066
1133019 1143120 10101
1137351 1144539 7188
1131524 1146321 14797
1130679 1147575 16896
1131125 1147938 16813
1141508 1148169 6661
1140408 1149786 9378
1141442 1150479 9037
1119069 1150677 31608
1124634 1151733 27099
1129851 1152294 22443
1131924 1152822 20898
1129504 1153713 24209
1127915 1153977 26062
1135470 1155165 19695
1129208 1156419 27211
1136123 1156947 20824
1140247 1157112 16865
1141834 1157178 15344
1150775 1157838 7063
1140198 1158036 17838
1134998 1161171 26173
1148676 1161270 12594
1143396 1161765 18369
1150743 1162689 11946
1153932 1163382 9450
1154079 1164009 9930
1159519 1165791 6272
1148186 1165956 17770
1130401 1166055 35654
1141398 1166748 25350
1159514 1167012 7498
1139313 1167078 27765
1145986 1167276 21290
1153086 1167771 14685
1160570 1167903 7333
1161608 1167936 6328
1137891 1170444 32553
1149292 1170510 21218
1147321 1170972 23651
1142753 1171137 28384
1135057 1171170 36113
1153691 1171533 17842
1154240 1171533 17293
1140047 1171698 31651
1141287 1172160 30873
1154754 1172820 18066
1138436 1173381 34945
1152924 1174734 21810
1154550 1174800 20250
1158477 1175361 16884
1159407 1175922 16515
1159907 1176483 16576
1165486 1177275 11789
1160330 1181400 21070
1163287 1181466 18179
1150955 1183380 32425
1159966 1183479 23513
1153598 1184766 31168
1162574 1185327 22753
1177804 1187208 9404
1153872 1187670 33798
1162130 1188264 26134
1154918 1188561 33643
1158041 1188594 30553
1166894 1189683 22789
1178393 1189749 11356
1172151 1190739 18588
1161258 1193709 32451
1171963 1193973 22010
1174840 1194435 19595
1178316 1194501 16185
1176178 1195062 18884
1180782 1195062 14280
1183402 1195260 11858
1181310 1195590 14280
1185043 1196943 11900
1159672 1197636 37964
1183232 1197669 14437
1180678 1197966 17288
1183683 1198791 15108
1184845 1200903 16058
1190360 1201101 10741
1195532 1201926 6394
1191356 1202289 10933
1191893 1202883 10990
1193558 1203576 10018
1197868 1204500 6632
1182826 1204533 21707
1199216 1205589 6373
1191506 1207239 15733
1197398 1207635 10237
1175524 1207734 32210
1191579 1207800 16221
1189496 1208163 18667
1201751 1208196 6445
1195244 1208328 13084
1195916 1208856 12940
1184355 1210869 26514
1195220 1211298 16078
1187990 1211892 23902
1190795 1212453 21658
1189360 1214499 25139
1193826 1215060 21234
1203582 1215390 11808
1188642 1215654 27012
1196789 1216083 19294
1208062 1218129 10067
1209644 1218723 9079
1182616 1218789 36173
1182978 1219812 36834
1198011 1221660 23649
1201569 1222320 20751
1190465 1224993 34528
1218533 1225158 6625
1212573 1225191 12618
1219385 1225719 6334
1206796 1228194 21398
1221246 1228689 7443
1204328 1228788 24460
1216334 1231263 14929
1221146 1231494 10348
1225051 1232022 6971
1222401 1232154 9753
1225623 1232517 6894
1226211 1232814 6603
1225970 1232946 6976
1223584 1234035 10451
1225561 1234563 9002
1227582 1234563 6981
1222009 1235619 13610
1208456 1236147 27691
1225470 1236180 10710
1217159 1236576 19417
1228915 1237038 8123
1216283 1237104 20821
1218160 1237764 19604
1213792 1239381 25589
1209731 1239810 30079
1231262 1239975 8713
1233514 1240239 6725
1233889 1242219 8330
1232006 1243077 11071
1234980 1243737 8757
1237472 1243803 6331
1238871 1244826 5955
1223780 1245651 21871
1232443 1247202 14759
1231031 1248489 17458
1233794 1249512 15718
1224128 1250733 26605
1229679 1251558 21879
1229883 1252251 22368
1239374 1253868 14494
1248065 1255419 7354
1247988 1256310 8322
1241984 1256574 14590
1245103 1258290 13187
1245004 1258719 13715
1242733 1259313 16580
1244777 1259841 15064
1246146 1260006 13860
1228979 1260534 31555
1232702 1261854 29152
1234101 1262514 28413
1249532 1262910 13378
1238758 1263273 24515
1256013 1264989 8976
1243712 1266111 22399
1239995 1266144 26149
1256149 1269345 13196
1253871 1269444 15573
1264589 1270929 6340
1263771 1271919 8148
1249791 1274163 24372
1265506 1274592 9086
1260194 1275120 14926
1254727 1275582 20855
1260468 1278321 17853
1258055 1278552 20497
1264864 1278849 13985
1268851 1279575 10724
1271543 1281291 9748
1273612 1284228 10616
1260480 1284393 23913
1278086 1284690 6604
1269722 1286439 16717
1279940 1286571 6631
1267367 1287165 19798
1268431 1289838 21407
1281701 1292082 10381
1285638 1296339 10701
1290670 1297362 6692
1279518 1299210 19692
1286001 1300464 14463
1294137 1300893 6756
1298026 1304292 6266
1299156 1306404 7248
1289363 1307559 18196
1297176 1307625 10449
1287618 1309671 22053
1301012 1310331 9319
1294913 1311816 16903
1298834 1312377 13543
1292527 1313433 20906
1291545 1313862 22317
1300223 1315149 14926
1304082 1316403 12321
1310163 1316469 6306
1298923 1317063 18140
1301464 1317624 16160
1304304 1318185 13881
1308584 1318218 9634
1311907 1318812 6905
1310694 1319208 8514
1312157 1320792 8635
1299521 1322277 22756
1312591 1323531 10940
1313998 1324389 10391
1316300 1325115 8815
1304885 1326567 21682
1322511 1329537 7026
1323595 1329900 6305
1323796 1330197 6401
1321959 1333332 11373
1324375 1334025 9650
1324732 1334619 9887
1326342 1336401 10059
1320525 1336797 16272
1318545 1338315 19770
1324139 1338810 14671
1322752 1338942 16190
1323763 1339536 15773
1316321 1339602 23281
1322422 1340130 17708
1323062 1340130 17068
1327523 1343331 15808
1326226 1343364 17138
1334106 1344717 10611
1335283 1345278 9995
1330839 1346070 15231
1335331 1347192 11861
1340608 1347786 7178
1340933 1350525 9592
1334967 1351251 16284
1344302 1352175 7873
1343609 1353957 10348
1342786 1354089 11303
1327370 1355673 28303
1339626 1356234 16608
1327633 1357191 29558
1328797 1358313 29516
1337510 1358478 20968
1343755 1358478 14723
1334847 1358841 23994
1331554 1358907 27353
1338987 1359303 20316
1337448 1359435 21987
1341199 1361415 20216
1343441 1361976 18535
1339480 1362702 23222
1344222 1363032 18810
1356193 1363032 6839
1338860 1363263 24403
1333876 1363758 29882
1342596 1363857 21261
1347073 1366167 19094
1352834 1366563 13729
1350743 1366827 16084
1349842 1367091 17249
1360646 1367652 7006
1352515 1368147 15632
1341525 1369896 28371
1346299 1370457 24158
1354165 1370820 16655
1331838 1371216 39378
1356319 1371381 15062
1342158 1374417 32259
1356444 1374450 18006
1343214 1374582 31368
1353791 1375143 21352
1354615 1375539 20924
1364671 1377750 13079
1345285 1377849 32564
1353789 1377882 24093
1354918 1378872 23954
1337030 1378905 41875
1363584 1380126 16542
1375363 1381743 6380
1376825 1382766 5941
1350482 1383195 32713
1361201 1384020 22819
1367828 1384185 16357
1374395 1384746 10351
1368463 1384779 16316
1368836 1385802 16966
1369714 1387221 17507
1378506 1387617 9111
1349470 1387947 38477
1351097 1388376 37279
1381804 1388673 6869
1375061 1389927 14866
1375620 1390488 14868
1369482 1391874 22392
1384464 1394118 9654
1377583 1394151 16568
1376560 1394184 17624
1373656 1394580 20924
1363437 1395174 31737
1380930 1397319 16389
1382206 1397880 15674
1383629 1397979 14350
1367216 1398045 30829
1391956 1398243 6287
1375452 1398573 23121
1384818 1399959 15141
1390744 1400685 9941
1376695 1401774 25079
1381092 1402302 21210
1379739 1402368 22629
1369766 1404249 34483
1372447 1404678 32231
1370360 1404876 34516
1385988 1405074 19086
1390193 1405569 15376
1381088 1407615 26527
1377818 1408011 30193
1386457 1408143 21686
1386319 1408539 22220
1394110 1408737 14627
1389926 1409133 19207
1389346 1409628 20282
1395291 1409628 14337
1395987 1411014 15027
1401357 1411872 10515
1383027 1414941 31914
1386068 1415601 29533
1407233 1415931 8698
1395004 1416558 21554
1388274 1419264 30990
1412072 1420155 8083
1396612 1420353 23741
1411323 1420617 9294
1403507 1422795 19288
1413816 1423092 9276
1416097 1423587 7490
1417410 1424181 6771
1413496 1424676 11180
1416378 1425831 9453
1399019 1427514 28495
1399361 1428075 28714
1415159 1428603 13444
1401485 1429824 28339
1406527 1430253 23726
1417637 1430847 13210
1393026 1431309 38283
1420769 1431870 11101
1418160 1431936 13776
1418738 1433553 14815
1416607 1433982 17375
1415933 1434642 18709
1420342 1435764 15422
1428889 1435962 7073
1429054 1436457 7403
1419911 1436721 16810
1423867 1437249 13382
1421800 1437546 15746
1431940 1438008 6068
1406493 1438767 32274
1408220 1440615 32395
1422911 1441110 18199
1429392 1441374 11982
1419426 1443321 23895
1436586 1444377 7791
1426678 1444443 17765
1408371 1444938 36567
1431436 1445004 13568
1434301 1446093 11792
1420358 1447710 27352
1438475 1448667 10192
1425273 1448733 23460
1441167 1449228 8061
1434423 1450416 15993
1422048 1450482 28434
1438337 1452033 13696
1424648 1452198 27550
1442982 1453485 10503
1433424 1455399 21975
1449734 1457478 7744
1430204 1457643 27439
1440382 1458336 17954
1452723 1458996 6273
1438235 1459458 21223
1434020 1460019 25999
1443484 1460052 16568
1441369 1460547 19178
1446226 1460547 14321
1436355 1461108 24753
1439380 1461636 22256
1449808 1462065 12257
1447012 1462791 15779
1450461 1463286 12825
1456454 1463781 7327
1445712 1465134 19422
1459327 1468104 8777
1452118 1469622 17504
1440088 1470117 30029
1443965 1471338 27373
1454058 1471866 17808
1452267 1472097 19830
1451241 1473318 22077
1458552 1474539 15987
1461447 1475628 14181
1456736 1477377 20641
1466502 1478334 11832
1467969 1478928 10959
1471874 1480578 8704
1459207 1482129 22922
1464213 1482624 18411
1474745 1484835 10090
1476738 1485462 8724
1469997 1486221 16224
1465943 1487112 21169
1477381 1487871 10490
1470359 1489059 18700
1461755 1489620 27865
1464366 1490313 25947
1485207 1491501 6294
1482105 1492326 10221
1482518 1492887 10369
1477794 1493580 15786
1471008 1493613 22605
1486350 1495230 8880
1483588 1495956 12368
1484267 1496517 12250
1477373 1497540 20167
1480047 1498167 18120
1490678 1498200 7522
1492326 1498893 6567
1480847 1499223 18376
1483117 1500081 16964
1494311 1501731 7420
1478921 1502094 23173
1480262 1502655 22393
1488295 1502787 14492
1477344 1503249 25905
1483530 1503777 20247
1496660 1503777 7117
1492758 1504701 11943
1494027 1505229 11202
1494106 1505724 11618
1499409 1506087 6678
1497898 1506714 8816
1496952 1507011 10059
1501682 1508331 6649
1484162 1509915 25753
1491688 1510377 18689
1492169 1511037 18868
1491447 1512819 21372
1502386 1513446 11060
1504959 1513644 8685
1507595 1514568 6973
1499606 1516746 17140
1496360 1517406 21046
1501626 1517406 15780
1502729 1517769 15040
1511753 1519584 7831
1509708 1519815 10107
1507301 1521729 14428
1515626 1522092 6466
1503991 1522224 18233
1517169 1523115 5946
1516920 1523577 6657
1517264 1523610 6346
1516325 1524666 8341
1515861 1526712 10851
1514445 1528890 14445
1519634 1529979 10345
1518875 1531662 12787
1522683 1531959 9276
1521692 1532388 10696
1521714 1532388 10674
1525089 1534665 9576
1515268 1534995 19727
1526343 1535160 8817
1520420 1535655 15235
1529161 1535853 6692
1519620 1538361 18741
1519192 1538394 19202
1522375 1538394 16019
1526757 1539087 12330
1530010 1539648 9638
1530763 1541100 10337
1535112 1541727 6615
1522914 1542552 19638
1530781 1546149 15368
1535916 1546215 10299
1532004 1546875 14871
1530195 1549878 19683
1524818 1550076 25258
1526515 1550670 24155
1545166 1551627 6461
1527790 1552188 24398
1546399 1553013 6614
1546888 1554036 7148
1531296 1554399 23103
1544360 1554729 10369
1545772 1556940 11168
1546587 1557270 10683
1540228 1557336 17108
1542170 1558161 15991
1540793 1560537 19744
1546589 1561329 14740
1546826 1561593 14767
1544391 1562418 18027
1554473 1563243 8770
1548351 1566246 17895
1547666 1566444 18778
1551063 1566510 15447
1554207 1566807 12600
1560567 1569249 8682
1560700 1569579 8879
1565632 1572252 6620
1555834 1572417 16583
1557134 1572813 15679
1552534 1573077 20543
1551481 1573605 22124
1561657 1573704 12047
1560522 1574166 13644
1556437 1574925 18488
1558864 1575948 17084
1568686 1578687 10001
1566266 1580040 13774
1573756 1580073 6317
1567713 1580700 12987
1559760 1580733 20973
1567554 1581030 13476
1567817 1581657 13840
1567600 1584264 16664
1563836 1584891 21055
1572295 1585584 13289
1566832 1588455 21623
1573867 1588785 14918
1584725 1591524 6799
1574446 1594692 20246
1583376 1595253 11877
1580832 1596111 15279
1587441 1596144 8703
1575072 1598850 23778
1587306 1601655 14349
1582008 1602051 20043
1587182 1602612 15430
1586222 1604856 18634
1596851 1605912 9061
1592052 1606407 14355
1602177 1608420 6243
1585848 1609113 23265
1596766 1609608 12842
1596127 1610136 14009
1587922 1610763 22841
1596141 1611093 14952
1598370 1612875 14505
1593866 1613799 19933
1609048 1615680 6632
1609869 1616802 6933
1610076 1617330 7254
1606155 1619838 13683
1606522 1619904 13382
1613849 1620168 6319
1595446 1620795 25349
1613355 1622379 9024
1601208 1623171 21963
1600553 1623996 23443
1606802 1625877 19075
1616428 1626273 9845
1607572 1626339 18767
1604125 1626537 22412
1618335 1626867 8532
1611282 1627527 16245
1609439 1627692 18253
1611350 1628253 16903
1622827 1629507 6680
1616156 1629936 13780
1623897 1630893 6996
1625759 1632015 6256
1602961 1632642 29681
1604596 1633665 29069
1627762 1634787 7025
1625638 1636404 10766
1632961 1638912 5951
1632614 1639308 6694
1632221 1639572 7351
1628760 1641453 12693
1629074 1642707 13633
1633021 1642707 9686
1616610 1642806 26196
1631113 1643334 12221
1631914 1645908 13994
1639983 1646238 6255
1632781 1646271 13490
1634000 1646337 12337
1642166 1648845 6679
1639733 1650528 10795
1644602 1652739 8137
1640971 1653366 12395
1642823 1653630 10807
1636379 1656072 19693
1644641 1656105 11464
1636333 1656864 20531
1640395 1657425 17030
1643841 1657986 14145
1649355 1659042 9687
1643691 1659108 15417
1653633 1660395 6762
1642304 1661088 18784
1655265 1661583 6318
1634583 1661616 27033
1639306 1662177 22871
1656686 1662639 5953
1643266 1663266 20000
1643802 1665081 21279
1652507 1665774 13267
1643912 1668282 24370
1645204 1668843 23639
1655256 1668975 13719
1662062 1669998 7936
1656593 1671153 14560
1646625 1672077 25452
1643383 1672110 28727
1656428 1673199 16771
1652807 1673232 20425
1658008 1676433 18425
1645323 1677555 32232
1667654 1678050 10396
1663335 1679469 16134
1662450 1680162 17712
1658533 1680756 22223
1666774 1681284 14510
1668202 1681581 13379
1658056 1683231 25175
1668639 1683792 15153
1668707 1684485 15778
1659047 1684683 25636
1676119 1684947 8828
1664435 1687686 23251
1661733 1687785 26052
1678829 1689039 10210
1676278 1689864 13586
1663869 1691844 27975
1674457 1692207 17750
1678152 1692900 14748
1675640 1692966 17326
1674377 1693296 18919
1681440 1693296 11856
1682678 1693527 10849
1653997 1695045 41048
1672838 1695078 22240
1671864 1695903 24039
1678946 1696497 17551
1681821 1697025 15204
1684447 1698675 14228
1678270 1699599 21329
1681505 1700325 18820
1695133 1701810 6677
1681245 1704252 23007
1691180 1704450 13270
1697376 1704978 7602
1686972 1706199 19227
1692943 1708179 15236
1688043 1708542 20499
1695175 1708905 13730
1689062 1709169 20107
1687508 1709994 22486
1699504 1709994 10490
1702900 1710555 7655
1693376 1710588 17212
1700654 1712271 11617
1705761 1712832 7071
1698016 1713327 15311
1693515 1714086 20571
1696970 1715472 18502
1703523 1717617 14094
1695946 1718178 22232
1704707 1719168 14461
1706418 1720719 14301
1714252 1723227 8975
1708313 1723458 15145
1718819 1725075 6256
1709421 1727847 18426
1713965 1729365 15400
1724172 1730850 6678
1714688 1731246 16558
1720737 1731807 11070
1708182 1732071 23889
1710748 1733919 23171
1705961 1735008 29047
1728777 1735041 6264
1723249 1735536 12287
1727988 1738242 10254
1729016 1738803 9787
1729921 1738935 9014
1722878 1739628 16750
1735382 1741641 6259
1725951 1742433 16482
1731422 1742433 11011
1721012 1742829 21817
1735879 1745535 9656
1721174 1745601 24427
1736447 1746129 9682
1724107 1746888 22781
1739314 1747152 7838
1732145 1748208 16063
1717582 1748241 30659
1730255 1750353 20098
1731133 1750881 19748
1737729 1751310 13581
1744565 1751343 6778
1740546 1751739 11193
1740758 1753587 12829
1745859 1754247 8388
1729927 1754379 24452
1744224 1754907 10683
1744397 1757316 12919
1749059 1757481 8422
1736708 1758108 21400
1753136 1764411 11275
1755828 1765104 9276
1750976 1767183 16207
1736798 1768536 31738
1745733 1769196 23463
1750175 1769625 19450
1753439 1770153 16714
1753563 1770252 16689
1766361 1773684 7323
1755578 1776588 21010
1762817 1777875 15058
1764177 1778205 14028
1768138 1778370 10232
1767840 1778601 10761
1762714 1780251 17537
1758377 1780944 22567
1760269 1780977 20708
1771615 1781109 9494
1771683 1781307 9624
1772435 1781670 9235
1763941 1782198 18257
1750389 1783716 33327
1755745 1784244 28499
1773909 1784838 10929
1774211 1785333 11122
1761461 1785663 24202
1776928 1788699 11771
1761416 1789062 27646
1766114 1789062 22948
1759400 1789656 30256
1762168 1792263 30095
1785971 1792857 6886
1775557 1794210 18653
1788232 1794837 6605
1772993 1795563 22570
1773300 1797411 24111
1791234 1798236 7002
1780581 1798467 17886
1779631 1798995 19364
1783546 1800117 16571
1790266 1800645 10379
1793363 1801107 7744
1790702 1802394 11692
1792036 1805100 13064
1797098 1805364 8266
1792824 1805958 13134
1800906 1807146 6240
1802025 1807971 5946
1802047 1808466 6419
1802309 1808994 6685
1795567 1809192 13625
1792783 1810182 17399
1783486 1811931 28445
1780144 1812558 32414
1803667 1812888 9221
1789266 1812954 23688
1789096 1813086 23990
1792814 1813482 20668
1795665 1816683 21018
1803524 1817046 13522
1810595 1817607 7012
1808066 1817805 9739
1805476 1819257 13781
1801485 1820214 18729
1792345 1820841 28496
1797561 1822359 24798
1799567 1822953 23386
1801517 1824042 22525
1813126 1824636 11510
1803855 1825230 21375
1808794 1826748 17954
1824031 1830642 6611
1820274 1831962 11688
1824130 1832490 8360
1825491 1832985 7494
1814675 1835295 20620
1818448 1835823 17375
1817618 1835988 18370
1821185 1836054 14869
1821440 1836714 15274
1815638 1837935 22297
1823879 1839420 15541
1827578 1839717 12139
1831833 1840542 8709
1835478 1841763 6285
1821824 1842654 20830
1825534 1844106 18572
1829919 1844634 14715
1835741 1845228 9487
1839429 1846317 6888
1835754 1846581 10827
1839382 1847076 7694
1839873 1847604 7731
1842365 1848693 6328
1820082 1849386 29304
1838088 1849914 11826
1833122 1850673 17551
1841261 1851069 9808
1841347 1851630 10283
1845704 1852191 6487
1819595 1853874 34279
1830396 1854798 24402
1827292 1854963 27671
1842630 1855887 13257
1832426 1857999 25573
1836481 1858032 21551
1840595 1858197 17602
1837865 1858395 20530
1845686 1858758 13072
1838496 1861530 23034
1834818 1861596 26778
1851459 1861827 10368
1852344 1862421 10077
1841080 1862652 21572
1856655 1864467 7812
1859340 1865853 6513
1842063 1865886 23823
1845174 1868163 22989
1860557 1869186 8629
1843167 1871364 28197
1856236 1872387 16151
1858000 1872552 14552
1855997 1872915 16918
1856189 1872915 16726
1859108 1873707 14599
1867688 1874697 7009
1851934 1876809 24875
1856455 1877832 21377
1857861 1879515 21654
1865105 1879845 14740
1860331 1880637 20306
1853009 1881099 28090
1871719 1881462 9743
1876246 1882683 6437
1862816 1884168 21352
1863717 1884498 20781
1867232 1884564 17332
1855467 1885026 29559
1867884 1885653 17769
1836732 1885884 49152
1862500 1886412 23912
1870009 1886973 16964
1865948 1887303 21355
1868767 1887600 18833
1863717 1887897 24180
1854923 1888887 33964
1869577 1891527 21950
1873782 1891956 18174
1871429 1892022 20593
1878850 1893672 14822
1858731 1895553 36822
1887032 1895619 8587
1877156 1897071 19915
1882588 1898292 15704
1887428 1898820 11392
1886338 1898985 12647
1866995 1899381 32386
1881456 1901526 20070
1889882 1901889 12007
1890066 1902483 12417
1890655 1902615 11960
1891405 1903176 11771
1893970 1903539 9569
1891621 1903737 12116
1871429 1904232 32803
1880807 1905288 24481
1868783 1905354 36571
1885235 1906410 21175
1894080 1906839 12759
1888892 1907235 18343
1895605 1907400 11795
1878572 1908984 30412
1882631 1909446 26815
1903367 1909512 6145
1901160 1909842 8682
1903763 1910502 6739
1891743 1911228 19485
1873255 1911624 38369
1882438 1912119 29681
1876559 1912647 36088
1880409 1912647 32238
1876584 1913142 36558
1905342 1914660 9318
1892574 1916343 23769
1903752 1917267 13515
1904582 1918026 13444
1904131 1921227 17096
1902020 1921260 19240
1893650 1922679 29029
1890958 1923207 32249
1895206 1923669 28463
1897888 1924197 26309
1909728 1925055 15327
1910314 1926474 16160
1905529 1926705 21176
1906873 1927200 20327
1921311 1927563 6252
1921956 1927926 5970
1922574 1928520 5946
1913137 1930467 17330
1906041 1930632 24591
1915715 1931325 15610
1918923 1933569 14646
1907174 1933635 26461
1919827 1934592 14765
1912706 1938123 25417
1921323 1938420 17097
1925884 1938948 13064
1918805 1940829 22024
1934148 1941192 7044
1936856 1943535 6679
1937286 1943964 6678
1935332 1944459 9127
1930582 1946274 15692
1933527 1947033 13506
1925548 1947198 21650
1942456 1948716 6260
1933398 1950432 17034
1938573 1950762 12189
1928758 1951521 22763
1942051 1953864 11813
1938287 1954755 16468
1930941 1956603 25662
1942640 1956702 14062
1944301 1957065 12764
1947473 1957824 10351
1942757 1957923 15166
1950190 1958352 8162
1935490 1961124 25634
1954738 1961421 6683
1944209 1961652 17443
1950379 1964061 13682
1951123 1964292 13169
1942790 1964853 22063
1944699 1965216 20517
1953037 1965381 12344
1950525 1965810 15285
1951644 1968087 16443
1946074 1968549 22475
1961616 1969770 8154
1943814 1972212 28398
1959109 1972839 13730
1959685 1972872 13187
1947247 1973268 26021
1964241 1974984 10743
1949158 1975578 26420
1952243 1976007 23764
1950965 1976568 25603
1958776 1976700 17924
1958427 1977525 19098
1966044 1977690 11646
1974084 1980561 6477
1949184 1980726 31542
1952246 1980759 28513
1966212 1982178 15966
1954544 1983795 29251
1955964 1985577 29613
1966484 1986633 20149
1970826 1986897 16071
1968489 1986996 18507
1980144 1989702 9558
1977587 1989735 12148
1975554 1990131 14577
1971489 1990593 19104
1976549 1990725 14176
1983194 1994322 11128
1979881 1996368 16487
1979280 1996632 17352
1980209 1996929 16720
1981316 1998678 17362
1992725 1998810 6085
1984299 1999107 14808
1985908 1999140 13232
1988910 2000988 12078
1992229 2001879 9650
1992037 2002110 10073
1993527 2002737 9210
1994248 2003364 9116
1997423 2003793 6370
1973279 2004222 30943
1998100 2004519 6419
1990311 2006004 15693
1989468 2006928 17460
1987988 2007456 19468
1977353 2007588 30235
1993526 2010195 16669
1996926 2010294 13368
1982669 2010657 27988
1986128 2010888 24760
1983830 2011218 27388
2002177 2011416 9239
1984190 2011779 27589
1998253 2013594 15341
1980246 2013627 33381
2002966 2013627 10661
1998371 2014155 15784
1981576 2014254 32678
2007684 2014683 6999
1997924 2014947 17023
2002674 2016069 13395
2005809 2016597 10788
2006851 2016597 9746
2007739 2017125 9386
1995462 2017224 21762
2011117 2017356 6239
2009094 2019930 10836
1997217 2020359 23142
2011888 2020887 8999
1991538 2023065 31527
1995161 2024121 28960
2007419 2024682 17263
2008071 2025243 17172
2014367 2025672 11305
1998960 2026398 27438
2014020 2027388 13368
2021812 2028510 6698
2014969 2028774 13805
2022714 2029170 6456
1998003 2029599 31596
2020592 2030457 9865
2007634 2030721 23087
2012220 2031183 18963
2022538 2033427 10889
2014338 2033658 19320
2013029 2034384 21355
2022985 2035473 12488
2029688 2036331 6643
2022486 2036397 13911
2010588 2036562 25974
2030224 2036859 6635
2022604 2036991 14387
2014086 2037090 23004
2025187 2037519 12332
2015764 2039928 24164
2035307 2041875 6568
2017409 2042634 25225
2036463 2043063 6600
2035894 2044878 8984
2037459 2045406 7947
2039708 2045703 5995
2028798 2048937 20139
2027661 2049201 21540
2043341 2051016 7675
2044163 2052798 8635
2046605 2053029 6424
2042519 2054118 11599
2038479 2056758 18279
2031766 2057220 25454
2047507 2057649 10142
2037610 2059926 22316
2043550 2059959 16409
2042751 2061180 18429
2053170 2061279 8109
2056169 2062434 6265
2045215 2064480 19265
2057930 2064546 6616
2051104 2065437 14333
2058831 2067153 8322
2059909 2067813 7904
2049134 2068011 18877
2059519 2069133 9614
2054926 2071245 16319
2054697 2072367 17670
2055019 2072565 17546
2056383 2073093 16710
2065134 2073819 8685
2069214 2075469 6255
2058524 2075568 17044
2070619 2076888 6269
2060606 2079759 19153
2071492 2081640 10148
2076717 2083323 6606
2060528 2083851 23323
2069196 2083950 14754
2065382 2084379 18997
2072705 2084511 11806
2066014 2084874 18860
2078726 2085699 6973
2068000 2086524 18524
2071587 2087349 15762
2073662 2087613 13951
2076020 2088108 12088
2079677 2089593 9916
2082038 2090616 8578
2077105 2093091 15986
2084249 2095005 10756
2081970 2096721 14751
2085905 2097480 11575
2091612 2098635 7023
2076814 2100846 24032
2080892 2100912 20020
2086869 2101638 14769
2093690 2102628 8938
2091392 2105730 14338
2088157 2105862 17705
2096805 2107776 10971
2095701 2108370 12669
2099262 2108436 9174
2091053 2110053 19000
2081616 2110977 29361
2093182 2111241 18059
2097353 2111538 14185
2091478 2111934 20456
2101484 2112099 10615
2102100 2112660 10560
2106671 2114442 7771
2100049 2114673 14624
2101085 2115762 14677
2102998 2116356 13358
2110671 2117082 6411
2097837 2117742 19905
2098801 2118336 19535
2111572 2119128 7556
2107332 2120877 13545
2109879 2121405 11526
2106009 2121570 15561
2107651 2122791 15140
2103011 2123583 20572
2112651 2123616 10965
2115528 2124144 8616
2116695 2124639 7944
2113828 2126190 12362
2099539 2127378 27839
2114831 2127708 12877
2102178 2128071 25893
2117782 2128863 11081
2119230 2129952 10722
2120116 2130546 10430
2120383 2131140 10757
2115580 2132064 16484
2115796 2132394 16598
2115666 2132658 16992
2117899 2133186 15287
2101231 2133615 32384
2113845 2135595 21750
2122488 2136189 13701
2127878 2136189 8311
2121410 2137047 15637
2123230 2137377 14147
2122177 2137410 15233
2132525 2138961 6436
2132756 2139819 7063
2118241 2140644 22403
2117804 2140776 22972
2127281 2142063 14782
2114951 2142525 27574
2133848 2143482 9634
2130315 2143911 13596
2130523 2145627 15104
2130274 2148102 17828
2135685 2148102 12417
2137049 2148234 11185
2134784 2150808 16024
2137110 2151336 14226
2138332 2151897 13565
2136017 2151930 15913
2135720 2152128 16408
2130191 2152392 22201
2142590 2152986 10396
2139184 2153316 14132
2138438 2155098 16660
2146133 2156385 10252
2146001 2158794 12793
2141055 2159157 18102
2129578 2159454 29876
2129973 2161599 31626
2148635 2161863 13228
2152437 2162226 9789
2129739 2162490 32751
2152755 2162820 10065
2152443 2164305 11862
2151744 2165196 13452
2141715 2165526 23811
2151872 2168166 16294
2161507 2168694 7187
2146381 2168892 22511
2163192 2170608 7416
2144082 2170806 26724
2159780 2171334 11554
2144991 2172291 27300
2148438 2172918 24480
2160948 2173545 12597
2151403 2173776 22373
2167313 2174073 6760
2142163 2174205 32042
2166474 2176185 9711
2166671 2176779 10108
2168311 2179353 11042
2162407 2180145 17738
2159524 2180937 21413
2167058 2180937 13879
2170613 2182026 11413
2173201 2182026 8825
2175755 2184963 9208
2159993 2184996 25003
2158234 2185227 26993
2160084 2185788 25704
2169087 2187702 18615
2173917 2188131 14214
2182333 2189187 6854
2174817 2189286 14469
2165559 2189682 24123
2167453 2190342 22889
2176409 2191365 14956
2178027 2193048 15021
2186459 2193345 6886
2169784 2193576 23792
2181810 2193576 11766
2187243 2194962 7719
2174424 2196282 21858
2185950 2197140 11190
2182998 2198031 15033
2180465 2199978 19513
2192120 2200506 8386
2193147 2202684 9537
2197397 2203740 6343
2193458 2204697 11239
2192818 2204994 12176
2193434 2205654 12220
2188196 2208030 19834
2195997 2208030 12033
2187113 2208063 20950
2187372 2208294 20922
2188461 2208921 20460
2199439 2211165 11726
2189825 2212155 22330
2199191 2213442 14251
2202879 2213970 11091
2201774 2214861 13087
2192533 2214960 22427
2198366 2215620 17254
2206476 2216544 10068
2197681 2218194 20513
2197459 2218359 20900
2200038 2218623 18585
2207376 2219217 11841
2213636 2220075 6439
2202806 2221824 19018
2209206 2221923 12717
2215991 2223012 7021
2212675 2224959 12284
2206789 2225454 18665
2204145 2228358 24213
2217141 2228490 11349
2222319 2228556 6237
2223258 2229876 6618
2222052 2230866 8814
2220183 2230965 10782
2206905 2231691 24786
2211988 2232186 20198
2228018 2234991 6973
2216648 2236509 19861
2231946 2238654 6708
2213931 2240106 26175
2228211 2241525 13314
2234267 2242053 7786
2234911 2242548 7637
2228643 2242911 14268
2231537 2243076 11539
2236960 2243736 6776
2234181 2245320 11139
2225083 2245617 20534
2214178 2245782 31604
2238717 2248818 10101
2243218 2249973 6755
2243456 2250468 7012
2244948 2251623 6675
2238037 2252547 14510
2233454 2252613 19159
2245699 2254131 8432
2245727 2254692 8965
2243478 2255022 11544
2227883 2255814 27931
2233139 2255847 22708
2238959 2256408 17449
2244735 2259081 14346
2241332 2259807 18475
2237790 2260863 23073
2245686 2261259 15573
2246427 2261919 15492
2256089 2262348 6259
2249830 2264559 14729
2250453 2264658 14205
2259266 2266374 7108
2252895 2267529 14634
2246639 2267859 21220
2252955 2268123 15168
2254601 2269740 15139
2251119 2270994 19875
2248745 2271060 22315
2258170 2271621 13451
2260049 2271984 11935
2257555 2272776 15221
2266754 2273040 6286
2258484 2273304 14820
2267173 2273832 6659
2270091 2276340 6249
2258814 2278386 19572
2263562 2278452 14890
2264136 2280498 16362
2270940 2280762 9822
2265111 2281884 16773
2275520 2282214 6694
2269210 2283930 14720
2260275 2283963 23688
2270962 2285250 14288
2258778 2287956 29178
2275738 2288022 12284
2277681 2289111 11430
2283288 2289540 6252
2283589 2290035 6446
2281939 2290398 8459
2274641 2292048 17407
2267776 2292180 24404
2276803 2292609 15806
2278080 2293566 15486
2277268 2294787 17519
2286372 2297493 11121
2286400 2298054 11654
2287290 2298450 11160
2286769 2298648 11879
2292739 2299176 6437
2287287 2299836 12549
2275295 2299935 24640
2288293 2303037 14744
2281684 2303961 22277
2283570 2306667 23097
2300357 2306667 6310
2285308 2307690 22382
2296116 2309637 13521
2288368 2309670 21302
2297439 2310396 12957
2303157 2310693 7536
2303015 2310891 7876
2294570 2312376 17806
2295532 2312838 17306
2295883 2313465 17582
2291580 2313498 21918
2294298 2313894 19596
2304584 2314323 9739
2285799 2314752 28953
2311228 2317557 6329
2299472 2318250 18778
2303914 2320560 16646
2305993 2320956 14963
2306519 2321253 14734
2306017 2321484 15467
2311925 2323761 11836
2303798 2324553 20755
2314505 2325081 10576
2314336 2326863 12527
2316656 2327061 10405
2317151 2327622 10471
2301611 2327754 26143
2318722 2327754 9032
2307495 2328282 20787
2320983 2328513 7530
2311293 2328909 17616
2312724 2329437 16713
2301904 2331615 29711
2309367 2332176 22809
2323976 2334882 10906
2315752 2335245 19493
2323258 2335377 12119
2308880 2335410 26530
2327591 2337192 9601
2320666 2337951 17285
2318528 2339205 20677
2329184 2340591 11407
2320831 2341548 20717
2320969 2342406 21437
2326980 2343660 16680
2328173 2344452 16279
2314422 2345937 31515
2318794 2346366 27572
2322613 2346927 24314
2339319 2348247 8928
2330061 2348676 18615
2339926 2348775 8849
2329672 2348874 19202
2326782 2349831 23049
2343214 2349864 6650
2330751 2350854 20103
2330451 2350887 20436
2329855 2351976 22121
2341682 2353593 11911
2329518 2354550 25032
2334183 2355078 20895
2346999 2355309 8310
2327644 2355771 28127
2343749 2355771 12022
2351369 2357322 5953
2350533 2357619 7086
2337762 2358378 20616
2333015 2358477 25462
2323899 2358906 35007
2336352 2359533 23181
2353275 2359962 6687
2342941 2360094 17153
2345576 2360094 14518
2335049 2360853 25804
2341006 2361480 20474
2332624 2361612 28988
2346556 2362008 15452
2345207 2362833 17626
2340491 2363196 22705
2348529 2363361 14832
2359148 2367519 8371
2359201 2368047 8846
2357392 2369202 11810
2356350 2370819 14469
2358153 2371182 13029
2350317 2372865 22548
2342994 2374383 31389
2367992 2374614 6622
2346686 2375604 28918
2358078 2376429 18351
2357816 2376627 18811
2361646 2376726 15080
2361284 2376792 15508
2351178 2377122 25944
2355422 2379432 24010
2365623 2379432 13809
2370005 2379960 9955
2354376 2380059 25683
2365236 2380125 14889
2356751 2380356 23605
2366212 2380719 14507
2368695 2386164 17469
2374428 2386197 11769
2376874 2386725 9851
2374485 2386791 12306
2381136 2387880 6744
2378113 2389134 11021
2365185 2389827 24642
2379639 2390586 10947
2375721 2390883 15162
2377966 2392533 14567
2377515 2392896 15381
2378144 2393424 15280
2384856 2393853 8997
2388393 2394645 6252
2376065 2396955 20890
2372933 2397054 24121
2367925 2399529 31604
2396422 2402862 6440
2378044 2404941 26897
2386699 2405007 18308
2395622 2406426 10804
2398534 2408505 9971
2396048 2409561 13513
2392186 2410122 17936
2392544 2411706 19162
2396861 2412201 15340
2383064 2412795 29731
2402949 2413686 10737
2407540 2417745 10205
2413125 2420583 7458
2414885 2421540 6655
2415589 2421771 6182
2411473 2423157 11684
2404441 2424312 19871
2413433 2425467 12034
2415148 2426028 10880
2410270 2426259 15989
2416656 2426457 9801
2410600 2426721 16121
2416610 2426754 10144
2406539 2427249 20710
2422553 2429361 6808
2422633 2429658 7025
2410089 2432661 22572
2426033 2432760 6727
2416457 2435994 19537
2422735 2436819 14084
2431530 2437842 6312
2427541 2440350 12809
2420264 2440713 20449
2433205 2443782 10577
2428732 2444244 15512
2439461 2446554 7093
2440057 2449788 9731
2426095 2450052 23957
2444155 2451471 7316
2441718 2452758 11040
2428228 2454144 25916
2437604 2454177 16573
2446520 2455332 8812
2436983 2456751 19768
2443490 2456784 13294
2443684 2457345 13661
2436967 2457576 20609
2451440 2457939 6499
2439645 2458005 18360
2440534 2461173 20639
2443429 2461734 18305
2448759 2462460 13701
2443784 2462559 18775
2457070 2463054 5984
2445255 2463351 18096
2458185 2464143 5958
2434177 2465166 30989
2446162 2465298 19136
2444130 2465793 21663
2441194 2465991 24797
2446321 2467641 21320
2456255 2467773 11518
2458174 2468301 10127
2459329 2468499 9170
2462193 2468862 6669
2463049 2469654 6605
2453557 2471469 17912
2466734 2473416 6682
2456055 2475858 19803
2466349 2476782 10433
2466580 2477739 11159
2464496 2478795 14299
2470431 2478795 8364
2454637 2481864 27227
2475292 2482029 6737
2468278 2485560 17282
2470601 2485923 15322
2479829 2486088 6259
2460328 2486352 26024
2472831 2488035 15204
2474859 2489091 14232
2465162 2490081 24919
2483399 2492688 9289
2479476 2493249 13773
2484808 2494008 9200
2487946 2494569 6623
2481340 2497044 15704
2491686 2498496 6810
2487650 2499783 12133
2469417 2500047 30630
2495197 2501895 6698
2488403 2504766 16363
2494925 2507703 12778
2476688 2507835 31147
2494605 2508495 13890
2497651 2508726 11075
2489962 2509221 19259
2498404 2509749 11345
2481537 2511927 30390
2505332 2511993 6661
2479341 2512455 33114
2502299 2512455 10156
2498545 2513049 14504
2495280 2513610 18330
2508165 2514798 6633
2498203 2514996 16793
2499017 2515458 16441
2504824 2515557 10733
2501198 2516349 15151
2509573 2516844 7271
2503093 2517867 14774
2503040 2518098 15058
2503163 2519187 16024
2499210 2521365 22155
2509191 2521530 12339
2509137 2521893 12756
2511172 2522058 10886
2511151 2523081 11930
2495457 2525259 29802
2495290 2525688 30398
2512638 2527569 14931
2506295 2528889 22594
2518102 2531727 13625
2525737 2531991 6254
2514512 2532288 17776
2519453 2532321 12868
2526730 2532717 5987
2516893 2532882 15989
2526982 2533212 6230
2519876 2534070 14194
2510921 2535489 24568
2505358 2536050 30692
2523702 2536842 13140
2529820 2537667 7847
2512313 2537898 25585
2531339 2538195 6856
2530302 2539911 9609
2530827 2540505 9678
2532611 2542254 9643
2530479 2542914 12435
2526139 2543409 17270
2536978 2543508 6530
2540423 2547105 6682
2527947 2547270 19323
2534058 2547699 13641
2538248 2549085 10837
2525394 2549415 24021
2531527 2549448 17921
2520946 2550141 29195
2539729 2550372 10643
2541037 2550801 9764
2535990 2552847 16857
2547342 2553507 6165
2523630 2553573 29943
2536282 2554101 17819
2527171 2554662 27491
2544930 2556147 11217
2537095 2556642 19547
2552212 2558457 6245
2546559 2559018 12459
2553301 2559249 5948
2547771 2560404 12633
2548092 2561328 13236
2542728 2562483 19755
2549794 2564067 14273
2551508 2566344 14836
2561143 2567466 6323
2549792 2570601 20809
2563579 2572515 8936
2565851 2574561 8710
2568020 2574726 6706
2566701 2575155 8454
2563151 2575782 12631
2568690 2577729 9039
2559176 2578389 19213
2565007 2578455 13448
2570393 2581095 10702
2572457 2581392 8935
2565716 2581590 15874
2570407 2584065 13658
2565794 2584428 18634
2578565 2586837 8272
2568877 2587365 18488
2574063 2587893 13830
2565581 2588421 22840
2568513 2589180 20667
2570227 2589708 19481
2570774 2590797 20023
2576020 2591919 15899
2574704 2593008 18304
2574388 2593866 19478
2565665 2593998 28333
2567488 2594031 26543
2576478 2594130 17652
2577187 2597265 20078
2575029 2597991 22962
2575671 2598486 22815
2587567 2599443 11876
2594308 2600928 6620
2588941 2601456 12515
2572646 2602050 29404
2583523 2602578 19055
2576196 2602644 26448
2588977 2602677 13700
2596579 2603040 6461
2579708 2603205 23497
2596760 2603568 6808
2574198 2603766 29568
2574769 2604162 29393
2577294 2604855 27561
2583301 2605383 22082
2601332 2607594 6262
2567687 2608617 40930
2568673 2609178 40505
2589638 2609508 19870
2592259 2609739 17480
2587556 2610003 22447
2589971 2610102 20131
2602869 2610564 7695
2604312 2611158 6846
2604528 2612313 7785
2606081 2614029 7948
2601857 2615019 13162
2591016 2617230 26214
2602194 2617725 15531
2608080 2619210 11130
2594918 2622642 27724
2614225 2622906 8681
2605363 2623104 17741
2594402 2623302 28900
2617844 2623896 6052
2611038 2624490 13452
2609068 2625084 16016
2601694 2626503 24809
2615929 2626965 11036
2603878 2627064 23186
2619219 2627493 8274
2621652 2628252 6600
2605111 2630595 25484
2607779 2631255 23476
2610420 2631717 21297
2586430 2632377 45947
2618528 2635413 16885
2629556 2636502 6946
2619020 2637525 18505
2607688 2638251 30563
2619738 2638317 18579
2622041 2638911 16870
2623376 2639835 16459
2627671 2639901 12230
2617768 2640231 22463
2621064 2640693 19629
2622832 2641254 18422
2625953 2641914 15961
2617284 2642376 25092
2624784 2643102 18318
2637565 2645115 7550
2627468 2645313 17845
2632452 2645511 13059
2624255 2645841 21586
2638220 2646039 7819
2640178 2646435 6257
2639877 2646633 6756
2633881 2649207 15326
2637253 2649504 12251
2641105 2650098 8993
2619396 2650857 31461
2631544 2651847 20303
2621104 2653200 32096
2635674 2653860 18186
2648011 2654256 6245
2624024 2654421 30397
2634834 2654553 19719
2641132 2655576 14444
2647030 2658315 11285
2652463 2658909 6446
2636624 2659899 23275
2645109 2661483 16374
2656208 2663595 7387
2656880 2664123 7243
2652213 2664222 12009
2652541 2664783 12242
2645847 2664981 19134
2655397 2665344 9947
2650458 2665905 15447
2660078 2667060 6982
2646987 2667423 20436
2642683 2669634 26951
2648066 2671515 23449
2655127 2672373 17246
2639779 2673825 34046
2657645 2674089 16444
2668218 2676762 8544
2663737 2677059 13322
2669098 2677290 8192
2661136 2680821 19685
2660647 2681481 20834
2668686 2682141 13455
2644834 2683065 38231
2667043 2683494 16451
2656123 2684253 28130
2660318 2685342 25024
2667748 2685870 18122
2678876 2685903 7027
2667874 2686266 18392
2671608 2688609 17001
2670173 2688972 18799
2674207 2689665 15458
2675752 2690259 14507
2685372 2691678 6306
2681905 2692173 10268
2682897 2693691 10794
2669010 2695407 26397
2661561 2695968 34407
2672709 2696793 24084
2674647 2698872 24225
2673006 2699103 26097
2677890 2699334 21444
2678592 2699796 21204
2686933 2700291 13358
2683875 2701776 17901
2674583 2702535 27952
2673389 2702700 29311
2691368 2703096 11728
2676268 2703261 26993
2674571 2703822 29251
2685445 2704878 19433
2688450 2706990 18540
2691951 2707980 16029
2701875 2708145 6270
2696347 2708772 12425
2702811 2708871 6060
2677596 2709762 32166
2695639 2711940 16301
2691351 2712402 21051
2697553 2712930 15377
2680614 2712963 32349
2699079 2712996 13917
2702802 2713953 11151
2685839 2716065 30226
2681629 2716296 34667
2693789 2716857 23068
2693608 2716989 23381
2693982 2717286 23304
2698407 2717682 19275
2695781 2719728 23947
2678839 2720091 41252
2680419 2720652 40233
2702064 2720751 18687
2701304 2721246 19942
2690069 2721279 31210
2690811 2721378 30567
2715351 2721609 6258
2707569 2721774 14205
2707675 2722368 14693
2701271 2723919 22648
2705260 2724117 18857
2719698 2726064 6366
2714703 2726295 11592
2696426 2727219 30793
2703288 2728374 25086
2706314 2728770 22456
2719065 2729463 10398
2705263 2730651 25388
2706158 2731245 25087
2711387 2731278 19891
2710570 2731806 21236
2705877 2732202 26325
2723572 2732433 8861
2726460 2732433 5973
2711144 2732730 21586
2714908 2735535 20627
2701320 2735634 34314
2714142 2735667 21525
2714247 2736756 22509
2700373 2737647 37274
2700961 2738274 37313
2709492 2738538 29046
2720923 2738802 17879
2710086 2739297 29211
2703989 2740386 36397
2712817 2741409 28592
2706928 2741541 34613
2717572 2741871 24299
2735935 2743422 7487
2712955 2747679 34724
2732266 2748471 16205
2729703 2749164 19461
2734033 2749593 15560
2732562 2749626 17064
2735985 2750682 14697
2743816 2750814 6998
2712459 2752794 40335
2733276 2752860 19584
2744861 2753025 8164
2735095 2753355 18260
2733295 2753553 20258
2736699 2753883 17184
2747384 2754114 6730
2747604 2757183 9579
2746587 2757546 10959
2749763 2759427 9664
2734526 2759889 25363
2754848 2761473 6625
2740466 2762628 22162
2732738 2762694 29956
2745173 2765169 19996
2747791 2765829 18038
2755652 2766390 10738
2754946 2766489 11543
2751858 2766918 15060
2747171 2767281 20110
2762577 2768997 6420
2758982 2769360 10378
2756171 2769690 13519
2750103 2770284 20181
2750870 2772561 21691
2760510 2772627 12117
2752816 2773122 20306
2753558 2773485 19927
2760502 2774211 13709
2750041 2775828 25787
2755406 2776389 20983
2763866 2776719 12853
2755679 2776950 21271
2766415 2779656 13241
2768092 2780184 12092
2764899 2780382 15483
2773810 2780481 6671
2768522 2780778 12256
2774785 2781933 7148
2775579 2782461 6882
2766295 2783616 17321
2773866 2783847 9981
2765884 2783913 18029
2765699 2785695 19996
2773134 2786619 13485
2761532 2787147 25615
2780895 2787213 6318
2772551 2788203 15652
2768407 2788929 20522
2778546 2789226 10680
2779243 2791305 12062
2768552 2793780 25228
2777936 2794506 16570
2779833 2794803 14970
2786037 2794869 8832
2781363 2795430 14067
2788679 2795463 6784
2785689 2796420 10731
2782520 2796486 13966
2784783 2797608 12825
2764373 2798136 33763
2777019 2798697 21678
2789578 2800743 11165
2786569 2801007 14438
2791675 2801568 9893
2775855 2801898 26043
2778031 2802426 24395
2789169 2802459 13290
2790522 2802987 12465
2784610 2803548 18938
2763420 2803878 40458
2772565 2804538 31973
2800075 2806716 6641
2785929 2807277 21348
2791763 2809653 17890
2802401 2809950 7549
2798809 2810676 11867
2801492 2814042 12550
2778579 2814174 35595
2798931 2814207 15276
2794244 2814438 20194
2802822 2814768 11946
2798374 2815395 17021
2807985 2816682 8697
2804468 2816979 12511
2798446 2818827 20381
2803343 2819850 16507
2808115 2821533 13418
2808864 2822094 13230
2794739 2822589 27850
2808464 2822985 14521
2818095 2824338 6243
2813287 2825196 11909
2810453 2826615 16162
2813101 2826912 13811
2816963 2830674 13711
2823277 2832357 9080
2816053 2832885 16832
2809723 2835459 25736
2825336 2836746 11410
2819322 2837538 18216
2823162 2838066 14904
2808485 2839386 30901
2808588 2840244 31656
2832739 2840310 7571
2836888 2843148 6260
2822076 2843544 21468
2827784 2844072 16288
2832258 2845689 13431
2834674 2846778 12104
2840136 2847339 7203
2833806 2848989 15183
2830063 2850507 20444
2827277 2851695 24418
2824490 2851728 27238
2842492 2852058 9566
2830318 2852322 22004
2842050 2852850 10800
2833773 2853345 19572
2847349 2853807 6458
2845308 2855325 10017
2849744 2855952 6208
2842476 2856447 13971
2842794 2858889 16095
2850906 2859648 8742
2848529 2859714 11185
2845670 2860341 14671
2853211 2860704 7493
2851191 2861595 10404
2851490 2862156 10666
2856477 2862717 6240
2838774 2863047 24273
2837485 2864367 26882
2853905 2865654 11749
2852179 2866347 14168
2855040 2869779 14739
2856552 2870340 13788
2837074 2870637 33563
2855270 2870802 15532
2857503 2870802 13299
2847187 2871231 24044
2856330 2872056 15726
2867153 2873244 6091
2867199 2873640 6441
2854518 2874696 20178
2844190 2876478 32288
2851583 2876940 25357
2865917 2877402 11485
2863242 2879250 16008
2868055 2879778 11723
2858869 2880240 21371
2874725 2881461 6736
2865458 2883441 17983
2874144 2887170 13026
2868994 2887995 19001
2868819 2889216 20397
2879528 2890767 11239
2870035 2892582 22547
2878512 2892846 14334
2873249 2893308 20059
2882434 2893374 10940
2881135 2893902 12767
2887716 2894133 6417
2872288 2896608 24320
2883507 2897235 13728
2886062 2897796 11734
2886594 2897928 11334
2868808 2899314 30506
2892592 2900106 7514
2874983 2900337 25354
2893992 2900733 6741
2884685 2900898 16213
2881156 2901558 20402
2883171 2902482 19311
2872694 2902911 30217
2878604 2903472 24868
2893651 2903604 9953
2882808 2904297 21489
2872471 2904528 32057
2888701 2904858 16157
2894835 2905683 10848
2900144 2906805 6661
2901624 2907597 5973
2890563 2908917 18354
2902619 2909445 6826
2899822 2910303 10481
2902260 2911953 9693
2904419 2914230 9811
2896914 2914824 17910
2892731 2915022 22291
2899218 2917431 18213
2884776 2917728 32952
2905535 2917893 12358
2903396 2918157 14761
2900671 2918487 17816
2903735 2918751 15016
2910097 2920599 10502
2892052 2921193 29141
2906363 2921490 15127
2901784 2923338 21554
2911244 2923569 12325
2902410 2924592 22182
2911213 2925648 14435
2902114 2928849 26735
2910581 2931060 20479
2901474 2931555 30081
2902780 2932116 29336
2913042 2932578 19536
2920138 2933271 13133
2920456 2933337 12881
2910074 2934162 24088
2906462 2935317 28855
2914433 2936406 21973
2929009 2937825 8816
2912983 2938188 25205
2929544 2939475 9931
2929949 2940069 10120
2911097 2940894 29797
2927909 2941422 13513
2934418 2943039 8621
2936342 2943105 6763
2924173 2943171 18998
2919140 2943996 24856
2939426 2946603 7177
2941359 2948385 7026
2925844 2951355 25511
2937531 2951388 13857
2944957 2951487 6530
2938311 2951982 13671
2925871 2952906 27035
2934129 2953500 19371
2948860 2954820 5960
2925791 2955216 29425
2927422 2955744 28322
2938102 2956206 18104
2932697 2956305 23608
2938376 2956635 18259
2933706 2956866 23160
2933918 2956932 23014
2941220 2957229 16009
2938132 2957955 19823
2946853 2959605 12752
2949454 2961222 11768
2952311 2961783 9472
2955139 2962146 7007
2953423 2962905 9482
2942725 2964126 21401
2946864 2966106 19242
2959487 2966139 6652
2944312 2966634 22322
2946337 2967096 20759
2951844 2967327 15483
2956997 2968416 11419
2951240 2968482 17242
2943729 2969076 25347
2956807 2969670 12863
2944254 2970231 25977
2965788 2972112 6324
2947002 2972607 25605
2966155 2973960 7805
2949745 2975313 25568
2957076 2976369 19293
2961365 2977029 15664
2956767 2977425 20658
2967080 2977590 10510
2961939 2978613 16674
2968349 2978679 10330
2959717 2979867 20150
2946387 2979999 33612
2953064 2980065 27001
2963631 2980395 16764
2957741 2980626 22885
2969875 2981484 11609
2935914 2982078 46164
2973976 2982111 8135
2963732 2984124 20392
2960536 2985807 25271
2970667 2986830 16163
2977164 2986830 9666
2972318 2987325 15007
2971168 2987391 16223
2972452 2987853 15401
2972596 2988414 15818
2970587 2991384 20797
2963069 2991516 28447
2964695 2992044 27349
2968334 2992341 24007
2977711 2993694 15983
2967182 2994123 26941
2969067 2994387 25320
2963459 2995146 31687
2963626 2995740 32114
2969471 2995806 26335
2966534 2996268 29734
2972563 2996796 24233
2968029 2997621 29592
2965992 2998743 32751
2976849 2998842 21993
2973715 2999304 25589
2994246 3002109 7863
2985896 3002538 16642
2994808 3003165 8357
2965711 3003759 38048
2990165 3004188 14023
2972957 3004287 31330
2980465 3006234 25769
2997250 3006663 9413
2972113 3006993 34880
2993555 3007290 13735
3000986 3008478 7492
3002665 3009072 6407
3003584 3009666 6082
3000805 3010557 9752
2994833 3012504 17671
2999308 3012966 13658
2998583 3013626 15043
3007567 3014220 6653
2979809 3016167 36358
2994343 3017322 22979
2992916 3017421 24505
3002493 3017850 15357
2995944 3017916 21972
2985238 3019038 33800
2980515 3021051 40536
3008761 3021579 12818
3009658 3022305 12647
3004128 3022899 18771
3008243 3023955 15712
3018924 3025275 6351
3011083 3026364 15281
3017318 3026826 9508
3014435 3026925 12490
3000750 3028377 27627
3006446 3029994 23548
3011499 3030522 19023
3003651 3030786 27135
3011102 3031248 20146
2996309 3031314 35005
3003944 3031908 27964
3006550 3032304 25754
3011819 3032403 20584
3013877 3032403 18526
2998827 3033228 34401
3002694 3033327 30633
3008543 3033789 25246
3005569 3035142 29573
3020624 3035637 15013
3021519 3036528 15009
3024094 3036759 12665
3015897 3037122 21225
3026414 3037617 11203
3032355 3038310 5955
3031368 3040950 9582
3026649 3041247 14598
3022845 3041412 18567
3034386 3042798 8412
3028206 3043095 14889
3036052 3043326 7274
3029732 3043656 13924
3014304 3045669 31365
3027090 3046296 19206
3024675 3046461 21786
3027295 3046824 19529
3031447 3046857 15410
3027116 3047088 19972
3018272 3047154 28882
3030653 3047451 16798
3035879 3047517 11638
3036984 3049860 12876
3033773 3050025 16252
3038796 3050388 11592
3031190 3050685 19495
3019026 3050718 31692
3023777 3050751 26974
3025437 3051807 26370
3037773 3052335 14562
3033969 3053391 19422
3041184 3053457 12273
3044044 3053853 9809
3035988 3053952 17964
3046087 3053985 7898
3044415 3054447 10032
3038945 3054513 15568
3045581 3055569 9988
3049946 3056526 6580
3031181 3057054 25873
3043242 3058638 15396
3045305 3059067 13762
3052087 3059100 7013
3046938 3059562 12624
3035080 3059760 24680
3043483 3060750 17267
3052670 3061443 8773
3022995 3061707 38712
3040885 3062796 21911
3047353 3064743 17390
3056718 3067218 10500
3062109 3068736 6627
3041594 3069132 27538
3053789 3070188 16399
3056741 3071838 15097
3042030 3073026 30996
3065616 3074841 9225
3055681 3074973 19292
3061290 3074973 13683
3065424 3075534 10110
3065540 3075765 10225
3067193 3076293 9100
3070075 3076623 6548
3069195 3077151 7956
3049197 3077646 28449
3055062 3078768 23706
3069627 3079362 9735
3057368 3079626 22258
3069421 3080253 10832
3064074 3081507 17433
3071695 3082035 10340
3075809 3083091 7282
3068260 3083157 14897
3047855 3083454 35599
3076805 3085434 8629
3079134 3086622 7488
3064007 3087711 23704
3058952 3089856 30904
3067429 3090285 22856
3074304 3090417 16113
3083976 3091473 7497
3080735 3092991 12256
3085611 3093519 7908
3059286 3093618 34332
3059878 3093684 33806
3076529 3094542 18013
3089786 3097182 7396
3071860 3099921 28061
3074131 3100482 26351
3085878 3100548 14670
3072712 3100911 28199
3079448 3101010 21562
3073675 3101703 28028
3080238 3104145 23907
3069891 3104343 34452
3077037 3104904 27867
3089145 3105432 16287
3099896 3106422 6526
3100645 3107016 6371
3079801 3108468 28667
3096346 3108699 12353
3094286 3109524 15238
3102862 3109854 6992
3101808 3112131 10323
3092778 3112659 19881
3103531 3112758 9227
3086643 3112791 26148
3093735 3112890 19155
3103652 3113253 9601
3100242 3113979 13737
3096573 3115992 19419
3099224 3116487 17263
3100814 3116520 15706
3099398 3117972 18574
3105847 3118731 12884
3108105 3119127 11022
3101230 3119193 17963
3113571 3119622 6051
3097987 3121767 23780
3099430 3122295 22865
3094699 3122394 27695
3111981 3122724 10743
3117470 3124473 7003
3091562 3124539 32977
3094597 3125100 30503
3112419 3126552 14133
3112622 3127113 14491
3116694 3127641 10947
3117276 3128202 10926
3103533 3128301 24768
3105508 3129753 24245
3106946 3130347 23401
3113828 3131040 17212
3122001 3131304 9303
3124077 3131766 7689
3126273 3132591 6318
3117970 3132657 14687
3120699 3133614 12915
3110462 3135693 25231
3125162 3136320 11158
3124045 3137079 13034
3127039 3137244 10205
3128275 3137607 9332
3117499 3137772 20273
3111379 3140676 29297
3132315 3141303 8988
3132573 3141567 8994
3134088 3142095 8007
3119089 3143217 24128
3120447 3143217 22770
3129423 3143580 14157
3130005 3144834 14829
3124411 3145857 21446
3137824 3147243 9419
3135996 3148068 12072
3127784 3150972 23188
3137331 3151005 13674
3137538 3151599 14061
3137441 3151830 14389
3133014 3151863 18849
3145599 3152226 6627
3139332 3152358 13026
3130217 3155064 24847
3133592 3155097 21505
3128140 3155427 27287
3123107 3155460 32353
3141484 3155625 14141
3133379 3156681 23302
3142477 3159651 17174
3147698 3159750 12052
3150408 3160311 9903
3147805 3161367 13562
3152315 3163017 10702
3157167 3163743 6576
3158574 3164568 5994
3151048 3165723 14675
3155256 3165987 10731
3159214 3166515 7301
3162472 3169089 6617
3150497 3169617 19120
3147682 3170277 22595
3162064 3170310 8246
3164993 3171366 6373
3154368 3172983 18615
3167042 3175260 8218
3165259 3176316 11057
3170323 3176679 6356
3164734 3178230 13496
3168970 3178857 9887
3168879 3179451 10572
3163519 3179517 15998
3174426 3180903 6477
3161129 3181299 20170
3166443 3182058 15615
3169704 3183114 13410
3163732 3184005 20273
3167032 3184500 17468
3168757 3184566 15809
3165513 3185622 20109
3172916 3186711 13795
3174307 3187272 12965
3171055 3187305 16250
3176851 3187833 10982
3169849 3189516 19667
3176094 3190077 13983
3177995 3192387 14392
3169711 3192486 22775
3186148 3192981 6833
3182998 3193146 10148
3187684 3194004 6320
3188501 3194829 6328
3174297 3195720 21423
3176714 3195786 19072
3179396 3196314 16918
3179240 3196908 17668
3182484 3198030 15546
3177955 3198855 20900
3189122 3198921 9799
3190349 3199449 9100
3190822 3199977 9155
3180181 3200109 19928
3184159 3200637 16478
3178431 3201231 22800
3192134 3201561 9427
3193758 3202254 8496
3196744 3205950 9206
3194029 3206874 12845
3192923 3207501 14578
3196180 3207996 11816
3200002 3208491 8489
3194338 3210702 16364
3191437 3210900 19463
3190081 3211164 21083
3175015 3211725 36710
3196433 3212154 15721
3188706 3212781 24075
3199181 3212979 13798
3207375 3214002 6627
3198597 3216543 17946
3201717 3218787 17070
3206582 3218787 12205
3206734 3219348 12614
3195868 3219645 23777
3201923 3220503 18580
3195344 3221097 25753
3208993 3223704 14711
3214093 3223836 9743
3209006 3224364 15358
3209134 3224562 15428
3216292 3224991 8699
3205388 3226509 21121
3194959 3227763 32804
3218198 3228027 9829
3214786 3228093 13307
3214662 3228918 14256
3220399 3229281 8882
3224403 3231228 6825
3218902 3233076 14174
3214927 3233274 18347
3221226 3235485 14259
3207929 3236508 28579
3204586 3237036 32450
3222926 3237564 14638
3206626 3237630 31004
3213468 3239379 25911
3231756 3240435 8679
3235002 3241689 6687
3236327 3242580 6253
3226458 3244527 18069
3237933 3244626 6693
3217441 3246144 28703
3235188 3246309 11121
3223549 3246804 23255
3229357 3248421 19064
3226954 3250038 23084
3226873 3251556 24683
3245153 3251655 6502
3243698 3252315 8617
3239471 3255252 15781
3236582 3258090 21508
3242865 3258552 15687
3239927 3258882 18955
3239774 3258915 19141
3250306 3260631 10325
3252253 3261621 9368
3241381 3262149 20768
3243979 3262281 18302
3252037 3265020 12983
3257111 3265647 8536
3255186 3265713 10527
3258804 3266208 7404
3256150 3266406 10256
3254813 3266670 11857
3243987 3268914 24927
3241986 3269607 27621
3253441 3269772 16331
3252740 3270960 18220
3259134 3272313 13179
3260875 3272478 11603
3259095 3277560 18465
3269733 3278055 8322
3271384 3278583 7199
3270200 3278649 8449
3273595 3279573 5978
3264818 3282444 17626
3265802 3282840 17038
3266764 3283005 16241
3268913 3283863 14950
3266742 3285414 18672
3267132 3285942 18810
3279696 3286041 6345
3264472 3286338 21866
3253920 3287097 33177
3268239 3288153 19914
3263928 3288681 24753
3267685 3289209 21524
3250756 3289275 38519
3271307 3289539 18232
3264040 3289803 25763
3277251 3290133 12882
3255747 3291486 35739
3274053 3291915 17862
3279184 3292839 13655
3270936 3293037 22101
3277831 3295809 17978
3280801 3296436 15635
3288763 3297492 8729
3283482 3299670 16188
3279032 3300165 21133
3277611 3300792 23181
3282792 3301023 18231
3287926 3302112 14186
3289537 3303729 14192
3290539 3304290 13751
3296711 3307458 10747
3297119 3307524 10405
3276796 3307953 31157
3292796 3307953 15157
3285463 3307986 22523
3299783 3308052 8269
3290376 3310527 20151
3277867 3311847 33980
3283353 3312309 28956
3284163 3313002 28839
3285658 3313398 27740
3307141 3313761 6620
3292497 3315246 22749
3292955 3315774 22819
3288743 3316632 27889
3310335 3317028 6693
3289068 3317160 28092
3308618 3319503 10885
3301958 3319899 17941
3314562 3320823 6261
3319351 3325971 6620
3315407 3326103 10696
3320435 3326763 6328
3317036 3326895 9859
3321277 3327885 6608
3319296 3330030 10734
3320796 3334947 14151
3325118 3335772 10654
3324867 3336795 11928
3329637 3336927 7290
3326201 3338148 11947
3331613 3338511 6898
3327290 3340722 13432
3320705 3340854 20149
3330398 3342075 11677
3322782 3344187 21405
3336155 3346728 10573
3329080 3346893 17813
3339988 3349467 9479
3333006 3353229 20223
3339495 3353955 14460
3340365 3354186 13821
3342197 3354714 12517
3343661 3356859 13198
3339849 3357354 17505
3330193 3357915 27722
3340654 3358410 17756
3337080 3358476 21396
3342540 3358905 16365
3343531 3359004 15473
3346972 3359532 12560
3335490 3360060 24570
3343225 3360093 16868
3353299 3360126 6827
3344267 3362733 18466
3351029 3363162 12133
3356203 3363690 7487
3357913 3364416 6503
3341725 3365736 24011
3337578 3367485 29907
3357657 3368442 10785
3337893 3370686 32793
3359716 3371280 11564
3360135 3371412 11277
3353090 3371808 18718
3361066 3371940 10874
3347457 3373458 26001
3357249 3374481 17232
3354075 3374613 20538
3362796 3375042 12246
3352231 3375537 23306
3365002 3375603 10601
3362339 3375768 13429
3361446 3377715 16269
3368810 3378243 9433
3368490 3378672 10182
3370125 3379332 9207
3370121 3379596 9475
3352272 3382533 30261
3366067 3383523 17456
3366419 3383985 17566
3375093 3385239 10146
3379318 3385965 6647
3358381 3387186 28805
3349319 3388539 39220
3359349 3389892 30543
3371229 3390453 19224
3367236 3390915 23679
3370625 3391476 20851
3373897 3391542 17645
3379610 3391773 12163
3381991 3392334 10343
3378913 3393522 14609
3375965 3396228 20263
3380553 3396228 15675
3381304 3398373 17069
3381896 3399198 17302
3385806 3399198 13392
3385223 3399726 14503
3389447 3399759 10312
3366825 3401673 34848
3372618 3402432 29814
3379948 3402960 23012
3395689 3404214 8525
3397353 3404346 6993
3376265 3406161 29896
3383676 3406194 22518
3400593 3407217 6624
3388529 3407745 19216
3396014 3407778 11764
3402122 3408273 6151
3402395 3409593 7198
3394886 3410286 15400
3387522 3412629 25107
3404744 3414147 9403
3406620 3414708 8088
3402075 3414972 12897
3403939 3415236 11297
3404391 3415500 11109
3398369 3417777 19408
3400098 3417777 17679
3388552 3418569 30017
3398357 3419823 21466
3407248 3420384 13136
3413003 3420615 7612
3401417 3422166 20749
3413887 3424179 10292
3415880 3425169 9289
3420146 3426720 6574
3404414 3427578 23164
3419405 3430416 11011
3412112 3430812 18700
3421234 3432297 11063
3422034 3432495 10461
3418043 3433122 15079
3420044 3433881 13837
3427316 3433980 6664
3418102 3434013 15911
3427314 3435828 8514
3429862 3437280 7418
3429372 3439887 10515
3433757 3440448 6691
3434840 3441471 6631
3428198 3443649 15451
3437808 3444408 6600
3438514 3444837 6323
3434975 3444870 9895
3424453 3446850 22397
3432068 3446982 14914
3440507 3447477 6970
3427387 3447939 20552
3434584 3448665 14081
3437686 3450051 12365
3431698 3451140 19442
3445002 3451833 6831
3436535 3452394 15859
3438966 3452988 14022
3437056 3453846 16790
3442548 3454572 12024
3446463 3455100 8637
3439170 3457542 18372
3442094 3458862 16768
3450681 3460248 9567
3454043 3461205 7162
3451266 3461436 10170
3436342 3461601 25259
3453948 3461964 8016
3444549 3462261 17712
3454793 3462459 7666
3446957 3462789 15832
3444528 3463845 19317
3447285 3465033 17748
3458768 3465099 6331
3438475 3465693 27218
3438318 3466221 27903
3455862 3466584 10722
3457782 3467145 9363
3459095 3468102 9007
3454409 3469521 15112
3457465 3470082 12617
3459014 3470643 11629
3464389 3470643 6254
3444805 3471864 27059
3462306 3472326 10020
3454797 3475857 21060
3460868 3475890 15022
3468525 3478101 9576
3466458 3478596 12138
3465871 3479652 13781
3473975 3479949 5974
3453518 3481269 27751
3459077 3483150 24073
3476752 3485460 8708
3477731 3486648 8917
3453483 3487407 33924
3463896 3487803 23907
3468847 3488430 19583
3472882 3489816 16934
3467144 3490245 23101
3468210 3491169 22959
3475810 3492027 16217
3453905 3493446 39541
3473352 3493611 20259
3474138 3494172 20034
3485028 3494733 9705
3485555 3496878 11323
3474858 3497373 22515
3478987 3497703 18716
3491782 3498726 6944
3491787 3502389 10602
3482403 3503742 21339
3482044 3504171 22127
3482038 3505095 23057
3494944 3505920 10976
3490395 3506250 15855
3484615 3506778 22163
3486353 3506877 20524
3491499 3508659 17160
3486593 3509484 22891
3501025 3509814 8789
3496713 3510540 13827
3500794 3512751 11957
3495626 3513510 17884
3503219 3513873 10654
3503879 3514038 10159
3505019 3514995 9976
3505945 3515556 9611
3509968 3516348 6380
3510945 3517272 6327
3511118 3517734 6616
3512054 3518262 6208
3496473 3520770 24297
3502665 3521331 18666
3512335 3521892 9557
3510946 3522255 11309
3512613 3522453 9840
3514023 3523047 9024
3509265 3523806 14541
3491089 3523971 32882
3519293 3525918 6625
3504983 3526116 21133
3499469 3528525 29056
3491724 3528822 37098
3505110 3529383 24273
3508213 3530439 22226
3511592 3530571 18979
3516528 3530670 14142
3514470 3533310 18840
3505553 3533739 28186
3516372 3534432 18060
3520302 3536940 16638
3514761 3538854 24093
3518877 3539910 21033
3521357 3540075 18718
3534268 3541263 6995
3531169 3542649 11480
3521866 3543474 21608
3535253 3544365 9112
3538539 3545256 6717
3538872 3545784 6912
3514905 3547236 32331
3540092 3547269 7177
3533464 3548721 15257
3534609 3548952 14343
3536132 3549018 12886
3527633 3550371 22738
3528478 3551031 22553
3533095 3551427 18332
3535018 3551955 16937
3506633 3553770 47137
3529751 3554166 24415
3547144 3556377 9233
3540848 3557235 16387
3537889 3557367 19478
3539826 3557895 18069
3548775 3558159 9384
3538834 3559479 20645
3539190 3559578 20388
3538871 3560436 21565
3554724 3560964 6240
3548315 3561129 12814
3544132 3564198 20066
3559393 3565650 6257
3539389 3567729 28340
3560795 3568686 7891
3539270 3568950 29680
3546592 3569346 22754
3558901 3569577 10676
3557087 3570930 13843
3558294 3571260 12966
3543944 3572151 28207
3547653 3572316 24663
3552936 3573339 20403
3561821 3574164 12343
3552383 3574230 21847
3562998 3574428 11430
3563350 3574692 11342
3561868 3575220 13352
3562181 3575946 13765
3548768 3577134 28366
3566544 3577629 11085
3554420 3578157 23737
3569266 3578157 8891
3568017 3578355 10338
3549444 3578421 28977
3559604 3578949 19345
3553795 3581688 27893
3568650 3583338 14688
3576000 3584724 8724
3566264 3586737 20473
3558576 3586770 28194
3562577 3587925 25348
3565828 3588453 22625
3572532 3589014 16482
3561856 3589443 27587
3582319 3589971 7652
3573521 3592182 18661
3565037 3593799 28762
3580535 3594789 14254
3577096 3595152 18056
3581862 3597462 15600
3587173 3598551 11378
3584694 3600135 15441
3589788 3600630 10842
3596292 3602940 6648
3572620 3603336 30716
3581788 3604953 23165
3574253 3605481 31228
3581569 3605712 24143
3586299 3605877 19578
3573505 3606042 32537
3595340 3606471 11131
3586360 3606570 20210
3595684 3606999 11315
3585316 3607626 22310
3585917 3608121 22204
3571154 3608880 37726
3579517 3609441 29924
3585555 3609507 23952
3582987 3610002 27015
3590145 3610200 20055
3598766 3611223 12457
3594089 3612708 18619
3597841 3616701 18860
3597339 3621321 23982
