5093 15477 10384
8971 15576 6605
5593 15972 10379
14491 29073 14582
22943 31779 8836
21075 33462 12387
28464 36531 8067
29960 36564 6604
23842 36696 12854
27495 38346 10851
23724 38709 14985
28718 41052 12334
39634 46266 6632
41348 47949 6601
35845 50490 14645
50361 64878 14517
62011 68640 6629
61663 70488 8825
60484 71247 10763
66046 73029 6983
64167 75042 10875
64562 75537 10975
71650 78276 6626
69524 80520 10996
71633 86361 14728
72660 87054 14394
78088 88836 10748
83738 93390 9652
83521 94446 10925
91139 97449 6310
96123 102366 6243
91852 104082 12230
95389 106656 11267
96883 108504 11621
100413 114180 13767
102906 115071 12165
112976 119229 6253
107107 121902 14795
112597 122991 10394
113850 124575 10725
122648 129294 6646
126992 133617 6625
124068 134178 10110
120402 135333 14931
130752 137082 6330
125946 138699 12753
131330 139788 8458
133926 140547 6621
126997 142989 15992
128423 143748 15325
140182 149457 9275
133440 150084 16644
145550 152163 6613
143664 154671 11007
145633 156783 11150
135140 157212 22072
147654 158400 10746
145228 159984 14756
155102 165495 10393
161706 167970 6264
171386 181764 10378
178542 184800 6258
178998 185295 6297
180788 191235 10447
180319 191499 11180
188854 195888 7034
190938 197538 6600
183390 198495 15105
181844 198990 17146
187000 201366 14366
184985 203412 18427
196149 206514 10365
188786 208098 19312
197365 209517 12152
199775 210474 10699
204501 219285 14784
210533 223872 13339
213988 228294 14306
222101 228723 6622
222414 229020 6606
226021 232716 6695
228063 234663 6600
228299 235191 6892
226704 235389 8685
229023 235917 6894
230332 237666 7334
231173 238194 7021
229653 240537 10884
230015 240933 10918
236173 246939 10766
234184 248160 13976
243088 249711 6623
248186 254430 6244
246396 257136 10740
254882 264099 9217
257868 264495 6627
254576 267300 12724
263686 269940 6254
263932 270171 6239
266172 272415 6243
260717 274065 13348
278553 284790 6237
281730 288354 6624
283544 290169 6625
286353 292974 6621
287622 293931 6309
277895 293997 16102
284190 294954 10764
291227 297858 6631
291298 302049 10751
299356 306273 6917
294874 308814 13940
294969 312411 17442
305542 316404 10862
309399 320133 10734
313393 323697 10304
312724 327162 14438
318599 329769 11170
315983 329835 13852
316864 330891 14027
326441 332706 6265
330235 336864 6629
336545 342804 6259
334086 344520 10434
330538 346269 15731
339837 346467 6630
335811 350790 14979
341173 352440 11267
339388 353463 14075
350074 360888 10814
352482 363759 11277
353992 368412 14420
362346 373230 10884
368932 375573 6641
367769 378708 10939
367197 380853 13656
374452 381117 6665
368031 381777 13746
379266 385869 6603
387559 401940 14381
396283 406659 10376
399045 410190 11145
400011 412830 12819
404886 415767 10881
402493 417681 15188
414295 420552 6257
408079 422466 14387
416708 423324 6616
417359 423786 6427
419351 425931 6580
415709 426360 10651
420454 428802 8348
414052 431211 17159
421785 432597 10812
426473 433488 7015
423857 434610 10753
431936 438537 6601
419630 439989 20359
432876 440088 7212
427698 442200 14502
426754 445764 19010
436199 446589 10390
440993 447612 6619
442235 448503 6268
444198 450450 6252
446577 452826 6249
444739 455466 10727
447614 458502 10888
448526 459228 10702
466134 472395 6261
469973 476223 6250
464782 476916 12134
468416 478830 10414
465489 479985 14496
467456 482724 15268
479309 490182 10873
484589 494967 10378
489412 497376 7964
497646 503910 6264
497939 504570 6631
505042 511302 6260
501050 511929 10879
499247 514041 14794
507468 518331 10863
508488 520575 12087
516035 527010 10975
518137 529023 10886
518339 533412 15073
524110 534897 10787
524214 534963 10749
532036 542916 10880
536445 546810 10365
538393 552783 14390
551289 561660 10371
558651 565290 6639
561904 568161 6257
557400 571758 14358
568530 574794 6264
572298 578556 6258
569877 580932 11055
574428 584793 10365
582755 589083 6328
575179 591690 16511
593262 608124 14862
610612 621357 10745
615131 621753 6622
618807 625053 6246
624945 631587 6642
625879 632181 6302
623305 634623 11318
630695 636999 6304
625519 638847 13328
629195 640002 10807
626342 642576 16234
636720 642873 6153
638031 645447 7416
626260 645612 19352
631273 647394 16121
632609 648747 16138
643744 650760 7016
650627 656931 6304
645014 657888 12874
643050 659274 16224
646858 662277 15419
659342 670230 10888
655480 673101 17621
668530 675147 6617
673613 679932 6319
665879 680922 15043
674370 684420 10050
674983 689007 14024
671655 690690 19035
677007 691680 14673
685807 692670 6863
680843 695343 14500
682916 696135 13219
692536 698775 6239
685496 698940 13444
692808 699435 6627
695304 701943 6639
701609 712338 10729
698249 713130 14881
698568 715044 16476
704654 715935 11281
712933 719202 6269
713120 723921 10801
713605 726561 12956
720121 729465 9344
719635 730092 10457
722865 733722 10857
728696 739992 11296
721725 740256 18531
735796 742797 7001
731533 743127 11594
739702 750486 10784
740557 751311 10754
746421 760749 14328
746543 761046 14503
756536 762795 6259
757568 763818 6250
753638 764016 10378
752234 766821 14587
757358 768042 10684
762011 768273 6262
765488 776259 10771
767084 777843 10759
764950 779460 14510
772470 780054 7584
778376 793254 14878
787505 795498 7993
787488 797874 10386
793373 799689 6316
794108 800349 6241
794068 810876 16808
800278 811074 10796
805373 813285 7912
797755 814539 16784
808331 814638 6307
796062 816354 20292
807175 821040 13865
810562 822525 11963
811791 823647 11856
817011 824538 7527
819453 826452 6999
818744 829125 10381
823145 829752 6607
816690 831237 14547
827503 834174 6671
824015 841368 17353
835119 841731 6612
837352 848628 11276
845943 860805 14862
857962 864567 6605
864740 875523 10783
871038 877668 6630
871234 877899 6665
875538 886413 10875
876475 889515 13040
876501 889548 13047
875724 889977 14253
884505 890769 6264
879638 891693 12055
886123 896841 10718
887704 898590 10886
888221 899382 11161
893231 900438 7207
894352 900603 6251
897822 904068 6246
907654 914265 6611
908250 914496 6246
907001 917862 10861
907227 918258 11031
913058 928488 15430
922076 931029 8953
916155 932547 16392
921861 932745 10884
918907 935022 16115
929835 936639 6804
930093 936705 6612
931504 938685 7181
927583 938784 11201
932474 939114 6640
926539 941919 15380
935701 944889 9188
934790 949608 14818
946548 952809 6261
947052 953304 6252
944660 957495 12835
941109 958815 17706
940206 960168 19962
943014 960432 17418
957829 968979 11150
955203 970728 15525
965022 971685 6663
961092 975447 14355
970441 976701 6260
972421 979440 7019
972566 983433 10867
985560 992079 6519
985148 995511 10363
984890 999306 14416
1000369 1006995 6626
995757 1009008 13251
999504 1010097 10593
1002760 1013529 10769
999482 1016235 16753
1002712 1016235 13523
1009209 1016763 7554
1001850 1017291 15441
1011337 1020162 8825
1008556 1023297 14741
1010459 1025046 14587
1018404 1029270 10866
1019702 1030227 10525
1020753 1031613 10860
1026236 1036992 10756
1037854 1047057 9203
1040756 1047387 6631
1037194 1047651 10457
1043120 1049763 6643
1043715 1054779 11064
1041821 1056198 14377
1046801 1059498 12697
1047910 1062402 14492
1062229 1068474 6245
1055362 1069860 14498
1060683 1071543 10860
1060114 1072500 12386
1075613 1081872 6259
1079219 1089957 10738
1088235 1099098 10863
1095935 1106688 10753
1101447 1111836 10389
1099665 1114245 14580
1103937 1115928 11991
1103821 1117215 13394
1107020 1117545 10525
1114015 1120647 6632
1115741 1122429 6688
1119189 1125795 6606
1121033 1127676 6643
1111773 1129128 17355
1121078 1130085 9007
1119663 1130547 10884
1123675 1130646 6971
1130419 1140876 10457
1135035 1143648 8613
1141470 1148070 6600
1146447 1152690 6243
1149443 1156056 6613
1147514 1158399 10885
1151797 1163382 11585
1152521 1163382 10861
1160696 1166946 6250
1154839 1169586 14747
1163770 1174140 10370
1169896 1176912 7016
1173101 1179354 6253
1174745 1181004 6259
1177849 1188231 10382
1187693 1193940 6247
1187793 1194402 6609
1187943 1198824 10881
1202622 1209648 7026
1200510 1211331 10821
1200797 1214433 13636
1204073 1214466 10393
1214012 1220637 6625
1218480 1229217 10737
1219790 1229976 10186
1215591 1232022 16431
1228825 1235091 6266
1222619 1237071 14452
1223393 1238259 14866
1237945 1244199 6254
1247259 1253868 6609
1243258 1254132 10874
1249803 1256805 7002
1247500 1261755 14255
1270014 1276275 6261
1271942 1278684 6742
1269984 1280763 10779
1271860 1282743 10883
1278576 1284822 6246
1280677 1287297 6620
1282318 1288584 6266
1284536 1297758 13222
1284565 1300959 16394
1294079 1304523 10444
1299406 1306008 6602
1289255 1307559 18304
1305726 1312344 6618
1310962 1317228 6266
1311648 1317954 6306
1310245 1320693 10448
1303207 1321188 17981
1313056 1327293 14237
1315023 1327326 12303
1307305 1329999 22694
1319466 1334982 15516
1325770 1336137 10367
1323259 1340790 17531
1338105 1344354 6249
1334605 1349106 14501
1353375 1364253 10878
1358821 1365441 6620
1354100 1367058 12958
1353837 1367355 13518
1364393 1370754 6361
1360556 1373658 13102
1364016 1374879 10863
1359207 1378674 19467
1372752 1379004 6252
1372348 1379037 6689
1377775 1384350 6575
1372526 1386396 13870
1386342 1397088 10746
1392774 1399398 6624
1385988 1401642 15654
1392395 1403193 10798
1397031 1403226 6195
1397106 1403754 6648
1403430 1409694 6264
1396429 1411311 14882
1409281 1415535 6254
1409595 1416030 6435
1411376 1417977 6601
1414890 1421508 6618
1417713 1431936 14223
1426931 1433190 6259
1429514 1436127 6613
1428781 1443024 14243
1441704 1447941 6237
1442240 1456620 14380
1448639 1459524 10885
1454612 1461240 6628
1461513 1467774 6261
1458260 1469622 11362
1463224 1474110 10886
1471459 1477707 6248
1478116 1484373 6257
1480966 1487211 6245
1482403 1489158 6755
1484923 1491171 6248
1487860 1498728 10868
1485876 1500741 14865
1491173 1503117 11944
1496478 1506219 9741
1500716 1507275 6559
1501412 1507638 6226
1502938 1509585 6647
1493254 1510377 17123
1504526 1511136 6610
1497827 1512621 14794
1495079 1513578 18499
1500230 1513710 13480
1504389 1516779 12390
1513440 1519749 6309
1513930 1524666 10736
1519368 1526448 7080
1513338 1526778 13440
1520962 1527207 6245
1511305 1527801 16496
1513013 1529880 16867
1513552 1530672 17120
1522104 1538196 16092
1535034 1541661 6627
1531642 1542585 10943
1536940 1546446 9506
1540583 1547040 6457
1532979 1547865 14886
1537934 1548327 10393
1544128 1552254 8126
1536390 1553838 17448
1550056 1556379 6323
1547738 1559448 11710
1554442 1560702 6260
1550207 1561065 10858
1548979 1563540 14561
1557794 1564398 6604
1560345 1566609 6264
1561645 1572021 10376
1565732 1574694 8962
1561730 1576179 14449
1573389 1582779 9390
1573266 1584396 11130
1576979 1587366 10387
1576784 1587795 11011
1574634 1589313 14679
1575657 1589676 14019
1581222 1590864 9642
1579180 1591821 12641
1586683 1593669 6986
1588128 1594824 6696
1580574 1595385 14811
1584963 1595946 10983
1583381 1598058 14677
1585597 1600170 14573
1595733 1602381 6648
1598942 1605549 6607
1588402 1609344 20942
1596909 1609872 12963
1596406 1613370 16964
1599120 1615581 16461
1603778 1616109 12331
1608232 1618683 10451
1608542 1618815 10273
1612719 1619343 6624
1600895 1621422 20527
1612539 1621719 9180
1612421 1624293 11872
1618459 1625151 6692
1621543 1627791 6248
1614099 1627890 13791
1615200 1628451 13251
1622914 1629507 6593
1623228 1630035 6807
1617350 1631619 14269
1626988 1633236 6248
1626395 1636767 10372
1632782 1639044 6262
1638622 1646601 7979
1636227 1647162 10935
1646391 1652937 6546
1636473 1654224 17751
1645212 1656204 10992
1645783 1656666 10883
1651004 1657260 6256
1656494 1667358 10864
1662883 1669569 6686
1655710 1674222 18512
1664760 1675641 10881
1673899 1680525 6626
1675584 1681845 6261
1676839 1683099 6260
1679880 1686135 6255
1678227 1688973 10746
1686215 1692834 6619
1691901 1698147 6246
1694393 1704780 10387
1699936 1706562 6626
1703084 1713822 10738
1714000 1720620 6620
1726365 1732698 6333
1727084 1733688 6604
1730260 1742136 11876
1726943 1743192 16249
1736712 1745931 9219
1732382 1747977 15595
1744303 1750551 6248
1744130 1750749 6619
1753893 1760154 6261
1753892 1760154 6262
1757126 1767513 10387
1765186 1771803 6617
1764511 1775301 10790
1771113 1777743 6630
1774608 1780845 6237
1771388 1785267 13879
1778470 1788864 10394
1792882 1805760 12878
1796102 1806849 10747
1798537 1808928 10391
1815428 1821666 6238
1815793 1822062 6269
1817007 1823250 6243
1825486 1831731 6245
1822620 1833348 10728
1816640 1834140 17500
1824611 1835955 11344
1831883 1838496 6613
1827316 1838859 11543
1832289 1841928 9639
1842016 1852785 10769
1842085 1852950 10865
1848001 1854732 6731
1849722 1855986 6264
1851071 1862322 11251
1853255 1864137 10882
1858937 1865556 6619
1859811 1866051 6240
1864766 1876182 11416
1865964 1876842 10878
1867220 1877766 10546
1869737 1878888 9151
1867449 1879647 12198
1866754 1881099 14345
1863901 1881462 17561
1861925 1881495 19570
1874421 1884201 9780
1870453 1884597 14144
1879083 1891230 12147
1887053 1897929 10876
1895399 1906674 11275
1897381 1908126 10745
1902263 1908885 6622
1898787 1910865 12078
1909573 1923966 14393
1922141 1928388 6247
1918322 1929048 10726
1918441 1929180 10739
1931568 1938189 6621
1938124 1944756 6632
1946515 1952973 6458
1940997 1958286 17289
1947948 1958781 10833
1953510 1959771 6261
1953464 1960068 6604
1954971 1961586 6615
1955625 1962147 6522
1947904 1962642 14738
1955056 1965513 10457
1955342 1968681 13339
1959614 1970496 10882
1961378 1971750 10372
1964164 1974621 10457
1968324 1977624 9300
1961694 1980792 19098
1985232 1991880 6648
1979605 1993497 13892
1989956 1996566 6610
1994837 2001450 6613
1991928 2007390 15462
1997949 2009073 11124
1995752 2010393 14641
1996417 2010657 14240
2002149 2012802 10653
2005934 2019567 13633
2015957 2022207 6250
2017826 2024451 6625
2018901 2025144 6243
2019852 2026101 6249
2019121 2029995 10874
2026355 2032602 6247
2028258 2034846 6588
2026006 2039301 13295
2027821 2040588 12767
2025544 2040621 15077
2035187 2042601 7414
2036951 2043195 6244
2038718 2045340 6622
2043158 2049399 6241
2044692 2051346 6654
2041116 2051973 10857
2047873 2060916 13043
2044441 2061477 17036
2051495 2062434 10939
2055775 2068341 12566
2058176 2071740 13564
2057683 2072136 14453
2066246 2072499 6253
2068711 2075700 6989
2067039 2077416 10377
2073398 2079660 6262
2080543 2090913 10370
2084683 2090946 6263
2085776 2092398 6622
2087744 2094345 6601
2090132 2096754 6622
2085498 2097744 12246
2088389 2099163 10774
2091070 2101572 10502
2088555 2103618 15063
2098473 2105103 6630
2100526 2106786 6260
2100641 2107875 7234
2096635 2110581 13946
2099449 2112363 12914
2104041 2113188 9147
2106202 2115036 8834
2107677 2118006 10329
2103003 2119491 16488
2106532 2120415 13883
2106267 2122197 15930
2112713 2124078 11365
2112921 2124639 11718
2118386 2129127 10741
2118520 2131767 13247
2129662 2135925 6263
2126572 2137443 10871
2132452 2148762 16310
2135380 2149884 14504
2143150 2157507 14357
2152096 2158728 6632
2142499 2158926 16427
2156437 2166813 10376
2169558 2175822 6264
2171134 2177373 6239
2167906 2178660 10754
2178031 2192421 14390
2193840 2200374 6534
2191811 2202189 10378
2192013 2202750 10737
2201194 2207436 6242
2206361 2212980 6619
2209329 2219712 10383
2219621 2226312 6691
2213385 2227929 14544
2219099 2229348 10249
2215735 2229480 13745
2222752 2230041 7289
2224606 2231295 6689
2225308 2231856 6548
2228583 2234991 6408
2228513 2235123 6610
2227646 2238027 10381
2227706 2241030 13324
2225054 2242581 17527
2235681 2246046 10365
2238084 2248455 10371
2245840 2252448 6608
2254067 2260896 6829
2251476 2262546 11070
2256438 2262678 6240
2256570 2263173 6603
2246030 2263602 17572
2249637 2264559 14922
2257353 2266539 9186
2262323 2273073 10750
2268456 2274723 6267
2261755 2276142 14387
2270235 2285151 14916
2272308 2286174 13866
2275498 2286306 10808
2275463 2289012 13549
2269744 2289408 19664
2284596 2295348 10752
2290750 2296998 6248
2285772 2303202 17430
2292739 2303796 11057
2289306 2304126 14820
2294401 2304786 10385
2300293 2312574 12281
2309183 2315808 6625
2303596 2316897 13301
2311692 2322738 11046
2316864 2323101 6237
2311143 2325444 14301
2307089 2326665 19576
2316161 2327919 11758
2324842 2331450 6608
2328721 2335344 6623
2336489 2342736 6247
2332686 2343066 10380
2344828 2351085 6257
2351653 2357916 6263
2347083 2361315 14232
2359394 2365638 6244
2360392 2366661 6269
2364079 2371083 7004
2361192 2372271 11079
2380115 2390487 10372
2388840 2395107 6267
2389444 2395701 6257
2392347 2402730 10383
2393145 2407581 14436
2394414 2408109 13695
2396532 2408637 12105
2398694 2409132 10438
2406205 2412465 6260
2401146 2418273 17127
2408965 2419758 10793
2405293 2422860 17567
2414890 2429295 14405
2430842 2437512 6670
2427353 2440680 13327
2438367 2449227 10860
2443469 2450085 6616
2446360 2452989 6629
2450547 2456784 6237
2449291 2460150 10859
2454472 2460414 5942
2455329 2462130 6801
2453519 2467674 14155
2453240 2472525 19285
2455765 2473416 17651
2456932 2473713 16781
2466300 2475495 9195
2469766 2476386 6620
2467880 2478333 10453
2463934 2480808 16874
2474929 2481534 6605
2474670 2485527 10857
2478667 2489553 10886
2479902 2498463 18561
2480051 2499288 19237
2488709 2501334 12625
2495314 2501565 6251
2492283 2506713 14430
2505924 2512554 6630
2507603 2514204 6601
2510379 2521134 10755
2508120 2522751 14631
2511793 2525919 14126
2528279 2539020 10741
2532972 2543904 10932
2543823 2550471 6648
2541285 2552154 10869
2537478 2553771 16293
2543898 2554332 10434
2546233 2558688 12455
2555024 2565882 10858
2568401 2575023 6622
2573785 2580105 6320
2574983 2585715 10732
2580401 2587068 6667
2574044 2590302 16258
2583966 2590566 6600
2590737 2597001 6264
2594431 2600796 6365
2588139 2602017 13878
2588713 2602908 14195
2592252 2603106 10854
2591586 2603436 11850
2599089 2605416 6327
2596168 2606538 10370
2600526 2606868 6342
2585590 2607858 22268
2597878 2609343 11465
2599142 2609508 10366
2597578 2610795 13217
2594045 2611983 17938
2600867 2612907 12040
2606828 2613798 6970
2604270 2615646 11376
2610426 2617395 6969
2601123 2619177 18054
2610263 2622444 12181
2611190 2623104 11914
2611866 2623533 11667
2613086 2623764 10678
2618149 2624820 6671
2607353 2625084 17731
2618494 2627460 8966
2625042 2631717 6675
2621533 2634753 13220
2634452 2641056 6604
2631445 2641815 10370
2633776 2644158 10382
2635858 2648943 13085
2650345 2656962 6617
2652200 2658579 6379
2643046 2660394 17348
2654369 2660625 6256
2654532 2661120 6588
2650364 2663925 13561
2653437 2665311 11874
2655176 2668842 13666
2655522 2671713 16191
2662503 2676927 14424
2664388 2678973 14585
2670968 2683626 12658
2679018 2685639 6621
2685018 2691282 6264
2683061 2693889 10828
2677196 2695671 18475
2683111 2697024 13913
2689589 2698278 8689
2694823 2701182 6359
2692984 2704383 11399
2696668 2707419 10751
2697766 2708145 10379
2705055 2711676 6621
2713301 2719563 6262
2714427 2720685 6258
2716362 2722929 6567
2722091 2733885 11794
2725466 2735898 10432
2727259 2738010 10751
2733185 2739792 6607
2730220 2741079 10859
2734019 2742102 8083
2736730 2743389 6659
2738513 2745138 6625
2740428 2746689 6261
2741846 2748471 6625
2743732 2750352 6620
2744371 2750979 6608
2739791 2754675 14884
2752891 2759493 6602
2749799 2760681 10882
2754459 2760714 6255
2757691 2763948 6257
2759978 2766588 6610
2756190 2766918 10728
2760162 2774574 14412
2762966 2781306 18340
2768389 2781702 13313
2768747 2781867 13120
2767746 2784969 17223
2775225 2786025 10800
2781532 2792328 10796
2782621 2795496 12875
2785219 2796024 10805
2785938 2798598 12660
2785378 2798697 13319
2788792 2800941 12149
2793973 2804703 10730
2801326 2807574 6248
2803436 2810016 6580
2803245 2815626 12381
2802395 2817144 14749
2808831 2819718 10887
2814384 2821401 7017
2809611 2822853 13242
2812146 2822853 10707
2818541 2828925 10384
2833883 2840508 6625
2838197 2844864 6667
2838874 2845491 6617
2846018 2852652 6634
2843657 2854038 10381
2834414 2854335 19921
2848642 2855259 6617
2844353 2855556 11203
2849863 2856183 6320
2839848 2857503 17655
2850074 2857602 7528
2848278 2860407 12129
2849352 2860902 11550
2845339 2864763 19424
2861817 2868954 7137
2863541 2869647 6106
2852051 2871165 19114
2858232 2871957 13725
2860393 2874894 14501
2870555 2877105 6550
2868741 2879613 10872
2871917 2884794 12877
2875540 2886048 10508
2879248 2886840 7592
2875388 2889117 13729
2884538 2891856 7318
2877480 2894364 16884
2882714 2895915 13201
2885168 2898126 12958
2892099 2899380 7281
2891028 2902185 11157
2884124 2902614 18490
2891798 2903406 11608
2885704 2904660 18956
2891458 2905419 13961
2902008 2908620 6612
2899909 2910897 10988
2922022 2928288 6266
2918435 2928816 10381
2924591 2930895 6304
2921526 2933700 12174
2929267 2935515 6248
2939529 2945778 6249
2939179 2945811 6632
2948381 2954985 6604
2949694 2956833 7139
2952426 2958681 6255
2955871 2962113 6242
2960767 2971518 10751
2957914 2972640 14726
2959183 2973696 14513
2960433 2976039 15606
2970051 2976303 6252
2973662 2984586 10924
2978508 2984751 6243
2971138 2986500 15362
2969132 2987457 18325
2975667 2987985 12318
2982269 2988876 6607
2975756 2992374 16618
2978297 2992473 14176
2986662 2994816 8154
2984112 2994882 10770
2978297 3003990 25693
2994550 3005475 10925
2993312 3007257 13945
2988087 3008181 20094
3004077 3018840 14763
3016752 3027486 10734
3023135 3029763 6628
3025210 3031842 6632
3025139 3031941 6802
3025269 3035010 9741
3029029 3035637 6608
3035054 3041676 6622
3030812 3042006 11194
3034469 3045207 10738
3034466 3045339 10873
3035736 3049101 13365
3043180 3049431 6251
3042938 3053820 10882
3053976 3060222 6246
3056009 3068835 12826
3055502 3070353 14851
3071913 3085797 13884
3074793 3086193 11400
3080050 3086655 6605
3077322 3088272 10950
3083098 3090351 7253
3083848 3093684 9836
3083538 3094971 11433
3091107 3102066 10959
3089943 3104442 14499
3089987 3104475 14488
3101551 3108534 6983
3098828 3109689 10861
3111018 3117642 6624
3111829 3126189 14360
3124193 3130446 6253
3123613 3131304 7691
3123724 3134472 10748
3122270 3137508 15238
3129903 3140280 10377
3144566 3150807 6241
3144182 3154998 10816
3149004 3157638 8634
3154674 3161301 6627
3145215 3161664 16449
3152853 3163215 10362
3158499 3169419 10920
3166531 3172785 6254
3161633 3176118 14485
3165956 3179187 13231
3175123 3181728 6605
3180391 3186711 6320
3180549 3189747 9198
3179586 3190473 10887
3200297 3206544 6247
3210345 3217038 6693
3206720 3220041 13321
3221452 3227928 6476
3219185 3230139 10954
3221164 3232053 10889
3223685 3233241 9556
3230408 3237102 6694
3222394 3240501 18107
3222892 3241524 18632
3226321 3243768 17447
3238131 3244395 6264
3240404 3247035 6631
3235086 3250665 15579
3247416 3254163 6747
3245728 3256506 10778
3241858 3256737 14879
3257517 3264195 6678
3258049 3265053 7004
3250749 3267132 16383
3261269 3268254 6985
3260779 3270300 9521
3253923 3271356 17433
3258564 3276966 18402
3279852 3286470 6618
3287038 3293664 6626
3288669 3294918 6249
3289510 3295809 6299
3287472 3298218 10746
3288480 3301848 13368
3298920 3305181 6261
3285463 3305775 20312
3293205 3308283 15078
3289473 3308943 19470
3296182 3312177 15995
3301895 3314883 12988
3308365 3314982 6617
3295212 3315609 20397
3310526 3317160 6634
3295147 3318150 23003
3297691 3320592 22901
3300692 3321549 20857
3317368 3324387 7019
3319974 3326235 6261
3323099 3329337 6238
3322796 3329469 6673
3323528 3332043 8515
3332227 3338478 6251
3333746 3339996 6250
3335722 3342339 6617
3346677 3357552 10875
3348252 3358641 10389
3345819 3361017 15198
3356263 3362964 6701
3359326 3365934 6608
3356202 3372402 16200
3369242 3375504 6262
3372014 3378276 6262
3365602 3379233 13631
3373889 3381411 7522
3373078 3383457 10379
3378847 3385107 6260
3373913 3386295 12382
3376084 3389397 13313
3388300 3394545 6245
3389109 3395370 6261
3395902 3402168 6266
3400321 3406953 6632
3401297 3412035 10738
3402497 3417183 14686
3411369 3417612 6243
3415377 3422034 6657
3408028 3423453 15425
3417743 3424344 6601
3418246 3425169 6923
3415366 3426093 10727
3419713 3431835 12122
3418980 3433353 14373
3426889 3437940 11051
3422344 3440910 18566
3436404 3442659 6255
3445896 3452526 6630
3445375 3455826 10451
3449200 3458532 9332
3450436 3463680 13244
3446839 3465990 19151
3451791 3466782 14991
3457454 3468564 11110
3445522 3469191 23669
3468608 3474867 6259
3471746 3478365 6619
3471581 3482457 10876
3478399 3489189 10790
3489441 3495393 5952
3488017 3498957 10940
3490922 3501795 10873
3486821 3501828 15007
3488367 3502752 14385
3505766 3512025 6259
3502550 3513411 10861
3506460 3517338 10878
3511287 3521760 10473
3516098 3526908 10810
3511983 3527436 15453
3511465 3528987 17522
3522569 3532023 9454
3521350 3535752 14402
3526787 3537171 10384
3527140 3538029 10889
3535166 3546114 10948
3540589 3547269 6680
3540929 3547797 6868
3537282 3551691 14409
3547442 3554067 6625
3540617 3554628 14011
3549506 3560238 10732
3557055 3563307 6252
3557933 3564561 6628
3554905 3566376 11471
3564316 3570930 6614
3557149 3572745 15596
3573459 3580071 6612
3571367 3582117 10750
3573834 3584724 10890
3585023 3591291 6268
3577226 3591588 14362
3586897 3593205 6308
3582420 3593535 11115
3592777 3599046 6269
3589518 3600399 10881
3587334 3600762 13428
3590817 3602775 11958
3596084 3602775 6691
3598059 3604326 6267
3596892 3605613 8721
3599781 3612345 12564
