7638 18381 10743
8095 18480 10385
5106 21252 16146
10355 21681 11326
15497 24684 9187
19184 25740 6556
27261 37653 10392
32957 39204 6247
33224 43824 10600
41969 48213 6244
46538 53196 6658
39987 54714 14727
40418 54813 14395
57766 64020 6254
54821 65208 10387
67909 74514 6605
70446 81378 10932
74808 88572 13764
83384 89991 6607
84634 95502 10868
93142 107514 14372
103268 114015 10747
105684 116061 10377
103431 118041 14610
116719 123321 6602
120595 130977 10382
127062 137940 10878
138961 149886 10925
147754 154011 6257
149471 160215 10744
143152 162789 19637
153101 163845 10744
154562 165594 11032
166997 173250 6253
167687 174306 6619
176554 186945 10391
179867 190245 10378
183977 190245 6268
189403 203775 14372
195704 206844 11140
199565 209946 10381
203609 211530 7921
198958 213411 14453
231380 237633 6253
265068 271755 6687
261708 274956 13248
272578 279180 6602
276364 282612 6248
285861 292479 6618
299419 305679 6260
303218 309606 6388
302302 313170 10868
302120 316008 13888
305587 316767 11180
314850 321453 6603
318952 325215 6263
317889 328251 10362
317267 331518 14251
332662 339273 6611
333560 339801 6241
342429 349041 6612
344025 354387 10362
353155 359766 6611
357427 368313 10886
366469 372735 6266
362509 375705 13196
365588 376893 11305
360823 378312 17489
365014 378939 13925
371000 386133 15133
384775 399267 14492
393555 406164 12609
412758 419364 6606
418226 428604 10378
430109 444609 14500
438984 446721 7737
445264 451506 6242
449812 456423 6611
442626 457281 14655
462469 473352 10883
463369 474111 10742
469626 480018 10392
493496 500115 6619
506182 516912 10730
508349 519057 10708
520831 531564 10733
526020 536745 10725
537767 544500 6733
530805 545292 14487
536064 546942 10878
541242 547866 6624
542521 553278 10757
550972 561858 10886
552280 563145 10865
559546 570273 10727
567333 578193 10860
573444 584331 10887
581478 587730 6252
576216 590106 13890
576340 590205 13865
587695 598422 10727
597541 607926 10385
595238 610104 14866
606511 612777 6266
612835 619443 6608
620997 627627 6630
626100 636834 10734
635817 642081 6264
631883 646734 14851
638140 652509 14369
647949 658680 10731
655492 662112 6620
656925 667986 11061
654369 669273 14904
662820 673695 10875
669875 680757 10882
686824 697752 10928
693773 700029 6256
693677 700293 6616
693811 704187 10376
691355 705012 13657
699239 705507 6268
699595 706002 6407
705672 711909 6237
709335 720060 10725
717338 723954 6616
722777 729036 6259
719460 730323 10863
720333 731313 10980
744563 753654 9091
743953 754776 10823
756158 770385 14227
772739 778998 6259
773176 779427 6251
770876 781638 10762
775657 786522 10865
776838 790944 14106
780918 791736 10818
792135 806553 14418
805197 811767 6570
801984 813252 11268
803510 815991 12481
818924 825165 6241
817059 831864 14805
856096 862719 6623
860361 871233 10872
873117 879384 6267
871572 882321 10749
877834 884103 6269
881843 888096 6253
875924 890802 14878
889028 898227 9199
888716 899646 10930
895238 901857 6619
899126 905751 6625
899889 906510 6621
899039 909414 10375
906585 913176 6591
904343 919215 14872
910404 920766 10362
922340 928950 6610
923452 929709 6257
927687 934296 6609
938921 945549 6628
955924 962181 6257
969838 976470 6632
966215 976998 10783
975180 981783 6603
991623 998250 6627
989914 1005939 16025
996732 1011087 14355
1010193 1016796 6603
1013630 1019898 6268
1015298 1021548 6250
1016347 1022604 6257
1016094 1031613 15519
1026036 1036761 10725
1025870 1040358 14488
1037083 1044780 7697
1035573 1046100 10527
1047354 1053954 6600
1048941 1059696 10755
1053733 1064184 10451
1049528 1070586 21058
1057657 1071510 13853
1077990 1084248 6258
1079171 1085436 6265
1084880 1091145 6265
1088516 1094775 6259
1088625 1094874 6249
1090973 1101342 10369
1105333 1116060 10727
1120245 1126917 6672
1118207 1132593 14386
1126688 1137510 10822
1132372 1138632 6260
1130916 1140612 9696
1134869 1141470 6601
1138990 1145661 6671
1145395 1151997 6602
1139660 1156914 17254
1141091 1159752 18661
1153937 1160181 6244
1150181 1162194 12013
1157784 1172160 14376
1163987 1174371 10384
1172159 1183017 10858
1186434 1196811 10377
1192865 1203807 10942
1193699 1206909 13210
1203184 1209813 6629
1207467 1218327 10860
1217665 1228029 10364
1227089 1233342 6253
1224762 1235916 11154
1232482 1239216 6734
1234023 1240635 6612
1227110 1241625 14515
1238897 1249776 10879
1244200 1250469 6269
1259456 1273833 14377
1265851 1276737 10886
1272064 1278321 6257
1274942 1285812 10870
1275499 1287594 12095
1280661 1287924 7263
1277701 1292808 15107
1282449 1293204 10755
1281911 1295811 13900
1280562 1296570 16008
1291254 1298385 7131
1288450 1301256 12806
1314608 1325412 10804
1316392 1330692 14300
1324323 1330923 6600
1319039 1332177 13138
1326881 1338150 11269
1336307 1342572 6265
1340796 1355310 14514
1356337 1362966 6629
1357569 1364187 6618
1362284 1373031 10747
1388743 1395372 6629
1390541 1400916 10375
1391911 1403589 11678
1403128 1409760 6632
1423172 1434114 10942
1427970 1436787 8817
1432868 1442331 9463
1427069 1443750 16681
1436454 1447182 10728
1442516 1449525 7009
1440379 1451736 11357
1442080 1452825 10745
1447003 1453254 6251
1450843 1458633 7790
1448506 1458963 10457
1450470 1461834 11364
1449221 1465200 15979
1461466 1467444 5978
1461810 1468434 6624
1460081 1474440 14359
1469220 1480842 11622
1474815 1485594 10779
1491693 1502424 10731
1493202 1505922 12720
1492917 1507836 14919
1498621 1510014 11393
1508165 1519023 10858
1505830 1521003 15173
1516746 1523346 6600
1515162 1525656 10494
1516920 1532190 15270
1530384 1536645 6261
1537664 1543905 6241
1543127 1549383 6256
1540584 1556544 15960
1543486 1557798 14312
1551695 1560405 8710
1560183 1570932 10749
1576928 1583175 6247
1584155 1591656 7501
1586229 1597035 10806
1582843 1598124 15281
1587394 1599114 11720
1588724 1605318 16594
1599419 1606044 6625
1600075 1607067 6992
1603392 1609641 6249
1604922 1611159 6237
1610235 1616472 6237
1627271 1638153 10882
1629894 1640760 10866
1632347 1647558 15211
1641528 1647789 6261
1645704 1652310 6606
1646848 1658811 11963
1665233 1671846 6613
1667302 1673958 6656
1669448 1675707 6259
1678945 1685574 6629
1679536 1690293 10757
1692424 1698675 6251
1692910 1703790 10880
1701126 1711512 10386
1708491 1719234 10743
1712813 1723557 10744
1717568 1724184 6616
1714480 1725207 10727
1726139 1732764 6625
1736317 1742796 6479
1742330 1748967 6637
1736061 1750287 14226
1775062 1781307 6245
1775214 1781472 6258
1783753 1790019 6266
1778736 1793121 14385
1791460 1806387 14927
1800396 1807047 6651
1792295 1808862 16567
1803816 1810446 6630
1805647 1816452 10805
1807272 1821600 14328
1820516 1826781 6265
1810210 1827639 17429
1819614 1830378 10764
1828588 1835196 6608
1830280 1841037 10757
1835960 1842720 6760
1848744 1855359 6615
1851906 1862289 10383
1857581 1867998 10417
1868593 1880076 11483
1867095 1881957 14862
1868261 1882947 14686
1878266 1888656 10390
1898149 1904397 6248
1895497 1906245 10748
1906673 1912911 6238
1907258 1917993 10735
1911724 1917993 6269
1926089 1932711 6622
1937500 1944129 6629
1945835 1952445 6610
1962325 1968582 6257
1967763 1974027 6264
1967941 1974192 6251
1969417 1978053 8636
1968907 1980825 11918
1963721 1981188 17467
1971611 1985973 14362
1982924 1989537 6613
1985076 1998942 13866
1992373 1998975 6602
1992271 2003133 10862
2004514 2011119 6605
2024997 2031612 6615
2019326 2033691 14365
2027774 2034021 6247
2031806 2038410 6604
2040516 2047122 6606
2043457 2054316 10859
2047851 2054481 6630
2048196 2058936 10740
2044837 2059398 14561
2052601 2066262 13661
2065447 2072070 6623
2069647 2080386 10739
2090252 2096853 6601
2094215 2104608 10393
2100099 2107116 7017
2105614 2111868 6254
2111777 2118039 6262
2111321 2122197 10876
2115439 2126190 10751
2125076 2131338 6262
2128330 2139192 10862
2135817 2146551 10734
2152408 2158662 6254
2148447 2158827 10380
2149427 2161137 11710
2149169 2162127 12958
2152231 2167374 15143
2164650 2175525 10875
2172985 2189220 16235
2175631 2190144 14513
2182540 2192289 9749
2191116 2197371 6255
2194618 2201232 6614
2203390 2209647 6257
2209788 2220537 10749
2217144 2223771 6627
2226978 2237367 10389
2234313 2240931 6618
2235914 2249016 13102
2268865 2275119 6254
2269310 2275614 6304
2269662 2277429 7767
2269686 2282214 12528
2281201 2291949 10748
2292705 2303433 10728
2292796 2303664 10868
2301481 2312343 10862
2306622 2312871 6249
2321593 2327853 6260
2328678 2339040 10362
2335833 2346564 10731
2336627 2352471 15844
2360594 2371347 10753
2374281 2380521 6240
2374297 2380554 6257
2370467 2381214 10747
2382285 2388903 6618
2395439 2401707 6268
2411112 2421837 10725
2430485 2437116 6631
2435572 2442264 6692
2431578 2445498 13920
2438123 2448501 10378
2444913 2451372 6459
2444163 2454540 10377
2452499 2459127 6628
2472603 2479290 6687
2468630 2482392 13762
2487820 2494437 6617
2502201 2513082 10881
2515323 2521563 6240
2521611 2528229 6618
2524601 2531232 6631
2521636 2532519 10883
2525598 2536347 10749
2530539 2543310 12771
2537429 2543673 6244
2537495 2547864 10369
2539241 2550405 11164
2550176 2561064 10888
2557178 2563803 6625
2558008 2564628 6620
2551934 2568687 16753
2564222 2575089 10867
2577504 2583768 6264
2578243 2588751 10508
2578379 2591688 13309
2574512 2591820 17308
2593847 2608716 14869
2602463 2613336 10873
2615277 2621586 6309
2613949 2624688 10739
2622361 2633136 10775
2629541 2635512 5971
2628242 2642607 14365
2632396 2642772 10376
2630678 2645544 14866
2650647 2661384 10737
2658896 2665146 6250
2667544 2674155 6611
2664682 2675409 10727
2675240 2681844 6604
2675695 2682372 6677
2679802 2690193 10391
2677813 2692173 14360
2689831 2700225 10394
2696320 2702931 6611
2703415 2709663 6248
2717877 2724480 6603
2721856 2728176 6320
2718734 2729100 10366
2718430 2734545 16115
2727858 2741871 14013
2733957 2744841 10884
2743503 2753883 10380
2751889 2758503 6614
2753119 2766984 13865
2771615 2782362 10747
2775878 2786256 10378
2779792 2790183 10391
2782354 2796222 13868
2792055 2804175 12120
2794363 2805495 11132
2795179 2805924 10745
2802071 2808333 6262
2815120 2825856 10736
2821624 2832357 10733
2858395 2864664 6269
2865735 2879613 13878
2886674 2893275 6601
2890844 2897466 6622
2893079 2903868 10789
2927621 2938485 10864
2935884 2942511 6627
2944271 2950893 6622
2947888 2958747 10859
2956622 2963301 6679
2954195 2964984 10789
2958524 2969043 10519
2957885 2972244 14359
2969948 2976567 6619
2974051 2986401 12350
2977360 2987820 10460
2980511 2990889 10378
2986444 2997258 10814
2991194 3004551 13357
3008637 3015243 6606
3003742 3018609 14867
3032711 3039333 6622
3030994 3045372 14378
3042839 3049101 6262
3047638 3053886 6248
3043390 3054249 10859
3053773 3064644 10871
3059347 3071046 11699
3068228 3083091 14863
3085942 3092199 6257
3082203 3092958 10755
3090788 3097413 6625
3105043 3113748 8705
3107591 3114210 6619
3104308 3118764 14456
3114517 3125298 10781
3131003 3142128 11125
3128798 3143250 14452
3132650 3146583 13933
3132950 3150906 17956
3142019 3152391 10372
3157577 3163842 6265
3161190 3167802 6612
3165894 3172224 6330
3166534 3174831 8297
3167123 3177999 10876
3172084 3178692 6608
3180834 3187437 6603
3185127 3191364 6237
3185040 3199416 14376
3199486 3209877 10391
3209696 3215949 6253
3213703 3221757 8054
3209144 3223572 14428
3218778 3225024 6246
3213764 3226938 13174
3226505 3232746 6241
3228646 3235254 6608
3233071 3244230 11159
3234814 3245682 10868
3239228 3245847 6619
3241792 3248784 6992
3245577 3252183 6606
3258118 3264723 6605
3255964 3270333 14369
3268095 3278715 10620
3267142 3281025 13883
3274815 3281421 6606
3276320 3282939 6619
3276904 3288054 11150
3277067 3292179 15112
3288425 3294687 6262
3300341 3306963 6622
3305845 3312111 6266
3306388 3317193 10805
3312157 3318777 6620
3319243 3326004 6761
3313010 3327621 14611
3310864 3328380 17516
3317951 3330393 12442
3337228 3347982 10754
3338945 3351678 12733
3343080 3353460 10380
3353960 3368343 14383
3365340 3376197 10857
3368971 3379365 10394
3366251 3380487 14236
3379172 3385800 6628
3388950 3399330 10380
3399771 3410154 10383
3422981 3433782 10801
3427302 3444507 17205
3444811 3451437 6626
3446663 3453648 6985
3457623 3468003 10380
3477855 3488232 10377
3483152 3489420 6268
3498353 3509088 10735
3503634 3510243 6609
3502763 3513642 10879
3511008 3521463 10455
3515633 3524169 8536
3514611 3525489 10878
3524020 3530274 6254
3521596 3532485 10889
3532746 3539349 6603
3538001 3544266 6265
3541488 3547731 6243
3543358 3554496 11138
3546367 3557499 11132
3552378 3558984 6606
3555729 3566112 10383
3563408 3569676 6268
3569619 3580401 10782
3568450 3582942 14492
3572569 3582942 10373
3598132 3608913 10781
