3698 13959 10261
9928 16170 6242
2084 16236 14152
3015 17391 14376
10478 18546 8068
4394 19140 14746
2124 19272 17148
875 21978 21103
17289 23529 6240
8751 24222 15471
18528 24783 6255
20882 27489 6607
24612 31284 6672
27797 34419 6622
25853 36597 10744
30442 37059 6617
20661 38577 17916
32981 39336 6355
32759 39435 6676
32098 41316 9218
31509 41877 10368
29641 43659 14018
38941 45243 6302
40133 46398 6265
40547 47190 6643
42321 48807 6486
32966 49005 16039
39481 50358 10877
45627 52239 6612
41698 52833 11135
41836 54516 12680
47954 54945 6991
47344 57585 10241
41621 58410 16789
49905 60291 10386
46437 60555 14118
57108 63360 6252
48374 63954 15580
57018 67386 10368
63388 70026 6638
59000 70191 11191
60266 70653 10387
66231 72864 6633
66251 74316 8065
69053 75735 6682
69869 76494 6625
70518 77055 6537
67985 77187 9202
58597 78870 20273
74211 80619 6408
76927 84018 7091
73338 84117 10779
67396 84711 17315
73925 86394 12469
75001 86988 11987
71092 87417 16325
74859 88077 13218
75638 93588 17950
77448 94050 16602
81624 94479 12855
76951 97977 21026
87086 101277 14191
83290 102399 19109
92378 104016 11638
86270 106491 20221
90894 108009 17115
79438 108075 28637
88953 108570 19617
101068 109593 8525
93760 110286 16526
102981 111903 8922
88877 112794 23917
97473 113025 15552
96296 114378 18082
87759 114807 27048
101739 117117 15378
107031 117645 10614
101383 120252 18869
114225 120549 6324
112115 121770 9655
112241 122364 10123
98301 122958 24657
103346 123618 20272
111503 125301 13798
100780 125433 24653
118842 125499 6657
116035 126720 10685
118620 128304 9684
99867 129426 29559
115113 129525 14412
120700 133650 12950
121903 134508 12605
124016 135036 11020
123690 135795 12105
115653 136323 20670
129827 137610 7783
121916 138270 16354
130300 139029 8729
132686 139590 6904
133504 139755 6251
119521 141471 21950
123865 142791 18926
134412 144540 10128
129244 145596 16352
131933 148104 16171
137555 148764 11209
140874 149754 8880
135258 150150 14892
142408 151371 8963
117340 152097 34757
139504 154341 14837
148467 155166 6699
149137 156420 7283
139792 156519 16727
143119 158400 15281
144744 158598 13854
148809 159489 10680
150473 161667 11194
144217 162195 17978
144875 164868 19993
154503 165165 10662
146776 165429 18653
157969 165693 7724
142870 168267 25397
142755 168663 25908
148311 168729 20418
150354 168828 18474
154711 168894 14183
150571 169851 19280
157760 170478 12718
162583 172095 9512
161862 172161 10299
162924 172689 9765
159072 174570 15498
167560 178332 10772
162501 180774 18273
161708 181467 19759
160494 181566 21072
163113 181566 18453
161915 182094 20179
161504 182655 21151
165877 182787 16910
169916 183183 13267
170324 183810 13486
169460 184206 14746
156903 184371 27468
172079 185229 13150
166467 187110 20643
166642 187176 20534
158369 188100 29731
174738 188958 14220
177233 189057 11824
183333 189684 6351
171045 192588 21543
185381 192951 7570
173014 193083 20069
177180 193347 16167
173809 193677 19868
183951 193875 9924
187651 195426 7775
177204 195591 18387
181029 196053 15024
183385 196383 12998
177509 196647 19138
181279 196680 15401
175267 198627 23360
176101 198726 22625
181112 199089 17977
187664 199353 11689
174123 201399 27276
181856 202455 20599
195618 202521 6903
185092 202620 17528
192423 203247 10824
194577 205095 10518
195555 205689 10134
197075 205689 8614
193964 205986 12022
193821 211926 18105
201068 212025 10957
196164 212322 16158
201655 212487 10832
202401 212586 10185
201663 212850 11187
208497 214764 6267
192067 215556 23489
201751 215886 14135
200507 217305 16798
190769 217734 26965
199834 218955 19121
201680 219582 17902
193894 219714 25820
201545 219945 18400
207388 219978 12590
193958 220242 26284
210049 220473 10424
214502 221991 7489
216064 223905 7841
217868 224202 6334
216489 224433 7944
209695 229482 19787
218914 230010 11096
220063 230802 10739
218187 231000 12813
221114 231990 10876
214018 232749 18731
221346 233871 12525
222359 236610 14251
230815 236775 5960
231274 237270 5996
232904 239151 6247
231727 243837 12110
233595 244497 10902
228155 244992 16837
234822 245157 10335
229564 246246 16682
226925 247599 20674
224477 247797 23320
227840 248622 20782
238783 249942 11159
242029 250008 7979
246006 252813 6807
233839 255189 21350
236823 255717 18894
246663 256410 9747
245351 259644 14293
246736 260832 14096
243112 261987 18875
250422 262350 11928
249537 262515 12978
243379 263010 19631
257201 263835 6634
257316 264297 6981
252419 266211 13792
252776 266772 13996
246358 266904 20546
252975 267300 14325
257616 267333 9717
255784 267795 12011
248112 270105 21993
262394 270402 8008
259921 270534 10613
260347 271095 10748
261749 271623 9874
263011 272151 9140
260257 272811 12554
261980 274461 12481
259934 275253 15319
261481 275781 14300
264418 275913 11495
264843 276903 12060
269512 278058 8546
272893 279147 6254
263878 279642 15764
266360 280038 13678
262224 281259 19035
273076 282381 9305
261349 282942 21593
264548 286473 21925
265905 287034 21129
273998 287166 13168
262791 287628 24837
281199 288255 7056
275433 291918 16485
281133 292017 10884
282315 292677 10362
287775 294492 6717
285050 294624 9574
281623 295218 13595
284624 296802 12178
289945 296967 7022
281918 297759 15841
281938 298254 16316
287389 299013 11624
289927 299970 10043
288855 304062 15207
289545 304524 14979
300559 307197 6638
302873 309111 6238
302500 309177 6677
295407 309672 14265
289751 312411 22660
307847 314457 6610
295110 315513 20403
305103 316239 11136
306850 317724 10874
311706 317955 6249
307890 320001 12111
315114 321849 6735
315806 326568 10762
310455 326700 16245
317274 328284 11010
304765 329901 25136
316269 330264 13995
322688 331518 8830
326314 332310 5996
318509 333135 14626
327216 333168 5952
328737 334686 5949
310271 336402 26131
329989 336666 6677
311379 336963 25584
315368 337524 22156
323988 337788 13800
328161 340131 11970
334833 341088 6255
336232 342210 5978
334528 342276 7748
321732 342672 20940
320470 343464 22994
323278 343893 20615
334208 345279 11071
328240 345411 17171
333337 349833 16496
338537 349833 11296
339575 350361 10786
339203 350394 11191
340493 350922 10429
340509 351483 10974
343012 353826 10814
329316 354585 25269
347561 356763 9202
348642 356796 8154
347987 357291 9304
348300 357852 9552
351756 358413 6657
343993 358743 14750
352871 359139 6268
353001 360756 7755
355238 362043 6805
356505 362472 5967
352955 364155 11200
355870 365145 9275
354634 365706 11072
355151 365772 10621
359883 366861 6978
353474 367092 13618
355032 374286 19254
354681 376563 21882
370410 377025 6615
373617 379863 6246
363607 381975 18368
376819 383130 6311
377778 384252 6474
373831 384417 10586
377494 387882 10388
365032 388872 23840
372115 389532 17417
372923 389961 17038
378916 392271 13355
390353 398772 8419
392609 399333 6724
392624 399828 7204
384296 399960 15664
380613 400257 19644
394948 402039 7091
389955 403458 13503
398945 407781 8836
389247 408276 19029
402484 409101 6617
404394 410718 6324
390234 410982 20748
406012 412335 6323
406387 413391 7004
405352 414546 9194
400698 414909 14211
404774 415041 10267
402822 415734 12912
402117 417780 15663
391846 418671 26825
397211 418935 21724
398742 419199 20457
399067 421740 22673
410014 421971 11957
413506 424710 11204
418615 424743 6128
408626 426063 17437
419165 427284 8119
416870 428340 11470
418015 428769 10754
417830 429891 12061
424698 431013 6315
424758 431145 6387
419443 431739 12296
422383 434148 11765
415560 434247 18687
417986 435138 17152
419767 436623 16856
416573 437448 20875
429237 441177 11940
424730 442530 17800
431113 444576 13463
431480 444576 13096
421934 445797 23863
439004 446985 7981
441327 447579 6252
428696 448569 19873
429451 450186 20735
433106 450714 17608
424222 451110 26888
435519 453057 17538
446937 453519 6582
448003 454245 6242
431445 454311 22866
448945 454938 5993
448998 455631 6633
446363 457149 10786
453808 460053 6245
450992 460548 9556
450536 461835 11299
456612 462957 6345
452549 463881 11332
453882 464442 10560
457978 464607 6629
459183 465432 6249
454793 466752 11959
463547 469854 6307
460636 471141 10505
457976 471306 13330
462737 472923 10186
468483 475101 6618
461916 476124 14208
458957 477642 18685
467196 478962 11766
457834 479325 21491
465549 480744 15195
470874 481767 10893
469984 482493 12509
470296 483054 12758
476411 483483 7072
464637 484209 19572
469321 485034 15713
472450 485430 12980
459512 486123 26611
478148 488928 10780
474157 491997 17840
487729 494307 6578
480779 494637 13858
478960 495066 16106
484986 497640 12654
491117 497739 6622
485327 500379 15052
498123 505791 7668
499650 506253 6603
498315 506319 8004
499783 506781 6998
492516 507804 15288
500946 511500 10554
507597 514437 6840
499367 517638 18271
506127 517671 11544
505393 518727 13334
505804 520839 15035
510756 521499 10743
515762 524766 9004
513707 525030 11323
517484 526680 9196
516084 526944 10860
519432 527505 8073
520774 527769 6995
516354 529848 13494
508927 529881 20954
517591 530508 12917
522821 532917 10096
519939 533247 13308
528544 534534 5990
528802 536448 7646
530703 537174 6471
529444 537735 8291
529067 538296 9229
525344 538560 13216
533406 540243 6837
522167 540276 18109
525548 541497 15949
522112 543477 21365
537184 546018 8834
534095 547470 13375
531567 548988 17421
542506 549120 6614
526644 550077 23433
532139 550704 18565
534635 551232 16597
537958 553905 15947
544158 553938 9780
530470 556908 26438
550333 556941 6608
545050 560043 14993
553721 560637 6916
553849 564795 10946
554099 564960 10861
557186 565653 8467
553061 566379 13318
555873 567171 11298
559986 567732 7746
562798 569052 6254
561454 569382 7928
560294 571461 11167
540271 572352 32081
566427 573474 7047
566857 574002 7145
566673 574497 7824
563965 577005 13040
563925 577368 13443
567088 577896 10808
569706 580602 10896
563327 580998 17671
571649 583044 11395
572547 583638 11091
570372 585552 15180
567335 586245 18910
577013 588654 11641
575529 589842 14313
582143 592779 10636
571596 595419 23823
585047 595881 10834
573959 596013 22054
590817 597432 6615
592338 598950 6612
593834 603537 9703
597546 603867 6321
595758 604065 8307
599813 606078 6265
593647 607002 13355
596337 607200 10863
602740 609378 6638
603294 609873 6579
604615 610896 6281
600870 610962 10092
604823 611424 6601
604689 611754 7065
606105 612381 6276
599950 614955 15005
601531 615483 13952
611246 617496 6250
602579 620598 18019
614183 620796 6613
610387 621621 11234
617127 623370 6243
615107 626175 11068
618052 628419 10367
623049 629673 6624
620343 629871 9528
623496 633930 10434
623033 634920 11887
627865 635118 7253
627788 636603 8815
619677 637032 17355
631793 638088 6295
633268 639870 6602
630052 642576 12524
630926 643071 12145
637879 643830 5951
638522 645315 6793
639393 646074 6681
635347 648813 13466
636317 649011 12694
633314 650562 17248
636782 653334 16552
647872 654489 6617
642714 656865 14151
637973 657591 19618
633572 658020 24448
653788 660528 6740
640197 660726 20529
650052 660990 10938
641990 661023 19033
649254 663762 14508
651036 664059 13023
654192 664092 9900
655185 665049 9864
655396 665643 10247
651504 666138 14634
651137 667260 16123
660897 672012 11115
665938 674025 8087
667288 674586 7298
657465 675906 18441
663324 677622 14298
671324 677655 6331
660371 677754 17383
666825 677820 10995
667540 678513 10973
659599 680823 21224
667053 681021 13968
675620 681978 6358
665043 684288 19245
672592 684288 11696
671960 684849 12889
680489 686730 6241
682192 688809 6617
683024 689832 6808
681313 691482 10169
677617 693033 15416
673942 695739 21797
678410 696234 17824
693715 700029 6314
690296 701085 10789
696261 702504 6243
694398 702537 8139
688951 703725 14774
683884 705210 21326
692851 705705 12854
694002 706233 12231
689669 706926 17257
700575 711447 10872
695740 712107 16367
699501 713856 14355
709667 716892 7225
711539 717783 6244
706503 720093 13590
709232 720555 11323
707874 722634 14760
699902 724284 24382
709005 724449 15444
700748 724713 23965
711504 724944 13440
711993 725538 13545
707147 728904 21757
716865 731544 14679
717931 733062 15131
718140 734679 16539
726067 736956 10889
721440 737055 15615
727205 737649 10444
732715 739629 6914
735571 742236 6665
732603 743754 11151
733725 744183 10458
737636 744249 6613
733037 744282 11245
739054 748968 9914
735843 750354 14511
742382 755865 13483
746357 756789 10432
752072 758043 5971
752004 758802 6798
750769 762036 11267
746851 762762 15911
756307 762993 6686
755344 763818 8474
749243 765204 15961
752871 765864 12993
749549 766029 16480
760263 766821 6558
747416 768735 21319
755483 769131 13648
759155 770319 11164
764792 771111 6319
762317 773487 11170
765531 773652 8121
760650 773949 13299
764202 774147 9945
754132 777249 23117
767143 780945 13802
775066 781308 6242
773545 783981 10436
775647 786885 11238
773532 786984 13452
782859 789459 6600
776522 789690 13168
778664 789954 11290
783347 790350 7003
783172 792792 9620
777547 793419 15872
786857 793452 6595
777354 796521 19167
783871 797148 13277
793460 800316 6856
789338 802263 12925
791887 803154 11267
786867 803715 16848
797109 804771 7662
795389 805002 9613
796186 807180 10994
795100 807972 12872
801858 808467 6609
800240 808500 8260
790487 811602 21115
800466 812097 11631
805227 813681 8454
797230 814539 17309
784363 815298 30935
795032 815826 20794
799834 815925 16091
799944 817080 17136
803254 818664 15410
802589 819753 17164
809180 819786 10606
811681 820413 8732
806647 820908 14261
809476 821403 11927
803883 824274 20391
801670 826782 25112
807782 827475 19693
807466 827838 20372
802934 830214 27280
808429 830313 21884
808820 830643 21823
814807 830874 16067
807547 831105 23558
817501 831237 13736
812378 831303 18925
824243 831963 7720
823046 834207 11161
826282 835791 9509
821326 837012 15686
829835 837342 7507
822250 837408 15158
829999 838134 8135
828263 838860 10597
825710 839916 14206
831138 841434 10296
831965 841962 9997
826050 842226 16176
836396 842622 6226
830704 842919 12215
838397 844899 6502
825888 849222 23334
828382 849585 21203
823248 849651 26403
828069 849783 21714
829862 850179 20317
829189 850377 21188
826840 851004 24164
833493 852984 19491
842448 853281 10833
826826 853644 26818
837568 856482 18914
842509 856812 14303
845718 856944 11226
843323 857307 13984
849133 860211 11078
840020 860376 20356
844193 861003 16810
855781 862752 6971
855969 863247 7278
844588 863412 18824
841762 864039 22277
861203 867537 6334
848551 868692 20141
855164 870375 15211
857138 870441 13303
844559 871827 27268
865062 872025 6963
864672 872223 7551
853867 874038 20171
863308 874632 11324
863346 875028 11682
864818 875556 10738
864825 876645 11820
862586 877536 14950
872652 879153 6501
872255 881628 9373
862276 882024 19748
863129 884664 21535
879809 886083 6274
871778 888096 16318
872097 888492 16395
879598 890571 10973
884241 890868 6627
880303 891099 10796
880805 891198 10393
885705 891957 6252
889856 896478 6622
890809 897072 6263
885150 899349 14199
896148 902748 6600
882525 902880 20355
894310 902946 8636
891752 904530 12778
893124 905058 11934
896549 905850 9301
896807 906378 9571
894468 909843 15375
898606 910635 12029
900736 911163 10427
891801 911295 19494
907355 914034 6679
902882 916344 13462
905357 916740 11383
905552 920139 14587
899856 920238 20382
903329 920469 17140
906823 921096 14273
908880 921492 12612
891332 923340 32008
907976 923505 15529
897681 923934 26253
906796 924396 17600
918162 924429 6267
911148 926145 14997
920446 926508 6062
909480 927894 18414
905965 929577 23612
919392 931062 11670
922396 936408 14012
920187 936870 16683
924432 936936 12504
913726 937629 23903
925516 939939 14423
926034 939939 13905
917795 940863 23068
930187 941325 11138
926483 941391 14908
929601 941985 12384
922667 942645 19978
924128 943140 19012
932094 943701 11607
929439 949212 19773
924953 950400 25447
935773 950466 14693
939925 951621 11696
941627 953106 11479
944674 953634 8960
946485 954789 8304
948743 954987 6244
951617 958188 6571
951693 958386 6693
942628 958452 15824
947058 958980 11922
938509 962709 24200
952295 963633 11338
956341 965580 9239
945879 965976 20097
942213 966504 24291
949094 968649 19555
962766 968880 6114
956272 969375 13103
953625 972048 18423
958451 972114 13663
961960 974094 12134
958280 974721 16441
964327 975249 10922
964488 975414 10926
960535 976800 16265
961193 978450 17257
968793 979572 10779
962082 981090 19008
969416 981684 12268
968516 982179 13663
971420 984885 13465
974645 985512 10867
965813 986370 20557
976282 987657 11375
982314 989010 6696
979418 989439 10021
975916 990462 14546
980647 991980 11333
980126 992772 12646
986566 999867 13301
993598 1000362 6764
991304 1001286 9982
985063 1003299 18236
985071 1004355 19284
998759 1005939 7180
994710 1006533 11823
991953 1009074 17121
991015 1009173 18158
1000053 1011516 11463
1001429 1012077 10648
1006939 1013562 6623
1008661 1014915 6254
998626 1018479 19853
1004610 1019403 14793
1003683 1021746 18063
1017311 1023990 6679
1010542 1024419 13877
1010766 1024452 13686
1014322 1026696 12374
1015107 1027422 12315
1003283 1029897 26614
1009788 1030623 20835
1019810 1033131 13321
1014649 1033824 19175
1026830 1034220 7390
1016706 1034352 17646
1027221 1034748 7527
1019427 1037817 18390
1029120 1041150 12030
1034584 1041216 6632
1017440 1041348 23908
1026171 1041777 15606
1031977 1044087 12110
1032224 1045242 13018
1022712 1046100 23388
1039077 1047090 8013
1025425 1047453 22028
1020738 1048047 27309
1022358 1048476 26118
1032047 1048872 16825
1037873 1048872 10999
1039396 1050060 10664
1044687 1051314 6627
1019162 1051941 32779
1039586 1052139 12553
1032113 1053129 21016
1046683 1053327 6644
1048197 1054152 5955
1032656 1055142 22486
1036490 1055241 18751
1039284 1056132 16848
1049692 1056693 7001
1043848 1058838 14990
1052969 1059234 6265
1047520 1059366 11846
1054537 1061148 6611
1055095 1062105 7010
1053893 1064514 10621
1060074 1066329 6255
1061644 1068276 6632
1064082 1071147 7065
1062456 1073193 10737
1068294 1074546 6252
1063982 1075998 12016
1066283 1077582 11299
1066415 1080816 14401
1071959 1080849 8890
1066856 1083555 16699
1077894 1084512 6618
1073767 1086360 12593
1068598 1087053 18455
1070761 1087845 17084
1081173 1088010 6837
1072435 1089000 16565
1074369 1089198 14829
1072881 1091475 18594
1084065 1092861 8796
1085788 1093422 7634
1082515 1094181 11666
1084429 1094808 10379
1077206 1096623 19417
1090365 1097382 7017
1090900 1098900 8000
1079769 1100055 20286
1079093 1102794 23701
1093452 1104114 10662
1098426 1105071 6645
1098990 1105599 6609
1099330 1105599 6269
1095447 1108437 12990
1097717 1110813 13096
1091608 1110879 19271
1095251 1111440 16189
1106026 1113090 7064
1103069 1114905 11836
1100173 1115895 15722
1100636 1118238 17602
1110789 1119624 8835
1113905 1120152 6247
1106798 1122693 15895
1109400 1123122 13722
1116968 1124112 7144
1117710 1124343 6633
1102526 1127544 25018
1115323 1128072 12749
1114124 1129755 15631
1115403 1131339 15936
1120652 1136157 15505
1120597 1137477 16880
1126292 1137477 11185
1119396 1139259 19863
1125478 1139358 13880
1124748 1140810 16062
1134404 1140909 6505
1133360 1142064 8704
1133895 1143978 10083
1130277 1145265 14988
1124497 1147047 22550
1131364 1149291 17927
1147083 1153350 6267
1140663 1153647 12984
1150410 1157244 6834
1150076 1160775 10699
1144527 1160808 16281
1147969 1161171 13202
1155548 1162161 6613
1151689 1164141 12452
1152747 1166847 14100
1152104 1167078 14974
1148932 1167837 18905
1153532 1168068 14536
1160427 1171368 10941
1142276 1174569 32293
1166542 1175196 8654
1149457 1175790 26333
1169463 1175823 6360
1154854 1176318 21464
1168983 1179024 10041
1173166 1179618 6452
1173313 1179915 6602
1170551 1180608 10057
1162205 1182093 19888
1168980 1182687 13707
1169980 1183281 13301
1175109 1184799 9690
1161639 1185294 23655
1175625 1185921 10296
1158445 1185987 27542
1170917 1187637 16720
1156720 1188726 32006
1176161 1190112 13951
1175622 1190211 14589
1166268 1190871 24603
1162583 1192323 29740
1164434 1192587 28153
1187460 1193709 6249
1173430 1194105 20675
1177863 1194270 16407
1181905 1194831 12926
1180234 1195524 15290
1181282 1197339 16057
1173323 1197867 24544
1177770 1197900 20130
1190802 1198428 7626
1182150 1198758 16608
1166342 1199286 32944
1169656 1199847 30191
1181815 1199979 18164
1192313 1200705 8392
1176635 1201497 24862
1190519 1202586 12067
1194203 1202652 8449
1195416 1202883 7467
1188751 1204170 15419
1196694 1207206 10512
1197476 1212684 15208
1201846 1213608 11762
1209242 1215489 6247
1204661 1215522 10861
1209517 1215984 6467
1211893 1218162 6269
1210310 1218921 8611
1212762 1220406 7644
1213804 1220967 7163
1214784 1221396 6612
1213947 1221495 7548
1214926 1223079 8153
1205771 1223607 17836
1220392 1226643 6251
1220148 1226775 6627
1220083 1227105 7022
1214375 1228392 14017
1222016 1228821 6805
1209936 1230702 20766
1224660 1233573 8913
1227488 1234068 6580
1223801 1234695 10894
1224697 1237368 12671
1230807 1237434 6627
1231621 1237764 6143
1233866 1240470 6604
1221995 1240503 18508
1234688 1240998 6310
1228438 1241691 13253
1236233 1242879 6646
1228008 1243275 15267
1225644 1244463 18819
1223822 1244892 21070
1237356 1245882 8526
1240322 1246410 6088
1241849 1248423 6574
1239542 1255716 16174
1249544 1256145 6601
1250628 1257366 6738
1242867 1258785 15918
1245184 1259940 14756
1254744 1261722 6978
1252747 1261755 9008
1247456 1262250 14794
1252342 1263207 10865
1254102 1266045 11943
1262696 1268949 6253
1264311 1270929 6618
1270186 1276440 6254
1271467 1278453 6986
1270432 1281291 10859
1271868 1283568 11700
1266770 1283997 17227
1273741 1284195 10454
1278725 1285350 6625
1280724 1287693 6969
1274581 1289409 14828
1283302 1289805 6503
1283891 1290498 6607
1278293 1290861 12568
1283046 1293435 10389
1288886 1298286 9400
1284200 1298979 14779
1278584 1300101 21517
1287671 1301817 14146
1288091 1303962 15871
1290200 1305051 14851
1286075 1305777 19702
1302604 1309209 6605
1295339 1310331 14992
1288012 1310661 22649
1288294 1311684 23390
1303012 1313829 10817
1310311 1316832 6521
1307168 1318053 10885
1311953 1318119 6166
1312141 1319307 7166
1312414 1320561 8147
1310702 1324092 13390
1313385 1324686 11301
1314564 1325247 10683
1317602 1326237 8635
1319699 1326303 6604
1320659 1327722 7063
1307999 1328151 20152
1308515 1328547 20032
1308948 1329207 20259
1312946 1330329 17383
1311276 1330824 19548
1321170 1331616 10446
1326155 1333167 7012
1327078 1333728 6650
1329152 1336170 7018
1329920 1336170 6250
1321511 1338249 16738
1321683 1338282 16599
1322830 1338810 15980
1333339 1339602 6263
1334996 1341648 6652
1331742 1345707 13965
1332187 1345806 13619
1336014 1346631 10617
1338260 1347093 8833
1341328 1348149 6821
1338034 1349601 11567
1334024 1351152 17128
1335565 1353594 18029
1337765 1353957 16192
1334416 1354320 19904
1339389 1354485 15096
1341391 1357323 15932
1351688 1358082 6394
1341501 1358610 17109
1338331 1360788 22457
1350513 1361811 11298
1347903 1363626 15723
1347960 1364286 16326
1353423 1366959 13536
1349976 1367652 17676
1361591 1367850 6259
1363157 1369401 6244
1364144 1370127 5983
1364958 1370919 5961
1366544 1372800 6256
1369380 1377123 7743
1367745 1378971 11226
1368524 1379598 11074
1365974 1381182 15208
1375901 1382568 6667
1376715 1383129 6414
1378390 1384647 6257
1364442 1386396 21954
1373303 1386726 13423
1376245 1389861 13616
1381006 1391940 10934
1385097 1393788 8691
1386076 1394382 8306
1389365 1395603 6238
1390549 1396494 5945
1387868 1396560 8692
1384350 1397682 13332
1385455 1398705 13250
1389329 1399530 10201
1381937 1399662 17725
1393502 1400850 7348
1394921 1401246 6325
1396069 1402401 6332
1393381 1404348 10967
1396078 1405437 9359
1391506 1407516 16010
1399551 1408902 9351
1403284 1410288 7004
1403440 1410420 6980
1402080 1413423 11343
1394332 1413489 19157
1403215 1413951 10736
1395837 1414512 18675
1401186 1416492 15306
1410624 1417218 6594
1394568 1417746 23178
1395847 1419693 23846
1409273 1420353 11080
1402295 1420452 18157
1412410 1423059 10649
1412887 1423059 10172
1410919 1428372 17453
1417594 1429989 12395
1420283 1431342 11059
1418744 1431441 12697
1415540 1433223 17683
1421284 1434444 13160
1421528 1435038 13510
1422132 1435335 13203
1427485 1435533 8048
1424455 1435731 11276
1429880 1436127 6247
1430449 1436655 6206
1421031 1438305 17274
1422214 1439757 17543
1428901 1440450 11549
1434349 1440615 6266
1429907 1442628 12721
1437677 1444278 6601
1437923 1445103 7180
1439370 1446258 6888
1442915 1448898 5983
1441447 1449228 7781
1435911 1449987 14076
1443913 1450317 6404
1445230 1451571 6341
1439147 1452066 12919
1435907 1453518 17611
1442663 1453551 10888
1446643 1453584 6941
1439885 1456785 16900
1451916 1459392 7476
1453884 1460547 6663
1452771 1462098 9327
1446465 1462131 15666
1450249 1463484 13235
1447180 1463649 16469
1448714 1464210 15496
1455414 1465662 10248
1441900 1466190 24290
1448006 1468500 20494
1461765 1468764 6999
1455202 1469358 14156
1453200 1469490 16290
1455869 1470018 14149
1458873 1470183 11310
1462346 1471173 8827
1462641 1472922 10281
1451024 1473252 22228
1467211 1473516 6305
1452537 1473813 21276
1453349 1473846 20497
1468867 1475133 6266
1463305 1477146 13841
1471242 1477872 6630
1466422 1478070 11648
1450312 1481403 31091
1463619 1481832 18213
1471665 1481997 10332
1467538 1484604 17066
1463223 1484703 21480
1474894 1487178 12284
1483105 1490115 7010
1480053 1491336 11283
1478146 1492788 14642
1477120 1493415 16295
1478573 1494075 15502
1489942 1496187 6245
1490560 1497177 6617
1486995 1499850 12855
1487788 1501170 13382
1490614 1502193 11579
1496655 1504272 7617
1494657 1505295 10638
1496497 1506483 9986
1496600 1507737 11137
1495026 1508298 13272
1492663 1508826 16163
1499484 1509453 9969
1503462 1514205 10743
1501391 1514766 13375
1504324 1515525 11201
1502246 1515822 13576
1500362 1517274 16912
1500374 1517868 17494
1505835 1518495 12660
1501842 1518792 16950
1504948 1519023 14075
1495639 1521201 25562
1509284 1521696 12412
1501491 1522422 20931
1510195 1522719 12524
1516356 1522719 6363
1516832 1525161 8329
1513813 1525953 12140
1510007 1526448 16441
1511983 1526910 14927
1510894 1527636 16742
1521927 1528560 6633
1506273 1530408 24135
1516043 1531002 14959
1512202 1531497 19295
1503259 1531794 28535
1524217 1533048 8831
1514977 1534995 20018
1530134 1536546 6412
1531569 1538757 7188
1527561 1541694 14133
1525335 1541991 16656
1510573 1542453 31880
1522536 1544004 21468
1519218 1545522 26304
1524050 1546908 22858
1523163 1547634 24471
1539660 1547799 8139
1526396 1548657 22261
1528399 1548690 20291
1543485 1550604 7119
1545813 1551858 6045
1530369 1553838 23469
1532720 1554399 21679
1548007 1554894 6887
1545943 1557072 11129
1538175 1557138 18963
1537461 1557204 19743
1538339 1557204 18865
1540250 1557534 17284
1544652 1559745 15093
1547176 1560735 13559
1556983 1563474 6491
1558003 1564695 6692
1545685 1565058 19373
1541389 1567137 25748
1557548 1567764 10216
1557717 1568391 10674
1559792 1571295 11503
1553652 1571361 17709
1551378 1573242 21864
1555131 1573605 18474
1563643 1574001 10358
1553899 1574133 20234
1562182 1574958 12776
1566076 1577202 11126
1566486 1577466 10980
1547506 1578192 30686
1557447 1578423 20976
1557020 1579611 22591
1569543 1581261 11718
1568944 1581492 12548
1572000 1581822 9822
1575873 1582482 6609
1576605 1584264 7659
1574453 1584660 10207
1572840 1586277 13437
1579609 1586574 6965
1580498 1588554 8056
1581863 1589049 7186
1582550 1589115 6565
1574059 1590204 16145
1578443 1592283 13840
1587654 1594263 6609
1587962 1594560 6598
1581899 1595946 14047
1581284 1597266 15982
1581405 1598553 17148
1591867 1601160 9293
1595706 1602711 7005
1596321 1603239 6918
1594069 1605813 11744
1590336 1607925 17589
1599973 1608222 8249
1599402 1612908 13506
1601735 1613106 11371
1599222 1615812 16590
1590521 1616142 25621
1603414 1618023 14609
1602269 1618914 16645
1595998 1620135 24137
1611348 1620729 9381
1608926 1621917 12991
1616036 1622676 6640
1615909 1625514 9605
1616320 1628187 11867
1616356 1628781 12425
1611421 1629210 17789
1620210 1629408 9198
1618434 1630827 12393
1623878 1631388 7510
1608668 1632114 23446
1628277 1634886 6609
1605229 1635249 30020
1618932 1636998 18066
1619918 1638021 18103
1615377 1638285 22908
1622392 1641948 19556
1635927 1642674 6747
1634984 1644588 9604
1624831 1644918 20087
1631246 1645281 14035
1632850 1645677 12827
1641696 1648713 7017
1624022 1649901 25879
1626221 1650462 24241
1643288 1650693 7405
1628324 1651089 22765
1630397 1651254 20857
1646209 1652904 6695
1628143 1656435 28292
1646544 1656996 10452
1639961 1657359 17398
1644174 1660065 15891
1643128 1660164 17036
1641881 1660428 18547
1643693 1661220 17527
1638467 1661748 23281
1646975 1661913 14938
1651752 1662342 10590
1646255 1665081 18826
1648969 1666401 17432
1650565 1666929 16364
1652719 1668051 15332
1653620 1670592 16972
1662381 1672143 9762
1659176 1672704 13528
1648792 1673298 24506
1660428 1674156 13728
1661302 1674981 13679
1655966 1675575 19609
1666879 1675971 9092
1657039 1676103 19064
1668543 1676664 8121
1663266 1679106 15840
1651380 1681086 29706
1659160 1683165 24005
1662872 1683231 20359
1660081 1684287 24206
1670057 1684914 14857
1674297 1685244 10947
1670482 1685475 14993
1675510 1687521 12011
1679404 1688115 8711
1682184 1688808 6624
1668846 1689501 20655
1676546 1692669 16123
1676091 1692999 16908
1675305 1694979 19674
1673830 1696431 22601
1676962 1696728 19766
1683547 1698642 15095
1686457 1699137 12680
1690650 1699335 8685
1683156 1700193 17037
1696879 1703196 6317
1683785 1703592 19807
1698545 1705176 6631
1691137 1706331 15194
1681052 1706496 25444
1701534 1710225 8691
1704285 1710885 6600
1704532 1713228 8696
1705618 1713690 8072
1693101 1713954 20853
1710681 1717287 6606
1706742 1717683 10941
1695198 1718211 23013
1706241 1719696 13455
1713125 1719762 6637
1698638 1721412 22774
1702020 1722996 20976
1701073 1723425 22352
1707886 1725801 17915
1714001 1726296 12295
1707254 1727550 20296
1717225 1731246 14021
1720856 1731246 10390
1718431 1731774 13343
1719035 1732401 13366
1725155 1734084 8929
1718706 1735767 17061
1720420 1737120 16700
1727953 1738803 10850
1726503 1739958 13455
1715208 1740321 25113
1734227 1742532 8305
1732848 1743951 11103
1729554 1744644 15090
1731642 1745700 14058
1740764 1747020 6256
1739445 1748274 8829
1741712 1748802 7090
1735912 1750155 14243
1742441 1750980 8539
1744817 1751541 6724
1741134 1752201 11067
1730631 1752861 22230
1736931 1754247 17316
1742094 1756062 13968
1745844 1759296 13452
1742445 1761012 18567
1752218 1763289 11071
1756592 1763289 6697
1749852 1766424 16572
1749289 1768536 19247
1762780 1768767 5987
1754831 1770252 15421
1763036 1770582 7546
1764782 1773882 9100
1750048 1774443 24395
1755108 1775235 20127
1761729 1776918 15189
1751335 1777116 25781
1759240 1777479 18239
1754871 1778436 23565
1763515 1779063 15548
1763594 1782132 18538
1776176 1782792 6616
1775384 1784838 9454
1771144 1787313 16169
1767988 1788270 20282
1781747 1788336 6589
1782486 1788897 6411
1780011 1792164 12153
1779051 1793517 14466
1784402 1793814 9412
1788879 1796124 7245
1783583 1796520 12937
1791277 1798104 6827
1771292 1799226 27934
1774727 1799820 25093
1789443 1801173 11730
1793289 1801734 8445
1787272 1803186 15914
1779565 1803219 23654
1782710 1804176 21466
1790737 1805595 14858
1795432 1806321 10889
1797489 1807245 9756
1801010 1808499 7489
1788295 1813218 24923
1795223 1813779 18556
1798146 1814571 16425
1799827 1815792 15965
1803329 1818234 14905
1805375 1819125 13750
1796983 1819587 22604
1807991 1819653 11662
1792907 1822359 29452
1804876 1822425 17549
1807661 1824867 17206
1790325 1825329 35004
1803669 1825923 22254
1817466 1828959 11493
1805428 1829124 23696
1803808 1829322 25514
1822114 1831665 9551
1819102 1832193 13091
1819263 1832787 13524
1823876 1833150 9274
1826719 1833315 6596
1818849 1834767 15918
1806872 1835295 28423
1810223 1835295 25072
1812644 1836681 24037
1830211 1836879 6668
1819365 1840113 20748
1830254 1841895 11641
1828733 1842093 13360
1827130 1842126 14996
1829811 1844370 14559
1825855 1845294 19439
1826653 1846482 19829
1841280 1847538 6258
1836972 1847604 10632
1824272 1848000 23728
1838473 1849188 10715
1831164 1849650 18486
1843808 1850046 6238
1841377 1852158 10781
1845893 1852587 6694
1841694 1852752 11058
1847377 1854600 7223
1826814 1855227 28413
1843791 1856514 12723
1836127 1857273 21146
1839762 1857570 17808
1840457 1858164 17707
1837137 1861497 24360
1834254 1863048 28794
1831182 1863081 31899
1855509 1863741 8232
1856362 1864236 7874
1856766 1864731 7965
1851566 1865028 13462
1857278 1865259 7981
1860533 1866612 6079
1852658 1866645 13987
1854373 1868262 13889
1848590 1868460 19870
1837371 1868889 31518
1856970 1868889 11919
1862265 1870803 8538
1856687 1871595 14908
1864378 1872090 7712
1864761 1872354 7593
1866113 1872882 6769
1858202 1875753 17551
1863445 1876776 13331
1853832 1877106 23274
1859324 1877667 18343
1870187 1877799 7612
1868626 1879614 10988
1868116 1880175 12059
1860736 1880802 20066
1859580 1882386 22806
1862036 1884036 22000
1862976 1886346 23370
1878838 1888194 9356
1881818 1890768 8950
1871741 1891362 19621
1884696 1892583 7887
1881331 1892616 11285
1887832 1894200 6368
1881229 1894233 13004
1879149 1894398 15249
1877972 1895289 17317
1889367 1896213 6846
1890322 1897170 6848
1876705 1897632 20927
1892634 1898886 6252
1889640 1900965 11325
1895253 1901493 6240
1898197 1905222 7025
1895349 1906476 11127
1901356 1907961 6605
1901253 1908588 7335
1903905 1911294 7389
1909533 1915782 6249
1909580 1916277 6697
1905509 1918950 13441
1908472 1919214 10742
1903813 1922250 18437
1907537 1922283 14746
1906654 1922712 16058
1909071 1924659 15588
1917248 1928058 10810
1919630 1930500 10870
1922044 1930665 8621
1921728 1933041 11313
1921459 1933635 12176
1926801 1935681 8880
1923460 1936077 12617
1928946 1938651 9705
1922030 1941720 19690
1918641 1942281 23640
1931866 1943007 11141
1937140 1943766 6626
1937271 1944294 7023
1929121 1945482 16361
1935153 1948188 13035
1938479 1951125 12646
1945023 1951521 6498
1937329 1952313 14984
1937634 1953963 16329
1943752 1954425 10673
1944579 1957065 12486
1948307 1957725 9418
1945492 1960365 14873
1947021 1960992 13971
1946270 1961388 15118
1947114 1963434 16320
1959064 1965678 6614
1946964 1967328 20364
1959345 1967592 8247
1944839 1968186 23347
1951324 1968318 16994
1955379 1968879 13500
1949305 1970562 21257
1958240 1970892 12652
1948395 1971090 22695
1960541 1972047 11506
1969279 1975545 6266
1966138 1977756 11618
1966429 1978911 12482
1965326 1979769 14443
1972567 1979901 7334
1964847 1982112 17265
1975805 1982409 6604
1977358 1983663 6305
1970008 1983795 13787
1974275 1985412 11137
1973873 1986732 12859
1965146 1988646 23500
1972903 1988844 15941
1974568 1989999 15431
1980585 1995609 15024
1975923 1995840 19917
1984895 1996203 11308
1988790 1998315 9525
1990292 1998942 8650
1983697 1999404 15707
1995260 2001516 6256
1995892 2002143 6251
1992850 2003034 10184
1994274 2005047 10773
1989959 2007621 17662
1993121 2007720 14599
1993635 2008248 14613
2000367 2008842 8475
1983425 2009799 26374
2002320 2010657 8337
2001678 2011548 9870
1999606 2014452 14846
2004380 2015475 11095
2010528 2016795 6267
2011547 2017917 6370
1999507 2018709 19202
2004171 2019237 15066
2006143 2019435 13292
2005421 2019633 14212
2008110 2019996 11886
2013537 2022702 9165
2016386 2023065 6679
2010722 2025804 15082
2014924 2031876 16952
2018352 2033361 15009
2027999 2034681 6682
2025038 2036067 11029
2022983 2036496 13513
2028677 2036595 7918
2020916 2037915 16999
2022118 2038245 16127
2032241 2039235 6994
2024563 2039565 15002
2035714 2041974 6260
2025299 2043162 17863
2032219 2044614 12395
2035193 2045967 10774
2040200 2046528 6328
2043291 2049927 6636
2041388 2050257 8869
2043222 2050686 7464
2044856 2050818 5962
2037124 2051511 14387
2045605 2051973 6368
2041369 2052963 11594
2041791 2056626 14835
2049186 2059233 10047
2056293 2062533 6240
2048150 2063556 15406
2040380 2063985 23605
2053055 2064183 11128
2043420 2066757 23337
2059863 2066889 7026
2050201 2067285 17084
2048963 2069100 20137
2053624 2070651 17027
2061076 2071806 10730
2067979 2074248 6269
2058208 2075634 17426
2070439 2077350 6911
2067221 2077614 10393
2075069 2081673 6604
2070118 2083785 13667
2073494 2085732 12238
2079458 2086557 7099
2070853 2086623 15770
2074058 2089131 15073
2078062 2089230 11168
2079235 2091342 12107
2077136 2092134 14998
2086684 2093289 6605
2073679 2094015 20336
2075734 2096721 20987
2088906 2098206 9300
2089082 2098734 9652
2082527 2099493 16966
2076752 2099724 22972
2078687 2101935 23248
2096541 2103156 6615
2096738 2105268 8530
2096046 2105400 9354
2088101 2107512 19411
2099123 2110284 11161
2097910 2111736 13826
2091407 2111835 20428
2098332 2112792 14460
2095825 2112990 17165
2100518 2114838 14320
2103539 2114904 11365
2108336 2118765 10429
2106477 2120184 13707
2102308 2121669 19361
2115144 2121735 6591
2111605 2122593 10988
2110091 2124045 13954
2111051 2124408 13357
2117243 2127477 10234
2117398 2128896 11498
2114143 2129952 15809
2125103 2131536 6433
2121173 2135331 14158
2130825 2137839 7014
2126646 2138103 11457
2129944 2140314 10370
2123335 2141205 17870
2135212 2141964 6752
2137522 2144142 6620
2138587 2147409 8822
2138010 2149125 11115
2136136 2149455 13319
2140405 2151567 11162
2133772 2151963 18191
2137317 2152392 15075
2145582 2154570 8988
2145647 2154933 9286
2149952 2156616 6664
2150229 2156814 6585
2146793 2158827 12034
2147782 2159454 11672
2147123 2159520 12397
2146196 2159619 13423
2153436 2160708 7272
2149681 2161995 12314
2156861 2163480 6619
2158642 2165658 7016
2148090 2167044 18954
2159079 2167770 8691
2156720 2168232 11512
2155398 2170872 15474
2156700 2171004 14304
2162642 2173512 10870
2159495 2174073 14578
2169409 2176053 6644
2170243 2176548 6305
2166514 2179419 12905
2174765 2181762 6997
2166738 2182917 16179
2174249 2183082 8833
2167668 2184105 16437
2173455 2184798 11343
2176190 2185887 9697
2181591 2188197 6606
2177466 2188263 10797
2184686 2191002 6316
2185631 2192520 6889
2186181 2193147 6966
2178325 2193741 15416
2177488 2194137 16649
2187552 2194203 6651
2195210 2201529 6319
2190181 2202024 11843
2184019 2206314 22295
2199013 2207403 8390
2199440 2207931 8491
2197771 2208261 10490
2191544 2210043 18499
2191342 2211000 19658
2203902 2211099 7197
2194331 2213475 19144
2201275 2213475 12200
2199549 2213937 14388
2195901 2214663 18762
2209083 2215521 6438
2192724 2216544 23820
2199280 2216676 17396
2200735 2217204 16469
2195684 2218623 22939
2202734 2219745 17011
2197632 2219943 22311
2211794 2221494 9700
2208150 2222451 14301
2206417 2222913 16496
2213801 2222979 9178
2207110 2223474 16364
2218122 2225289 7167
2218362 2225817 7455
2213525 2226147 12622
2202476 2226279 23803
2208454 2228787 20333
2207647 2229018 21371
2212806 2229348 16542
2224435 2231097 6662
2213503 2232054 18551
2219255 2232747 13492
2216829 2233209 16380
2217442 2234397 16955
2218329 2235486 17157
2221576 2235915 14339
2218210 2236014 17804
2220917 2236014 15097
2225667 2236443 10776
2232617 2238885 6268
2226986 2239512 12526
2233791 2240865 7074
2230227 2241591 11364
2230345 2242119 11774
2215904 2244099 28195
2224666 2244561 19895
2228951 2244825 15874
2229851 2245287 15436
2243744 2250732 6988
2230021 2252085 22064
2240488 2252976 12488
2239508 2254362 14854
2244149 2254791 10642
2244597 2255088 10491
2249404 2255979 6575
2244190 2257761 13571
2244335 2258355 14020
2252146 2258487 6341
2250088 2258817 8729
2253150 2259411 6261
2236996 2261556 24560
2257063 2263668 6605
2251724 2264262 12538
2251652 2266011 14359
2256098 2268882 12784
2260248 2271918 11670
2265724 2272050 6326
2262376 2273766 11390
2268114 2274690 6576
2263725 2276670 12945
2263068 2279904 16836
2273082 2282610 9528
2276676 2283270 6594
2274584 2285448 10864
2270260 2286834 16574
2275467 2287230 11763
2279580 2289540 9960
2281249 2290068 8819
2279806 2290992 11186
2287415 2294028 6613
2281081 2296206 15125
2286347 2296734 10387
2290281 2296899 6618
2292899 2303631 10732
2300804 2307063 6259
2294405 2307954 13549
2298153 2308251 10098
2294600 2308977 14377
2294041 2311452 17411
2301486 2317788 16302
2311144 2319834 8690
2301050 2321715 20665
2298203 2322441 24238
2306442 2322540 16098
2310276 2323332 13056
2307317 2324289 16972
2302432 2325741 23309
2308086 2326797 18711
2316491 2327292 10801
2320057 2335014 14957
2320827 2338215 17388
2324285 2338215 13930
2325508 2338215 12707
2332033 2340855 8822
2335014 2341614 6600
2335549 2342208 6659
2328204 2343825 15621
2340037 2346663 6626
2327846 2347026 19180
2338284 2347257 8973
2342299 2349138 6839
2343380 2349831 6451
2337911 2350095 12184
2340675 2350656 9981
2344945 2351382 6437
2346232 2352834 6602
2333980 2354088 20108
2348494 2355111 6617
2348386 2357619 9233
2350958 2357652 6694
2351782 2362668 10886
2357014 2363691 6677
2356772 2365506 8734
2351579 2366265 14686
2361448 2367651 6203
2353348 2368674 15326
2353578 2369202 15624
2347558 2369730 22172
2351578 2370225 18647
2360788 2370720 9932
2365783 2372403 6620
2356336 2372700 16364
2367134 2373393 6259
2352585 2373459 20874
2367520 2373888 6368
2353812 2374020 20208
2357220 2374977 17757
2359014 2375406 16392
2372022 2378640 6618
2363828 2380818 16990
2374567 2381544 6977
2377781 2384085 6304
2377885 2384151 6266
2381141 2388111 6970
2379741 2389959 10218
2377926 2391246 13320
2387352 2393589 6237
2382615 2394612 11997
2390580 2397219 6639
2390906 2397252 6346
2392468 2398803 6335
2379267 2400420 21153
2384510 2401443 16933
2381454 2402037 20583
2389603 2402598 12995
2396707 2403027 6320
2388441 2403621 15180
2385808 2404149 18341
2398881 2405502 6621
2388880 2407350 18470
2391123 2408439 17316
2383602 2409891 26289
2398678 2410419 11741
2402001 2411145 9144
2405061 2412036 6975
2398028 2412597 14569
2402595 2413983 11388
2404260 2415567 11307
2393371 2417184 23813
2397364 2417316 19952
2393786 2417712 23926
2398979 2417745 18766
2407722 2418999 11277
2406380 2420814 14434
2409564 2425533 15969
2410824 2425665 14841
2402617 2426094 23477
2415872 2426292 10420
2408853 2429031 20178
2412756 2429592 16836
2423501 2429823 6322
2424883 2431143 6260
2411565 2431704 20139
2423977 2432661 8684
2419961 2435730 15769
2419064 2438568 19504
2410075 2438931 28856
2419170 2439492 20322
2422575 2439492 16917
2434748 2441439 6691
2427569 2441769 14200
2435202 2444838 9636
2441689 2448666 6977
2442485 2449326 6841
2435046 2449920 14874
2443568 2449920 6352
2435076 2450745 15669
2436331 2451207 14876
2444653 2451306 6653
2444915 2453451 8536
2434932 2453649 18717
2434751 2456520 21769
2436049 2456619 20570
2426552 2456784 30232
2439880 2457114 17234
2442604 2457279 14675
2443679 2457675 13996
2452221 2459094 6873
2439250 2459985 20735
2440368 2460513 20145
2455602 2461866 6264
2450908 2466816 15908
2462738 2469126 6388
2462354 2469819 7465
2460942 2471667 10725
2458265 2471766 13501
2459478 2474835 15357
2447704 2475627 27923
2469363 2476848 7485
2468180 2476881 8701
2471221 2478234 7013
2457862 2480082 22220
2474442 2481039 6597
2474254 2482788 8534
2457593 2484273 26680
2464958 2487507 22549
2467016 2488431 21415
2485013 2491632 6619
2486742 2493315 6573
2472079 2493909 21830
2465826 2494008 28182
2476313 2495790 19477
2482191 2495823 13632
2484620 2496120 11500
2490080 2497143 7063
2487840 2498859 11019
2492547 2499552 7005
2484460 2502291 17831
2492207 2502456 10249
2496399 2504733 8334
2481799 2505096 23297
2492958 2505558 12600
2490178 2505624 15446
2478478 2505657 27179
2490850 2506185 15335
2491291 2506218 14927
2495091 2506845 11754
2490138 2507241 17103
2491279 2509419 18140
2501096 2509551 8455
2494351 2509980 15629
2496424 2512125 15701
2504560 2514831 10271
2502594 2516250 13656
2506052 2516811 10759
2498786 2517141 18355
2511335 2517702 6367
2500670 2517801 17131
2503127 2518098 14971
2504034 2520771 16737
2510459 2520903 10444
2509242 2521299 12057
2504790 2521827 17037
2498057 2524500 26443
2519891 2526579 6688
2509937 2527602 17665
2520390 2529582 9192
2516996 2531595 14599
2524675 2531595 6920
2516900 2531727 14827
2523237 2532915 9678
2501864 2534466 32602
2517022 2535852 18830
2518107 2537568 19461
2524774 2540142 15368
2521935 2541462 19527
2532073 2541792 9719
2530030 2543376 13346
2530037 2543838 13801
2532939 2544399 11460
2521233 2544993 23760
2535499 2545983 10484
2535469 2547105 11636
2538670 2548656 9986
2537226 2551527 14301
2537177 2553573 16396
2545630 2553969 8339
2541137 2554035 12898
2546579 2554563 7984
2548771 2556180 7409
2530255 2557929 27674
2539362 2558457 19095
2552729 2558985 6256
2532001 2559216 27215
2536204 2560767 24563
2536662 2560800 24138
2555235 2562252 7017
2555781 2562879 7098
2556622 2563011 6389
2555732 2563143 7411
2557384 2565453 8069
2554160 2566707 12547
2560657 2567268 6611
2560856 2567862 7006
2561677 2568357 6680
2548036 2569182 21146
2552209 2570172 17963
2561718 2571459 9741
2566334 2572944 6610
2566318 2572944 6626
2561436 2574693 13257
2569424 2575683 6259
2565461 2575914 10453
2572820 2579082 6262
2567410 2579742 12332
2570520 2581656 11136
2573104 2582811 9707
2572115 2582844 10729
2572573 2583273 10700
2577082 2583702 6620
2580244 2586870 6626
2577367 2590401 13034
2584095 2592975 8880
2585699 2593206 7507
2587380 2595912 8532
2586048 2599014 12966
2581658 2602248 20590
2587911 2602809 14898
2583436 2602974 19538
2589717 2604459 14742
2593079 2604987 11908
2592741 2606076 13335
2583685 2607825 24140
2588604 2608188 19584
2595198 2608716 13518
2603265 2609937 6672
2584168 2610003 25835
2590967 2610531 19564
2592742 2611554 18812
2601327 2612379 11052
2592709 2615778 23069
2597977 2616933 18956
2604168 2617032 12864
2593957 2617857 23900
2598532 2618517 19985
2604697 2618616 13919
2591451 2620662 29211
2614353 2621718 7365
2602206 2622147 19941
2603047 2622279 19232
2616983 2623896 6913
2617364 2624424 7060
2608515 2624787 16272
2618866 2625117 6251
2612336 2625348 13012
2618429 2626371 7942
2614206 2628879 14673
2617218 2629242 12024
2613062 2629605 16543
2608737 2630199 21462
2623322 2631651 8329
2618965 2631684 12719
2598257 2632905 34648
2604271 2633433 29162
2624233 2634621 10388
2629745 2636370 6625
2627851 2637855 10004
2613085 2638416 25331
2624242 2639439 15197
2633462 2640066 6604
2630348 2640561 10213
2630118 2641122 11004
2624935 2642508 17573
2636572 2642838 6266
2623681 2643663 19982
2627562 2644191 16629
2630217 2648349 18132
2636525 2648877 12352
2638407 2649405 10998
2639659 2650527 10868
2642002 2651451 9449
2638563 2652078 13515
2646602 2652870 6268
2644639 2653134 8495
2644648 2656665 12017
2650257 2659899 9642
2653659 2660262 6603
2637178 2661582 24404
2642067 2662110 20043
2644087 2662506 18419
2642587 2662704 20117
2645236 2663100 17864
2643160 2663232 20072
2643566 2663859 20293
2658336 2664948 6612
2658425 2665443 7018
2650952 2666598 15646
2660971 2667225 6254
2661960 2669370 7410
2664556 2670822 6266
2667007 2673627 6620
2660029 2675145 15116
2658686 2676597 17911
2670808 2677785 6977
2668642 2677851 9209
2671530 2678280 6750
2670111 2678346 8235
2665931 2680293 14362
2668457 2680821 12364
2668064 2684715 16651
2675559 2686002 10443
2669572 2686035 16463
2677750 2687487 9737
2676360 2687553 11193
2681077 2687619 6542
2674355 2689005 14650
2685662 2692272 6610
2681230 2692635 11405
2683833 2693130 9297
2688109 2694351 6242
2676366 2695803 19437
2680201 2696298 16097
2683291 2696331 13040
2671466 2696364 24898
2681732 2699565 17833
2694048 2700291 6243
2697191 2703789 6598
2698641 2705241 6600
2689923 2707485 17562
2697874 2708475 10601
2694923 2710356 15433
2695779 2711676 15897
2692422 2712336 19914
2706604 2713491 6887
2690611 2714349 23738
2696279 2714745 18466
2692388 2715570 23182
2699582 2716593 17011
2707643 2717418 9775
2708075 2718276 10201
2696607 2719794 23187
2704721 2720619 15898
2711196 2722500 11304
2710209 2723325 13116
2703008 2723886 20878
2719258 2725569 6311
2710866 2725767 14901
2711892 2730486 18594
2708351 2730651 22300
2712420 2731608 19188
2712733 2732499 19766
2716727 2733357 16630
2728494 2735502 7008
2719816 2736327 16511
2728303 2737317 9014
2731944 2738637 6693
2732800 2739330 6530
2711490 2740584 29094
2728088 2741277 13189
2731458 2743290 11832
2713759 2744676 30917
2732515 2745666 13151
2728223 2745897 17674
2713147 2746260 33113
2730879 2748636 17757
2738107 2748966 10859
2737608 2751936 14328
2740737 2752497 11760
2723335 2752794 29459
2735458 2753124 17666
2735089 2753916 18827
2741416 2754873 13457
2724230 2755995 31765
2728441 2756523 28082
2745232 2757051 11819
2733168 2757150 23982
2732510 2757381 24871
2743445 2757579 14134
2734756 2757711 22955
2738519 2758041 19522
2745471 2759757 14286
2747562 2760846 13284
2756751 2764344 7593
2754424 2764476 10052
2748828 2764905 16077
2758933 2765268 6335
2752034 2765334 13300
2756500 2765631 9131
2757105 2766225 9120
2760906 2767215 6309
2761137 2768271 7134
2740915 2768502 27587
2762513 2768964 6451
2747385 2769030 21645
2753183 2769558 16375
2746924 2772759 25835
2764716 2772792 8076
2748073 2773287 25214
2749868 2773914 24046
2753655 2774376 20721
2765798 2775003 9205
2755003 2775993 20990
2759791 2776125 16334
2766671 2776752 10081
2762528 2778072 15544
2758337 2778270 19933
2745385 2780778 35393
2774528 2781141 6613
2772011 2781933 9922
2769526 2783880 14354
2779507 2786124 6617
2780608 2788500 7892
2767028 2788995 21967
2783896 2790150 6254
2777931 2791371 13440
2775460 2791569 16109
2779844 2792130 12286
2785672 2793516 7844
2781099 2796123 15024
2790230 2796486 6256
2778859 2796585 17726
2784863 2799357 14494
2781599 2801535 19936
2794477 2801865 7388
2781579 2802888 21309
2797371 2803614 6243
2797769 2804340 6571
2798238 2805264 7026
2801093 2807343 6250
2800874 2807508 6634
2801421 2808036 6615
2802244 2808201 5957
2797287 2811369 14082
2790941 2811633 20692
2794136 2811633 17497
2797571 2812128 14557
2791172 2812689 21517
2798866 2812755 13889
2790220 2812821 22601
2801811 2813811 12000
2805892 2815494 9602
2801565 2816550 14985
2811598 2817837 6239
2813280 2820180 6900
2810744 2821500 10756
2811690 2823282 11592
2804542 2823744 19202
2813902 2824272 10370
2814470 2825229 10759
2812704 2825922 13218
2814643 2826450 11807
2819965 2828793 8828
2824157 2830740 6583
2822064 2831268 9204
2821136 2832423 11287
2823998 2835030 11032
2824335 2838099 13764
2829269 2839749 10480
2826276 2840310 14034
2832065 2840409 8344
2821743 2840442 18699
2822645 2840508 17863
2827015 2840838 13823
2828261 2841366 13105
2828958 2841861 12903
2824165 2843544 19379
2827133 2844699 17566
2839712 2846448 6736
2833200 2847834 14634
2835925 2848692 12767
2832470 2849616 17146
2834231 2849616 15385
2844979 2851233 6254
2835034 2852619 17585
2843240 2852685 9445
2829900 2853048 23148
2836122 2853807 17685
2833201 2855754 22553
2829678 2856249 26571
2847512 2858460 10948
2852111 2858493 6382
2846425 2859219 12794
2842362 2859516 17154
2848235 2861826 13591
2842177 2863740 21563
2851949 2866182 14233
2851741 2866413 14672
2857522 2866743 9221
2851264 2869119 17855
2856397 2869614 13217
2851557 2869647 18090
2863879 2870142 6263
2858058 2872815 14757
2867057 2874069 7012
2867545 2874597 7052
2867962 2874894 6932
2871340 2878029 6689
2872311 2879415 7104
2867998 2881065 13067
2866961 2881329 14368
2862833 2882088 19255
2872039 2886840 14801
2880453 2887137 6684
2866144 2889447 23303
2884372 2893209 8837
2879240 2893968 14728
2882199 2894430 12231
2880557 2896245 15688
2875924 2896410 20486
2867773 2897169 29396
2880950 2899116 18166
2894889 2901195 6306
2894936 2901690 6754
2888515 2901723 13208
2877415 2902977 25562
2885887 2903307 17420
2895052 2904792 9740
2891761 2905848 14087
2892493 2906442 13949
2890167 2907036 16869
2889613 2907564 17951
2892090 2908752 16662
2889360 2910501 21141
2901243 2913834 12591
2898578 2913933 15355
2899008 2914890 15882
2890699 2915484 24785
2887349 2916804 29455
2905097 2917563 12466
2895452 2919873 24421
2888158 2920203 32045
2914934 2921193 6259
2906047 2925450 19403
2915277 2927529 12252
2905640 2927628 21988
2911256 2928981 17725
2923266 2931984 8718
2921477 2932413 10936
2918363 2934657 16294
2923883 2935020 11137
2915614 2935350 19736
2920008 2935845 15837
2930490 2938056 7566
2932852 2939112 6260
2930033 2942049 12016
2935950 2942214 6264
2922223 2942346 20123
2932355 2942610 10255
2925680 2944458 18778
2929756 2945547 15791
2929566 2946669 17103
2940432 2946669 6237
2939126 2949210 10084
2940719 2952015 11296
2937598 2952741 15143
2941373 2955150 13777
2950144 2956767 6623
2945731 2957856 12125
2951406 2962905 11499
2957086 2963334 6248
2955846 2964687 8841
2955653 2966403 10750
2957116 2969043 11927
2948375 2970660 22285
2963521 2973762 10241
2965858 2974257 8399
2958383 2976567 18184
2960401 2977425 17024
2960357 2978184 17827
2967674 2978250 10576
2965649 2978976 13327
2964414 2979273 14859
2964997 2982045 17048
2975928 2982540 6612
2978704 2984949 6245
2969017 2985378 16361
2974112 2989569 15457
2983006 2992275 9269
2985386 2995773 10387
2985773 2996136 10363
2987767 2998842 11075
2988676 2999931 11255
2982562 3000756 18194
2998885 3005310 6425
2994943 3005805 10862
2990238 3005970 15732
2990981 3007917 16936
3003327 3009336 6009
2996373 3013296 16923
3001528 3015738 14210
3000053 3017421 17368
3004669 3018444 13775
3012361 3018774 6413
2996049 3019038 22989
3005761 3019071 13310
3009084 3019830 10746
3009341 3020127 10786
3010529 3020655 10126
3013093 3020919 7826
3008919 3021744 12825
3005716 3022569 16853
3008389 3023724 15335
3014014 3023922 9908
3018436 3026298 7862
3011409 3026397 14988
3008158 3026925 18767
3012243 3028608 16365
3011459 3029499 18040
3016368 3029631 13263
3026950 3032931 5981
3015860 3036033 20173
3026066 3036495 10429
3030272 3036528 6256
3029616 3040125 10509
3023012 3041280 18268
3031454 3042237 10783
3035618 3042237 6619
3022518 3045009 22491
3036771 3046725 9954
3035743 3048177 12434
3037402 3048606 11204
3038780 3049233 10453
3040591 3049233 8642
3044830 3051081 6251
3044731 3051741 7010
3041737 3052500 10763
3038536 3052896 14360
3031890 3054348 22458
3048871 3055833 6962
3034468 3056394 21926
3047470 3058209 10739
3047974 3058836 10862
3047237 3059199 11962
3049075 3061179 12104
3053830 3068736 14906
3050373 3070815 20442
3054221 3071871 17650
3060524 3073521 12997
3065617 3075171 9554
3053795 3076128 22333
3063053 3077547 14494
3059017 3078405 19388
3069891 3078702 8811
3061146 3078834 17688
3062454 3079197 16743
3061687 3079659 17972
3072774 3081870 9096
3072908 3082200 9292
3077759 3084411 6652
3078172 3084774 6602
3079588 3085830 6242
3072560 3087315 14755
3083554 3089823 6269
3083342 3090615 7273
3085821 3096753 10932
3091758 3098007 6249
3086979 3098898 11919
3088115 3102561 14446
3091320 3104673 13353
3081998 3105234 23236
3091869 3106059 14190
3086955 3108435 21480
3100671 3111042 10371
3100956 3111504 10548
3098249 3112560 14311
3096738 3114243 17505
3100590 3114243 13653
3099112 3115695 16583
3108018 3117378 9360
3111337 3117576 6239
3103100 3118203 15103
3096745 3120117 23372
3108806 3120447 11641
3100134 3120645 20511
3114347 3123450 9103
3106194 3123648 17454
3104299 3123879 19580
3105184 3123912 18728
3102834 3124275 21441
3117784 3126123 8339
3116540 3127080 10540
3105915 3130314 24399
3112024 3132129 20105
3111565 3133020 21455
3123206 3133878 10672
3123349 3134637 11288
3126209 3135264 9055
3121685 3137607 15922
3120020 3138201 18181
3112640 3138960 26320
3119975 3139653 19678
3124110 3139983 15873
3124483 3140511 16028
3129427 3140841 11414
3127254 3142887 15633
3115903 3143745 27842
3128338 3145593 17255
3126087 3147111 21024
3127855 3147771 19916
3135342 3148332 12990
3129275 3148695 19420
3137801 3150741 12940
3143403 3150873 7470
3141854 3151434 9580
3137870 3154470 16600
3134830 3154635 19805
3141543 3154701 13158
3145573 3156054 10481
3136984 3157572 20588
3154369 3161169 6800
3155148 3161829 6681
3150694 3164634 13940
3141714 3165063 23349
3148013 3165459 17446
3157366 3168132 10766
3153641 3168264 14623
3165621 3172059 6438
3165730 3172719 6989
3162971 3174303 11332
3158298 3174402 16104
3162790 3174567 11777
3164095 3174864 10769
3165282 3175590 10308
3160464 3175887 15423
3169535 3176283 6748
3170915 3177009 6094
3169964 3180078 10114
3171461 3180672 9211
3171011 3181365 10354
3165698 3182223 16525
3163599 3182718 19119
3176549 3183180 6631
3176620 3186051 9431
3170274 3189285 19011
3181905 3189549 7644
3171714 3190077 18363
3183593 3191430 7837
3183712 3191991 8279
3167086 3192618 25532
3172755 3195192 22437
3178497 3195720 17223
3179130 3195819 16689
3189681 3195984 6303
3185213 3196347 11134
3190949 3196908 5959
3180570 3198459 17889
3191216 3199779 8563
3184132 3200604 16472
3193525 3201660 8135
3194056 3203574 9518
3197699 3204300 6601
3195720 3204531 8811
3187581 3206973 19392
3185190 3207600 22410
3189700 3207600 17900
3197878 3208623 10745
3193860 3208689 14829
3192754 3209217 16463
3199090 3210306 11216
3199043 3210966 11923
3191370 3212484 21114
3207877 3213837 5960
3191389 3214200 22811
3200963 3214200 13237
3209345 3216015 6670
3204138 3216609 12471
3204165 3217137 12972
3202123 3218259 16136
3210728 3219381 8653
3211900 3219546 7646
3203544 3221691 18147
3196013 3222087 26074
3206054 3222219 16165
3206110 3222747 16637
3209669 3222945 13276
3219426 3225387 5961
3214625 3225948 11323
3216787 3228489 11702
3218167 3229017 10850
3210123 3230304 20181
3215160 3231690 16530
3209680 3231954 22274
3228028 3238983 10955
3232407 3239016 6609
3232159 3241689 9530
3231984 3242349 10365
3237540 3244164 6624
3239616 3245880 6264
3242714 3249345 6631
3244742 3251391 6649
3242365 3252810 10445
3243989 3255120 11131
3246479 3255384 8905
3243000 3258354 15354
3248803 3259575 10772
3251113 3259938 8825
3250488 3261423 10935
3251759 3261423 9664
3240393 3262314 21921
3256016 3263667 7651
3258201 3264855 6654
3252215 3265944 13729
3260193 3266538 6345
3260317 3266571 6254
3250892 3266736 15844
3251100 3269277 18177
3246177 3269937 23760
3266851 3277791 10940
3266809 3277857 11048
3274070 3280398 6328
3260480 3282081 21601
3270783 3285513 14730
3262095 3288516 26421
3263724 3289077 25353
3264320 3290727 26407
3276761 3292047 15286
3272802 3292245 19443
3277023 3292674 15651
3274763 3293928 19165
3277750 3294489 16739
3285150 3295644 10494
3287342 3296271 8929
3290466 3297987 7521
3277647 3299340 21693
3291730 3301023 9293
3282352 3302541 20189
3278522 3302607 24085
3280134 3303663 23529
3293222 3304257 11035
3290049 3304818 14769
3289990 3310065 20075
3296752 3311088 14336
3305949 3312771 6822
3288116 3314190 26074
3306155 3315246 9091
3301901 3315840 13939
3310111 3316995 6884
3303810 3317952 14142
3301534 3319107 17573
3309781 3320295 10514
3315776 3322044 6268
3311300 3323166 11866
3320229 3326532 6303
3315908 3326565 10657
3315946 3326697 10751
3318660 3327885 9225
3313640 3328776 15136
3309733 3329634 19901
3311243 3329766 18523
3322351 3331878 9527
3319497 3332901 13404
3328168 3334419 6251
3323738 3336729 12991
3310521 3336894 26373
3333403 3340095 6692
3330332 3341118 10786
3327174 3343329 16155
3339618 3346233 6615
3338865 3348015 9150
3333923 3348873 14950
3342941 3349203 6262
3333957 3349269 15312
3342680 3352338 9658
3347513 3354846 7333
3348607 3355209 6602
3336191 3355440 19249
3349781 3356034 6253
3345931 3357750 11819
3347709 3360654 12945
3348558 3360852 12294
3350472 3361512 11040
3340079 3363360 23281
3359234 3366231 6997
3355260 3368706 13446
3350747 3370521 19774
3358976 3372138 13162
3365133 3372765 7632
3367338 3374745 7407
3362254 3377121 14867
3368629 3377715 9086
3371608 3379002 7394
3373945 3379893 5948
3374405 3380388 5983
3366875 3381675 14800
3370057 3382566 12509
3366619 3383127 16508
3371421 3384909 13488
3370806 3387021 16215
3376673 3388572 11899
3377004 3389166 12162
3380303 3389727 9424
3383280 3390255 6975
3366898 3392235 25337
3377445 3392697 15252
3389162 3398505 9343
3392346 3399033 6687
3384829 3399957 15128
3382688 3401673 18985
3388783 3403059 14276
3395459 3403092 7633
3399213 3406392 7179
3393340 3407679 14339
3389688 3409197 19509
3384299 3409659 25360
3396966 3410946 13980
3397398 3411540 14142
3391786 3412002 20216
3393874 3414345 20471
3390568 3414741 24173
3398381 3414906 16525
3399480 3416952 17472
3404134 3418041 13907
3410690 3418470 7780
3400918 3421704 20786
3410961 3421902 10941
3406118 3422067 15949
3417011 3423882 6871
3410100 3428700 18600
3418875 3429459 10584
3418752 3429657 10905
3423170 3429789 6619
3408177 3432165 23988
3422983 3432396 9413
3424832 3435135 10303
3424945 3437544 12599
3425651 3437577 11926
3434884 3441735 6851
3428838 3441867 13029
3435143 3441867 6724
3435862 3442395 6533
3432210 3443385 11175
3421981 3445497 23516
3444836 3451074 6238
3436410 3451800 15390
3432283 3452328 20045
3442776 3452757 9981
3439389 3455859 16470
3450771 3457113 6342
3432669 3457179 24510
3452160 3459159 6999
3453167 3459753 6586
3449741 3460809 11068
3445364 3461601 16237
3447210 3461898 14688
3452386 3463515 11129
3455308 3464505 9197
3449952 3466914 16962
3455067 3469653 14586
3456019 3470247 14228
3462893 3470775 7882
3446766 3471765 24999
3458959 3472326 13367
3460814 3472821 12007
3458041 3473943 15902
3455266 3473976 18710
3459535 3474471 14936
3455707 3474669 18962
3457151 3477870 20719
3469584 3480114 10530
3474044 3480279 6235
3453758 3480741 26983
3451962 3483315 31353
3454344 3483777 29433
3472473 3483876 11403
3468012 3486219 18207
3461881 3486978 25097
3457237 3489420 32183
3484926 3491664 6738
3475401 3492588 17187
3483263 3492687 9424
3483849 3494733 10884
3476325 3497934 21609
3473352 3498264 24912
3481299 3499089 17790
3475358 3499617 24259
3484296 3499914 15618
3482789 3501993 19204
3492294 3503478 11184
3498738 3505458 6720
3493205 3506679 13474
3491926 3507273 15347
3493216 3507702 14486
3493307 3509880 16573
3492849 3510375 17526
3502716 3513477 10761
3509400 3515754 6354
3504799 3516645 11846
3512392 3519054 6662
3502917 3521001 18084
3504848 3521562 16714
3510982 3521991 11009
3507905 3525192 17287
3520675 3527304 6629
3515919 3528360 12441
3517621 3529812 12191
3519449 3530373 10924
3526566 3532815 6249
3523761 3533442 9681
3528080 3534333 6253
3529089 3535092 6003
3529380 3535620 6240
3530609 3539151 8542
3533248 3539943 6695
3530935 3540933 9998
3527470 3543144 15674
3534439 3544002 9563
3529888 3544827 14939
3536026 3545850 9824
3539222 3545850 6628
3536230 3546774 10544
3541676 3548424 6748
3535330 3548820 13490
3543522 3549612 6090
3544325 3550899 6574
3539572 3551064 11492
3549742 3556113 6371
3541144 3556410 15266
3534658 3557532 22874
3544138 3558621 14483
3540224 3559215 18991
3542989 3559875 16886
3547764 3560403 12639
3551351 3561327 9976
3555094 3561723 6629
3555164 3563802 8638
3552461 3564297 11836
3548613 3564858 16245
3560154 3566409 6255
3547552 3568059 20507
3557688 3568488 10800
3563862 3570930 7068
3554723 3571722 16999
3565495 3572151 6656
3565896 3572646 6750
3546039 3572976 26937
3559667 3574197 14530
3564979 3574791 9812
3549291 3575187 25896
3571590 3577827 6237
3558321 3577860 19539
3572881 3579510 6629
3563690 3581061 17371
3572939 3583767 10828
3573466 3584130 10664
3568989 3587331 18342
3576878 3587661 10783
3578632 3590037 11405
3585217 3595647 10430
3586313 3596703 10390
3589724 3598452 8728
3592351 3598683 6332
3592089 3598716 6627
3592111 3600069 7958
3594024 3600333 6309
3592749 3601587 8838
3592575 3602808 10233
3589792 3603072 13280
3590813 3607197 16384
3597045 3607923 10878
