137 6765 6628
1953 11154 9201
1525 13035 11510
1632 13431 11799
4861 16863 12002
12035 18645 6610
7657 19503 11846
7850 19602 11752
4766 22242 17476
15892 22506 6614
13993 23100 9107
13216 27126 13910
17808 28677 10869
13978 29106 15128
23583 30690 7107
25373 31614 6241
28958 35640 6682
15203 35706 20503
22913 38874 15961
25899 40359 14460
21463 42273 20810
28426 42867 14441
23340 42966 19626
36805 43065 6260
36592 43197 6605
33796 46992 13196
32702 50028 17326
41685 50820 9135
44254 51348 7094
32834 52503 19669
38172 54318 16146
34656 54483 19827
46885 57024 10139
39635 57717 18082
41285 58707 17422
45145 60126 14981
44092 60951 16859
54239 61710 7471
55579 62238 6659
49437 66429 16992
55757 66594 10837
56065 66660 10595
60931 68343 7412
62664 69069 6405
59886 70323 10437
59036 71940 12904
51936 72303 20367
53163 73425 20262
55697 73491 17794
65484 75009 9525
56605 75504 18899
67511 75570 8059
62117 76692 14575
70477 77319 6842
71365 80652 9287
75100 81477 6377
70187 82368 12181
70984 82929 11945
61143 84216 23073
66202 85305 19103
69701 86196 16495
78517 86460 7943
70176 87285 17109
72682 88407 15725
80655 89496 8841
66161 89562 23401
78489 92499 14010
83697 93027 9330
70822 93093 22271
86853 93621 6768
75853 94215 18362
67942 94248 26306
77858 96855 18997
73393 97383 23990
79985 97878 17893
83561 98406 14845
85083 98934 13851
94937 101145 6208
83978 102927 18949
84829 103488 18659
90224 104016 13792
90026 104313 14287
98067 104874 6807
74478 105303 30825
98572 105369 6797
81327 105864 24537
70738 107283 36545
90464 107943 17479
91102 108900 17798
101910 110253 8343
92097 110682 18585
76154 111606 35452
92631 112101 19470
89785 112431 22646
79266 112695 33429
90748 112827 22079
100428 114840 14412
93362 115665 22303
99496 115797 16301
108219 118932 10713
93455 119559 26104
114973 123090 8117
101087 125466 24379
106195 125532 19337
116774 125697 8923
119497 126192 6695
105718 126258 20540
111602 126588 14986
120148 126753 6605
120318 129195 8877
106756 129459 22703
106086 129954 23868
113016 130482 17466
117669 132165 14496
122279 133254 10975
129435 136125 6690
122624 136257 13633
127382 137709 10327
130389 138798 8409
119459 139029 19570
123930 139524 15594
122299 141966 19667
133502 142329 8827
129365 142626 13261
110240 142725 32485
131971 143847 11876
138239 144837 6598
135728 145332 9604
139814 145761 5947
140287 146553 6266
145793 152394 6601
132836 152625 19789
138081 153186 15105
139097 153186 14089
144708 153912 9204
139985 154275 14290
149345 156024 6679
142599 157014 14415
141593 157509 15916
152534 159522 6988
153520 160083 6563
139608 161304 21696
150789 161667 10878
151056 162096 11040
151157 162525 11368
155299 164241 8942
148656 164274 15618
156653 165363 8710
159981 166221 6240
158621 166551 7930
156919 168861 11942
160307 170313 10006
158840 170808 11968
165336 173184 7848
158266 174009 15743
159585 176055 16470
174184 180444 6260
174010 182655 8645
173713 184470 10757
177295 188034 10739
178039 189123 11084
176718 191037 14319
173688 191268 17580
183353 194172 10819
188152 194403 6251
189042 195657 6615
187744 196944 9200
186784 198330 11546
183714 201300 17586
195435 201432 5997
196385 204006 7621
195687 205491 9804
195883 206250 10367
193603 206712 13109
192941 208065 15124
191007 208692 17685
191576 208758 17182
198706 209418 10712
196025 212421 16396
202819 212553 9734
204477 213180 8703
198087 214236 16149
194988 214302 19314
196058 215490 19432
208857 216117 7260
195650 216249 20599
209496 216645 7149
201714 216876 15162
208865 218229 9364
210195 218823 8628
207613 221892 14279
209817 222090 12273
206292 224169 17877
220093 226710 6617
217686 226875 9189
221906 228492 6586
222851 229119 6268
219195 229647 10452
223780 229812 6032
219278 230142 10864
226950 233211 6261
226921 233904 6983
225921 235653 9732
225628 236940 11312
223386 236973 13587
219608 238491 18883
228818 239877 11059
232749 241131 8382
232298 243441 11143
228093 243969 15876
227917 244299 16382
232060 244926 12866
231659 247566 15907
240725 250272 9547
241011 250272 9261
237681 253341 15660
242053 254991 12938
242005 255057 13052
235223 256047 20824
234848 256575 21727
246180 257664 11484
244944 258390 13446
242842 260931 18089
245385 261492 16107
254548 261558 7010
240394 261591 21197
245452 263769 18317
258240 264660 6420
241453 264693 23240
260096 266046 5950
241942 266376 24434
258301 267663 9362
260565 268158 7593
254991 269280 14289
248099 269808 21709
258838 272316 13478
259922 273735 13813
263409 273999 10590
266413 275517 9104
268673 275781 7108
260282 276705 16423
266781 281424 14643
265727 282084 16357
275765 282447 6682
262392 283998 21606
279145 285582 6437
267684 286506 18822
268888 287727 18839
282080 288882 6802
269483 291918 22435
272461 292347 19886
267462 294360 26898
277907 294525 16618
280469 294624 14155
283036 295581 12545
270793 297891 27098
280609 297924 17315
279458 298815 19357
288019 300630 12611
284510 301851 17341
291477 303600 12123
295018 305745 10727
299896 306141 6245
290397 308979 18582
292528 311520 18992
288274 311685 23411
304860 311685 6825
293614 312048 18434
298568 312642 14074
297060 314754 17694
301089 314787 13698
297725 315843 18118
302204 317493 15289
311637 317955 6318
312983 318945 5962
314254 321453 7199
291636 321717 30081
315418 322410 6992
314650 322641 7991
311546 322773 11227
303015 324654 21639
312363 325248 12885
304262 325347 21085
302958 325644 22686
305886 326403 20517
304609 326436 21827
310577 328944 18367
318550 329538 10988
322921 330099 7178
323783 330693 6910
311429 330924 19495
317207 331848 14641
327595 334686 7091
328338 334884 6546
331300 337557 6257
309962 338118 28156
324609 344190 19581
332961 344982 12021
328096 345279 17183
335181 346170 10989
331398 346896 15498
336661 347985 11324
346383 352803 6420
341432 353595 12163
328001 355278 27277
345187 356169 10982
339720 356829 17109
347052 358908 11856
354181 360789 6608
351786 361911 10125
339828 362901 23073
343904 362901 18997
351451 363990 12539
346751 365376 18625
338740 365739 26999
349817 366102 16285
339136 366333 27197
358542 366366 7824
350002 366630 16628
337534 366894 29360
362185 368445 6260
360414 369237 8823
365241 371481 6240
356363 372207 15844
354507 372339 17832
367150 373395 6245
369101 375705 6604
370298 376926 6628
367785 377025 9240
367960 377553 9593
371000 377982 6982
372479 378444 5965
373638 380622 6984
365239 380886 15647
367318 382833 15515
371831 382998 11167
372499 383592 11093
376749 385440 8691
374156 385935 11779
376757 389829 13072
383472 392205 8733
385492 392733 7241
382638 393030 10392
388757 395373 6616
380363 396033 15670
385521 397485 11964
382587 399135 16548
381208 403755 22547
390981 405240 14259
393530 405240 11710
395708 407253 11545
390096 408540 18444
389536 409002 19466
394053 409596 15543
396709 410322 13613
401242 412302 11060
402441 412863 10422
406456 412962 6506
397863 414051 16188
395375 414711 19336
390910 416064 25154
404205 416295 12090
398320 416724 18404
401581 418242 16661
398649 419298 20649
405086 419463 14377
412769 419793 7024
408730 419991 11261
398458 422202 23744
415243 422796 7553
395325 422895 27570
416236 425535 9299
406149 425601 19452
406947 426690 19743
408704 426756 18052
401736 429099 27363
412845 429660 16815
414369 429924 15555
407806 430188 22382
420253 431838 11585
402719 432036 29317
423943 432234 8291
405414 432564 27150
425122 432762 7640
420191 433389 13198
421043 435765 14722
424566 436095 11529
430298 436986 6688
420264 437679 17415
429603 439164 9561
427045 440319 13274
435862 442101 6239
429738 443421 13683
437046 443718 6672
431899 444543 12644
431970 445137 13167
433907 446127 12220
437560 446325 8765
439849 446457 6608
428163 446754 18591
440892 447249 6357
432973 447843 14870
441042 450549 9507
434318 452496 18178
426425 452628 26203
433329 453255 19926
443282 454575 11293
445323 455301 9978
430458 456489 26031
430548 457017 26469
444869 457611 12742
430407 458370 27963
441484 458403 16919
443882 458964 15082
444825 459030 14205
445013 459492 14479
437304 460944 23640
431652 461076 29424
452994 462231 9237
455445 462759 7314
448678 463683 15005
455274 465828 10554
461110 468039 6929
456653 472626 15973
460557 472890 12333
456767 473220 16453
462796 473880 11084
448003 474342 26339
467795 475926 8131
456934 475959 19025
457122 476454 19332
458113 476553 18440
450568 476982 26414
450940 477180 26240
451108 477576 26468
457315 477741 20426
449461 478137 28676
455657 478995 23338
472397 479424 7027
473276 479919 6643
473742 480744 7002
452890 483186 30296
477675 483912 6237
481887 488532 6645
473908 488994 15086
482780 489390 6610
471134 490974 19840
477929 491700 13771
485066 492030 6964
485086 492525 7439
485599 494835 9236
488370 495363 6993
485488 497277 11789
490851 497475 6624
485576 497706 12130
484953 499026 14073
492982 499653 6671
488255 500148 11893
493125 500577 7452
490316 501171 10855
495294 504801 9507
496533 506286 9753
481766 506781 25015
492952 507342 14390
482553 507870 25317
493123 508530 15407
481425 508926 27501
498849 508992 10143
503989 510213 6224
493262 511797 18535
505000 514866 9866
494712 517374 22662
498318 518067 19749
499819 518133 18314
500326 518661 18335
494278 519717 25439
509290 521796 12506
516320 522951 6631
514768 523611 8843
497525 524502 26977
506526 525525 18999
496656 525558 28902
500218 526053 25835
512093 527868 15775
518130 528990 10860
521559 532587 11028
506758 532620 25862
510695 534204 23509
525588 535029 9441
527253 535623 8370
501479 536184 34705
521694 538956 17262
523473 539484 16011
515791 539649 23858
518015 539715 21700
528016 540540 12524
521287 542586 21299
522143 543147 21004
525740 543576 17836
513567 543642 30075
528523 543972 15449
532681 544368 11687
524282 546744 22462
533131 547107 13976
542252 548229 5977
533985 549945 15960
540807 551595 10788
545980 552222 6242
535136 552651 17515
547104 553905 6801
547846 554136 6290
543152 556446 13294
541595 557205 15610
532474 557403 24929
546784 557700 10916
551754 560571 8817
554363 561099 6736
546101 561858 15757
556592 563211 6619
553772 564201 10429
551467 564267 12800
547641 564762 17121
548354 568029 19675
556920 571131 14211
553088 572484 19396
567758 574332 6574
567755 574431 6676
558350 574860 16510
568723 574926 6203
565081 575421 10340
565131 576444 11313
571327 578127 6800
555152 581922 26770
563010 582153 19143
547624 582450 34826
563244 583704 20460
580034 586641 6607
576770 588027 11257
577188 588621 11433
582523 589182 6659
580853 589974 9121
576690 592020 15330
577502 592911 15409
573520 593472 19952
583978 594099 10121
585476 594693 9217
574673 596706 22033
575697 596739 21042
581359 597861 16502
568223 597894 29671
581362 598356 16994
583470 598752 15282
575552 598884 23332
589068 600600 11532
579778 601821 22043
582253 604296 22043
599474 605682 6208
582312 607167 24855
601385 608058 6673
587731 608355 20624
601664 609510 7846
593370 610764 17394
591098 610929 19831
598851 611391 12540
598965 612711 13746
606255 613107 6852
601193 617991 16798
603351 618651 15300
607223 618684 11461
601850 618816 16966
612070 622446 10376
596116 624327 28211
612964 625515 12551
621680 628353 6673
620774 628617 7843
621993 628683 6690
614238 631455 17217
613615 631554 17939
625196 631785 6589
613737 631884 18147
621593 633006 11413
624306 633567 9261
619968 638154 18186
618235 640002 21767
619187 640860 21673
631675 642510 10835
630127 642675 12548
624599 643335 18736
624631 643764 19133
637430 643830 6400
633403 645579 12176
630176 648912 18736
635594 648945 13351
629901 649836 19935
638182 650397 12215
633738 652113 18375
624390 652806 28416
644397 654819 10422
650858 657096 6238
637807 657921 20114
646228 658449 12221
653246 659505 6259
630776 661155 30379
636751 661716 24965
651741 662112 10371
636902 662310 25408
656968 664158 7190
650048 665016 14968
654801 666105 11304
660289 666699 6410
652963 667392 14429
661878 669405 7527
654159 669801 15642
662985 669933 6948
657822 672276 14454
661419 673002 11583
652978 674223 21245
657128 674355 17227
659837 679140 19303
668623 679899 11276
663263 680526 17263
661884 681153 19269
658333 682605 24272
677444 684057 6613
665087 684354 19267
661184 685047 23863
676545 685245 8700
680453 686697 6244
680166 686829 6663
667763 689799 22036
676259 691812 15553
682698 691911 9213
664949 691944 26995
668544 694287 25743
684432 694518 10086
681059 695112 14053
684083 695871 11788
678903 697719 18816
682788 699600 16812
685972 701283 15311
689511 701646 12135
681328 703065 21737
691581 703923 12342
696818 706629 9811
690039 706695 16656
697878 707157 9279
702249 708939 6690
678280 709071 30791
689011 709863 20852
700967 714978 14011
702210 716100 13890
700206 716232 16026
703630 718773 15143
692847 718905 26058
710549 719367 8818
703629 719664 16035
713624 720291 6667
715545 721578 6033
700232 722370 22138
701235 722964 21729
701020 723360 22340
703085 723426 20341
706726 724779 18053
718807 725835 7028
717237 729729 12492
719252 730191 10939
717382 730290 12908
717463 730851 13388
724966 731940 6974
707742 734283 26541
708140 734613 26473
723322 735537 12215
712892 735867 22975
718226 736395 18169
715563 736956 21393
711410 737682 26272
716203 738309 22106
722111 739035 16924
727418 739101 11683
725338 739530 14192
713008 739761 26753
735017 741279 6262
725910 742467 16557
732055 743721 11666
737875 744546 6671
735268 745206 9938
736141 745767 9626
736811 746328 9517
733434 746955 13521
742302 749199 6897
719320 749661 30341
744007 749991 5984
741036 750519 9483
746474 752664 6190
724367 753588 29221
731202 754149 22947
744993 756228 11235
725510 757614 32104
737254 757614 20360
748742 757845 9103
741524 759462 17938
742516 760881 18365
748453 761640 13187
734741 762960 28219
753334 763521 10187
745827 766194 20367
749164 766458 17294
732721 766722 34001
746656 766722 20066
755422 767118 11696
739724 767679 27955
752732 769461 16729
740404 770319 29915
745443 770385 24942
750052 770814 20762
756698 773454 16756
761071 773520 12449
764281 773982 9701
765049 774114 9065
768452 775632 7180
757499 775698 18199
758428 776127 17699
757926 778371 20445
759030 778767 19737
763119 778800 15681
763827 779361 15534
760008 779922 19914
763078 783156 20078
764601 783552 18951
752574 784146 31572
773518 784179 10661
774626 784773 10147
759758 784806 25048
765956 785367 19411
751603 785862 34259
759331 785994 26663
766380 786423 20043
759631 787512 27881
772388 787512 15124
764767 788040 23273
768012 789756 21744
784491 790515 6024
773804 791010 17206
757929 791241 33312
783374 791571 8197
769427 791802 22375
771561 792495 20934
776743 793584 16841
777237 793617 16380
787778 794277 6499
776780 794541 17761
772684 797148 24464
766841 797511 30670
775223 800085 24862
794062 800679 6617
765972 800712 34740
784362 801438 17076
772194 803649 31455
780922 804375 23453
797943 804639 6696
799312 806421 7109
778440 807774 29334
795623 808005 12382
789184 808302 19118
792930 808863 15933
800287 809127 8840
803860 810480 6620
801281 811965 10684
801555 812097 10542
803143 812691 9548
806955 813219 6264
808184 814803 6619
804727 815100 10373
800639 815925 15286
810473 817872 7399
810856 818400 7544
810749 821535 10786
809708 822690 12982
812969 829719 16750
818231 829950 11719
822663 831072 8409
824072 831666 7594
825407 831732 6325
813309 835164 21855
828577 835263 6686
820398 837408 17010
824576 838332 13756
815411 838794 23383
824650 838827 14177
827859 838827 10968
829992 839355 9363
832786 842061 9275
826188 842688 16500
833591 843678 10087
828150 844239 16089
837184 845328 8144
835629 845955 10326
835653 846582 10929
826716 847737 21021
842629 849255 6626
844106 850344 6238
826452 852258 25806
835959 852918 16959
835792 853314 17522
842847 853446 10599
847289 856482 9193
848458 857109 8651
852251 858858 6607
853410 860013 6603
847225 860376 13151
843578 861366 17788
851161 861729 10568
848060 861861 13801
834109 863577 29468
854030 867669 13639
859098 868197 9099
857551 868989 11438
861573 869220 7647
855078 873609 18531
853757 874236 20479
850666 874467 23801
848818 874797 25979
845834 875160 29326
853918 875721 21803
856402 875721 19319
857660 876150 18490
866437 877866 11429
854068 878460 24392
852360 879351 26991
854635 880440 25805
875527 882156 6629
869228 882189 12961
854126 883839 29713
879752 886446 6694
879829 886446 6617
874742 887700 12958
866783 889581 22798
884473 890736 6263
867053 890934 23881
871242 891066 19824
881003 891693 10690
864964 892683 27719
879728 894696 14968
881013 894762 13749
882134 896313 14179
887885 897402 9517
877363 897732 20369
893630 899877 6247
887965 900372 12407
887693 900801 13108
890430 900933 10503
889330 905058 15728
889834 905487 15653
880503 905652 25149
891120 906015 14895
893749 907170 13421
902396 908721 6325
901320 910635 9315
891586 911658 20072
879934 912615 32681
895020 913836 18816
909331 916344 7013
891104 916443 25339
898839 916905 18066
910562 917037 6475
911167 917433 6266
899152 917466 18314
903419 917928 14509
902354 919908 17554
907103 920634 13531
913205 922944 9739
914427 923538 9111
910773 924330 13557
908856 924363 15507
914880 924891 10011
918698 925485 6787
895128 927597 32469
921317 928125 6808
914171 928719 14548
924488 930930 6442
920837 931986 11149
916157 932415 16258
908228 933471 25243
924464 933636 9172
921535 936441 14906
919817 937662 17845
922495 939378 16883
924816 939642 14826
916941 939939 22998
926579 940203 13624
921143 940368 19225
924154 941391 17237
924367 941985 17618
920556 942645 22089
918956 942678 23722
921060 943668 22608
927441 945384 17943
939848 946110 6262
934724 946407 11683
940458 946638 6180
926224 950070 23846
932679 951621 18942
938033 952149 14116
926366 953271 26905
943013 954789 11776
942119 954888 12769
928544 955482 26938
933399 955548 22149
940771 957462 16691
948663 957759 9096
946778 960762 13984
945630 960960 15330
944882 961125 16243
953042 961950 8908
955944 962907 6963
952751 963666 10915
946653 963930 17277
954019 964194 10175
933463 965184 31721
953356 965514 12158
945588 967560 21972
947404 968187 20783
959425 970926 11501
958083 971223 13140
962823 972015 9192
965361 973698 8337
962146 974490 12344
951383 974589 23206
965362 976668 11306
965377 976833 11456
960982 977691 16709
970164 977856 7692
963647 980562 16915
961164 980958 19794
967246 981189 13943
956607 981453 24846
961319 981519 20200
962183 983664 21481
973128 983928 10800
955558 985314 29756
971481 988350 16869
982573 989076 6503
974973 989604 14631
968148 991782 23634
975217 992937 17720
988249 994521 6272
989585 995841 6256
978146 995874 17728
980264 996435 16171
974253 997590 23337
981360 998184 16824
984157 1001418 17261
985384 1001484 16100
997019 1003266 6247
991417 1004190 12773
995397 1004718 9321
994273 1005543 11270
991530 1006335 14805
992096 1006863 14767
989950 1007787 17837
996981 1008348 11367
993344 1008645 15301
996412 1009272 12860
999407 1009602 10195
996145 1011417 15272
995208 1011978 16770
1006093 1012341 6248
998123 1013595 15472
1006856 1018182 11326
1005682 1019205 13523
1010798 1021779 10981
1007765 1022241 14476
1000641 1024518 23877
1013003 1024617 11614
1009074 1025475 16401
1013184 1027125 13941
1019790 1027719 7929
1021578 1027785 6207
1022095 1028544 6449
1022887 1028841 5954
999934 1031085 31151
1018864 1031547 12683
1014158 1031778 17620
1015739 1031943 16204
1025511 1032504 6993
1025182 1034154 8972
1024983 1034847 9864
1029149 1035375 6226
1017218 1035837 18619
1025987 1036926 10939
1026951 1038477 11526
1021013 1039038 18025
1033567 1041084 7517
1028105 1041744 13639
1037104 1043724 6620
1035872 1045275 9403
1032890 1045440 12550
1028771 1046067 17296
1035165 1047387 12222
1036197 1048410 12213
1038830 1048773 9943
1035725 1048872 13147
1043287 1049433 6146
1031149 1051809 20660
1047631 1054845 7214
1039342 1055010 15668
1044110 1056000 11890
1046603 1057716 11113
1038649 1058079 19430
1047745 1058145 10400
1050180 1058310 8130
1047672 1060686 13014
1047270 1061511 14241
1045058 1064448 19390
1041501 1065141 23640
1058308 1067121 8813
1057690 1068375 10685
1049237 1069002 19765
1063590 1070553 6963
1061367 1072170 10803
1059857 1072731 12874
1054091 1075404 21313
1070130 1077549 7419
1072024 1078638 6614
1061532 1078968 17436
1055253 1079496 24243
1068802 1079826 11024
1071557 1080717 9160
1064864 1081575 16711
1066798 1083786 16988
1078133 1084446 6313
1071187 1085007 13820
1079022 1085733 6711
1068887 1088934 20047
1080742 1089099 8357
1082544 1089561 7017
1083727 1090650 6923
1084877 1091244 6367
1068935 1092300 23365
1077010 1093488 16478
1089749 1096392 6643
1081245 1098570 17325
1082600 1099197 16597
1078633 1099230 20597
1072998 1099296 26298
1079574 1099890 20316
1081365 1099890 18525
1075815 1100319 24504
1089768 1100550 10782
1076788 1100847 24059
1091459 1103256 11797
1083786 1103586 19800
1089716 1104642 14926
1098037 1104642 6605
1081926 1106358 24432
1087090 1106787 19697
1092869 1107381 14512
1092265 1110021 17756
1103406 1110714 7308
1096974 1111143 14169
1106044 1112661 6617
1099900 1113651 13751
1101126 1114773 13647
1091502 1116555 25053
1104803 1119195 14392
1113265 1119591 6326
1114202 1120647 6445
1103185 1121769 18584
1092503 1121802 29299
1108707 1122297 13590
1096460 1122330 25870
1113673 1122495 8822
1111736 1122825 11089
1115108 1122990 7882
1104458 1125069 20611
1114149 1126422 12273
1110001 1127049 17048
1113552 1127973 14421
1113038 1129821 16783
1123128 1131207 8079
1124686 1131504 6818
1120190 1133583 13393
1118591 1134771 16180
1123345 1135464 12119
1129441 1138071 8630
1120204 1138203 17999
1127601 1138731 11130
1123590 1141569 17979
1136980 1144044 7064
1118339 1144374 26035
1134195 1144572 10377
1129629 1145232 15603
1140473 1147113 6640
1124663 1147575 22912
1142424 1149654 7230
1137435 1150875 13440
1144560 1151304 6744
1145662 1152294 6632
1143261 1154571 11310
1147855 1154670 6815
1146123 1156650 10527
1145574 1157376 11802
1131019 1157739 26720
1147204 1157970 10766
1149855 1159356 9501
1147552 1163151 15599
1145266 1163976 18710
1150264 1165758 15494
1159371 1165989 6618
1152523 1166319 13796
1154052 1166847 12795
1159505 1169586 10081
1158025 1169916 11891
1153415 1172787 19372
1159093 1173612 14519
1168967 1175229 6262
1156488 1175493 19005
1162777 1176318 13541
1163846 1176879 13033
1157008 1177242 20234
1160977 1178100 17123
1169346 1178628 9282
1171538 1180839 9301
1169185 1181697 12512
1176126 1182456 6330
1176331 1182951 6620
1178712 1184964 6252
1176513 1186053 9540
1163139 1186119 22980
1168874 1186647 17773
1170236 1189155 18919
1183141 1190310 7169
1180658 1191861 11203
1179692 1191927 12235
1181162 1192356 11194
1178352 1192455 14103
1179664 1193544 13880
1173069 1195227 22158
1189751 1196547 6796
1167217 1196646 29429
1183400 1199220 15820
1185882 1199682 13800
1188627 1200078 11451
1180942 1204566 23624
1196768 1204665 7897
1192014 1205127 13113
1192028 1206249 14221
1191957 1207734 15777
1195376 1208526 13150
1202611 1208856 6245
1197988 1210440 12452
1191890 1213113 21223
1203924 1213509 9585
1206546 1215159 8613
1209080 1215324 6244
1203739 1215555 11816
1211118 1217733 6615
1197618 1217964 20346
1201712 1218261 16549
1208169 1220868 12699
1215697 1222320 6623
1206894 1222650 15756
1212516 1225950 13434
1218250 1226445 8195
1220290 1228524 8234
1213701 1229811 16110
1224803 1231560 6757
1215443 1233705 18262
1215470 1234233 18763
1211256 1234497 23241
1218368 1234596 16228
1220961 1235124 14163
1217929 1237368 19439
1227185 1238193 11008
1231531 1239051 7520
1231763 1239447 7684
1222112 1239810 17698
1232193 1241757 9564
1231024 1243968 12944
1232817 1246245 13428
1238526 1247829 9303
1231443 1248984 17541
1231045 1249743 18698
1235917 1250502 14585
1232657 1252944 20287
1244304 1254264 9960
1238577 1255353 16776
1244791 1256211 11420
1247593 1257762 10169
1249367 1258488 9121
1241670 1258620 16950
1244102 1259181 15079
1233827 1260864 27037
1250285 1262085 11800
1244706 1262382 17676
1255732 1262745 7013
1256366 1263273 6907
1257134 1264329 7195
1246418 1265319 18901
1257973 1267068 9095
1256508 1268388 11880
1257180 1268982 11802
1234835 1269213 34378
1244995 1269807 24812
1244681 1271457 26776
1244435 1272183 27748
1261711 1273239 11528
1249647 1276473 26826
1258707 1277001 18294
1271199 1277463 6264
1249338 1279113 29775
1257044 1280433 23389
1271895 1280763 8868
1258314 1282908 24594
1259378 1283634 24256
1266022 1283964 17942
1261635 1284162 22527
1270360 1285845 15485
1251599 1287165 35566
1273044 1287264 14220
1273963 1287462 13499
1252866 1287726 34860
1282383 1288947 6564
1282359 1289541 7182
1266267 1290465 24198
1275039 1292148 17109
1283290 1292181 8891
1283794 1292709 8915
1288142 1294392 6250
1285006 1294854 9848
1286358 1295415 9057
1285053 1295778 10725
1288380 1295910 7530
1287498 1296405 8907
1280511 1298946 18435
1285039 1299672 14633
1290678 1302081 11403
1279336 1302873 23537
1293160 1304028 10868
1298563 1305183 6620
1296044 1306107 10063
1300657 1306800 6143
1299040 1309407 10367
1301561 1309704 8143
1293735 1309902 16167
1298117 1310463 12346
1304183 1311057 6874
1293952 1312905 18953
1302367 1313763 11396
1307576 1314192 6616
1300475 1315050 14575
1294501 1315611 21110
1303239 1316865 13626
1310572 1317195 6623
1309030 1317723 8693
1311465 1318284 6819
1312810 1319637 6827
1313934 1320231 6297
1310574 1321881 11307
1317786 1324026 6240
1315562 1324851 9289
1313018 1325115 12097
1316114 1325115 9001
1313333 1325643 12310
1313077 1329042 15965
1313847 1329669 15822
1311631 1330032 18401
1315664 1330164 14500
1319373 1330626 11253
1315835 1330725 14890
1325284 1331913 6629
1325621 1332441 6820
1318399 1332738 14339
1329452 1335906 6454
1329592 1336170 6578
1329769 1336698 6929
1327841 1338579 10738
1324784 1339701 14917
1326375 1339899 13524
1328211 1341087 12876
1330113 1341615 11502
1335622 1342242 6620
1333138 1342605 9467
1338562 1344684 6122
1335271 1345575 10304
1331485 1348776 17291
1339642 1351317 11675
1333794 1351977 18183
1334787 1352043 17256
1333659 1353132 19473
1346431 1354683 8252
1348370 1354980 6610
1347449 1356399 8950
1348975 1356894 7919
1342067 1357092 15025
1345930 1359699 13769
1352636 1361118 8482
1348956 1361514 12558
1356063 1362306 6243
1356888 1363527 6639
1343909 1364253 20344
1333143 1365507 32364
1343830 1366035 22205
1343934 1366728 22794
1338589 1367091 28502
1340611 1367883 27272
1341466 1368114 26648
1341588 1368312 26724
1351800 1369467 17667
1360101 1370853 10752
1366319 1372932 6613
1361566 1375176 13610
1342238 1375209 32971
1362401 1378245 15844
1365667 1378839 13172
1365177 1379730 14553
1365493 1380357 14864
1373866 1381743 7877
1375353 1382304 6951
1371983 1385010 13027
1371159 1386066 14907
1378383 1388178 9795
1368803 1389267 20464
1377448 1389795 12347
1380135 1390686 10551
1368318 1392402 24084
1386171 1392864 6693
1383111 1393029 9918
1376380 1393689 17309
1378417 1394316 15899
1369400 1395108 25708
1382850 1396098 13248
1382482 1396626 14144
1388135 1397319 9184
1387585 1399167 11582
1381642 1399365 17723
1378479 1399926 21447
1383679 1400421 16742
1371758 1400520 28762
1387324 1400949 13625
1389882 1403655 13773
1380863 1403721 22858
1394042 1404249 10207
1384899 1404282 19383
1391004 1404843 13839
1391501 1405437 13936
1399174 1405998 6824
1390332 1407516 17184
1393015 1408044 15029
1384332 1409364 25032
1389172 1409727 20555
1392874 1410387 17513
1399077 1411509 12432
1376976 1412202 35226
1390292 1412301 22009
1390215 1413588 23373
1385712 1413918 28206
1397419 1414644 17225
1402886 1415007 12121
1397026 1415667 18641
1409727 1415766 6039
1409873 1416228 6355
1398987 1416327 17340
1406168 1418340 12172
1411650 1418868 7218
1400622 1418967 18345
1401909 1419396 17487
1402924 1419429 16505
1400848 1421970 21122
1409864 1423125 13261
1417593 1425567 7974
1416994 1425699 8705
1421463 1428108 6645
1421288 1428669 7381
1414062 1429197 15135
1423307 1430880 7573
1420950 1432332 11382
1419492 1433982 14490
1428797 1435137 6340
1427041 1436688 9647
1426151 1437117 10966
1427503 1438239 10736
1423006 1439196 16190
1423252 1440285 17033
1421519 1440351 18832
1428218 1440879 12661
1433765 1443024 9259
1422674 1443057 20383
1421469 1443156 21687
1421806 1443717 21911
1426282 1444113 17831
1425699 1444311 18612
1438841 1445796 6955
1440181 1446753 6572
1432906 1448403 15497
1427482 1449030 21548
1438496 1449525 11029
1433995 1450647 16652
1436759 1452132 15373
1433736 1452462 18726
1435764 1455036 19272
1432812 1455564 22752
1438193 1458039 19846
1443992 1458534 14542
1445620 1461207 15587
1448569 1461735 13166
1447792 1461933 14141
1450380 1462296 11916
1453349 1464672 11323
1452596 1464969 12373
1456252 1465464 9212
1459845 1465926 6081
1450647 1466850 16203
1447680 1467675 19995
1446564 1468698 22134
1454132 1469061 14929
1459404 1471800 12396
1460134 1472328 12194
1466411 1472922 6511
1468367 1474605 6238
1458151 1476024 17873
1454083 1477212 23129
1448957 1478433 29476
1472256 1479258 7002
1467085 1479918 12833
1460512 1481139 20627
1458556 1481502 22946
1464808 1481634 16826
1462175 1482030 19855
1470049 1482426 12377
1471594 1482624 11030
1462950 1484373 21423
1474392 1485693 11301
1477733 1486518 8785
1469017 1487079 18062
1478534 1487112 8578
1481344 1490049 8705
1476110 1492557 16447
1473595 1492821 19226
1461538 1493085 31547
1465705 1493580 27875
1470278 1493712 23434
1478583 1493712 15129
1482299 1494207 11908
1475428 1494570 19142
1480738 1495692 14954
1476372 1496814 20442
1491941 1498497 6556
1488107 1498761 10654
1489529 1499355 9826
1490553 1499454 8901
1473911 1501764 27853
1489196 1501995 12799
1477490 1502259 24769
1483737 1505592 21855
1487342 1506087 18745
1494524 1506120 11596
1494591 1506714 12123
1488527 1511334 22807
1494728 1511499 16771
1489505 1511664 22159
1492713 1512027 19314
1501116 1512159 11043
1489530 1513149 23619
1489629 1513215 23586
1493435 1513644 20209
1492123 1515261 23138
1497425 1515657 18232
1498629 1515789 17160
1485972 1516482 30510
1500265 1516812 16547
1501659 1516845 15186
1501039 1517373 16334
1512756 1519386 6630
1505511 1519782 14271
1502335 1520442 18107
1514117 1521201 7084
1501124 1523511 22387
1506327 1524369 18042
1513251 1526019 12768
1500007 1526184 26177
1499867 1527438 27571
1518621 1528758 10137
1516923 1528791 11868
1523339 1530837 7498
1515597 1531662 16065
1514659 1531827 17168
1518666 1533840 15174
1522525 1534533 12008
1503801 1535490 31689
1524654 1535655 11001
1527540 1536282 8742
1519739 1536744 17005
1528408 1536909 8501
1531745 1538229 6484
1507108 1538691 31583
1504779 1539945 35166
1509841 1541430 31589
1514290 1541859 27569
1533629 1542519 8890
1500134 1544202 44068
1522839 1545258 22419
1527638 1545291 17653
1531304 1545489 14185
1529667 1545588 15921
1528626 1545819 17193
1530649 1548327 17678
1518047 1548492 30445
1523753 1548558 24805
1520667 1549053 28386
1527931 1549119 21188
1532214 1549680 17466
1539799 1550571 10772
1537690 1552749 15059
1537380 1552980 15600
1535184 1553046 17862
1535914 1553607 17693
1542257 1553838 11581
1542629 1554399 11770
1544459 1554927 10468
1545048 1555851 10803
1547410 1556610 9200
1547241 1558821 11580
1538542 1559019 20477
1553246 1559646 6400
1549544 1561890 12346
1556699 1563672 6973
1542800 1564596 21796
1534335 1566741 32406
1548257 1569975 21718
1554116 1570173 16057
1550881 1570569 19688
1552462 1571295 18833
1544884 1572318 27434
1552785 1572879 20094
1560255 1573275 13020
1564243 1574892 10649
1546168 1575981 29813
1569750 1576179 6429
1568229 1576509 8280
1567135 1576806 9671
1560836 1578687 17851
1561351 1579248 17897
1558664 1580007 21343
1562524 1580733 18209
1542897 1582449 39552
1563660 1582482 18822
1564517 1583010 18493
1564945 1583472 18527
1573234 1588158 14924
1575920 1589280 13360
1577828 1589808 11980
1581248 1591227 9979
1575451 1591854 16403
1586232 1592547 6315
1572048 1592910 20862
1580230 1595649 15419
1586948 1595649 8701
1584875 1595682 10807
1577589 1598256 20667
1571642 1598850 27208
1585644 1598883 13239
1593164 1599774 6610
1582165 1601259 19094
1591164 1604394 13230
1592612 1606605 13993
1600010 1606638 6628
1590515 1608420 17905
1599141 1609509 10368
1602118 1611027 8909
1603501 1611621 8120
1607565 1614195 6630
1608721 1614987 6266
1605891 1616274 10383
1597159 1617528 20369
1610953 1618452 7499
1602119 1618815 16696
1610800 1620498 9698
1617833 1624458 6625
1617941 1624953 7012
1615818 1626999 11181
1611823 1629144 17321
1621566 1631883 10317
1626027 1632279 6252
1627555 1633797 6242
1623214 1634853 11639
1621099 1637559 16460
1632433 1639044 6611
1629263 1640001 10738
1634854 1641222 6368
1636204 1642938 6734
1633332 1644456 11124
1636009 1646403 10394
1640667 1648614 7947
1639798 1649274 9476
1639761 1650957 11196
1633878 1651716 17838
1639558 1652112 12554
1646319 1652937 6618
1639327 1655313 15986
1650141 1656963 6822
1642337 1659405 17068
1652621 1662375 9754
1645271 1663233 17962
1650768 1665642 14874
1652822 1667061 14239
1651433 1668249 16816
1653085 1668348 15263
1650323 1668777 18454
1653509 1669371 15862
1662552 1670262 7710
1663157 1670790 7633
1665725 1672044 6319
1666649 1672638 5989
1645510 1673892 28382
1667063 1674486 7423
1667977 1675014 7037
1667672 1676301 8629
1645370 1677093 31723
1655195 1678083 22888
1663723 1679601 15878
1670557 1679733 9176
1661503 1679799 18296
1655981 1680327 24346
1670782 1681449 10667
1661369 1682472 21103
1656013 1683561 27548
1669685 1686267 16582
1677350 1688478 11128
1665940 1688577 22637
1676020 1689237 13217
1678493 1691448 12955
1664862 1691778 26916
1670125 1694319 24194
1671013 1694649 23636
1668763 1694781 26018
1678418 1695012 16594
1673333 1695441 22108
1674294 1695771 21477
1683529 1696101 12572
1676117 1696299 20182
1654733 1699302 44569
1672663 1699335 26672
1662316 1699896 37580
1687311 1701183 13872
1662921 1701414 38493
1664142 1701942 37800
1688361 1702206 13845
1683672 1705176 21504
1672524 1705704 33180
1677763 1708080 30317
1694625 1709136 14511
1694511 1709334 14823
1689576 1709433 19857
1702903 1711743 8840
1691122 1711875 20753
1700360 1714548 14188
1701076 1714713 13637
1708076 1715241 7165
1708967 1715604 6637
1691214 1715868 24654
1707807 1716099 8292
1709649 1716330 6681
1705851 1719465 13614
1686166 1719762 33596
1687639 1720455 32816
1696253 1721544 25291
1705191 1721643 16452
1694789 1722138 27349
1708087 1722666 14579
1702222 1722798 20576
1704042 1723359 19317
1697094 1723854 26760
1704114 1724547 20433
1699172 1725867 26695
1696416 1726956 30540
1718337 1728771 10434
1713795 1728936 15141
1720192 1730157 9965
1715922 1731972 16050
1707840 1732500 24660
1721409 1733721 12312
1716059 1736493 20434
1708544 1736823 28279
1721610 1737186 15576
1733692 1739958 6266
1734333 1740519 6186
1726372 1741014 14642
1718556 1741740 23184
1725038 1742466 17428
1737563 1749264 11701
1729542 1749990 20448
1730988 1750452 19464
1739655 1750980 11325
1735228 1752234 17006
1744457 1753092 8635
1735872 1753158 17286
1740860 1755435 14575
1749722 1758009 8287
1743820 1759296 15476
1751969 1760352 8383
1755700 1762332 6632
1751833 1762695 10862
1745865 1763091 17226
1750315 1763256 12941
1744602 1765269 20667
1755445 1765863 10418
1752918 1770978 18060
1760037 1771077 11040
1758528 1771572 13044
1744776 1774245 29469
1755975 1774806 18831
1756962 1774905 17943
1760557 1775268 14711
1758485 1777413 18928
1760642 1777908 17266
1767441 1778007 10566
1772212 1778271 6059
1754727 1780977 26250
1755749 1781142 25393
1764106 1781538 17432
1773545 1781868 8323
1769805 1782264 12459
1763218 1784739 21521
1768616 1785102 16486
1771752 1786356 14604
1780014 1787973 7959
1776835 1789425 12590
1774786 1791042 16256
1782704 1792098 9394
1782491 1792329 9838
1782756 1792857 10101
1782984 1793418 10434
1775830 1794012 18182
1787860 1794210 6350
1771063 1794276 23213
1770245 1794969 24724
1770934 1795299 24365
1778919 1795497 16578
1779792 1795860 16068
1782269 1796454 14185
1767551 1797444 29893
1778946 1797873 18927
1781530 1798203 16673
1784247 1799655 15408
1793686 1799919 6233
1784862 1800810 15948
1794670 1801338 6668
1794784 1802031 7247
1795670 1802559 6889
1793418 1803978 10560
1788346 1805001 16655
1794311 1806057 11746
1787640 1807080 19440
1791318 1808004 16686
1775248 1810743 35495
1791926 1811007 19081
1786705 1811172 24467
1790991 1811634 20643
1792510 1811733 19223
1794630 1812294 17664
1784652 1813449 28797
1774205 1814208 40003
1783540 1814241 30701
1785795 1814505 28710
1798606 1815297 16691
1796550 1815528 18978
1804251 1817211 12960
1806702 1819191 12489
1814211 1820907 6696
1808798 1822392 13594
1810502 1822920 12418
1813349 1823151 9802
1798620 1823448 24828
1810373 1823580 13207
1795702 1823745 28043
1801657 1824009 22352
1808245 1824405 16160
1811929 1824405 12476
1813900 1824933 11033
1798120 1826649 28529
1807873 1827111 19238
1801519 1827210 25691
1818992 1827804 8812
1813074 1828134 15060
1820598 1829685 9087
1808125 1830939 22814
1813623 1831401 17778
1824771 1832985 8214
1818104 1835526 17422
1812086 1837473 25387
1826176 1837671 11495
1805628 1838001 32373
1815810 1838001 22191
1818705 1838529 19824
1822828 1840377 17549
1832172 1841136 8964
1828257 1841400 13143
1822689 1841565 18876
1818757 1845459 26702
1831451 1845855 14404
1820519 1845987 25468
1834106 1846416 12310
1829307 1848825 19518
1842755 1849749 6994
1835615 1852059 16444
1827158 1852224 25066
1845095 1852323 7228
1839380 1854930 15550
1846057 1855458 9401
1843820 1855986 12166
1822784 1858461 35677
1836296 1859187 22891
1840677 1859550 18873
1835820 1859715 23895
1848624 1861827 13203
1838136 1862256 24120
1840151 1862883 22732
1845524 1862949 17425
1854307 1865391 11084
1854484 1865589 11105
1859820 1865985 6165
1833604 1866051 32447
1856961 1866084 9123
1839414 1866579 27165
1837250 1866612 29362
1860866 1867833 6967
1852034 1869648 17614
1855052 1870176 15124
1842767 1874169 31402
1849906 1874631 24725
1853931 1874862 20931
1840981 1875291 34310
1861917 1875819 13902
1856143 1876248 20105
1860394 1876446 16052
1854431 1878063 23632
1862959 1878624 15665
1864696 1879185 14489
1867430 1880340 12910
1863643 1880571 16928
1870659 1881363 10704
1875849 1882815 6966
1870760 1883640 12880
1870749 1885752 15003
1863326 1886907 23581
1873731 1887468 13737
1875667 1887633 11966
1878537 1888194 9657
1856788 1888953 32165
1851394 1889514 38120
1864809 1890108 25299
1876512 1890141 13629
1877862 1890603 12741
1870780 1890669 19889
1878472 1891197 12725
1884947 1891923 6976
1886242 1892517 6275
1886816 1894398 7582
1884338 1895487 11149
1891569 1897896 6327
1890939 1898127 7188
1892295 1898358 6063
1892193 1898424 6231
1892600 1898952 6352
1884362 1901163 16801
1891365 1901790 10425
1891998 1902054 10056
1895016 1902549 7533
1895396 1903077 7681
1868639 1904265 35626
1894245 1904529 10284
1889329 1906278 16949
1900183 1906443 6260
1891490 1906872 15382
1894456 1906872 12416
1890355 1906905 16550
1901785 1908357 6572
1903731 1910304 6573
1901446 1910436 8990
1898367 1911030 12663
1887715 1911888 24173
1903061 1912152 9091
1907088 1913043 5955
1894406 1915617 21211
1896703 1916145 19442
1898573 1916145 17572
1906064 1918158 12094
1894478 1918554 24076
1903665 1919280 15615
1905469 1919808 14339
1910515 1920369 9854
1898852 1920864 22012
1911025 1921260 10235
1905294 1921359 16065
1891538 1921656 30118
1898464 1921656 23192
1916493 1923009 6516
1916157 1923636 7479
1912178 1927464 15286
1914573 1927728 13155
1909872 1930599 20727
1913987 1933404 19417
1920297 1933701 13404
1905351 1933899 28548
1919645 1934328 14683
1920554 1934361 13807
1904053 1934856 30803
1919787 1935945 16158
1926895 1936374 9479
1916420 1936605 20185
1921869 1936935 15066
1932014 1938816 6802
1925116 1939311 14195
1921679 1939575 17896
1926416 1939872 13456
1927701 1941027 13326
1936015 1944030 8015
1930466 1944690 14224
1927656 1944954 17298
1932767 1945845 13078
1933076 1947033 13957
1939912 1947099 7187
1918658 1947891 29233
1926152 1949409 23257
1935146 1949508 14362
1937536 1949541 12005
1940914 1949739 8825
1924911 1951125 26214
1943386 1952016 8630
1945396 1953699 8303
1929672 1955118 25446
1933015 1958319 25304
1942424 1960035 17611
1949124 1960266 11142
1950125 1961322 11197
1948662 1961388 12726
1955225 1961982 6757
1944614 1964457 19843
1953146 1967229 14083
1950571 1967922 17351
1949046 1968483 19437
1957714 1969176 11462
1951905 1971585 19680
1959460 1971585 12125
1967294 1973895 6601
1961741 1974654 12913
1955819 1975380 19561
1967819 1977360 9541
1965653 1982079 16426
1962958 1982640 19682
1976784 1983960 7176
1967823 1984587 16764
1957736 1985016 27280
1968985 1985247 16262
1963172 1985577 22405
1969754 1986006 16252
1967371 1990164 22793
1966373 1990395 24022
1983763 1992474 8711
1980710 1993464 12754
1986576 1994223 7647
1984845 1996434 11589
1979430 1996731 17301
1979343 1996929 17586
1984565 1997490 12925
1990731 1998678 7947
1976895 1999437 22542
1983359 1999965 16606
1986679 2002902 16223
1991547 2003298 11751
1994044 2007786 13742
2002183 2008446 6263
1995743 2009040 13297
1999301 2010558 11257
1989210 2011515 22305
2008607 2014947 6340
2009013 2016003 6990
1992085 2016729 24644
2002142 2017389 15247
2003833 2018115 14282
1998655 2018148 19493
2004755 2018412 13657
2012532 2020359 7827
2010145 2020854 10709
2013276 2020887 7611
2013913 2024187 10274
2015632 2024583 8951
2006596 2024814 18218
2003574 2027685 24111
2003799 2028015 24216
2014842 2028015 13173
2010495 2028279 17784
2011497 2028345 16848
2012090 2028543 16453
2003145 2030721 27576
2024081 2031084 7003
2014053 2031414 17361
2015039 2032074 17035
2027534 2034879 7345
2016677 2035143 18466
2023699 2036892 13193
2032131 2038641 6510
2023538 2038938 15400
2032837 2039829 6992
2021198 2040654 19456
2023094 2042832 19738
2029774 2043624 13850
2039444 2046066 6622
2029376 2046363 16987
2043147 2049399 6252
2041008 2049531 8523
2032054 2050323 18269
2033888 2050983 17095
2029922 2051148 21226
2045178 2052171 6993
2037658 2052996 15338
2031938 2053194 21256
2043614 2054052 10438
2050584 2056824 6240
2051386 2057451 6065
2048189 2059200 11011
2049828 2059629 9801
2048770 2059794 11024
2049341 2062434 13093
2049743 2062698 12955
2056033 2062698 6665
2057578 2064744 7166
2056448 2065635 9187
2053334 2066724 13390
2052625 2068704 16079
2058158 2072103 13945
2053810 2072664 18854
2055907 2072664 16757
2056792 2074644 17852
2064572 2075370 10798
2061787 2075766 13979
2068573 2076921 8348
2071092 2077614 6522
2056002 2079561 23559
2061710 2079891 18181
2066818 2080452 13634
2069615 2081046 11431
2068128 2083785 15657
2071482 2084841 13359
2074644 2086392 11748
2067317 2086953 19636
2081877 2090682 8805
2071717 2091309 19592
2085669 2091639 5970
2086062 2092299 6237
2073745 2093157 19412
2076527 2093883 17356
2078767 2094510 15743
2079054 2094741 15687
2068545 2096589 28044
2079263 2099130 19867
2093519 2099460 5941
2083976 2099757 15781
2084461 2100351 15890
2095256 2102199 6943
2095970 2102793 6823
2083766 2104509 20743
2090412 2105598 15186
2096545 2105730 9185
2087560 2106291 18731
2100452 2108238 7786
2092587 2109327 16740
2088274 2109492 21218
2099123 2109558 10435
2089005 2110020 21015
2093296 2111439 18143
2088379 2112363 23984
2094580 2113089 18509
2085201 2113683 28482
2104274 2116422 12148
2105544 2116983 11439
2110764 2117379 6615
2106031 2117577 11546
2112073 2118633 6560
2110334 2122560 12226
2105118 2122758 17640
2115617 2124903 9286
2112899 2124969 12070
2119203 2125530 6327
2109921 2126718 16797
2100577 2127147 26570
2114165 2127642 13477
2107345 2127774 20429
2112357 2128170 15813
2108584 2130348 21764
2099814 2130876 31062
2119367 2131866 12499
2120145 2132460 12315
2122317 2132955 10638
2117091 2133450 16359
2120016 2133483 13467
2121906 2133978 12072
2124524 2134572 10048
2122580 2137641 15061
2127800 2139060 11260
2127271 2140380 13109
2133587 2140743 7156
2131213 2140809 9596
2124251 2142492 18241
2123160 2142558 19398
2142144 2148234 6090
2140307 2149917 9610
2138025 2150643 12618
2144765 2151270 6505
2146272 2153085 6813
2137413 2153118 15705
2130436 2154339 23903
2135642 2155659 20017
2149546 2155857 6311
2150135 2156451 6316
2141576 2157342 15766
2139230 2158266 19036
2142995 2158827 15832
2143178 2159355 16177
2150076 2160411 10335
2144000 2162622 18622
2136644 2164008 27364
2150631 2165493 14862
2159896 2166252 6356
2154308 2166582 12274
2143024 2167044 24020
2137610 2168199 30589
2148205 2169354 21149
2144574 2170014 25440
2160633 2170080 9447
2160689 2170641 9952
2157205 2171169 13964
2166274 2175756 9482
2152501 2175855 23354
2157365 2176482 19117
2148126 2178231 30105
2170097 2180937 10840
2172902 2181531 8629
2163100 2185095 21995
2175836 2187108 11272
2164102 2188428 24326
2180214 2188659 8445
2173354 2188725 15371
2183218 2189814 6596
2184301 2191464 7163
2174684 2191629 16945
2170530 2195193 24663
2176538 2195655 19117
2178761 2196315 17554
2182858 2196777 13919
2185198 2198691 13493
2178991 2199087 20096
2186053 2200473 14420
2196033 2202222 6189
2181658 2202255 20597
2191417 2206479 15062
2192049 2206578 14529
2195149 2207700 12551
2202132 2208492 6360
2202281 2210043 7762
2193610 2211264 17654
2194776 2211462 16686
2193703 2211594 17891
2202381 2211825 9444
2204123 2212353 8230
2201962 2212914 10952
2194783 2214201 19418
2190786 2214300 23514
2195487 2215257 19770
2196710 2215818 19108
2198746 2216379 17633
2213197 2219448 6251
2197319 2219844 22525
2204086 2222517 18431
2201152 2222880 21728
2205724 2223078 17354
2212721 2223507 10786
2220838 2227368 6530
2207600 2227764 20164
2215238 2228688 13450
2222654 2229018 6364
2211006 2230569 19563
2206608 2230767 24159
2208925 2231526 22601
2216574 2232054 15480
2204122 2232252 28130
2220673 2232582 11909
2220162 2234958 14796
2229072 2235651 6579
2221654 2236608 14954
2227482 2238489 11007
2221040 2238885 17845
2229771 2239578 9807
2233587 2240502 6915
2226426 2242119 15693
2228600 2242746 14146
2223515 2243571 20056
2230026 2243604 13578
2225815 2243736 17921
2226210 2244297 18087
2226932 2244792 17860
2238112 2246805 8693
2237911 2247399 9488
2241109 2247927 6818
2232166 2248719 16553
2243305 2249907 6602
2244064 2250534 6470
2239332 2251161 11829
2241271 2251425 10154
2238925 2251557 12632
2240229 2251755 11526
2233901 2253141 19240
2237412 2253207 15795
2245129 2255913 10784
2229068 2255946 26878
2238974 2256078 17104
2242099 2256639 14540
2249542 2257002 7460
2249517 2257662 8145
2251857 2260269 8412
2236298 2260764 24466
2243760 2261028 17268
2240689 2261325 20636
2245529 2262018 16489
2244490 2264328 19838
2251044 2264328 13284
2245946 2265219 19273
2249600 2265747 16147
2248389 2267529 19140
2243358 2268090 24732
2245627 2268651 23024
2253041 2269707 16666
2254380 2271885 17505
2259683 2272776 13093
2249287 2272941 23654
2264371 2273040 8669
2251899 2274195 22296
2245234 2275977 30743
2256463 2276274 19811
2257894 2276604 18710
2266496 2277825 11329
2251407 2279310 27903
2273371 2280069 6698
2254100 2280366 26266
2274665 2281290 6625
2276529 2282907 6378
2262989 2283138 20149
2278535 2285184 6649
2276496 2286867 10371
2279939 2289243 9304
2276692 2290332 13640
2271926 2292279 20353
2273811 2292972 19161
2268241 2293500 25259
2268649 2293929 25280
2280591 2294358 13767
2280181 2295282 15101
2281797 2296173 14376
2286381 2296635 10254
2293679 2299704 6025
2281127 2303004 21877
2292047 2303070 11023
2283527 2303730 20203
2290935 2303895 12960
2296920 2305743 8823
2297931 2306007 8076
2297053 2308713 11660
2284808 2309043 24235
2302842 2309406 6564
2289330 2309571 20241
2294250 2309934 15684
2281202 2311617 30415
2298423 2311947 13524
2296308 2314818 18510
2308239 2314851 6612
2298806 2315379 16573
2309551 2315874 6323
2303121 2317524 14403
2310968 2317524 6556
2306603 2318118 11515
2307952 2318613 10661
2297714 2319372 21658
2313519 2320131 6612
2314482 2321319 6837
2304317 2322243 17926
2311023 2323365 12342
2307490 2326071 18581
2315886 2327193 11307
2311749 2327556 15807
2312277 2328084 15807
2318582 2329470 10888
2316207 2331252 15045
2307910 2331285 23375
2310867 2332539 21672
2311667 2333133 21466
2309899 2333793 23894
2324033 2333991 9958
2315190 2335047 19857
2318229 2335080 16851
2320340 2336961 16621
2305377 2336994 31617
2322876 2337555 14679
2330692 2337885 7193
2330786 2338545 7759
2325183 2340987 15804
2321588 2341779 20191
2322778 2344782 22004
2340017 2346036 6019
2339879 2346399 6520
2323463 2347521 24058
2328462 2348115 19653
2334742 2348610 13868
2335813 2349138 13325
2336199 2349402 13203
2340712 2349699 8987
2330977 2351844 20867
2329036 2352108 23072
2333871 2352108 18237
2334721 2352372 17651
2329018 2353131 24113
2342922 2355078 12156
2340501 2355870 15369
2352263 2358510 6247
2354826 2361216 6390
2354738 2361348 6610
2355221 2361546 6325
2351631 2364384 12753
2337095 2364417 27322
2343539 2364780 21241
2331114 2364846 33732
2353879 2365902 12023
2360992 2367618 6626
2345430 2369202 23772
2350584 2369895 19311
2352572 2370225 17653
2351068 2372106 21038
2356457 2372172 15715
2355016 2374449 19433
2364859 2375109 10250
2370355 2376957 6602
2358669 2377287 18618
2363869 2377386 13517
2371126 2380323 9197
2366104 2380422 14318
2371507 2380851 9344
2372364 2383128 10764
2370379 2384085 13706
2377771 2384349 6578
2377998 2384679 6681
2378025 2384877 6852
2378805 2385405 6600
2375100 2385900 10800
2378908 2392434 13526
2386239 2392665 6426
2380563 2393028 12465
2380817 2393589 12772
2380667 2396097 15430
2385610 2396361 10751
2377203 2396658 19455
2385518 2399364 13846
2382959 2399463 16504
2385134 2399727 14593
2392627 2399760 7133
2385178 2399793 14615
2379515 2402070 22555
2388507 2403093 14586
2392337 2403984 11647
2394867 2405832 10965
2378595 2405865 27270
2394489 2406129 11640
2400566 2406624 6058
2388686 2407185 18499
2382300 2409066 26766
2390763 2409594 18831
2397170 2409693 12523
2397223 2410287 13064
2388865 2410353 21488
2401045 2410815 9770
2393472 2410881 17409
2396960 2411475 14515
2390209 2413884 23675
2391920 2414016 22096
2395913 2414511 18598
2404199 2416491 12292
2407307 2417745 10438
2405647 2418174 12527
2397450 2418669 21219
2408495 2418702 10207
2410927 2418768 7841
2402762 2421309 18547
2391532 2421969 30437
2402750 2422431 19681
2403104 2424015 20911
2410834 2424510 13676
2402535 2424675 22140
2419072 2426919 7847
2412434 2430120 17686
2413352 2430120 16768
2419251 2430648 11397
2417103 2432067 14964
2415898 2433321 17423
2426549 2434146 7597
2422636 2437248 14612
2430004 2439954 9950
2410665 2441241 30576
2423666 2441934 18268
2433004 2442066 9062
2415154 2442330 27176
2431292 2444805 13513
2420946 2445300 24354
2427926 2445432 17506
2427104 2446389 19285
2429749 2446653 16904
2426422 2447181 20759
2438789 2449095 10306
2439944 2450250 10306
2439910 2450811 10901
2442438 2450811 8373
2441766 2451372 9606
2442204 2451933 9729
2438563 2454507 15944
2429588 2455332 25744
2432352 2455761 23409
2422817 2456289 33472
2440667 2456850 16183
2447751 2457246 9495
2435892 2457873 21981
2445744 2459556 13812
2444185 2460348 16163
2453966 2460612 6646
2454961 2461866 6905
2441394 2462427 21033
2444730 2465100 20370
2451332 2465727 14395
2450325 2468928 18603
2451546 2469522 17976
2464870 2471898 7028
2453662 2472294 18632
2454601 2472987 18386
2452955 2473416 20461
2459621 2475330 15709
2462648 2475660 13012
2470374 2476914 6540
2469791 2477706 7915
2453532 2478729 25197
2456916 2479257 22341
2473184 2479851 6667
2471404 2480973 9569
2474542 2482194 7652
2476113 2482359 6246
2475582 2482722 7140
2461990 2483448 21458
2474030 2484042 10012
2474489 2484636 10147
2471091 2485692 14601
2477424 2485725 8301
2470838 2485824 14986
2473073 2486385 13312
2469268 2488926 19658
2469221 2489487 20266
2483643 2490246 6603
2483758 2490774 7016
2473937 2492226 18289
2482383 2493150 10767
2474707 2494503 19796
2486437 2494569 8132
2482835 2496120 13285
2474249 2497770 23521
2485370 2498364 12994
2489349 2499717 10368
2479128 2500608 21480
2487585 2501334 13749
2490315 2501895 11580
2493893 2503215 9322
2491157 2505261 14104
2486891 2505327 18436
2495346 2506647 11301
2497984 2509683 11699
2499049 2510211 11162
2500345 2512026 11681
2505230 2513577 8347
2500090 2514336 14246
2500674 2514369 13695
2503454 2515425 11971
2503985 2515953 11968
2504593 2516910 12317
2495584 2519253 23669
2512703 2522256 9553
2498147 2522454 24307
2504818 2523081 18263
2498949 2525325 26376
2502773 2525886 23113
2507625 2527107 19482
2506290 2527833 21543
2503754 2528856 25102
2503950 2529384 25434
2519661 2530572 10911
2510901 2530836 19935
2525091 2532189 7098
2524946 2533278 8332
2522705 2535324 12619
2509464 2535390 25926
2511005 2535852 24847
2530265 2536842 6577
2511077 2538558 27481
2508406 2540076 31670
2532646 2540142 7496
2512095 2540604 28509
2530229 2541726 11497
2532675 2542056 9381
2528261 2543376 15115
2523974 2543838 19864
2518910 2543937 25027
2519348 2544795 25447
2524025 2544960 20935
2514485 2545290 30805
2527505 2546016 18511
2533317 2548161 14844
2529752 2548491 18739
2541337 2549250 7913
2534095 2549283 15188
2543019 2549778 6759
2535494 2549811 14317
2540145 2550603 10458
2542637 2552253 9616
2544936 2552748 7812
2529329 2552979 23650
2538238 2553705 15467
2531602 2555058 23456
2523688 2555982 32294
2536162 2556081 19919
2542619 2556576 13957
2549504 2557962 8458
2532693 2558688 25995
2552163 2559381 7218
2545060 2559546 14486
2536627 2560932 24305
2554791 2562747 7956
2535052 2563572 28520
2533988 2565387 31399
2559943 2567301 7358
2551228 2569149 17921
2564005 2572152 8147
2550432 2572647 22215
2553069 2573670 20601
2552140 2575419 23279
2568529 2575716 7187
2555694 2576112 20418
2562614 2577960 15346
2570935 2577960 7025
2571735 2579313 7578
2557135 2580699 23564
2574737 2580996 6259
2566039 2583834 17795
2567199 2583999 16800
2574308 2584626 10318
2578280 2587299 9019
2578632 2589378 10746
2582604 2590632 8028
2580893 2593899 13006
2576171 2594328 18157
2565043 2594526 29483
2582625 2594625 12000
2577667 2596539 18872
2589914 2596737 6823
2592989 2599608 6619
2590809 2600598 9789
2593688 2604426 10738
2582437 2604525 22088
2587539 2605152 17613
2590852 2605284 14432
2600179 2607363 7184
2583402 2607726 24324
2601433 2608188 6755
2588633 2608254 19621
2603890 2610894 7004
2601071 2611884 10813
2594566 2612511 17945
2597379 2615547 18168
2598317 2616042 17725
2606967 2616174 9207
2607619 2616669 9050
2599514 2619309 19795
2613066 2619672 6606
2602792 2620959 18167
2606726 2621322 14596
2614267 2621850 7583
2601652 2622015 20363
2605636 2623038 17402
2606791 2623137 16346
2614947 2623566 8619
2611789 2624160 12371
2618740 2624754 6014
2601349 2625051 23702
2623513 2630628 7115
2611618 2632245 20627
2623581 2633037 9456
2616422 2633862 17440
2624425 2636139 11714
2624593 2636733 12140
2614950 2637426 22476
2627741 2637855 10114
2632344 2638944 6600
2626333 2640561 14228
2614645 2640627 25982
2614774 2640726 25952
2627472 2640990 13518
2627666 2641155 13489
2629377 2641683 12306
2615934 2641848 25914
2630716 2642211 11495
2615384 2643696 28312
2621818 2644719 22901
2631841 2644950 13109
2618323 2645313 26990
2626415 2645379 18964
2622571 2645445 22874
2625372 2645841 20469
2639818 2645973 6155
2631675 2648679 17004
2635310 2649240 13930
2634465 2649636 15171
2639732 2650164 10432
2633026 2652309 19283
2630095 2652474 22379
2632956 2655048 22092
2645276 2656137 10861
2632699 2657754 25055
2648658 2657754 9096
2644433 2658315 13882
2647418 2658909 11491
2641301 2661516 20215
2652680 2664156 11476
2650469 2664255 13786
2657674 2665245 7571
2653786 2667225 13439
2653523 2668215 14692
2650417 2668677 18260
2655835 2668776 12941
2662717 2669865 7148
2641171 2671383 30212
2657575 2672571 14996
2657002 2673132 16130
2646753 2675541 28788
2666855 2675739 8884
2655483 2676003 20520
2667918 2678247 10329
2658464 2679138 20674
2672099 2681184 9085
2669245 2683428 14183
2674389 2684418 10029
2664159 2685639 21480
2670847 2686068 15221
2670799 2686695 15896
2681175 2688081 6906
2678700 2689137 10437
2667994 2689269 21275
2675400 2689896 14496
2668926 2690028 21102
2668962 2690523 21561
2678159 2690754 12595
2680480 2691777 11297
2676572 2691843 15271
2671318 2693889 22571
2676974 2693955 16981
2688161 2694120 5959
2677041 2694549 17508
2684647 2694879 10232
2687085 2695440 8355
2681287 2695770 14483
2689105 2696001 6896
2689711 2696529 6818
2672014 2697189 25175
2684188 2697255 13067
2686598 2697849 11251
2686037 2700390 14353
2673174 2700819 27645
2696917 2703162 6245
2683598 2704482 20884
2699076 2706726 7650
2691167 2706858 15691
2690462 2707584 17122
2696006 2709564 13558
2703768 2710389 6621
2691963 2713392 21429
2708347 2714976 6629
2710246 2716857 6611
2710701 2717385 6684
2699634 2719794 20160
2713892 2720586 6694
2705445 2722434 16989
2709885 2723820 13935
2711506 2724810 13304
2712716 2725041 12325
2719898 2726229 6331
2715841 2726526 10685
2718462 2727483 9021
2718144 2727516 9372
2718215 2729298 11083
2717642 2729661 12019
2714065 2732334 18269
2714948 2732367 17419
2724298 2733324 9026
2723320 2734314 10994
2717203 2735073 17870
2725989 2735172 9183
2715615 2735568 19953
2729512 2735931 6419
2724397 2738340 13943
2725646 2738505 12859
2728386 2739066 10680
2722691 2739165 16474
2723581 2739693 16112
2730734 2739726 8992
2731757 2740353 8596
2732035 2745072 13037
2728874 2745996 17122
2719797 2747910 28113
2739991 2749098 9107
2728581 2749296 20715
2738936 2749791 10855
2733403 2750352 16949
2743657 2750352 6695
2736606 2750880 14274
2739748 2751408 11660
2735753 2752299 16546
2736151 2752794 16643
2739393 2753553 14160
2743148 2755038 11890
2729794 2756193 26399
2725326 2756754 31428
2743728 2758899 15171
2743802 2759460 15658
2739558 2759856 20298
2741198 2763090 21892
2741874 2763519 21645
2752719 2765037 12318
2745581 2768073 22492
2748471 2768766 20295
2752090 2768766 16676
2744664 2769360 24696
2758596 2769525 10929
2747041 2769888 22847
2750800 2770317 19517
2752863 2771439 18576
2758278 2772264 13986
2764010 2772825 8815
2764104 2773353 9249
2751728 2773881 22153
2766376 2775597 9221
2762160 2776422 14262
2769078 2776917 7839
2765360 2776983 11623
2753152 2779128 25976
2770578 2779854 9276
2761705 2780052 18347
2751902 2780184 28282
2773846 2782659 8813
2762662 2782923 20261
2763358 2783022 19664
2756468 2783418 26950
2771080 2786487 15407
2777546 2789160 11614
2783151 2791173 8022
2764014 2791503 27489
2781826 2793384 11558
2776063 2794044 17981
2778161 2794704 16543
2788067 2795826 7759
2773695 2796024 22329
2776397 2796651 20254
2777274 2797014 19740
2767961 2797245 29284
2771512 2797773 26261
2783766 2798730 14964
2773488 2799027 25539
2781952 2799720 17768
2791595 2800413 8818
2780259 2801799 21540
2792834 2802327 9493
2781764 2805000 23236
2795785 2805297 9512
2799264 2805924 6660
2795994 2806221 10227
2792714 2807706 14992
2799814 2808762 8948
2778327 2809422 31095
2773436 2810544 37108
2802674 2811600 8926
2789175 2812128 22953
2794299 2812821 18522
2797229 2813250 16021
2797256 2813382 16126
2799720 2814636 14916
2800898 2815263 14365
2795672 2818002 22330
2796216 2819454 23238
2801296 2819553 18257
2803154 2819949 16795
2812350 2820279 7929
2801253 2821005 19752
2801952 2821236 19284
2802077 2821896 19819
2807724 2822391 14667
2806206 2822655 16449
2801891 2823084 21193
2805615 2824437 18822
2816707 2825724 9017
2820104 2826516 6412
2818354 2827044 8690
2804182 2827440 23258
2810626 2829486 18860
2820194 2830509 10315
2822346 2830542 8196
2821181 2832654 11473
2809225 2832918 23693
2824389 2836317 11928
2829063 2836812 7749
2827053 2839881 12828
2824213 2840343 16130
2819268 2840904 21636
2815337 2841432 26095
2826972 2842356 15384
2828087 2842653 14566
2823576 2843808 20232
2827720 2844105 16385
2829796 2845359 15563
2823262 2845623 22361
2832658 2849451 16793
2834910 2850012 15102
2838843 2850375 11532
2847217 2853576 6359
2827745 2853840 26095
2841393 2854335 12942
2847365 2856876 9511
2842598 2857569 14971
2847081 2858295 11214
2852838 2859384 6546
2832883 2861595 28712
2846961 2862156 15195
2843210 2862750 19540
2858202 2864664 6462
2837254 2864862 27608
2851887 2864961 13074
2850197 2865687 15490
2848237 2865951 17714
2851862 2867898 16036
2853321 2868723 15402
2856870 2869647 12777
2848776 2870373 21597
2865339 2872782 7443
2854279 2873739 19460
2850877 2873805 22928
2867675 2874795 7120
2868242 2874927 6685
2854535 2876511 21976
2855841 2877006 21165
2852133 2877534 25401
2843467 2878029 34562
2857358 2878689 21331
2852069 2879745 27676
2848604 2881428 32824
2848764 2882451 33687
2859274 2882517 23243
2876674 2883111 6437
2860991 2883573 22582
2868142 2884200 16058
2869100 2886279 17179
2867952 2887434 19482
2872789 2889249 16460
2881549 2889777 8228
2876419 2890503 14084
2885503 2892186 6683
2867877 2893407 25530
2879182 2894232 15050
2883052 2894364 11312
2888636 2896641 8005
2872678 2897136 24458
2887899 2897202 9303
2874580 2897697 23117
2885039 2898291 13252
2870545 2903109 32564
2897337 2903967 6630
2869979 2904066 34087
2894346 2906772 12426
2888893 2907267 18374
2883448 2908356 24908
2892409 2908917 16508
2873903 2909742 35839
2897050 2909940 12890
2898288 2911458 13170
2888759 2912613 23854
2891974 2913669 21695
2894225 2915946 21721
2888910 2916540 27630
2903456 2917266 13810
2909231 2918157 8926
2893224 2919246 26022
2893219 2921259 28040
2906563 2921358 14795
2906090 2921787 15697
2915111 2921853 6742
2910989 2922315 11326
2908822 2924922 16100
2906047 2925780 19733
2911847 2927166 15319
2905153 2928123 22970
2903845 2928651 24806
2904681 2928981 24300
2923255 2930598 7343
2915250 2932611 17361
2915644 2934360 18716
2919654 2937462 17808
2922826 2938452 15626
2930880 2940432 9552
2929816 2940861 11045
2933521 2940960 7439
2918635 2943666 25031
2935005 2943699 8694
2928961 2947395 18434
2935916 2948022 12106
2928085 2948055 19970
2943193 2950200 7007
2922065 2950563 28498
2943951 2950959 7008
2923709 2951223 27514
2944810 2951520 6710
2946262 2952939 6677
2947280 2953566 6286
2921859 2954457 32598
2928927 2954523 25596
2945468 2954688 9220
2948145 2955084 6939
2934833 2955579 20746
2946690 2956635 9945
2949086 2958285 9199
2930072 2958318 28246
2952191 2958450 6259
2945157 2958714 13557
2937588 2961024 23436
2941049 2961420 20371
2939581 2961585 22004
2957053 2963664 6611
2945219 2965809 20590
2957963 2965908 7945
2947202 2966832 19630
2954390 2968416 14026
2944513 2970033 25520
2961549 2970495 8946
2945703 2970528 24825
2951800 2970561 18761
2964582 2971650 7068
2960071 2971980 11909
2966665 2974224 7559
2968138 2974851 6713
2970444 2976897 6453
2943558 2976963 33405
2965842 2977293 11451
2973416 2980032 6616
2959140 2980131 20991
2960889 2980230 19341
2969237 2981418 12181
2963362 2983200 19838
2968541 2983728 15187
2968214 2984124 15910
2977662 2984520 6858
2971052 2985246 14194
2978847 2985246 6399
2978917 2985840 6923
2970130 2986467 16337
2980064 2987127 7063
2963770 2988480 24710
2962825 2990196 27371
2980986 2991153 10167
2967723 2991186 23463
2980363 2991780 11417
2970845 2992803 21958
2976411 2994354 17943
2970771 2994585 23814
2987320 2994783 7463
2977854 2995509 17655
2972696 2996268 23572
2990636 2996928 6292
2976136 2996994 20858
2991559 2998908 7349
2992005 2998941 6936
2985168 2998974 13806
2987063 2999535 12472
2967702 3002142 34440
2974457 3002703 28246
2992126 3002967 10841
2975725 3004485 28760
2994597 3005409 10812
2987969 3005574 17605
2992447 3006168 13721
2987209 3006432 19223
2996462 3006498 10036
2989640 3006927 17287
2998683 3007092 8409
2997663 3010161 12498
2983459 3010689 27230
2999070 3010722 11652
2995282 3011349 16067
2999626 3011811 12185
2980916 3013659 32743
2996968 3015144 18176
3003029 3016563 13534
3010605 3017685 7080
2994367 3018378 24011
2997727 3018906 21179
3008572 3019929 11357
3011108 3020391 9283
3014822 3021513 6691
3005028 3022371 17343
3011274 3022371 11097
2999498 3024384 24886
3014738 3025077 10339
3003165 3025572 22407
3014739 3027420 12681
3009919 3028344 18425
3007526 3031314 23788
3013452 3031578 18126
3015280 3032139 16859
3021039 3033756 12717
3022990 3034086 11096
3026373 3034647 8274
3018186 3035439 17253
3029183 3035439 6256
3015493 3035868 20375
3025290 3036000 10710
3028996 3040488 11492
3028212 3041808 13596
3030266 3042006 11740
3031147 3042534 11387
3008959 3043557 34598
3024215 3044151 19936
3028574 3045438 16864
3029911 3045768 15857
3017461 3046989 29528
3030803 3047517 16714
3036157 3048474 12317
3029378 3048639 19261
3024366 3049035 24669
3023956 3052269 28313
3027937 3052797 24860
3028787 3053325 24538
3040776 3054744 13968
3040153 3056064 15911
3049820 3056427 6607
3046713 3056592 9879
3035431 3057945 22514
3030445 3058374 27929
3047812 3058539 10727
3054104 3060354 6250
3046058 3060717 14659
3048313 3061245 12932
3046455 3061575 15120
3047468 3062103 14635
3041641 3064611 22970
3060414 3067020 6606
3049048 3067680 18632
3057682 3070386 12704
3059183 3070947 11764
3065839 3072465 6626
3055161 3074148 18987
3063130 3074907 11777
3064369 3076590 12221
3062630 3077349 14719
3064871 3077415 12544
3054044 3078702 24658
3068985 3082431 13446
3070887 3083520 12633
3074915 3085038 10123
3072688 3086226 13538
3077281 3086358 9077
3079465 3088404 8939
3080211 3088536 8325
3067622 3089064 21442
3074031 3089988 15957
3072783 3091209 18426
3077388 3094113 16725
3087601 3094212 6611
3085184 3097479 12295
3079930 3100020 20090
3077804 3100185 22381
3082394 3101043 18649
3078614 3101241 22627
3093435 3104013 10578
3094452 3104607 10155
3085994 3105234 19240
3087089 3105729 18640
3099851 3106851 7000
3096609 3107379 10770
3093221 3108303 15082
3089044 3111372 22328
3100561 3111372 10811
3081979 3112593 30614
3104052 3115662 11610
3095292 3115695 20403
3095219 3116223 21004
3089913 3116289 26376
3103984 3116817 12833
3105100 3119160 14060
3111453 3121437 9984
3105579 3124638 19059
3114593 3124902 10309
3114251 3125529 11278
3105401 3126024 20623
3105607 3127839 22232
3103297 3128103 24806
3107044 3128433 21389
3112176 3129225 17049
3117697 3129984 12287
3111560 3131304 19744
3126110 3133482 7372
3126204 3133977 7773
3113380 3135231 21851
3123601 3137607 14006
3133277 3139884 6607
3122638 3140775 18137
3128824 3141303 12479
3132176 3141831 9655
3128285 3143283 14998
3136682 3145593 8911
3136359 3146022 9663
3133589 3148827 15238
3140510 3151533 11023
3142855 3152061 9206
3129833 3152787 22954
3138033 3152787 14754
3146709 3153579 6870
3146384 3154602 8218
3147353 3154701 7348
3148482 3155592 7110
3149251 3156879 7628
3141960 3157242 15282
3140990 3158826 17836
3141926 3160080 18154
3153361 3160377 7016
3143281 3160608 17327
3150733 3163479 12746
3153125 3163875 10750
3150148 3164535 14387
3147896 3166449 18553
3161130 3167373 6243
3158268 3167472 9204
3164403 3170640 6237
3163761 3171267 7506
3165707 3171927 6220
3165759 3172422 6663
3160078 3172719 12641
3167310 3173280 5970
3167980 3173940 5960
3165927 3174930 9003
3167424 3176085 8661
3162756 3178131 15375
3166630 3178659 12029
3167834 3179154 11320
3172702 3180408 7706
3166264 3180540 14276
3174079 3180969 6890
3170668 3181728 11060
3168087 3182355 14268
3176557 3183411 6854
3161272 3183774 22502
3175418 3185061 9643
3180334 3188394 8060
3181954 3188559 6605
3178851 3190605 11754
3182025 3190704 8679
3185195 3192486 7291
3174154 3192519 18365
3186370 3193014 6644
3186776 3193377 6601
3175311 3193575 18264
3178982 3194268 15286
3187385 3196380 8995
3178573 3196974 18401
3176505 3197238 20733
3187498 3199218 11720
3185808 3199581 13773
3188978 3199746 10768
3189524 3205884 16360
3186054 3206874 20820
3196090 3207039 10949
3191168 3209415 18247
3197684 3210306 12622
3200123 3210405 10282
3200501 3210735 10234
3203548 3211725 8177
3202133 3212154 10021
3196644 3212583 15939
3202323 3212748 10425
3201297 3215223 13926
3192840 3216708 23868
3200145 3217401 17256
3203324 3217830 14506
3200504 3218028 17524
3200242 3218292 18050
3211210 3218325 7115
3203252 3218424 15172
3201883 3218919 17036
3212877 3219018 6141
3204613 3221130 16517
3216273 3222879 6606
3208316 3224463 16147
3216471 3225090 8619
3217657 3225618 7961
3219462 3225717 6255
3204549 3225816 21267
3210911 3228654 17743
3216858 3228720 11862
3224803 3231063 6260
3222232 3231756 9524
3216470 3231921 15451
3222233 3232284 10051
3217765 3234594 16829
3219906 3235518 15612
3226433 3237201 10768
3230932 3237729 6797
3232384 3239016 6632
3230768 3241359 10591
3228747 3243504 14757
3234062 3247398 13336
3224177 3248850 24673
3238111 3250203 12092
3239551 3250830 11279
3239881 3252249 12368
3238118 3252777 14659
3241226 3252777 11551
3229110 3253569 24459
3246924 3255153 8229
3248216 3255681 7465
3246510 3257463 10953
3250470 3257958 7488
3238843 3258750 19907
3242043 3261786 19743
3233710 3261951 28241
3245198 3262512 17314
3251032 3263304 12272
3258165 3264426 6261
3253502 3264492 10990
3261456 3268056 6600
3258988 3269376 10388
3258229 3270366 12137
3242258 3272082 29824
3252639 3273072 20433
3263673 3274689 11016
3264738 3275184 10446
3265942 3275217 9275
3270884 3277560 6676
3261232 3278418 17186
3259542 3278946 19404
3255311 3280134 24823
3269148 3283038 13890
3275385 3287922 12537
3282095 3290298 8203
3276088 3290430 14342
3273490 3290760 17270
3280705 3290826 10121
3279858 3291651 11793
3279364 3294027 14663
3279975 3294192 14217
3281617 3294357 12740
3280182 3294918 14736
3285844 3296733 10889
3268428 3297657 29229
3281330 3297921 16591
3287419 3298581 11162
3279376 3299835 20459
3284993 3303003 18010
3285323 3304455 19132
3288313 3304521 16208
3294345 3305709 11364
3290419 3306006 15587
3286789 3306402 19613
3298655 3307359 8704
3300667 3307590 6923
3301669 3307986 6317
3302397 3309471 7074
3301999 3310989 8990
3305440 3312045 6605
3298441 3312309 13868
3290962 3313134 22172
3294691 3314520 19829
3291141 3316335 25194
3310315 3316995 6680
3308907 3318117 9210
3313039 3319404 6365
3291024 3321186 30162
3306851 3326334 19483
3309848 3329634 19786
3314023 3331647 17624
3303527 3331878 28351
3315946 3332340 16394
3307162 3333066 25904
3317728 3335739 18011
3312036 3335805 23769
3330686 3337422 6736
3319606 3338511 18905
3316502 3339072 22570
3318649 3339765 21116
3326823 3340326 13503
3328910 3340491 11581
3309022 3341844 32822
3335227 3342306 7079
3311999 3342537 30538
3321453 3343329 21876
3326902 3343527 16625
3329151 3346794 17643
3326538 3349038 22500
3341413 3349401 7988
3337884 3349599 11715
3333461 3352734 19273
3325546 3353064 27518
3320945 3353295 32350
3333868 3353295 19427
3341202 3353460 12258
3340535 3353988 13453
3341188 3356034 14846
3335713 3356496 20783
3340750 3357486 16736
3343952 3357816 13864
3347955 3358641 10686
3343164 3359763 16599
3349339 3360918 11579
3342256 3362535 20279
3357768 3364152 6384
3323421 3366165 42744
3342962 3366858 23896
3339812 3370158 30346
3356406 3372435 16029
3343915 3372765 28850
3339629 3372831 33202
3350559 3373359 22800
3351799 3374448 22649
3353149 3374580 21431
3356782 3375009 18227
3361035 3375372 14337
3349430 3377121 27691
3353021 3377682 24661
3359400 3377781 18381
3335757 3378144 42387
3366095 3378243 12148
3356052 3378672 22620
3352262 3379299 27037
3352444 3379827 27383
3349765 3380289 30524
3355449 3380982 25533
3359671 3381048 21377
3370909 3381774 10865
3366939 3382335 15396
3376931 3383622 6691
3360649 3386922 26273
3369229 3387450 18221
3371121 3387450 16329
3371991 3387912 15921
3376719 3387978 11259
3377471 3388539 11068
3370186 3388803 18617
3374749 3391740 16991
3378015 3391971 13956
3387375 3394248 6873
3388749 3395370 6621
3385336 3395700 10364
3377072 3397482 20410
3386356 3398340 11984
3378549 3398769 20220
3378584 3399297 20713
3378836 3400188 21352
3396254 3402861 6607
3396979 3403851 6872
3398087 3404346 6259
3399531 3406161 6630
3392923 3406986 14063
3395562 3407481 11919
3400434 3407646 7212
3394467 3410187 15720
3391383 3410550 19167
3397506 3410682 13176
3393918 3411111 17193
3389417 3411243 21826
3400083 3411672 11589
3398741 3413256 14515
3387867 3413388 25521
3400114 3413850 13736
3404618 3413949 9331
3402373 3414378 12005
3389256 3414444 25188
3406951 3414906 7955
3405705 3416556 10851
3408648 3418800 10152
3412054 3418899 6845
3412319 3419328 7009
3412751 3419856 7105
3404120 3422001 17881
3410737 3422529 11792
3407715 3422562 14847
3417845 3424443 6598
3403514 3425235 21721
3409409 3425763 16354
3415463 3426258 10795
3402930 3430878 27948
3424451 3431076 6625
3411447 3432165 20718
3414363 3433617 19254
3414307 3434871 20564
3416873 3435795 18922
3429392 3438105 8713
3424129 3439326 15197
3416699 3440184 23485
3426509 3441141 14632
3418852 3442032 23180
3426478 3442494 16016
3426426 3444408 17982
3426949 3445002 18053
3433868 3447048 13180
3434834 3448467 13633
3427458 3451272 23814
3439445 3451338 11893
3432506 3451635 19129
3446893 3453549 6656
3438956 3453879 14923
3441525 3454077 12552
3443865 3454803 10938
3450044 3456750 6706
3450128 3457146 7018
3444745 3457344 12599
3445797 3458598 12801
3452160 3458796 6636
3454378 3461832 7454
3449187 3462525 13338
3453134 3464406 11272
3454919 3464571 9652
3456794 3465726 8932
3444233 3466749 22516
3447200 3468927 21727
3455934 3469422 13488
3461589 3471633 10044
3458257 3472128 13871
3460987 3474801 13814
3455810 3475395 19585
3458729 3476121 17392
3461419 3477903 16484
3470768 3478398 7630
3466407 3481401 14994
3466166 3481830 15664
3465184 3485064 19880
3468730 3486054 17324
3475662 3486351 10689
3470776 3486582 15806
3471237 3489420 18183
3471423 3491928 20505
3477649 3493545 15896
3479696 3494106 14410
3468652 3494568 25916
3475825 3495591 19766
3479031 3496812 17781
3487751 3497835 10084
3482742 3499353 16611
3484137 3499419 15282
3487845 3500541 12696
3487011 3500805 13794
3489164 3501102 11938
3491976 3501399 9423
3491285 3501861 10576
3481947 3503280 21333
3478611 3505095 26484
3479876 3505293 25417
3484821 3505689 20868
3474350 3505821 31471
3475196 3506943 31747
3498435 3508428 9993
3475250 3508560 33310
3485192 3509088 23896
3486354 3512751 26397
3505743 3513048 7305
3502240 3513246 11006
3490336 3513312 22976
3495041 3513873 18832
3485501 3514137 28636
3498949 3515754 16805
3491947 3517074 25127
3499427 3519648 20221
3505299 3520143 14844
3513472 3520671 7199
3514966 3521397 6431
3495751 3522354 26603
3498005 3523377 25372
3518825 3525093 6268
3512132 3525456 13324
3518821 3525489 6668
3503302 3525885 22583
3513727 3526512 12785
3500949 3527964 27015
3513519 3529086 15567
3501193 3529218 28025
3514058 3529614 15556
3523142 3529680 6538
3512213 3530175 17962
3514092 3530241 16149
3511840 3532749 20909
3526024 3533013 6989
3516343 3535521 19178
3524518 3535818 11300
3529165 3538887 9722
3532057 3539415 7358
3520408 3540471 20063
3520803 3541560 20757
3519681 3542154 22473
3529622 3542847 13225
3527988 3543177 15189
3528924 3543738 14814
3529260 3544266 15006
3531751 3545256 13505
3535478 3546807 11329
3539749 3547335 7586
3540615 3551130 10515
3533385 3551196 17811
3538539 3551262 12723
3546706 3552945 6239
3539940 3553803 13863
3519811 3554826 35015
3534879 3555387 20508
3544582 3555453 10871
3546049 3556047 9998
3541131 3556509 15378
3542959 3558093 15134
3549047 3558621 9574
3543086 3558786 15700
3537129 3559710 22581
3544505 3562416 17911
3549196 3563505 14309
3544031 3564066 20035
3554886 3564594 9708
3546973 3564891 17918
3549011 3565749 16738
3550523 3566574 16051
3556227 3567663 11436
3560802 3568191 7389
3554686 3568455 13769
3543638 3569115 25477
3543642 3569643 26001
3540392 3570270 29878
3543741 3570864 27123
3547755 3571293 23538
3554363 3571524 17161
3551237 3571722 20485
3548258 3571920 23662
3552784 3574395 21611
3548169 3574626 26457
3554206 3575550 21344
3553429 3575616 22187
3565969 3576375 10406
3559267 3578355 19088
3545312 3578850 33538
3567481 3579444 11963
3567216 3580038 12822
3574218 3580731 6513
3547706 3582051 34345
3549455 3582579 33124
3562820 3584031 21211
3571666 3584130 12464
3566582 3584361 17779
3570680 3584526 13846
3566915 3586704 19789
3566874 3586737 19863
3551490 3587694 36204
3566219 3587727 21508
3574829 3588156 13327
3562882 3588288 25406
3576314 3588717 12403
3577348 3590433 13085
3566779 3591390 24611
3565336 3591489 26153
3572332 3592446 20114
3582781 3593799 11018
3587036 3594690 7654
3556220 3594987 38767
3587118 3595218 8100
3573344 3595482 22138
3588927 3595779 6852
3589935 3595977 6042
3590273 3597264 6991
3574493 3599706 25213
3594448 3601059 6611
3580506 3601983 21477
3580959 3602412 21453
3593540 3602742 9202
3594110 3603336 9226
3596507 3603369 6862
3598171 3604161 5990
3598794 3605448 6654
3581339 3605877 24538
3581895 3607395 25500
3599376 3609111 9735
3599473 3610893 11420
3597732 3613071 15339
3597932 3614655 16723
