389 11154 10765
443 11649 11206
2311 12705 10394
8934 15543 6609
2068 18777 16709
9007 19800 10793
9101 21285 12184
10556 27324 16768
17568 29865 12297
19826 30558 10732
23124 32571 9447
25933 32934 7001
16511 33990 17479
28621 35607 6986
18533 35937 17404
16938 37455 20517
29063 39072 10009
26679 40029 13350
35063 41811 6748
25535 42042 16507
27696 43197 15501
30619 43725 13106
34800 45177 10377
39885 46497 6612
35386 51051 15665
41848 52602 10754
48936 55176 6240
49564 56232 6668
58123 64746 6623
55395 67155 11760
50240 68640 18400
56705 70191 13486
49818 70323 20505
57019 72798 15779
66576 72831 6255
67214 73821 6607
60936 76824 15888
71002 77649 6647
70680 78342 7662
68984 79761 10777
68526 80421 11895
64787 82797 18010
76794 83127 6333
77634 84249 6615
79642 86295 6653
73890 87054 13164
73100 88440 15340
69350 89925 20575
84205 90816 6611
85007 94644 9637
84846 95667 10821
87629 98010 10381
89414 101013 11599
89772 101541 11769
96020 102630 6610
90694 103389 12695
96001 103554 7553
99115 106953 7838
97117 107877 10760
93716 110187 16471
104264 110517 6253
97311 110748 13437
106275 113454 7179
102815 116688 13873
97970 117018 19048
111545 118734 7189
112061 119262 7201
101256 120780 19524
109605 121275 11670
112328 126720 14392
121612 130053 8441
124444 130713 6269
121218 135168 13950
125479 136554 11075
129802 137445 7643
133942 140547 6605
137122 146817 9695
129744 148236 18492
136943 148665 11722
139888 151800 11912
131717 153681 21964
138371 153978 15607
141855 160083 18228
154377 160644 6267
154947 161205 6258
146262 161601 15339
147615 163713 16098
159365 165990 6625
151107 166914 15807
162020 168630 6610
161862 173151 11289
164297 175032 10735
168039 178926 10887
172905 179520 6615
161995 179751 17756
173279 180048 6769
173909 180642 6733
168898 182292 13394
176060 184899 8839
181444 189882 8438
180086 190476 10390
185737 192060 6323
174838 192192 17354
180643 195129 14486
186651 196713 10062
185597 199386 13789
188022 199881 11859
186717 202818 16101
190141 205326 15185
194731 205524 10793
187855 206646 18791
199851 207339 7488
198449 208395 9946
196340 208494 12154
185241 211563 26322
194894 212190 17296
195663 213312 17649
201625 213312 11687
202945 218988 16043
203837 219153 15316
209345 222651 13306
211854 222717 10863
219706 228360 8654
219288 231033 11745
213784 232683 18899
218723 233739 15016
224226 235389 11163
220680 239118 18438
225518 239679 14161
232000 239976 7976
232397 240504 8107
226968 242022 15054
223995 242385 18390
236109 242616 6507
230252 243639 13387
234252 245124 10872
236155 245256 9101
224252 246378 22126
240176 246840 6664
242042 248655 6613
240344 248688 8344
241040 249216 8176
239728 250173 10445
236972 255288 18316
234875 258060 23185
249523 258489 8966
236436 258555 22119
251681 258687 7006
251738 259710 7972
241934 261063 19129
253093 262416 9323
253703 262680 8977
243961 264396 20435
244674 265881 21207
252293 266409 14116
259826 266475 6649
254558 268389 13831
258254 268587 10333
258841 269148 10307
257858 271458 13600
263018 271821 8803
266342 272943 6601
266339 273966 7627
250736 274164 23428
251577 276672 25095
264142 276771 12629
269338 277959 8621
271359 277959 6600
268611 279279 10668
273868 285054 11186
266532 287892 21360
275585 288816 13231
268622 291093 22471
276071 291291 15220
286850 293106 6256
284735 293700 8965
291520 302247 10727
295658 302346 6688
292811 303699 10888
299362 308352 8990
297540 308484 10944
296139 311091 14952
301167 312444 11277
301699 312444 10745
307486 314457 6971
306087 314754 8667
305934 315315 9381
304209 317262 13053
303296 317856 14560
312942 319572 6630
306489 320925 14436
316004 322542 6538
314735 324654 9919
312513 325479 12966
305487 326205 20718
323671 330363 6692
319816 330627 10811
313473 332376 18903
324274 332970 8696
306919 333234 26315
316527 335214 18687
330334 336600 6266
318960 338580 19620
332878 339141 6263
330669 340065 9396
329887 341748 11861
334794 343959 9165
329147 344223 15076
331097 345114 14017
335770 346764 10994
340461 348513 8052
334435 350361 15926
339267 351516 12249
345110 352110 7000
339763 352143 12380
345532 352143 6611
341681 355179 13498
343283 355707 12424
333489 357918 24429
327890 358413 30523
339234 361119 21885
353671 364452 10781
356632 367389 10757
349557 367521 17964
353314 368973 15659
345357 369897 24540
343134 370722 27588
347337 370788 23451
356116 371382 15266
364465 371811 7346
355668 374088 18420
368853 375177 6324
369755 376563 6808
367640 378510 10870
369227 378675 9448
369117 380061 10944
374464 381150 6686
368127 381744 13617
367953 383295 15342
369216 384351 15135
379601 386232 6631
374084 390819 16735
384225 391512 7287
380480 392106 11626
382899 393822 10923
383558 397023 13465
392526 400257 7731
394459 400719 6260
385059 403986 18927
390450 404349 13899
385053 406956 21903
387888 407748 19860
399012 408210 9198
398574 409431 10857
400901 409992 9091
388221 411048 22827
396647 411411 14764
402884 413787 10903
410663 417285 6622
412086 418704 6618
412425 419232 6807
394527 419925 25398
416656 422895 6239
414773 425898 11125
419991 427812 7821
420449 429330 8881
413852 430749 16897
418024 431409 13385
410813 432399 21586
419038 435138 16100
424597 437745 13148
427971 438834 10863
429869 439395 9526
417983 442629 24646
423469 443157 19688
438607 445236 6629
438933 445599 6666
426556 445896 19340
432554 446424 13870
426277 448503 22226
443909 450219 6310
441791 450252 8461
439166 454905 15739
439980 455301 15321
447537 455796 8259
440088 455895 15807
439359 457446 18087
452424 458667 6243
442418 459459 17041
443832 459657 15825
446667 461241 14574
440791 462693 21902
454546 463947 9401
448080 465234 17154
450251 465762 15511
454072 468831 14759
456033 469128 13095
439820 470250 30430
460993 470514 9521
451038 472032 20994
455569 473451 17882
458177 474144 15967
462813 474705 11892
458518 474969 16451
444271 476157 31886
456217 476157 19940
457148 476355 19207
457147 479391 22244
475777 482031 6254
460845 483879 23034
466626 485562 18936
467940 489390 21450
475811 489687 13876
483249 490314 7065
480910 491766 10856
486500 493515 7015
472420 496947 24527
487182 498069 10887
492772 500247 7475
484754 503448 18694
497044 504042 6998
486309 504669 18360
489451 506319 16868
500112 507177 7065
487127 510213 23086
504037 512655 8618
499833 513414 13581
500782 515295 14513
497792 515988 18196
506117 517671 11554
512274 519618 7344
502427 522027 19600
507012 523149 16137
512263 523149 10886
516609 525855 9246
519027 526713 7686
522313 528627 6314
514483 528792 14309
524999 532521 7522
526750 533445 6695
523495 535425 11930
523799 535755 11956
523024 536481 13457
524508 536646 12138
527327 538230 10903
518209 538956 20747
517511 540705 23194
530868 542454 11586
532271 543774 11503
533026 544236 11210
533853 546150 12297
540417 547041 6624
522586 548856 26270
541045 551991 10946
541396 554202 12806
538350 555060 16710
541649 555522 13873
549007 555687 6680
542976 557436 14460
551731 557997 6266
537286 558888 21602
551878 559119 7241
546796 560142 13346
545315 562353 17038
547864 565158 17294
543120 568029 24909
561809 568392 6583
551180 568590 17410
559641 570966 11325
552693 574035 21342
560865 574134 13269
542455 575751 33296
568413 578457 10044
570980 578952 7972
564272 579942 15670
569330 580305 10975
564167 583506 19339
574717 585981 11264
585147 591393 6246
571085 592812 21727
583425 594231 10806
585932 595419 9487
586747 597135 10388
587614 600567 12953
589519 600600 11081
594950 601557 6607
599751 606441 6690
589716 607794 18078
601799 608388 6589
597406 608883 11477
599696 610071 10375
598536 611985 13449
608711 614955 6244
609125 616242 7117
604047 616902 12855
611092 619245 8153
608939 619872 10933
612367 621126 8759
612562 621786 9224
597843 623502 25659
602661 624327 21666
603774 624327 20553
603987 624855 20868
606264 624888 18624
612266 625383 13117
608371 625482 17111
607325 625977 18652
602781 628617 25836
611544 628947 17403
605876 629145 23269
605473 629211 23738
616975 631554 14579
621832 634458 12626
611247 634524 23277
629988 636603 6615
627098 637230 10132
621831 637296 15465
627180 641916 14736
629187 642378 13191
634539 642444 7905
627214 642708 15494
639072 645645 6573
631043 645909 14866
636825 652311 15486
635653 652806 17153
646767 653367 6600
642854 655380 12526
636768 655908 19140
645486 655941 10455
642795 657426 14631
651685 658350 6665
650846 660495 9649
657474 665709 8235
659252 666072 6820
651926 669273 17347
653369 669702 16333
650598 670824 20226
662752 673266 10514
648607 674025 25418
661153 675741 14588
652608 676269 23661
661364 676731 15367
657688 677457 19769
650220 679470 29250
662436 679701 17265
658020 679998 21978
660257 680163 19906
674432 681450 7018
673380 682275 8895
662748 682737 19989
673235 683133 9898
675110 683793 8683
667358 686994 19636
672865 687423 14558
675083 689073 13990
664550 690525 25975
670000 691053 21053
685062 691317 6255
668909 691680 22771
674742 692703 17961
668341 692802 24461
671552 695805 24253
677835 696003 18168
679239 696267 17028
678031 697389 19358
680307 698313 18006
682316 699138 16822
695178 701415 6237
681347 701778 20431
685117 702801 17684
692166 703725 11559
683950 705804 21854
697970 710457 12487
700533 711645 11112
704381 712173 7792
701784 712206 10422
707692 714549 6857
703170 715671 12501
705356 716727 11371
702462 717156 14694
699389 717618 18229
708837 718377 9540
721590 727848 6258
718515 728013 9498
716422 729366 12944
722889 729960 7071
716868 730389 13521
720040 732864 12824
726664 733326 6662
726883 733491 6608
718952 735141 16189
726305 737055 10750
728474 737880 9406
728056 738672 10616
727997 740850 12853
739963 749100 9137
738428 749925 11497
735661 750552 14891
744473 752235 7762
738052 753489 15437
747505 756129 8624
746362 759099 12737
745227 761310 16083
742060 761904 19844
748600 763158 14558
747786 763587 15801
747542 764874 17332
757540 766260 8720
756314 767580 11266
761572 768768 7196
758002 773883 15881
762138 774015 11877
763595 774972 11377
758041 775962 17921
763023 779460 16437
770740 779823 9083
766023 781671 15648
764764 783519 18755
778500 785103 6603
768399 786225 17826
774251 786852 12601
777463 788205 10742
777556 789558 12002
778890 790119 11229
784804 791043 6239
781265 792132 10867
775601 797082 21481
782136 797643 15507
789015 798864 9849
787533 800646 13113
789857 803913 14056
785976 804144 18168
786769 804276 17507
791818 805068 13250
795076 806784 11708
786625 806850 20225
787367 808269 20902
801918 808830 6912
784572 810183 25611
789019 812592 23573
803744 812889 9145
802400 814176 11776
807432 814275 6843
805042 814704 9662
791797 816750 24953
793476 817608 24132
803646 818367 14721
808484 819456 10972
808000 819852 11852
798700 822162 23462
810776 822558 11782
807896 825165 17269
816977 825726 8749
817816 828234 10418
817964 828465 10501
820390 828762 8372
799739 831468 31729
813236 831501 18265
802778 831666 28888
811416 832986 21570
813534 833052 19518
818982 834372 15390
809922 836187 26265
829605 836616 7011
828073 836715 8642
826623 838761 12138
817765 842424 24659
817152 842622 25470
827661 842655 14994
823525 842952 19427
835861 843117 7256
835998 843612 7614
830583 845196 14613
833986 845526 11540
840246 847704 7458
817792 847935 30143
826758 850641 23883
839448 850641 11193
845114 852819 7705
823321 854568 31247
830589 855030 24441
846296 855525 9229
841498 856185 14687
840190 857307 17117
831546 858231 26685
847267 860574 13307
851059 860772 9713
844996 860937 15941
841167 861069 19902
848843 865095 16252
854718 865590 10872
846397 865623 19226
851295 866976 15681
860267 867537 7270
847576 867801 20225
861260 870408 9148
848982 870870 21888
860422 871662 11240
862471 875919 13448
869840 876084 6244
866866 877635 10769
871796 878460 6664
867191 881496 14305
877350 884004 6654
872431 884037 11606
872730 889350 16620
872823 891759 18936
879574 891792 12218
881092 892320 11228
881970 894498 12528
876798 895026 18228
882179 895026 12847
888580 895191 6611
888984 895587 6603
882349 898095 15746
893524 899778 6254
894859 901461 6602
891953 905322 13369
892293 906741 14448
887947 907533 19586
898919 907995 9076
889645 910734 21089
890870 913242 22372
907831 914100 6269
897379 916443 19064
904635 917499 12864
903240 917664 14424
912042 918225 6183
910827 920403 9576
902646 920568 17922
911459 922317 10858
920581 926838 6257
913110 927564 14454
915445 927696 12251
913724 928323 14599
918079 933999 15920
921816 936177 14361
928314 937827 9513
930498 938553 8055
927935 938949 11014
921046 940566 19520
923783 942282 18499
935143 942480 7337
924594 942942 18348
928363 945615 17252
929194 945648 16454
930998 946209 15211
941386 947793 6407
935897 949641 13744
940344 950862 10518
934810 952842 18032
932519 953205 20686
930755 953370 22615
925483 953931 28448
947566 955086 7520
946757 956802 10045
933882 958155 24273
935237 958650 23413
946723 960762 14039
944348 961026 16678
930086 961356 31270
948393 963666 15273
942332 963699 21367
951910 966405 14495
949361 967263 17902
941191 970101 28910
959933 972807 12874
956695 973434 16739
947341 973599 26258
951514 974886 23372
962328 975777 13449
946956 976800 29844
958376 978516 20140
950914 979011 28097
958553 980331 21778
966148 980727 14579
972377 982080 9703
968613 984588 15975
977571 985314 7743
970485 986502 16017
979839 986535 6696
975779 986865 11086
970920 987096 16176
963001 987492 24491
976616 989571 12955
964435 990066 25631
966644 990165 23521
957751 990594 32843
974063 992838 18775
976046 993531 17485
986166 994158 7992
974189 997260 23071
988095 999966 11871
981301 1001946 20645
988167 1002936 14769
993839 1004619 10780
999247 1005873 6626
981695 1006137 24442
987058 1009338 22280
995324 1012605 17281
995543 1012869 17326
1002012 1014255 12243
1007748 1014552 6804
1004474 1015179 10705
994905 1016631 21726
1000741 1017357 16616
1001620 1017819 16199
1000508 1020195 19687
996802 1021284 24482
1007734 1021647 13913
997792 1021779 23987
1009024 1022175 13151
1012810 1022934 10124
1013587 1025013 11426
1017406 1028280 10874
1013720 1029765 16045
1009856 1031283 21427
1022726 1032471 9745
1026087 1037619 11532
1022168 1039533 17365
1031943 1041150 9207
1033940 1041612 7672
1019949 1044318 24369
1027712 1044351 16639
1034810 1044615 9805
1029557 1047816 18259
1031998 1050753 18755
1024997 1051017 26020
1029225 1051050 21825
1042292 1051149 8857
1028305 1051281 22976
1035450 1052073 16623
1029751 1052205 22454
1039334 1054383 15049
1042770 1054911 12141
1048854 1055967 7113
1047183 1057617 10434
1047632 1059630 11998
1050026 1060884 10858
1052109 1061676 9567
1037707 1062336 24629
1050960 1064844 13884
1040183 1064877 24694
1052997 1064943 11946
1059999 1066824 6825
1037635 1067913 30278
1051265 1070718 19453
1059537 1070817 11280
1064445 1072665 8220
1066887 1073490 6603
1061773 1076295 14522
1063804 1078044 14240
1068154 1079001 10847
1072240 1080321 8081
1074258 1083159 8901
1077077 1083687 6610
1075310 1083786 8476
1067834 1084248 16414
1065263 1084413 19150
1072433 1085832 13399
1072923 1086723 13800
1074228 1087581 13353
1078868 1088043 9175
1077574 1089792 12218
1077306 1090650 13344
1078819 1091211 12392
1075123 1092861 17738
1077267 1093488 16221
1088104 1094973 6869
1088474 1095171 6697
1078668 1098207 19539
1077885 1098801 20916
1084807 1099494 14687
1086886 1100154 13268
1095060 1101309 6249
1082138 1102926 20788
1080875 1105071 24196
1098031 1106226 8195
1096854 1108041 11187
1089270 1108305 19035
1090188 1108635 18447
1102483 1108734 6251
1102013 1111539 9526
1099207 1114740 15533
1090472 1117941 27469
1101659 1118040 16381
1095293 1118172 22879
1106613 1118469 11856
1108363 1119162 10799
1113432 1119756 6324
1107490 1120614 13124
1116223 1122825 6602
1105993 1124970 18977
1119575 1126224 6649
1120595 1126851 6256
1118834 1128039 9205
1120686 1131141 10455
1104925 1131240 26315
1125477 1132098 6621
1124696 1134210 9514
1121249 1138071 16822
1129209 1140150 10941
1133922 1140546 6624
1134014 1145166 11152
1133124 1147542 14418
1143180 1149423 6243
1134546 1151865 17319
1142078 1152888 10810
1138183 1154571 16388
1143279 1155759 12480
1147428 1156617 9189
1147688 1157145 9457
1148295 1157706 9411
1149972 1158234 8262
1152528 1158861 6333
1152669 1159752 7083
1152578 1160313 7735
1146853 1161798 14945
1138208 1161930 23722
1146967 1162986 16019
1161422 1168101 6679
1156521 1168497 11976
1156422 1171335 14913
1160952 1174800 13848
1155239 1174833 19594
1158898 1175460 16562
1162200 1175790 13590
1165053 1177506 12453
1167143 1177506 10363
1160437 1180344 19907
1162990 1182027 19037
1162235 1182687 20452
1167656 1184007 16351
1176780 1185591 8811
1169371 1186284 16913
1179966 1186614 6648
1174542 1187274 12732
1170340 1188792 18452
1181360 1189683 8323
1166408 1191498 25090
1184287 1194105 9818
1186287 1194798 8511
1181618 1194831 13213
1188175 1194864 6689
1178483 1197999 19516
1192830 1200111 7281
1188596 1201629 13033
1193097 1203477 10380
1195108 1204929 9821
1199934 1206546 6612
1190404 1206612 16208
1197351 1209450 12099
1199880 1212288 12408
1198940 1213575 14635
1207557 1214169 6612
1208213 1214862 6649
1212503 1219350 6847
1213872 1220835 6963
1205341 1221033 15692
1211971 1226313 14342
1213116 1226445 13329
1216682 1227072 10390
1210608 1228128 17520
1209437 1230273 20836
1214344 1230834 16490
1220551 1234035 13484
1213954 1234068 20114
1221815 1235619 13804
1222451 1236444 13993
1223313 1239480 16167
1226158 1240602 14444
1224579 1242318 17739
1222235 1245618 23383
1235390 1247466 12076
1232028 1249644 17616
1233423 1250172 16749
1238775 1250172 11397
1243224 1250304 7080
1236558 1253472 16914
1245244 1256178 10934
1244502 1256244 11742
1242144 1257300 15156
1234758 1257960 23202
1241142 1258983 17841
1253310 1260072 6762
1253985 1260600 6615
1238414 1261227 22813
1245155 1265187 20032
1249081 1265814 16733
1250001 1267134 17133
1252913 1267761 14848
1254537 1268388 13851
1244452 1268454 24002
1255307 1268982 13675
1254099 1270335 16236
1263794 1270863 7069
1261285 1271688 10403
1254462 1275285 20823
1254353 1277925 23572
1268607 1278981 10374
1264171 1282116 17945
1274724 1283238 8514
1273215 1283964 10749
1266516 1285020 18504
1282158 1288419 6261
1282278 1289277 6999
1265833 1289871 24038
1283770 1290597 6827
1278191 1292478 14287
1275943 1293138 17195
1284339 1293534 9195
1285243 1294161 8918
1288721 1294986 6265
1290621 1297197 6576
1282222 1297956 15734
1284675 1299441 14766
1284491 1300695 16204
1287838 1302279 14441
1288568 1303863 15295
1291378 1304424 13046
1281943 1305843 23900
1291313 1306338 15025
1294109 1307361 13252
1288479 1307922 19443
1293747 1310859 17112
1305374 1311684 6310
1296823 1313895 17072
1293325 1314192 20867
1304262 1317129 12867
1295284 1317393 22109
1302757 1317558 14801
1297197 1319604 22407
1303188 1321749 18561
1294727 1322343 27616
1300550 1323795 23245
1313322 1326501 13179
1309576 1329174 19598
1312607 1329438 16831
1316451 1329471 13020
1317827 1329966 12139
1314954 1333431 18477
1316845 1333860 17015
1319924 1334388 14464
1324105 1335015 10910
1324020 1337754 13734
1327141 1341978 14837
1331718 1342110 10392
1333623 1344783 11160
1330163 1347852 17689
1335653 1349040 13387
1344513 1351152 6639
1338291 1356399 18108
1350273 1356597 6324
1344668 1356927 12259
1342758 1358115 15357
1352840 1362867 10027
1340783 1363329 22546
1346116 1367355 21239
1352908 1367685 14777
1357109 1368873 11764
1359075 1369962 10887
1357916 1370292 12376
1364907 1372173 7266
1353896 1373163 19267
1357452 1373559 16107
1352603 1373691 21088
1367309 1374054 6745
1353618 1374351 20733
1370561 1377189 6628
1367531 1378344 10813
1372709 1378971 6262
1373644 1380258 6614
1372146 1381347 9201
1380890 1387584 6694
1377363 1390818 13455
1379184 1391346 12162
1380688 1391577 10889
1388611 1394943 6332
1382841 1395603 12762
1381040 1398144 17104
1388086 1399035 10949
1394720 1401048 6328
1389984 1403787 13803
1395165 1403886 8721
1393874 1404678 10804
1396641 1406493 9852
1390651 1406559 15908
1406851 1413093 6242
1392994 1413126 20132
1402891 1416195 13304
1411698 1418307 6609
1406949 1418472 11523
1410912 1419000 8088
1401816 1419330 17514
1413502 1420122 6620
1414757 1421772 7015
1405419 1422036 16617
1418603 1425204 6601
1416435 1427217 10782
1420412 1430847 10435
1429021 1435632 6611
1424244 1437678 13434
1430805 1440351 9546
1426734 1441737 15003
1431978 1444410 12432
1438281 1444608 6327
1438022 1444641 6619
1432345 1445004 12659
1438151 1446852 8701
1436447 1449195 12748
1433311 1450053 16742
1439831 1450878 11047
1432904 1455201 22297
1434585 1457313 22728
1443749 1457709 13960
1446343 1457841 11498
1444789 1458336 13547
1454114 1467411 13297
1451235 1468599 17364
1457913 1470678 12765
1465979 1472295 6316
1461947 1472889 10942
1466146 1475595 9449
1470293 1476618 6325
1466351 1478004 11653
1467515 1478565 11050
1466453 1479390 12937
1473993 1480644 6651
1474594 1481172 6578
1480337 1486584 6247
1470534 1487739 17205
1471146 1489125 17979
1479112 1490049 10937
1486134 1492392 6258
1485700 1492623 6923
1487776 1494966 7190
1486618 1495659 9041
1489477 1496154 6677
1488353 1497705 9352
1489160 1498365 9205
1485008 1499388 14380
1496046 1502688 6642
1493956 1505097 11141
1490747 1506285 15538
1496784 1507869 11085
1503075 1509684 6609
1501144 1512126 10982
1503412 1515162 11750
1506216 1516944 10728
1507928 1517208 9280
1507396 1517901 10505
1505300 1520376 15076
1511614 1520508 8894
1513609 1524336 10727
1520341 1526580 6239
1520769 1527009 6240
1521665 1527933 6268
1524059 1530309 6250
1529328 1535589 6261
1532590 1539285 6695
1534113 1540737 6624
1528445 1543212 14767
1534043 1545093 11050
1532725 1547172 14447
1542176 1548789 6613
1538038 1549581 11543
1542996 1550010 7014
1532645 1550934 18289
1546008 1552650 6642
1542517 1553640 11123
1543181 1557831 14650
1551606 1558293 6687
1554479 1560735 6256
1548190 1561428 13238
1555545 1564629 9084
1555582 1565124 9542
1548939 1565586 16647
1551075 1566147 15072
1555866 1567236 11370
1554847 1571196 16349
1566933 1573176 6243
1560114 1573506 13392
1567765 1575420 7655
1560018 1577433 17415
1566608 1577796 11188
1571933 1580766 8833
1572059 1582845 10786
1560409 1583043 22634
1568420 1584924 16504
1572799 1585452 12653
1558190 1585782 27592
1579168 1588059 8891
1575606 1588158 12552
1573323 1591161 17838
1576085 1591722 15637
1573663 1591755 18092
1573122 1592514 19392
1586009 1593999 7990
1568413 1594956 26543
1590683 1597332 6649
1580006 1598553 18547
1577199 1599708 22509
1571969 1601259 29290
1595596 1602183 6587
1575255 1602282 27027
1590588 1602315 11727
1584333 1606077 21744
1581613 1606506 24893
1595526 1608651 13125
1585476 1609740 24264
1602147 1611885 9738
1584888 1612776 27888
1605799 1614690 8891
1580337 1614954 34617
1584108 1615977 31869
1593088 1617660 24572
1583830 1617792 33962
1609292 1620267 10975
1599607 1621158 21551
1612111 1624128 12017
1619273 1626240 6967
1608630 1627098 18468
1601633 1627527 25894
1620483 1628484 8001
1619438 1628715 9277
1612309 1631751 19442
1603759 1632510 28751
1618260 1635348 17088
1616521 1635711 19190
1619016 1635810 16794
1621285 1636206 14921
1631823 1638483 6660
1623301 1638912 15611
1633637 1640232 6595
1630087 1640991 10904
1620441 1644060 23619
1639496 1645743 6247
1643177 1649802 6625
1643949 1650561 6612
1636341 1651551 15210
1641645 1653729 12084
1648725 1655907 7182
1648548 1657062 8514
1646359 1657425 11066
1638872 1658646 19774
1648166 1663233 15067
1655356 1665906 10550
1654360 1666533 12173
1658580 1667754 9174
1653473 1668381 14908
1655827 1668711 12884
1654568 1669734 15166
1656242 1670955 14713
1656454 1671516 15062
1664151 1671813 7662
1666824 1673430 6606
1651941 1674750 22809
1655309 1675311 20002
1667738 1681251 13513
1672702 1683264 10562
1678166 1684419 6253
1678801 1685409 6608
1669315 1687554 18239
1667161 1689963 22802
1677149 1692735 15586
1678642 1697223 18581
1680213 1698081 17868
1688151 1700424 12273
1692625 1703163 10538
1691422 1703196 11774
1696440 1706133 9693
1701463 1708080 6617
1701769 1708377 6608
1687570 1708839 21269
1698123 1711446 13323
1702637 1711644 9007
1710025 1716693 6668
1706625 1716990 10365
1705908 1719927 14019
1714961 1721577 6616
1714239 1724613 10374
1715873 1724844 8971
1716308 1725372 9064
1716265 1726197 9932
1711788 1727055 15267
1717240 1730025 12785
1712926 1732665 19739
1724585 1735305 10720
1723903 1739166 15263
1732556 1739529 6973
1726562 1741212 14650
1727987 1741212 13225
1724649 1742367 17718
1737371 1743621 6250
1727670 1744743 17073
1719969 1745568 25599
1721841 1746096 24255
1727257 1746624 19367
1726663 1747449 20786
1735021 1750716 15695
1731041 1755534 24493
1745172 1756953 11781
1753544 1760154 6610
1741374 1762365 20991
1740190 1762893 22703
1752237 1762992 10755
1740808 1763223 22415
1746107 1767117 21010
1754860 1769196 14336
1764844 1771473 6629
1748852 1772727 23875
1756412 1773816 17404
1769380 1775994 6614
1761342 1776885 15543
1762152 1776918 14766
1762766 1778139 15373
1767138 1780647 13509
1761399 1781340 19941
1767642 1783155 15513
1778201 1786818 8617
1776363 1792098 15735
1773344 1793616 20272
1784787 1793682 8895
1780214 1794705 14491
1790234 1796487 6253
1787574 1796553 8979
1792144 1803582 11438
1798880 1806321 7441
1801531 1807773 6242
1801348 1808367 7019
1789495 1810017 20522
1797786 1810479 12693
1804683 1811304 6621
1788519 1811601 23082
1797257 1814307 17050
1807884 1814868 6984
1809602 1816221 6619
1805758 1816485 10727
1813319 1819587 6268
1815034 1822062 7028
1817143 1828398 11255
1816466 1829718 13252
1825018 1831269 6251
1821290 1832061 10771
1823427 1834569 11142
1833473 1840080 6607
1839922 1846779 6857
1834408 1847736 13328
1842650 1848891 6241
1839664 1850970 11306
1849343 1855590 6247
1837974 1856019 18045
1845990 1856811 10821
1844586 1860870 16284
1850548 1861728 11180
1855442 1862058 6616
1855956 1864599 8643
1854821 1865556 10735
1859037 1867668 8631
1863465 1870077 6612
1864380 1870638 6258
1865334 1871661 6327
1867191 1873806 6615
1870458 1876710 6252
1865553 1878987 13434
1871588 1880538 8950
1863118 1882056 18938
1874990 1882749 7759
1871541 1883871 12330
1877706 1884333 6627
1873640 1884762 11122
1874726 1886115 11389
1881828 1889019 7191
1873503 1891263 17760
1883735 1891428 7693
1876626 1894002 17376
1876770 1894431 17661
1879714 1895322 15608
1881344 1896114 14770
1882115 1896147 14032
1882503 1898523 16020
1891800 1898820 7020
1882403 1901724 19321
1895818 1902087 6269
1889003 1903902 14899
1889042 1904430 15388
1892275 1904694 12419
1900954 1907565 6611
1898413 1908786 10373
1903405 1909644 6239
1899661 1910106 10445
1881937 1913208 31271
1905498 1917036 11538
1909941 1918620 8679
1912103 1918950 6847
1906873 1919742 12869
1904152 1921227 17075
1915724 1923009 7285
1910535 1926144 15609
1915759 1926144 10385
1918896 1929213 10317
1917582 1932447 14865
1924901 1933899 8998
1923501 1934229 10728
1916314 1936770 20456
1926502 1938519 12017
1933493 1940103 6610
1932973 1943799 10826
1933628 1943997 10369
1934078 1944525 10447
1928307 1945284 16977
1939173 1945614 6441
1939733 1947990 8257
1938512 1948452 9940
1942760 1949772 7012
1938273 1951785 13512
1938833 1954953 16120
1948665 1955283 6618
1936203 1955646 19443
1937537 1956273 18736
1945061 1961355 16294
1942047 1963764 21717
1935400 1966404 31004
1952820 1966965 14145
1956600 1967130 10530
1960941 1967559 6618
1950757 1969044 18287
1957597 1971849 14252
1958942 1975446 16504
1959316 1976007 16691
1962512 1976370 13858
1966977 1977690 10713
1967465 1978779 11314
1968843 1979703 10860
1973599 1980264 6665
1972392 1981419 9027
1977090 1983696 6606
1979978 1987359 7381
1977690 1988052 10362
1979895 1990956 11061
1986762 1993365 6603
1981240 1993728 12488
1981355 1998249 16894
1991630 1998249 6619
1989432 1998942 9510
1992800 2003232 10432
1994482 2003760 9278
1987424 2004387 16963
1996929 2006202 9273
2000239 2007225 6986
2001918 2008182 6264
2002642 2010723 8081
2004725 2010987 6262
1997973 2013957 15984
2003759 2016663 12904
2001147 2017950 16803
2012557 2020194 7637
2012105 2023263 11158
2003117 2024187 21070
2018535 2025243 6708
2019053 2025903 6850
2014587 2027982 13395
2013462 2028873 15411
2019421 2031249 11828
2022674 2033856 11182
2023569 2033955 10386
2029080 2035341 6261
2025312 2035704 10392
2031254 2037519 6265
2028623 2040225 11602
2031830 2042007 10177
2029355 2043294 13939
2034448 2044977 10529
2034288 2045043 10755
2036756 2048013 11257
2037131 2048508 11377
2037506 2049036 11530
2037841 2049498 11657
2043203 2054877 11674
2043281 2060223 16942
2056148 2062797 6649
2057784 2064051 6267
2056776 2067780 11004
2062506 2068770 6264
2055673 2072565 16892
2068826 2075139 6313
2068665 2075271 6606
2073047 2079660 6613
2063034 2080584 17550
2068850 2081211 12361
2065079 2083851 18772
2069825 2085864 16039
2079264 2085864 6600
2073269 2086986 13717
2071644 2087349 15705
2072889 2088075 15186
2070431 2091177 20746
2085697 2092299 6602
2086062 2092860 6798
2080392 2093751 13359
2080403 2094477 14074
2085407 2100549 15142
2084133 2100714 16581
2086570 2100846 14276
2087155 2101572 14417
2091036 2105268 14232
2099026 2105565 6539
2100615 2107248 6633
2095414 2108304 12890
2087616 2108601 20985
2095761 2109327 13566
2103272 2110383 7111
2098818 2112000 13182
2106075 2114607 8532
2109651 2116455 6804
2107429 2118171 10742
2114099 2121009 6910
2110583 2121471 10888
2117566 2123814 6248
2109235 2124177 14942
2107670 2124507 16837
2104950 2127378 22428
2111650 2127873 16223
2114245 2129391 15146
2119541 2130744 11203
2113854 2131074 17220
2115158 2131503 16345
2128611 2135232 6621
2118674 2138268 19594
2129508 2138532 9024
2127594 2142096 14502
2138833 2147838 9005
2142003 2148267 6264
2137659 2148399 10740
2138033 2150676 12643
2145220 2151831 6611
2137930 2153877 15947
2146080 2156451 10371
2142446 2156946 14500
2147757 2161731 13974
2150780 2161731 10951
2150902 2162127 11225
2156112 2162358 6246
2156296 2162556 6260
2155332 2165196 9864
2159878 2166483 6605
2159157 2171532 12375
2163601 2172687 9086
2158052 2175228 17176
2162615 2176383 13768
2162198 2177934 15736
2161380 2178396 17016
2160869 2178594 17725
2171099 2181036 9937
2174035 2181960 7925
2178166 2184864 6698
2159524 2185062 25538
2178726 2185392 6666
2173902 2188593 14691
2178760 2192157 13397
2173245 2195688 22443
2189080 2198394 9314
2187668 2201133 13465
2185848 2201364 15516
2179440 2201661 22221
2182785 2202189 19404
2188555 2203377 14822
2194436 2205687 11251
2197343 2207799 10456
2200135 2209020 8885
2198420 2209911 11491
2187487 2210868 23381
2183503 2211429 27926
2195583 2213013 17430
2207639 2214861 7222
2191840 2215323 23483
2201759 2216115 14356
2204429 2216841 12412
2202432 2217831 15399
2211474 2218128 6654
2203045 2218458 15413
2205506 2222088 16582
2216364 2222979 6615
2217563 2224167 6604
2218461 2225454 6993
2215937 2227698 11761
2222282 2230140 7858
2219712 2230437 10725
2222257 2234100 11843
2223298 2234463 11165
2225500 2237169 11669
2227854 2238720 10866
2228192 2241591 13399
2225478 2244759 19281
2228720 2244825 16105
2229503 2246310 16807
2238941 2247564 8623
2236898 2247762 10864
2231348 2249511 18163
2244666 2250930 6264
2244496 2252019 7523
2236203 2255286 19083
2241353 2255286 13933
2236708 2258949 22241
2253313 2261061 7748
2242384 2261160 18776
2254461 2261589 7128
2239180 2261853 22673
2255838 2262084 6246
2243965 2264559 20594
2259953 2266572 6619
2256567 2268123 11556
2255078 2270961 15883
2256173 2271654 15481
2261867 2273634 11767
2261667 2276604 14937
2266995 2277363 10368
2273618 2279871 6253
2275242 2281488 6246
2270679 2281554 10875
2276098 2289375 13277
2278839 2290167 11328
2271488 2294919 23431
2280431 2295084 14653
2283889 2295975 12086
2289794 2296470 6676
2279521 2299704 20183
2280660 2300298 19638
2288969 2301816 12847
2295893 2302509 6616
2297055 2303730 6675
2300531 2306799 6268
2304053 2313234 9181
2297645 2314554 16909
2298602 2316039 17437
2300887 2316501 15614
2303087 2316534 13447
2290758 2317062 26304
2308860 2317524 8664
2302514 2319735 17221
2312340 2322705 10365
2317070 2323695 6625
2309603 2323860 14257
2312300 2325774 13474
2310236 2326929 16693
2305678 2327094 21416
2314003 2328513 14510
2321394 2328942 7548
2293934 2329074 35140
2306419 2329767 23348
2322926 2330658 7732
2309909 2331219 21310
2308731 2333001 24270
2310318 2333529 23211
2324541 2333925 9384
2328337 2339271 10934
2320374 2340954 20580
2324472 2341020 16548
2328569 2341482 12913
2325454 2341515 16061
2334714 2344221 9507
2330726 2344716 13990
2323260 2345442 22182
2320412 2347257 26845
2342578 2349666 7088
2324876 2351481 26605
2333523 2354550 21027
2338509 2355111 16602
2348816 2364417 15601
2345994 2364945 18951
2359384 2366067 6683
2360055 2366595 6540
2354816 2366694 11878
2354542 2369400 14858
2350523 2370819 20296
2352035 2371578 19543
2356964 2372139 15175
2357417 2373162 15745
2364021 2374185 10164
2356677 2374911 18234
2364395 2376132 11737
2371214 2377815 6601
2373447 2380059 6612
2374033 2380620 6587
2368314 2382237 13923
2371634 2386131 14497
2371506 2387451 15945
2382260 2388870 6610
2383943 2390520 6577
2371595 2391180 19585
2377802 2392929 15127
2388237 2394909 6672
2389175 2395800 6625
2383728 2398044 14316
2394621 2400882 6261
2394905 2401146 6241
2395775 2403357 7582
2395779 2403885 8106
2400323 2411079 10756
2402232 2413191 10959
2403203 2413587 10384
2400620 2415435 14815
2400505 2416821 16316
2410947 2417580 6633
2401485 2418867 17382
2406819 2419131 12312
2406965 2421474 14509
2403954 2421870 17916
2417633 2423883 6250
2404163 2424840 20677
2423711 2430318 6607
2426924 2436126 9202
2422274 2436720 14446
2420323 2439327 19004
2434985 2443815 8830
2424643 2444475 19832
2428649 2445399 16750
2436232 2446785 10553
2428750 2446950 18200
2432172 2448105 15933
2437510 2449062 11552
2442859 2449161 6302
2433709 2452296 18587
2441511 2454672 13161
2450750 2457378 6628
2440029 2457840 17811
2433466 2458038 24572
2438061 2459622 21561
2455120 2461734 6614
2454118 2461965 7847
2454538 2464704 10166
2443553 2465034 21481
2458527 2465133 6606
2455813 2466948 11135
2455318 2467410 12092
2456638 2468697 12059
2461904 2471964 10060
2454340 2473317 18977
2466145 2476023 9878
2459398 2477508 18110
2466996 2477937 10941
2455597 2479125 23528
2461740 2479653 17913
2474505 2480742 6237
2480364 2487045 6681
2475855 2490213 14358
2476589 2490873 14284
2479698 2491401 11703
2480416 2491929 11513
2476700 2494602 17902
2483227 2500080 16853
2490566 2501334 10768
2480671 2502192 21521
2492502 2506482 13980
2491049 2507934 16885
2504042 2510838 6796
2500890 2513577 12687
2503627 2514633 11006
2495647 2516745 21098
2496612 2517537 20925
2499829 2517834 18005
2503608 2518098 14490
2503858 2519451 15593
2500310 2521035 20725
2511087 2522421 11334
2513086 2524236 11150
2516582 2524764 8182
2511208 2525556 14348
2504030 2525787 21757
2508646 2528196 19550
2515339 2528493 13154
2516011 2529021 13010
2523855 2530869 7014
2519188 2533179 13991
2527332 2533575 6243
2524467 2535885 11418
2516329 2538063 21734
2529124 2540670 11546
2526582 2541858 15276
2531532 2542650 11118
2524767 2542881 18114
2536921 2544168 7247
2534528 2545257 10729
2535412 2548293 12881
2537453 2548887 11434
2530124 2550471 20347
2541873 2551329 9456
2539380 2551626 12246
2545017 2553639 8622
2544321 2554695 10374
2548390 2554992 6602
2550379 2557467 7088
2550858 2560173 9315
2554268 2560899 6631
2546574 2563671 17097
2554762 2564496 9734
2562131 2569215 7084
2557689 2569710 12021
2564566 2570898 6332
2553508 2572416 18908
2564782 2573967 9185
2558803 2574132 15329
2557418 2575056 17638
2564527 2576541 12014
2553828 2577036 23208
2570564 2577630 7066
2558866 2579742 20876
2573492 2580171 6679
2557163 2580699 23536
2559521 2580765 21244
2575283 2582811 7528
2561017 2583339 22322
2571846 2585814 13968
2579125 2586210 7085
2577677 2588421 10744
2585247 2591490 6243
2575949 2592183 16234
2580653 2593767 13114
2582355 2593866 11511
2583510 2596836 13326
2567674 2597958 30284
2586472 2599476 13004
2586016 2603601 17585
2591878 2604525 12647
2598704 2605614 6910
2598547 2608914 10367
2602727 2609343 6616
2592490 2609607 17117
2604287 2611290 7003
2603326 2616834 13508
2603343 2617758 14415
2606840 2620728 13888
2615509 2622510 7001
2612351 2626338 13987
2611475 2626800 15325
2621094 2627790 6696
2617135 2628351 11216
2613414 2630463 17049
2626307 2632938 6631
2627807 2634423 6616
2630365 2636997 6632
2631972 2638713 6741
2627613 2640330 12717
2625808 2640792 14984
2628132 2641683 13551
2630971 2643663 12692
2628944 2644191 15247
2636574 2645676 9102
2637698 2646864 9166
2633742 2647161 13419
2641014 2650164 9150
2643322 2650164 6842
2645343 2651781 6438
2645361 2651979 6618
2647384 2653959 6575
2642632 2654388 11756
2640082 2656368 16286
2641652 2656368 14716
2647671 2657094 9423
2642628 2659602 16974
2638306 2659800 21494
2653924 2660163 6239
2650708 2660625 9917
2652804 2662671 9867
2655165 2663199 8034
2655800 2663694 7894
2637135 2663826 26691
2646496 2664321 17825
2657979 2665971 7992
2659719 2668908 9189
2663590 2670195 6605
2663081 2673858 10777
2663490 2673924 10434
2664467 2677257 12790
2666873 2677620 10747
2666190 2678445 12255
2659290 2680293 21003
2672723 2680854 8131
2673831 2681349 7518
2675642 2681910 6268
2670304 2684583 14279
2677930 2689071 11141
2673082 2691414 18332
2673741 2692404 18663
2679299 2693592 14293
2680546 2693955 13409
2679923 2697684 17761
2681970 2698542 16572
2684553 2699004 14451
2696237 2702865 6628
2687222 2702931 15709
2692113 2703855 11742
2701214 2707815 6601
2702275 2713029 10754
2707166 2713425 6259
2708573 2715405 6832
2707793 2718870 11077
2705676 2720058 14382
2707907 2721774 13867
2712830 2724216 11386
2714470 2726757 12287
2718250 2726790 8540
2717697 2727417 9720
2710483 2727813 17330
2715084 2728836 13752
2714695 2729397 14702
2721426 2730453 9027
2717963 2732037 14074
2726354 2736756 10402
2721582 2738109 16527
2710816 2740815 29999
2718097 2741343 23246
2727695 2743521 15826
2737345 2744412 7067
2731500 2746524 15024
2737175 2747943 10768
2733115 2748966 15851
2739422 2750946 11524
2743260 2751573 8313
2745526 2752266 6740
2732124 2754279 22155
2743270 2754411 11141
2744609 2755005 10396
2745476 2761572 16096
2751721 2762991 11270
2753441 2764179 10738
2763856 2770119 6263
2755959 2770548 14589
2761344 2773155 11811
2769291 2776620 7329
2761711 2776917 15206
2770150 2777148 6998
2764404 2780382 15978
2764776 2780943 16167
2767017 2781273 14256
2767095 2781570 14475
2769071 2783319 14248
2771406 2784276 12870
2773858 2789457 15599
2773119 2790513 17394
2779374 2790546 11172
2787847 2794473 6626
2783349 2795133 11784
2789884 2796123 6239
2770242 2797674 27432
2794371 2800974 6603
2793785 2801634 7849
2796082 2803251 7169
2788180 2803944 15764
2788342 2804340 15998
2788363 2806485 18122
2796595 2807310 10715
2791095 2807838 16743
2798310 2807871 9561
2794181 2811072 16891
2797379 2813811 16432
2790817 2815362 24545
2798241 2816847 18606
2802381 2817969 15588
2807519 2818629 11110
2806044 2821698 15654
2813401 2822325 8924
2812522 2822886 10364
2806712 2824272 17560
2818239 2825262 7023
2815675 2826879 11204
2820098 2827605 7507
2822321 2828694 6373
2816295 2829453 13158
2818823 2831004 12181
2820352 2831499 11147
2815031 2834403 19372
2824986 2837076 12090
2828521 2839419 10898
2830708 2839683 8975
2826641 2840508 13867
2830998 2841861 10863
2827064 2842488 15424
2833215 2843214 9999
2827424 2844006 16582
2827503 2844567 17064
2835599 2844897 9298
2831591 2845227 13636
2837277 2847669 10392
2832203 2849484 17281
2834954 2850804 15850
2840933 2850936 10003
2843311 2853147 9836
2831472 2854137 22665
2843208 2857305 14097
2838328 2857833 19505
2847264 2858922 11658
2839614 2860341 20727
2842964 2860902 17938
2847044 2863080 16036
2850837 2863641 12804
2858161 2865126 6965
2851398 2866017 14619
2853000 2867931 14931
2861720 2868030 6310
2858575 2868624 10049
2856265 2870934 14669
2860291 2871165 10874
2859925 2871594 11669
2859724 2874102 14378
2855105 2874795 19690
2869895 2877270 7375
2854018 2877996 23978
2867200 2880372 13172
2870811 2880636 9825
2868594 2880966 12372
2866052 2881461 15409
2863950 2883573 19623
2866857 2883903 17046
2857736 2883936 26200
2879054 2885685 6631
2879061 2886213 7152
2882612 2889678 7066
2876633 2889909 13276
2883708 2890404 6696
2859358 2895024 35666
2869812 2895585 25773
2886559 2895882 9323
2879108 2896608 17500
2872641 2897796 25155
2879111 2898390 19279
2884432 2899050 14618
2885065 2899314 14249
2889845 2899842 9997
2893694 2900304 6610
2876869 2901591 24722
2887214 2902119 14905
2887585 2902614 15029
2873645 2905518 31873
2893790 2905551 11761
2888474 2905683 17209
2884936 2906178 21242
2879862 2909412 29550
2904024 2910270 6246
2903881 2911194 7313
2898724 2912118 13394
2889125 2914131 25006
2907246 2914263 7017
2904183 2914956 10773
2901932 2915088 13156
2903389 2915649 12260
2902627 2917200 14573
2899425 2919906 20481
2911858 2922744 10886
2917782 2924361 6579
2913907 2926374 12467
2918428 2928486 10058
2917952 2929113 11161
2914085 2931192 17107
2922035 2932182 10147
2921873 2932611 10738
2926569 2933568 6999
2909131 2935251 26120
2924266 2935416 11150
2925791 2942082 16291
2929559 2942940 13381
2937319 2943666 6347
2933292 2944425 11133
2937516 2946702 9186
2931022 2949771 18749
2944581 2951190 6609
2946025 2952279 6254
2934312 2952477 18165
2948371 2954688 6317
2946534 2955513 8979
2948482 2957196 8714
2943027 2957988 14961
2949551 2958813 9262
2944666 2960364 15698
2946570 2962707 16137
2949006 2963466 14460
2957308 2963928 6620
2953551 2965446 11895
2953182 2966601 13419
2965513 2972145 6632
2957658 2972409 14751
2945168 2973102 27934
2956723 2973201 16478
2960780 2974059 13279
2951753 2974653 22900
2959693 2975049 15356
2962803 2975577 12774
2957828 2976402 18574
2973169 2980593 7424
2971041 2981055 10014
2958912 2983068 24156
2960637 2983233 22596
2968350 2983596 15246
2972866 2984157 11291
2969915 2985246 15331
2970324 2985510 15186
2968560 2985939 17379
2971818 2986962 15144
2978596 2989701 11105
2969789 2989965 20176
2972194 2990493 18299
2975983 2991054 15071
2963204 2993100 29896
2978748 2994750 16002
2983392 2995047 11655
2981566 2996730 15164
2979258 2996862 17604
2990406 2997423 7017
2978422 2997819 19397
2992012 2998677 6665
2993363 3000360 6997
2992891 3004023 11132
3001560 3008181 6621
2993889 3008379 14490
3001457 3011910 10453
3007069 3013494 6425
3005588 3016596 11008
3010377 3016992 6615
3004943 3019302 14359
3005727 3024747 19020
3019820 3026364 6544
3015949 3029598 13649
3019672 3029862 10190
3013718 3030060 16342
3020150 3032568 12418
3009936 3032700 22764
3015607 3032799 17192
3019788 3035604 15816
3030394 3037221 6827
3026873 3040191 13318
3019448 3043260 23812
3034957 3045966 11009
3029831 3046461 16630
3037991 3047088 9097
3038407 3048837 10430
3031832 3049332 17500
3034960 3051180 16220
3042917 3051642 8725
3031348 3053688 22340
3030778 3054678 23900
3048766 3055008 6242
3039566 3055239 15673
3042340 3057879 15539
3048371 3060651 12280
3043443 3060948 17505
3048138 3063159 15021
3046452 3065007 18555
3050556 3066954 16398
3050081 3067614 17533
3060471 3070023 9552
3048547 3071046 22499
3054555 3072003 17448
3056298 3073224 16926
3053708 3075204 21496
3045727 3075402 29675
3056497 3076656 20159
3071441 3078438 6997
3056353 3080517 24164
3064455 3082563 18108
3056657 3085764 29107
3073044 3085797 12753
3068946 3088536 19590
3068861 3089493 20632
3074723 3089955 15232
3076037 3092793 16756
3081456 3095730 14274
3086420 3096126 9706
3083652 3096654 13002
3075933 3097974 22041
3090312 3100713 10401
3074794 3100878 26084
3084182 3101439 17257
3096496 3103419 6923
3091212 3105828 14616
3098673 3109557 10884
3107176 3114738 7562
3105054 3115926 10872
3102758 3117972 15214
3105388 3118599 13211
3105764 3120678 14914
3108807 3121602 12795
3111331 3123351 12020
3118911 3125562 6651
3116183 3126057 9874
3118687 3126915 8228
3117356 3126981 9625
3120317 3129060 8743
3122028 3132030 10002
3119432 3133284 13852
3117337 3135660 18323
3113737 3136221 22484
3123169 3136254 13085
3116397 3136716 20319
3117195 3138762 21567
3133540 3139785 6245
3124544 3143118 18574
3131642 3144702 13060
3132247 3146121 13874
3140324 3148167 7843
3126820 3148365 21545
3142332 3148959 6627
3136004 3151236 15232
3134313 3152226 17913
3131239 3154734 23495
3136510 3155493 18983
3147971 3157440 9469
3138676 3158199 19523
3153118 3159717 6599
3142282 3161763 19481
3142294 3164106 21812
3157482 3164139 6657
3148045 3166020 17975
3142338 3166515 24177
3161020 3167637 6617
3157716 3170409 12693
3170971 3177240 6269
3163330 3177702 14372
3162942 3178725 15783
3163485 3178725 15240
3171013 3181794 10781
3164698 3182685 17987
3171756 3186645 14889
3180082 3186711 6629
3181240 3188592 7352
3166431 3188691 22260
3170669 3189252 18583
3178260 3189351 11091
3180140 3189879 9739
3171642 3191661 20019
3176336 3196215 19879
3174746 3196281 21535
3172993 3196809 23816
3181716 3197073 15357
3180972 3197403 16431
3191458 3198162 6704
3192082 3199581 7499
3192697 3199647 6950
3191672 3200901 9229
3194796 3201396 6600
3180342 3202353 22011
3192112 3202848 10736
3195473 3202980 7507
3189658 3203310 13652
3198354 3204597 6243
3189505 3206808 17303
3201783 3208392 6609
3206085 3212352 6267
3206712 3213342 6630
3201522 3213705 12183
3208410 3215025 6615
3203225 3218391 15166
3205313 3220833 15520
3209324 3221889 12565
3214871 3224595 9724
3215299 3225156 9857
3220075 3226344 6269
3209810 3227631 17821
3224527 3230832 6305
3222466 3234231 11765
3228021 3236838 8817
3212143 3237234 25091
3230666 3237267 6601
3224716 3240237 15521
3223368 3240435 17067
3226521 3243141 16620
3242114 3248355 6241
3236954 3250665 13711
3230968 3251490 20522
3237910 3251919 14009
3241888 3252843 10955
3245221 3252942 7721
3232867 3254856 21989
3233977 3255450 21473
3251612 3257859 6247
3247816 3258156 10340
3248958 3261126 12168
3250723 3261588 10865
3246704 3265020 18316
3253980 3267726 13746
3252781 3268749 15968
3262158 3269937 7779
3266915 3273600 6685
3265226 3275712 10486
3261293 3276075 14782
3258525 3278484 19959
3268974 3279342 10368
3258823 3279738 20915
3268782 3281883 13101
3258688 3285117 26429
3271103 3286173 15070
3264938 3286998 22060
3272705 3291651 18946
3264538 3294291 29753
3283262 3294324 11062
3282280 3294390 12110
3275937 3294456 18519
3284519 3294819 10300
3286269 3295380 9111
3288432 3297360 8928
3280634 3297657 17023
3279446 3300000 20554
3280186 3300495 20309
3292656 3303432 10776
3278509 3303696 25187
3287268 3305709 18441
3296996 3307359 10363
3288619 3307953 19334
3292676 3310956 18280
3306264 3312936 6672
3308152 3314421 6269
3311406 3317655 6249
3307600 3318315 10715
3307592 3319305 11713
3313251 3319833 6582
3310037 3320790 10753
3315866 3322110 6244
3317674 3323991 6317
3320817 3327423 6606
3322475 3328743 6268
3315254 3330459 15205
3326854 3333462 6608
3324390 3333495 9105
3328213 3339138 10925
3335157 3341415 6258
3335026 3342108 7082
3324532 3345309 20777
3339995 3346233 6238
3336571 3348015 11444
3342726 3348972 6246
3338974 3349434 10460
3342801 3351414 8613
3343529 3356562 13033
3353890 3362205 8315
3347412 3362238 14826
3349079 3362634 13555
3345222 3364911 19689
3345965 3365835 19870
3348090 3366363 18273
3350363 3367320 16957
3353878 3373755 19877
3363552 3374283 10731
3363580 3375042 11462
3368954 3375273 6319
3359285 3377748 18463
3364370 3378474 14104
3361781 3379035 17254
3365004 3379068 14064
3368872 3380355 11483
3373344 3383424 10080
3371829 3383490 11661
3373575 3384480 10905
3377200 3386295 9095
3368060 3387252 19192
3373905 3389496 15591
3380506 3390024 9518
3378155 3391080 12925
3364511 3392202 27691
3370085 3392829 22744
3373133 3393225 20092
3374311 3394182 19871
3382901 3395205 12304
3386110 3395931 9821
3388936 3397053 8117
3389343 3397746 8403
3385160 3399660 14500
3390772 3400419 9647
3387107 3401112 14005
3381328 3403521 22193
3379185 3403983 24798
3382775 3404016 21241
3387678 3404412 16734
3399068 3405336 6268
3384851 3407943 23092
3404573 3410814 6241
3410157 3416424 6267
3410542 3416787 6245
3402116 3417381 15265
3411967 3418965 6998
3405749 3419988 14239
3414007 3420648 6641
3407420 3421935 14515
3407357 3423189 15832
3413031 3423816 10785
3421532 3428601 7069
3414684 3429162 14478
3416167 3431670 15503
3418548 3434871 16323
3429259 3438435 9176
3417328 3439095 21767
3423201 3440085 16884
3425699 3440910 15211
3426859 3441504 14645
3428525 3442164 13639
3423088 3444705 21617
3438618 3444870 6252
3424967 3447906 22939
3444872 3451503 6631
3441166 3451536 10370
3445653 3451899 6246
3446109 3452724 6615
3437250 3454770 17520
3450362 3456618 6256
3450702 3456948 6246
3452466 3459060 6594
3448958 3464010 15052
3448659 3464934 16275
3458631 3465297 6666
3454714 3468531 13817
3462355 3473217 10862
3471133 3477738 6605
3467080 3477903 10823
3461214 3479916 18702
3474058 3480675 6617
3469317 3483711 14394
3477874 3484206 6332
3478454 3485064 6610
3478279 3485625 7346
3471571 3490575 19004
3487044 3493710 6666
3487148 3495987 8839
3482867 3497439 14572
3482688 3499947 17259
3487520 3500475 12955
3493683 3502521 8838
3495233 3507405 12172
3499063 3507537 8474
3497544 3508494 10950
3493700 3509154 15454
3503480 3510474 6994
3505469 3511728 6259
3504092 3514170 10078
3498153 3516018 17865
3511221 3521958 10737
3506420 3522750 16330
3509163 3522948 13785
3513049 3523542 10493
3516023 3525687 9664
3516160 3526248 10088
3515224 3527172 11948
3513661 3529350 15689
3515341 3529416 14075
3521449 3529581 8132
3518026 3531000 12974
3520460 3532584 12124
3518957 3532683 13726
3518550 3533706 15156
3531152 3537402 6250
3531454 3538128 6674
3530531 3538788 8257
3527051 3540240 13189
3523063 3540999 17936
3534524 3541131 6607
3533433 3542880 9447
3524124 3543408 19284
3530257 3543705 13448
3530605 3550074 19469
3530270 3551262 20992
3534894 3551988 17094
3538732 3552714 13982
3542317 3552747 10430
3545399 3553407 8008
3546478 3559875 13397
3546910 3560403 13493
3552444 3563241 10797
3558893 3565914 7021
3556797 3568455 11658
3558240 3569082 10842
3555603 3569214 13611
3559769 3570237 10468
3549797 3572316 22519
3553022 3572415 19393
3557339 3573207 15868
3563159 3575121 11962
3563011 3575517 12506
3566958 3576144 9186
3557848 3578718 20870
3565087 3578784 13697
3565206 3582381 17175
3575318 3582414 7096
3564892 3582810 17918
3565102 3585285 20183
3570948 3586044 15096
3560921 3588090 27169
3577787 3588948 11161
3573052 3589542 16490
3571704 3591291 19587
3583286 3591522 8236
3585144 3594162 9018
3588246 3596736 8490
3580010 3598254 18244
3593266 3599904 6638
3582611 3602214 19603
3592352 3603336 10984
3586135 3605349 19214
3597646 3606999 9353
3596698 3608979 12281
3589030 3610200 21170
3597715 3612114 14399
3594162 3613104 18942
3599822 3613764 13942
