7240 13893 6653
11898 18183 6285
10398 20856 10458
15474 23166 7692
13533 28017 14484
19681 30129 10448
20089 31020 10931
21289 31746 10457
21766 32208 10442
25257 36201 10944
32499 39138 6639
31992 42933 10941
35539 46464 10925
48159 58971 10812
59757 66033 6276
56409 68409 12000
62589 70917 8328
72172 83127 10955
76315 87252 10937
82967 89628 6661
75748 90222 14474
84942 91575 6633
88230 94875 6645
86812 97251 10439
91061 97350 6289
93452 104379 10927
89561 107646 18085
97896 108339 10443
98372 109296 10924
99529 110748 11219
104175 111408 7233
108840 115137 6297
109520 116160 6640
110469 117117 6648
112922 120417 7495
113245 120945 7700
111285 121770 10485
116148 122430 6282
110638 124476 13838
114181 125004 10823
123508 129789 6281
126798 133089 6291
130679 136950 6271
133302 139590 6288
132922 143715 10793
137990 144276 6286
148162 159093 10931
146674 161139 14465
162041 168696 6655
168005 174669 6664
165441 175890 10449
167704 181698 13994
175619 181896 6277
166490 182325 15835
171823 182754 10931
177465 184107 6642
172205 184437 12232
179752 190575 10823
187153 193809 6656
181243 195228 13985
186802 197736 10934
196175 210540 14365
198064 212520 14456
208513 214797 6284
209123 215787 6664
210794 217074 6280
208015 218955 10940
217511 223806 6295
218765 225423 6658
210901 225489 14588
230474 244959 14485
234224 247731 13507
236323 250899 14576
248015 254661 6646
240623 254991 14368
250021 260964 10943
255222 266013 10791
259387 266046 6659
260521 271458 10937
267813 274461 6648
269047 275319 6272
262934 277299 14365
275205 281490 6285
272763 283701 10938
277420 284064 6644
271433 285912 14479
282054 288717 6663
275696 289113 13417
287724 293997 6273
286278 297099 10821
284235 297231 12996
288625 299079 10454
290350 301290 10940
293962 304755 10793
303492 309771 6279
298707 312048 13341
314610 326601 11991
317366 327822 10456
321637 327921 6284
325499 335940 10441
331620 337920 6300
332888 339537 6649
338519 344817 6298
342346 348645 6299
342643 349305 6662
336488 350856 14368
344866 355674 10808
345134 359997 14863
355101 361383 6282
355481 361779 6298
356876 363528 6652
355680 366135 10455
356981 367422 10441
360486 371283 10797
369165 375441 6276
366521 377388 10867
373634 379929 6295
375274 381546 6272
375682 386496 10814
381787 388443 6656
373759 391248 17489
382928 393723 10795
388881 403359 14478
394993 405933 10940
393573 406263 12690
401601 408276 6675
399575 408672 9097
402736 413688 10952
407309 421905 14596
412809 423258 10449
417171 423456 6285
417212 423852 6640
424180 435105 10925
427472 441936 14464
437058 443718 6660
431539 445995 14456
431694 446160 14466
440575 447216 6641
442432 448734 6302
442134 448767 6633
442566 449361 6795
447345 453981 6636
456192 462462 6270
456297 471108 14811
455315 472395 17080
465976 472626 6650
466873 473154 6281
460859 474375 13516
469718 476058 6340
462266 477675 15409
461893 478665 16772
461698 479226 17528
461412 479523 18111
473031 479688 6657
473709 480447 6738
469482 482724 13242
470857 485892 15035
479775 486420 6645
483645 489918 6273
480455 491271 10816
486957 493614 6657
488812 499752 10940
495994 502293 6299
495489 506286 10797
503106 509388 6282
506627 513282 6655
505121 515922 10801
513653 519981 6328
515364 521664 6300
512724 523182 10458
530327 536613 6286
529799 540243 10444
533109 543543 10434
537110 547932 10822
534801 549780 14979
543757 550407 6650
548054 554334 6280
558358 564993 6635
554245 568227 13982
562020 569118 7098
557735 572352 14617
566661 573309 6648
567772 574068 6296
560461 575058 14597
560262 576774 16512
572162 578820 6658
569648 583176 13528
573147 583605 10458
578938 585585 6647
584399 594858 10459
584548 595353 10805
581658 597762 16104
591650 597927 6277
591608 598257 6649
593008 603933 10925
595376 606177 10801
604462 610764 6302
596610 611226 14616
597343 611919 14576
606664 613305 6641
603158 617628 14470
604972 619344 14372
614465 621126 6661
617219 627660 10441
638187 644457 6270
640208 651024 10816
638242 653301 15059
650378 656667 6289
653359 660000 6641
653729 660363 6634
655914 662211 6297
657732 664389 6657
657937 668382 10445
661986 675444 13458
661953 675939 13986
681843 688479 6636
674472 688842 14370
689609 695904 6295
687755 698709 10954
698013 704649 6636
695454 706266 10812
691966 706332 14366
703299 709599 6300
708099 718542 10443
709157 719598 10441
709496 719928 10432
712954 723921 10967
712831 727287 14456
716912 727848 10936
720549 730059 9510
726566 733227 6661
728269 734910 6641
732393 739035 6642
729844 740289 10445
734022 740685 6663
736342 742632 6290
738593 744876 6283
738427 745074 6647
740626 747285 6659
735644 747450 11806
735949 747846 11897
748982 755634 6652
746318 759495 13177
746140 760617 14477
756097 762762 6665
757546 763818 6272
754696 765138 10442
753268 767382 14114
758398 769197 10799
755223 774345 19122
767950 778767 10817
773766 780054 6288
769271 783750 14479
772019 786159 14140
776464 787281 10817
779157 793617 14460
789948 800382 10434
799509 806157 6648
799913 810843 10930
798218 812592 14374
808212 818664 10452
815711 822360 6649
812427 825429 13002
816467 827409 10942
817772 828201 10429
814426 828399 13973
817648 829389 11741
820347 830775 10428
826793 833085 6292
825339 833118 7779
827899 834174 6275
836346 850806 14460
844834 851499 6665
851112 861927 10815
850839 865194 14355
859567 865854 6287
862668 868956 6288
860415 870870 10455
865772 872058 6286
868837 875127 6290
859284 875919 16635
867334 881793 14459
875296 881958 6662
876119 882420 6301
876159 886974 10815
876574 887172 10598
882437 889086 6649
884176 895125 10949
891882 902319 10437
892606 907071 14465
901145 907797 6652
894433 908424 13991
893533 908589 15056
902393 908688 6295
900111 910569 10458
897291 910635 13344
910138 916773 6635
920170 926805 6635
918945 929742 10797
928044 934329 6285
923675 934494 10819
922987 937464 14477
935033 941688 6655
936612 947430 10818
942478 948750 6272
937620 950070 12450
941848 952281 10433
946980 953634 6654
945297 956109 10812
950476 956769 6293
947529 958452 10923
947777 959970 12193
946999 960960 13961
956951 963237 6286
951585 963963 12378
950435 964821 14386
960434 967098 6664
955969 967362 11393
958323 969144 10821
954784 969738 14954
955665 970233 14568
963771 973368 9597
964407 975480 11073
965332 976272 10940
969981 977955 7974
968420 979176 10756
974718 980991 6273
976935 983235 6300
981460 991914 10454
986663 993300 6637
987912 994554 6642
989019 995676 6657
982253 996732 14479
996468 1002738 6270
997108 1003398 6290
989221 1003827 14606
1004594 1011252 6658
1000370 1011318 10948
997764 1014156 16392
1001045 1015509 14464
1005268 1015806 10538
1005025 1015839 10814
1011106 1017753 6647
1011018 1017885 6867
1009229 1023066 13837
1022902 1029204 6302
1018294 1029237 10943
1023788 1030458 6670
1022821 1033758 10937
1029201 1035837 6636
1021730 1038972 17242
1024816 1039896 15080
1034376 1041018 6642
1033420 1044219 10799
1041715 1048377 6662
1050655 1057320 6665
1046426 1057353 10927
1055892 1062534 6642
1062286 1073094 10808
1062722 1073655 10933
1067721 1078671 10950
1088447 1094742 6295
1088667 1094940 6273
1090809 1097448 6639
1088278 1099560 11282
1094124 1100781 6657
1087222 1101639 14417
1095606 1106424 10818
1098646 1109460 10814
1105561 1112430 6869
1105183 1115631 10448
1098690 1115664 16974
1105044 1116225 11181
1102303 1119525 17222
1105433 1122660 17227
1116644 1125333 8689
1118799 1129722 10923
1120237 1131174 10937
1120067 1134672 14605
1129044 1139490 10446
1126086 1140051 13965
1134439 1140711 6272
1126236 1140777 14541
1138185 1144473 6288
1138786 1149291 10505
1143920 1154736 10816
1156120 1162392 6272
1161785 1168068 6283
1160173 1171104 10931
1168501 1179321 10820
1174850 1181136 6286
1175047 1181334 6287
1177702 1188495 10793
1175953 1190409 14456
1186031 1196844 10813
1182456 1200012 17556
1193606 1204401 10795
1197975 1204632 6657
1202405 1208691 6286
1199626 1210572 10946
1217722 1224366 6644
1213191 1227666 14475
1224185 1234992 10807
1236696 1247499 10803
1245913 1252185 6272
1242279 1252713 10434
1240991 1254825 13834
1243115 1255254 12139
1242441 1256904 14463
1251383 1257663 6280
1251668 1258257 6589
1253610 1259907 6297
1249555 1260501 10946
1250014 1262943 12929
1257221 1263504 6283
1252856 1263801 10945
1253303 1264461 11158
1257823 1265154 7331
1254599 1267101 12502
1258389 1268817 10428
1263348 1273800 10452
1274751 1281390 6639
1279098 1285383 6285
1280567 1286868 6301
1277374 1288188 10814
1285187 1291851 6664
1288293 1294590 6297
1286181 1300662 14481
1288884 1303368 14484
1294326 1308780 14454
1299891 1310958 11067
1306325 1312608 6283
1311621 1317921 6300
1312121 1318416 6295
1314109 1325049 10940
1331846 1342770 10924
1334815 1349271 14456
1337258 1354716 17458
1344676 1355112 10436
1352241 1358874 6633
1357636 1368576 10940
1364649 1371282 6633
1363995 1374813 10818
1363025 1377486 14461
1369891 1380324 10433
1381146 1387782 6636
1383612 1390257 6645
1387970 1394613 6643
1385703 1396824 11121
1396167 1402467 6300
1397949 1404612 6663
1401268 1407912 6644
1403415 1409694 6279
1404589 1410882 6293
1402392 1412829 10437
1406453 1416888 10435
1410403 1424181 13778
1410101 1424577 14476
1419304 1425600 6296
1411193 1425666 14473
1429856 1436490 6634
1432719 1439361 6642
1434669 1440945 6276
1432123 1442925 10802
1433894 1444707 10813
1438644 1444938 6294
1431485 1447545 16060
1438884 1447578 8694
1437735 1448667 10932
1442336 1451373 9037
1443345 1453782 10437
1447201 1458138 10937
1448697 1459128 10431
1450200 1461141 10941
1452515 1463451 10936
1468843 1475133 6290
1469572 1475859 6287
1467053 1481436 14383
1484258 1490544 6286
1486122 1492392 6270
1478068 1492689 14621
1483745 1494174 10429
1491513 1497804 6291
1489665 1500609 10944
1496423 1507374 10951
1503341 1517670 14329
1508490 1522059 13569
1512110 1522554 10444
1514411 1526052 11641
1513555 1527537 13982
1523721 1534170 10449
1520783 1535391 14608
1525323 1535754 10431
1526832 1537404 10572
1530462 1544433 13971
1534992 1549944 14952
1548781 1555059 6278
1545337 1556280 10943
1546103 1557039 10936
1556031 1566840 10809
1565403 1572054 6651
1576476 1582746 6270
1569030 1583505 14475
1575416 1586211 10795
1571690 1586277 14587
1577122 1587993 10871
1575381 1589841 14460
1584428 1590699 6271
1585092 1591755 6663
1585553 1592217 6664
1584423 1592316 7893
1582253 1596738 14485
1592256 1598916 6660
1594520 1600797 6277
1591074 1601886 10812
1588109 1602711 14602
1602349 1608651 6302
1604369 1611027 6658
1604750 1611027 6277
1608248 1614888 6640
1601380 1615350 13970
1611709 1618353 6644
1613375 1619673 6298
1606731 1620696 13965
1616108 1622379 6271
1614045 1624590 10545
1614993 1626042 11049
1621396 1628055 6659
1620460 1631388 10928
1627634 1634292 6658
1630127 1640562 10435
1631591 1642410 10819
1638575 1645215 6640
1638746 1649175 10429
1640524 1651452 10928
1646008 1653795 7787
1650174 1660989 10815
1650525 1661352 10827
1652030 1663332 11302
1658901 1669833 10932
1675949 1686762 10813
1678778 1689732 10954
1687097 1693395 6298
1690007 1696299 6292
1690916 1697256 6340
1690227 1701150 10923
1691508 1705473 13965
1700170 1706463 6293
1697382 1708311 10929
1697710 1709268 11558
1704506 1710786 6280
1700240 1711050 10810
1708295 1714944 6649
1701648 1717617 15969
1713709 1724514 10805
1718921 1725207 6286
1721378 1735833 14455
1725061 1738968 13907
1735721 1742367 6646
1733417 1744215 10798
1739342 1749792 10450
1735326 1749924 14598
1739883 1751046 11163
1741217 1752069 10852
1746940 1761408 14468
1755299 1766226 10927
1755826 1766259 10433
1762801 1769460 6659
1757972 1772430 14458
1764374 1774641 10267
1764865 1775664 10799
1770672 1777314 6642
1763467 1777941 14474
1774881 1781175 6294
1773520 1783980 10460
1773724 1784178 10454
1780162 1786818 6656
1793139 1799787 6648
1785567 1800183 14616
1790260 1802262 12002
1792997 1804110 11113
1792697 1807674 14977
1804659 1810941 6282
1805910 1812195 6285
1807114 1813779 6665
1807532 1813812 6280
1805862 1816320 10458
1821554 1828200 6646
1826710 1833348 6638
1828685 1835328 6643
1833426 1839717 6291
1833499 1840146 6647
1825774 1840245 14471
1844685 1850970 6285
1838215 1852686 14471
1843199 1855194 11995
1846924 1858296 11372
1849580 1860507 10927
1858937 1865589 6652
1860162 1866810 6648
1866313 1872585 6272
1869478 1875753 6275
1869255 1879713 10458
1878616 1885257 6641
1880109 1886742 6633
1876281 1890636 14355
1881476 1891923 10447
1888543 1894827 6284
1895434 1902153 6719
1898683 1904958 6275
1894501 1905453 10952
1901787 1908060 6273
1902460 1909116 6656
1903764 1910040 6276
1902199 1913010 10811
1905993 1916805 10812
1907668 1918488 10820
1912941 1919214 6273
1909069 1920006 10937
1914659 1920930 6271
1914427 1921062 6635
1909449 1921524 12075
1922858 1937331 14473
1929629 1938552 8923
1928854 1939674 10820
1929783 1940730 10947
1939850 1946505 6655
1948073 1954359 6286
1949136 1955778 6642
1942090 1956702 14612
1946088 1956900 10812
1942809 1958253 15444
1952511 1959144 6633
1956745 1963401 6656
1961549 1978647 17098
1965180 1979538 14358
1983466 1989768 6302
1983644 1989933 6289
1983577 1990395 6818
1986455 1993101 6646
1988403 1994685 6282
1983529 1997886 14357
1992234 2004222 11988
1994629 2005575 10946
2000064 2006334 6270
2000869 2007159 6290
1996592 2007753 11161
1996101 2010558 14457
2009316 2015607 6291
2011055 2017719 6664
2009781 2020722 10941
2007317 2021679 14362
2015577 2024781 9204
2013138 2027751 14613
2018925 2029863 10938
2022011 2040654 18643
2027488 2041842 14354
2035968 2047683 11715
2036132 2048442 12310
2038416 2049597 11181
2059454 2065734 6280
2063195 2069496 6301
2066713 2077647 10934
2077754 2084412 6658
2079551 2085831 6280
2081379 2087679 6300
2072349 2087877 15528
2077493 2087943 10450
2084709 2090979 6270
2077836 2091342 13506
2084829 2091474 6645
2083429 2094246 10817
2087264 2101737 14473
2087834 2102199 14365
2097013 2103288 6275
2100889 2107545 6656
2093327 2109987 16660
2104610 2112198 7588
2101906 2115498 13592
2110513 2116818 6305
2105628 2118303 12675
2108326 2118765 10439
2109668 2120613 10945
2120806 2127444 6638
2118525 2128962 10437
2122418 2132064 9646
2123811 2132724 8913
2129529 2135826 6297
2118851 2135991 17140
2128212 2138664 10452
2125533 2142888 17355
2128978 2143746 14768
2129731 2146122 16391
2134885 2149356 14471
2144310 2155263 10953
2147991 2158926 10935
2148706 2159157 10451
2149553 2164800 15247
2154275 2168067 13792
2159465 2170839 11374
2170150 2176449 6299
2166381 2176812 10431
2169823 2184798 14975
2174474 2185293 10819
2182982 2189253 6271
2183871 2190210 6339
2181541 2192487 10946
2182786 2197272 14486
2191188 2199879 8691
2200158 2211099 10941
2201697 2212518 10821
2203969 2214762 10793
2206147 2220009 13862
2207029 2220570 13541
2206761 2220735 13974
2209476 2221131 11655
2225163 2231823 6660
2220653 2235255 14602
2236089 2242746 6657
2237355 2243637 6282
2238881 2245518 6637
2233588 2246607 13019
2235865 2249709 13844
2243606 2255187 11581
2243920 2256837 12917
2254008 2260665 6657
2250486 2266737 16251
2253698 2268156 14458
2256691 2271060 14369
2268702 2275350 6648
2270335 2276637 6302
2266671 2281125 14454
2276119 2287065 10946
2280207 2290662 10455
2284054 2294490 10436
2284327 2295546 11219
2285195 2296008 10813
2296043 2302344 6301
2288684 2302674 13990
2301521 2308185 6664
2306819 2313465 6646
2307430 2313729 6299
2308615 2315280 6665
2306909 2317854 10945
2303469 2320692 17223
2311819 2324883 13064
2310827 2325180 14353
2314406 2325345 10939
2316296 2327589 11293
2313038 2330724 17686
2318357 2332473 14116
2318495 2334981 16486
2315007 2336466 21459
2326551 2337357 10806
2318584 2339568 20984
2336066 2342769 6703
2332200 2343000 10800
2333457 2344254 10797
2332972 2345409 12437
2330366 2346003 15637
2333886 2346861 12975
2340796 2348643 7847
2335133 2349732 14599
2340110 2351811 11701
2340755 2356200 15445
2339431 2357025 17594
2341164 2358048 16884
2345771 2359335 13564
2348031 2359863 11832
2353528 2368014 14486
2368701 2374977 6276
2362163 2375142 12979
2365973 2377254 11281
2366752 2377683 10931
2371693 2379432 7739
2370083 2380521 10438
2370519 2381577 11058
2374243 2385042 10799
2381563 2387847 6284
2386648 2401113 14465
2397165 2403819 6654
2394401 2405205 10804
2403271 2409561 6290
2403651 2409924 6273
2396920 2411508 14588
2406616 2417547 10931
2412600 2418900 6300
2417748 2424411 6663
2418439 2424741 6302
2424114 2430384 6270
2425380 2436324 10944
2430583 2436885 6302
2425061 2439459 14398
2432119 2443056 10937
2437250 2451735 14485
2444721 2459688 14967
2460662 2466948 6286
2455252 2469720 14468
2467228 2473515 6287
2467370 2474010 6640
2468072 2474439 6367
2477812 2484108 6296
2479412 2485692 6280
2475092 2488959 13867
2478923 2489850 10927
2480766 2491698 10932
2482145 2493084 10939
2478610 2493150 14540
2481415 2494866 13451
2485688 2496615 10927
2488593 2499024 10431
2496700 2502984 6284
2492188 2506647 14459
2494854 2509452 14598
2510294 2516943 6649
2509282 2520078 10796
2515725 2522025 6300
2516599 2522949 6350
2518360 2524632 6272
2515223 2526150 10927
2524057 2530704 6647
2520622 2531562 10940
2529805 2540604 10799
2538788 2549217 10429
2544587 2551230 6643
2551152 2557434 6282
2553181 2564001 10820
2551080 2565783 14703
2562114 2568390 6276
2564192 2574990 10798
2583447 2590104 6657
2577425 2591787 14362
2583466 2594262 10796
2585727 2600202 14475
2596662 2607099 10437
2599130 2609937 10807
2600474 2610927 10453
2601678 2612115 10437
2606786 2621256 14470
2613066 2623500 10434
2614944 2624028 9084
2614771 2625711 10940
2622775 2633235 10460
2626159 2633433 7274
2631480 2638119 6639
2624652 2638977 14325
2631203 2641650 10447
2637522 2644158 6636
2638490 2645148 6658
2632881 2647425 14544
2636094 2650197 14103
2648320 2654619 6299
2648715 2659173 10458
2650792 2661252 10460
2649185 2662143 12958
2660156 2666433 6277
2652384 2667588 15204
2658909 2669832 10923
2664008 2670657 6649
2666268 2676696 10428
2671081 2677719 6638
2671281 2677917 6636
2672645 2679303 6658
2674946 2681217 6271
2675212 2681877 6665
2680254 2686893 6639
2682022 2688312 6290
2682218 2688873 6655
2688101 2694384 6283
2684241 2694681 10440
2694241 2704680 10439
2704443 2710719 6276
2700064 2710884 10820
2701480 2712303 10823
2706830 2713491 6661
2710827 2717484 6657
2709000 2719926 10926
2714512 2721147 6635
2713655 2722995 9340
2717944 2728374 10430
2722541 2728836 6295
2719716 2730651 10935
2721247 2732070 10823
2725851 2732136 6285
2715614 2732433 16819
2728402 2734677 6275
2730616 2736888 6272
2733068 2739363 6295
2728958 2739396 10438
2725165 2739627 14462
2726364 2740881 14517
2729622 2742960 13338
2729338 2743950 14612
2731038 2745501 14463
2729656 2747151 17495
2737980 2748438 10458
2751473 2758107 6634
2747885 2758338 10453
2753093 2759394 6301
2751955 2766423 14468
2760542 2770350 9808
2759926 2773584 13658
2760435 2775399 14964
2758198 2776686 18488
2766065 2776884 10819
2771443 2782263 10820
2776373 2782659 6286
2780271 2790711 10440
2785517 2796684 11167
2794814 2801469 6655
2795951 2806386 10435
2801789 2808069 6280
2802453 2812986 10533
2805701 2816517 10816
2808570 2823183 14613
2818352 2824998 6646
2816606 2827044 10438
2825286 2831928 6642
2825544 2832192 6648
2825700 2836647 10947
2823560 2838165 14605
2835048 2841696 6648
2831855 2842653 10798
2828809 2843280 14471
2848053 2858856 10803
2854048 2864862 10814
2858432 2865093 6661
2859438 2865720 6282
2861073 2867370 6297
2858983 2869416 10433
2860249 2871198 10949
2869804 2880735 10931
2872526 2882979 10453
2874017 2884464 10447
2878252 2884530 6278
2876474 2887269 10795
2869538 2887698 18160
2884817 2891097 6280
2882496 2893440 10944
2887860 2894496 6636
2881289 2896311 15022
2893028 2899314 6286
2893292 2899578 6286
2888707 2899644 10937
2891615 2902053 10438
2891688 2902482 10794
2888254 2902713 14459
2902655 2908950 6295
2903310 2909973 6663
2900732 2911161 10429
2905625 2911920 6295
2911140 2917794 6654
2905350 2919807 14457
2914461 2920731 6270
2911623 2925582 13959
2912327 2926110 13783
2916639 2927067 10428
2915304 2928849 13545
2909946 2929014 19068
2926509 2937462 10953
2933284 2944227 10943
2943316 2949606 6290
2942674 2951751 9077
2941985 2952807 10822
2947055 2953335 6280
2941945 2953797 11852
2943919 2954721 10802
2943501 2957097 13596
2940663 2958087 17424
2947946 2959143 11197
2950372 2961189 10817
2960285 2966568 6283
2962099 2973036 10937
2962132 2973069 10937
2967449 2978250 10801
2972505 2978778 6273
2974208 2980494 6286
2970252 2984718 14466
2974858 2985807 10949
2971618 2987556 15938
2984143 2990790 6647
2985438 2991714 6276
2988121 2994420 6299
2985054 2995872 10818
2990554 2997258 6704
2992080 2998743 6663
2989776 3000591 10815
3001371 3007653 6282
3001955 3008247 6292
3001845 3008478 6633
2994600 3011547 16947
3002855 3017322 14467
3011941 3018576 6635
3004119 3022503 18384
3011917 3022866 10949
3018229 3029169 10940
3018942 3033558 14616
3028703 3042666 13963
3037116 3043392 6276
3042646 3048936 6290
3048916 3055206 6290
3048544 3059001 10457
3050233 3060684 10451
3054514 3069990 15476
3060938 3071871 10933
3057767 3072234 14467
3064224 3076689 12465
3066957 3079395 12438
3070137 3084081 13944
3071602 3085566 13964
3069889 3088833 18944
3075663 3090021 14358
3080076 3094542 14466
3084955 3095400 10445
3087000 3097941 10941
3085663 3098898 13235
3088902 3100152 11250
3100110 3106389 6279
3091269 3108897 17628
3097644 3112098 14454
3103920 3114870 10950
3105943 3116751 10808
3114993 3121272 6279
3107317 3121305 13988
3120076 3126717 6641
3126378 3133020 6642
3129114 3140049 10935
3133780 3141204 7424
3135354 3141633 6279
3132201 3142656 10455
3138128 3144768 6640
3134768 3149355 14587
3142739 3153678 10939
3138458 3156219 17761
3154606 3160905 6299
3156485 3162786 6301
3159150 3165426 6276
3160006 3166647 6641
3154664 3169122 14458
3167748 3174402 6654
3170963 3177603 6640
3169901 3182322 12421
3176377 3183015 6638
3176823 3183114 6291
3180317 3186975 6658
3172902 3187503 14601
3185773 3196215 10442
3191160 3197436 6276
3184880 3199449 14569
3190228 3206082 15854
3192518 3206742 14224
3196262 3207072 10810
3201119 3211560 10441
3206869 3213507 6638
3206189 3213903 7714
3208467 3214761 6294
3210972 3217269 6297
3216330 3222978 6648
3212032 3226377 14345
3216654 3227103 10449
3217350 3229446 12096
3221317 3230007 8690
3220062 3230964 10902
3217722 3233274 15552
3216101 3233637 17536
3228218 3239016 10798
3223294 3241161 17867
3237846 3244494 6648
3234915 3245352 10437
3232704 3246672 13968
3245165 3251457 6292
3236735 3251952 15217
3246996 3253635 6639
3250594 3257232 6638
3257356 3268155 10799
3262484 3269145 6661
3261787 3272610 10823
3267572 3273864 6292
3273368 3280002 6634
3271946 3282873 10927
3278186 3284457 6271
3280269 3290727 10458
3277303 3291783 14480
3277248 3293433 16185
3282866 3293928 11062
3289001 3295644 6643
3285451 3299439 13988
3299444 3305742 6298
3304708 3310989 6281
3304908 3311187 6279
3304833 3311484 6651
3303420 3313860 10440
3301344 3314124 12780
3307940 3318381 10441
3312775 3320526 7751
3310304 3321252 10948
3325038 3331680 6642
3325167 3336069 10902
3325174 3339138 13964
3338808 3345441 6633
3329067 3349434 20367
3343152 3349797 6645
3339563 3350490 10927
3342524 3352206 9682
3347221 3353493 6272
3349427 3360357 10930
3346720 3361182 14462
3358893 3365175 6282
3351693 3366165 14472
3357345 3368145 10800
3360795 3368145 7350
3364608 3371247 6639
3365638 3372303 6665
3369494 3380289 10795
3372016 3382962 10946
3372670 3383490 10820
3372693 3386658 13965
3382010 3388308 6298
3383484 3390123 6639
3379034 3393489 14455
3386618 3401079 14461
3397180 3407976 10796
3398236 3409164 10928
3401029 3411837 10808
3402236 3417150 14914
3405436 3419427 13991
3403613 3421143 17530
3411087 3422034 10947
3408797 3422760 13963
3418023 3424839 6816
3419455 3433914 14459
3428963 3435234 6271
3430827 3437478 6651
3431286 3438072 6786
3429358 3439788 10430
3432779 3443583 10804
3432975 3443913 10938
3438068 3448500 10432
3447842 3454506 6664
3448159 3454803 6644
3449826 3456123 6297
3448471 3459291 10820
3452327 3463119 10792
3465197 3471831 6634
3461728 3472656 10928
3466794 3473448 6654
3465989 3476781 10792
3463235 3478200 14965
3467134 3479388 12254
3468191 3482193 14002
3481603 3487902 6299
3477101 3489849 12748
3480212 3491136 10924
3492478 3499122 6644
3488881 3499815 10934
3487252 3501234 13982
3487341 3502191 14850
3499783 3510243 10460
3502058 3512487 10429
3498610 3513081 14471
3501027 3513345 12318
3507352 3513642 6290
3508514 3514797 6283
3504127 3514929 10802
3501569 3516480 14911
3505920 3516711 10791
3510731 3517371 6640
3503212 3517899 14687
3515533 3521826 6293
3503884 3523938 20054
3513585 3524532 10947
3518532 3529350 10818
3519832 3530637 10805
3518840 3531429 12589
3519544 3534597 15053
3529161 3536940 7779
3525939 3539712 13773
3533508 3539778 6270
3535262 3541923 6661
3536925 3543573 6648
3541944 3548226 6282
3543556 3549876 6320
3549724 3556377 6653
3553395 3559677 6282
3554090 3560733 6643
3564602 3571260 6658
3565281 3571920 6639
3568864 3575517 6653
3570241 3581193 10952
3576431 3583173 6742
3576973 3583272 6299
3573710 3585780 12070
3580944 3587595 6651
3585718 3592017 6299
3585852 3596307 10455
3582938 3597396 14458
3587991 3598947 10956
3587062 3600399 13337
3591934 3602742 10808
3598977 3605250 6273
