310 6600 6290
231 6864 6633
3011 9306 6295
2840 13299 10459
7568 13860 6292
7058 16566 9508
6092 16896 10804
6653 17787 11134
10646 19536 8890
1520 19668 18148
6737 21483 14746
11174 23166 11992
17450 25971 8521
14843 26136 11293
21283 28050 6767
22499 28776 6277
11319 30657 19338
17929 31185 13256
19677 31350 11673
25567 32307 6740
13339 32406 19067
20731 32736 12005
18408 32868 14460
21332 33330 11998
24913 34122 9209
17184 36168 18984
31094 37389 6295
29286 40227 10941
34338 40623 6285
25216 43395 18179
26632 43461 16829
37888 44550 6662
25416 46695 21279
33773 47322 13549
41020 47322 6302
37907 48708 10801
38220 49401 11181
37665 49863 12198
39787 50721 10934
40030 51513 11483
30142 52635 22493
35342 52734 17392
38864 53691 14827
38216 54582 16366
39093 54747 15654
47916 56232 8316
43333 56892 13559
50675 56958 6283
44595 57486 12891
40800 57849 17049
38843 58080 19237
39113 58245 19132
33603 58377 24774
40828 60192 19364
47318 60720 13402
41364 60753 19389
40392 61512 21120
46519 62106 15587
53781 63921 10140
47454 64911 17457
51096 65637 14541
59154 66000 6846
53430 68178 14748
52480 69465 16985
51827 69795 17968
62121 70917 8796
65795 72435 6640
59080 72798 13718
64450 75438 10988
59438 75768 16330
63948 75966 12018
55160 76230 21070
65975 76527 10552
70265 76560 6295
54630 79266 24636
62491 79794 17303
61808 79827 18019
70316 80157 9841
66705 80355 13650
71060 83391 12331
68870 83754 14884
74847 85305 10458
79819 86097 6278
67603 86361 18758
79735 86394 6659
71663 86856 15193
67136 87549 20413
72782 88737 15955
72163 89562 17399
83478 89760 6282
80442 90948 10506
83965 91806 7841
84238 92466 8228
77545 92499 14954
85892 92532 6640
83070 94017 10947
79896 94677 14781
88522 95172 6650
90433 96723 6290
87611 98538 10927
87145 99726 12581
85581 100650 15069
94545 100815 6270
95040 101409 6369
95391 101673 6282
92404 102894 10490
95538 104676 9138
92894 105237 12343
98936 105237 6301
98283 105501 7218
101017 107316 6299
95227 108471 13244
102231 108504 6273
99542 111111 11569
93695 111408 17713
98884 112563 13679
101755 112563 10808
107465 113751 6286
104992 114180 9188
108362 115005 6643
102990 115236 12246
108640 115302 6662
101986 115698 13712
109389 118470 9081
111830 118470 6640
112474 118767 6293
110041 121572 11531
109703 121704 12001
116040 122331 6291
116668 123321 6653
117088 123387 6299
115145 124872 9727
115972 125433 9461
114935 125862 10927
113852 126060 12208
117857 126588 8731
114896 126819 11923
111048 128337 17289
122770 129426 6656
116254 130251 13997
120444 131076 10632
122819 131604 8785
120985 131802 10817
125405 131802 6397
129091 135366 6275
126497 135630 9133
130505 136785 6280
130464 137115 6651
124770 137907 13137
124806 138435 13629
119392 138765 19373
132319 138963 6644
128984 139788 10804
126585 141075 14490
135557 141834 6277
125531 142659 17128
132586 143517 10931
139295 145596 6301
140102 146751 6649
141430 148071 6641
134927 148236 13309
136091 148764 12673
137445 148929 11484
142229 148962 6733
138105 149160 11055
133408 150678 17270
133771 151998 18227
133315 152460 19145
148958 155232 6274
145027 156486 11459
141350 156816 15466
143781 157344 13563
146602 157410 10808
141488 157443 15955
147057 159456 12399
141599 159819 18220
143232 159984 16752
149349 160017 10668
151179 160017 8838
154383 160677 6294
145651 160842 15191
147583 161106 13523
151201 162129 10928
144007 163746 19739
154839 164241 9402
153453 164340 10887
149752 164835 15083
160384 166683 6299
154353 166947 12594
144940 167046 22106
160783 167079 6296
161173 167838 6665
161200 168432 7232
161356 169191 7835
153021 169488 16467
155851 170247 14396
157042 171666 14624
166188 172458 6270
164626 175560 10934
163767 175758 11991
170557 176847 6290
165587 176880 11293
169538 178233 8695
163245 181302 18057
175908 182556 6648
172551 182622 10071
173549 183183 9634
164654 184404 19750
173648 184602 10954
168835 184965 16130
165473 185394 19921
167474 186417 18943
167783 186615 18832
180766 187407 6641
166163 188166 22003
173603 188793 15190
176053 189090 13037
180284 190905 10621
176166 191268 15102
163641 191400 27759
185015 191664 6649
180904 191829 10925
173772 191928 18156
184306 192951 8645
186065 193512 7447
187938 194601 6663
185549 195987 10438
189887 196548 6661
184708 196812 12104
171536 197736 26200
191406 198066 6660
192637 198924 6287
193499 200145 6646
181925 200442 18517
189976 200541 10565
194302 200574 6272
191869 200706 8837
194386 200871 6485
196067 202356 6289
196297 202950 6653
186194 203049 16855
185244 203082 17838
187089 203577 16488
170708 203907 33199
198374 205887 7513
198220 205920 7700
187603 207372 19769
182643 207636 24993
193607 208164 14557
192465 208494 16029
203664 209946 6282
199546 210342 10796
198077 211068 12991
190637 211662 21025
204527 211959 7432
201641 212784 11143
199028 213378 14350
190055 213642 23587
200825 214236 13411
210772 217437 6665
201432 220176 18744
212067 220770 8703
214774 223311 8537
220191 226479 6288
211565 226545 14980
214780 227106 12326
211404 227205 15801
216460 227271 10811
216847 227304 10457
210981 227733 16752
209047 229317 20270
218421 229845 11424
220326 230769 10443
211233 233046 21813
223439 233871 10432
220679 234663 13984
224011 235323 11312
223160 235422 12262
229370 235653 6283
221999 235785 13786
227816 236478 8662
223144 236973 13829
228797 237039 8242
226932 237369 10437
233423 239712 6289
229289 239745 10456
229897 240471 10574
234422 240702 6280
217146 240867 23721
220543 241494 20951
228555 241857 13302
235434 242088 6654
225040 242121 17081
231779 243177 11398
237474 243870 6396
231525 246906 15381
234415 247467 13052
237286 248226 10940
236252 249084 12832
235702 249183 13481
238959 249414 10455
236225 249777 13552
219142 250701 31559
221826 251229 29403
229522 251790 22268
229794 251889 22095
241484 252582 11098
230528 253077 22549
236717 255090 18373
230857 255123 24266
238879 255486 16607
249333 255618 6285
242647 256113 13466
246446 256245 9799
237469 256311 18842
250070 256344 6274
247635 256905 9270
250330 258291 7961
248013 259215 11202
239757 259248 19491
237286 259677 22391
245037 260832 15795
254094 260832 6738
248479 261789 13310
254904 262383 7479
247234 262977 15743
251050 264165 13115
247360 265056 17696
258443 265089 6646
250286 265584 15298
241183 267399 26216
253359 267630 14271
263184 269841 6657
255852 271425 15573
262302 272151 9849
258568 273009 14441
258949 273405 14456
267535 273867 6332
259485 274098 14613
267856 274131 6275
261487 274593 13106
260075 274659 14584
261177 275451 14274
265673 276705 11032
259734 277200 17466
261553 277695 16142
262469 277695 15226
271721 278388 6667
271861 280203 8342
272525 282975 10450
266620 283338 16718
273236 284163 10927
274942 285384 10442
276928 285615 8687
276625 286473 9848
278078 286770 8692
280410 286902 6492
279523 287001 7478
273457 287397 13940
280881 287529 6648
270399 289806 19407
278374 290961 12587
276995 291027 14032
285347 293073 7726
270631 294195 23564
281563 295218 13655
274126 298452 24326
284058 298518 14460
285685 299508 13823
285279 300696 15417
289412 301257 11845
293376 301950 8574
296699 302973 6274
289068 303039 13971
285699 304326 18627
294644 305547 10903
295381 306174 10793
299320 306174 6854
285322 308154 22832
295639 309441 13802
293600 310002 16402
300213 311289 11076
298719 312741 14022
303379 314391 11012
307667 314391 6724
301090 316569 15479
312136 318417 6281
305144 318978 13834
312605 319011 6406
304144 319176 15032
304216 319176 14960
305377 319209 13832
308430 319737 11307
309292 320100 10808
298370 322245 23875
304111 323037 18926
303884 323136 19252
308189 323466 15277
315992 325908 9916
319414 326073 6659
304921 327261 22340
306794 327789 20995
313005 327921 14916
321278 327921 6643
313198 328350 15152
316908 328482 11574
311503 329901 18398
314366 330297 15931
316518 330528 14010
318163 331485 13322
307862 332871 25009
327980 334620 6640
328200 334851 6651
324843 338811 13968
325286 339009 13723
334114 340791 6677
332043 342969 10926
334589 345048 10459
334893 347589 12696
341352 347622 6270
336854 347787 10933
338725 349173 10448
343024 349305 6281
340473 350922 10449
345095 351384 6289
335197 352275 17078
346392 353133 6741
342339 353265 10926
343771 354717 10946
347099 356301 9202
345894 356697 10803
346405 357555 11150
351028 357687 6659
351957 358248 6291
347823 358644 10821
347747 358908 11161
348120 359469 11349
350911 362604 11693
357669 364320 6651
353947 364386 10439
354994 365442 10448
353011 366135 13124
350777 366993 16216
360778 367422 6644
359073 367818 8745
359062 368577 9515
356365 370128 13763
354585 371712 17127
363173 373989 10816
358205 374979 16774
357763 375342 17579
369633 375903 6270
365846 376662 10816
371806 378444 6638
359527 379500 19973
370625 379731 9106
366963 381513 14550
368369 382470 14101
367590 383328 15738
374221 385176 10955
376764 386430 9666
378841 388212 9371
374901 389598 14697
379438 389895 10457
379708 390159 10451
384320 392667 8347
385222 394218 8996
379631 396891 17260
372926 397485 24559
384522 397650 13128
388444 398112 9668
392508 398805 6297
388201 399861 11660
384420 400224 15804
394500 400785 6285
380763 400917 20154
394629 400917 6288
389789 401445 11656
385929 401907 15978
382052 403887 21835
393369 404085 10716
394203 404646 10443
395033 407121 12088
397833 408639 10806
404033 410322 6289
401584 412038 10454
405774 412434 6660
404939 412566 7627
397678 412632 14954
408007 414282 6275
408887 415173 6286
402055 415272 13217
401447 415569 14122
393462 415701 22239
409769 416130 6361
403309 417879 14570
411625 417978 6353
404279 418869 14590
406154 419034 12880
410841 419529 8688
401231 419991 18760
411606 420090 8484
407038 420420 13382
414812 421476 6664
410577 421509 10932
408593 424743 16150
410855 424809 13954
418156 424809 6653
415466 426393 10927
412216 426855 14639
411929 426888 14959
420766 427053 6287
420828 427482 6654
413045 428835 15790
423178 429462 6284
418820 429759 10939
424727 431013 6286
416971 431442 14471
426287 432564 6277
423849 434280 10431
425466 434544 9078
427829 435072 7243
430972 437250 6278
433637 439923 6286
433575 440220 6645
435858 442134 6276
431813 442761 10948
439515 445797 6282
438456 446589 8133
433594 447909 14315
434677 448371 13694
437690 448569 10879
432759 449262 16503
434347 451110 16763
436901 451605 14704
438510 451704 13194
442657 455532 12875
441762 455829 14067
440926 457380 16454
445568 458964 13396
447712 459492 11780
447918 461538 13620
447442 461604 14162
446658 462726 16068
455892 464046 8154
458339 465003 6664
455530 465333 9803
450226 465960 15734
447212 466356 19144
459828 466488 6660
460806 467478 6672
461485 468138 6653
450697 469260 18563
451264 469623 18359
448774 471240 22466
464291 471306 7015
459124 471603 12479
465883 472164 6281
466075 472824 6749
454315 472956 18641
449919 473220 23301
448161 473418 25257
448215 474078 25863
463057 475761 12704
457250 477081 19831
471355 477708 6353
471545 478302 6757
462537 479490 16953
463954 480051 16097
453708 480183 26475
467341 480216 12875
464153 480645 16492
471326 480975 9649
461938 481272 19334
464560 481371 16811
471947 481602 9655
475393 481668 6275
471708 482856 11148
465334 483450 18116
477301 483582 6281
468081 484011 15930
477489 484143 6654
461646 485529 23883
471911 486882 14971
472494 487080 14586
471242 487146 15904
468447 489984 21537
461866 490314 28448
473430 490578 17148
455793 492756 36963
465231 494043 28812
488291 494571 6280
488772 495429 6657
470875 497310 26435
470629 497805 27176
480415 498333 17918
464776 499620 34844
477461 499620 22159
492310 499686 7376
493775 500049 6274
482404 500181 17777
487004 500544 13540
482822 500577 17755
478513 501435 22922
495411 501699 6288
482089 502128 20039
491536 502194 10658
477225 502293 25068
494367 505197 10830
484741 505593 20852
487687 505923 18236
495851 506352 10501
486078 506484 20406
488000 506550 18550
493215 508365 15150
499937 508596 8659
492431 510675 18244
504809 511104 6295
489981 511236 21255
495210 511731 16521
505606 511962 6356
489471 512457 22986
495602 512688 17086
493237 514206 20969
508138 514437 6299
498170 515856 17686
498797 515889 17092
510883 517176 6293
510425 518265 7840
513275 519552 6277
501636 521367 19731
502127 521829 19702
494537 522159 27622
509668 522225 12557
507278 522819 15541
512803 523611 10808
515693 524436 8743
512722 524700 11978
512481 525855 13374
514057 527703 13646
521756 528033 6277
503353 528264 24911
515385 528594 13209
518769 529221 10452
525078 531366 6288
518393 531696 13303
515603 531927 16324
520118 531960 11842
514771 532455 17684
521938 532818 10880
510157 532884 22727
522855 535887 13032
511022 536151 25129
522192 536217 14025
520557 536283 15726
523017 536844 13827
531859 538494 6635
525603 539220 13617
528340 539748 11408
535354 541992 6638
536615 542916 6301
536642 542916 6274
516176 543246 27070
533237 543675 10438
525877 546150 20273
529487 546150 16663
531957 546480 14523
540784 547074 6290
533739 547800 14061
537495 548724 11229
538976 548955 9979
539924 549219 9295
534532 549582 15050
529804 550374 20570
540295 550572 10277
536018 551694 15676
537434 552882 15448
547532 553806 6274
543265 554895 11630
536934 554994 18060
541291 556182 14891
541950 556776 14826
549905 557007 7102
551578 560406 8828
544726 561000 16274
543655 561495 17840
555911 562188 6277
556189 562485 6296
542920 562683 19763
550264 564432 14168
558461 565125 6664
536360 565917 29557
552893 567897 15004
555577 568392 12815
562148 568425 6277
540792 569151 28359
564079 570735 6656
560796 571230 10434
559327 572319 12992
561945 572880 10935
567269 573936 6667
567836 574959 7123
568891 575553 6662
563581 576147 12566
565736 576708 10972
566054 577104 11050
565745 577401 11656
567051 577731 10680
570114 578061 7947
567816 578259 10443
568439 579018 10579
565077 579315 14238
571349 579414 8065
573713 580371 6658
574055 580965 6910
568995 583077 14082
578165 584463 6298
567755 584628 16873
577990 584793 6803
572001 586740 14739
561333 587928 26595
577264 588192 10928
561679 588588 26909
576562 589149 12587
575428 589215 13787
580317 591129 10812
571316 591426 20110
585203 591492 6289
583331 593769 10438
583650 594231 10581
590045 596343 6298
582198 596574 14376
585358 598191 12833
581603 598422 16819
588430 599313 10883
589245 600930 11685
591110 601194 10084
595549 602184 6635
592096 603240 11144
591893 605418 13525
592594 607992 15398
598656 609609 10953
601273 610137 8864
604109 610401 6292
595968 610599 14631
604438 611127 6689
600839 611655 10816
606415 612711 6296
600459 613833 13374
599054 614955 15901
594777 615087 20310
611475 618123 6648
603784 618255 14471
606836 619179 12343
604846 621060 16214
604823 621390 16567
603513 621984 18471
602928 622776 19848
608338 625218 16880
611012 625548 14536
612686 625680 12994
620672 627066 6394
610269 627330 17061
618739 627957 9218
619307 628452 9145
618191 628650 10459
610347 631950 21603
620016 634623 14607
629405 635679 6274
619282 635844 16562
620210 635877 15667
620112 636108 15996
626423 638418 11995
632111 638781 6670
629472 640398 10926
620240 640926 20686
633639 641784 8145
636417 643071 6654
636926 643566 6640
632417 644688 12271
633571 645315 11744
628921 645744 16823
637733 648054 10321
641716 648351 6635
638617 648417 9800
642253 648912 6659
646396 653037 6641
638255 654225 15970
645536 655974 10438
650246 656535 6289
650782 657063 6281
646643 657789 11146
644744 659208 14464
652695 663630 10935
653501 663960 10459
654021 664455 10434
658449 665082 6633
657283 666435 9152
660665 666963 6298
662239 668514 6275
661137 668910 7773
663336 669999 6663
657058 670098 13040
661059 670263 9204
654592 670626 16034
656751 671352 14601
657492 673068 15576
663651 673365 9714
666717 673464 6747
664350 675147 10797
659306 675576 16270
662036 675807 13771
658909 676599 17690
665937 676863 10926
668656 677985 9329
669543 678480 8937
660093 679041 18948
672913 679569 6656
659059 679965 20906
659174 680790 21616
670683 681120 10437
665345 683199 17854
661713 683298 21585
668604 684189 15585
664915 684882 19967
670653 685575 14922
676409 685938 9529
672678 686466 13788
674927 687984 13057
675806 688644 12838
669828 690393 20565
672444 691515 19071
685388 691680 6292
667233 691713 24480
670181 692076 21895
686158 692439 6281
687471 693792 6321
685394 695178 9784
681833 695673 13840
688392 695706 7314
682535 696993 14458
691717 698379 6662
690352 700161 9809
684047 700656 16609
684154 701151 16997
675697 703230 27533
690439 703890 13451
674305 703989 29684
689240 704385 15145
689951 706167 16216
702222 708873 6651
691220 709236 18016
703426 710061 6635
700456 711711 11255
695087 712107 17020
695141 712569 17428
695560 713262 17702
693309 713823 20514
699913 713856 13943
695657 714450 18793
702593 715077 12484
705723 715308 9585
705725 716166 10441
708102 719037 10935
709208 719664 10456
702212 720423 18211
705277 720588 15311
710416 720852 10436
707498 721017 13519
704799 721908 17109
709972 723822 13850
712396 724086 11690
711696 725175 13479
714737 725274 10537
709253 727221 17968
716295 727221 10926
715021 727650 12629
708460 728376 19916
710161 728904 18743
719982 730422 10440
715008 730785 15777
720977 730983 10006
717226 731643 14417
719682 732072 12390
717558 733029 15471
709758 734679 24921
727149 735042 7893
724149 735504 11355
724176 736032 11856
730293 736956 6663
721922 737913 15991
717819 739200 21381
733372 739662 6290
736605 743259 6654
729898 743556 13658
728491 744249 15758
731384 744249 12865
725475 744282 18807
732320 744942 12622
734976 745404 10428
732053 746526 14473
740945 747219 6274
727549 747450 19901
735792 748968 13176
740288 749298 9010
741829 749958 8129
738927 750684 11757
733263 751410 18147
736629 751971 15342
745838 752136 6298
744079 752466 8387
748875 755172 6297
737760 755205 17445
741181 755997 14816
752894 759165 6271
739883 759198 19315
742344 759561 17217
754767 761409 6642
744171 762003 17832
750146 762432 12286
752971 763917 10946
742688 764412 21724
754348 764808 10460
752225 765006 12781
748062 765567 17505
753164 765600 12436
753578 766161 12583
744171 766590 22419
760173 769362 9189
758626 769989 11363
760991 771804 10813
760141 772827 12686
760221 774246 14025
760355 774939 14584
765538 775995 10457
759433 777678 18245
758818 778239 19421
762028 778800 16772
764914 781341 16427
769743 781902 12159
776126 782760 6634
775708 784245 8537
770654 784641 13987
773018 785400 12382
779484 785763 6279
771288 785895 14607
773390 785895 12505
772140 787578 15438
769756 787974 18218
771193 788568 17375
771149 789096 17947
784766 791043 6277
784469 791109 6640
785557 791901 6344
778414 792198 13784
772147 792330 20183
781864 793089 11225
783599 793650 10051
781338 795432 14094
788868 795531 6663
782211 796026 13815
789798 796455 6657
776504 796884 20380
786653 798270 11617
781425 798831 17406
781627 799062 17435
792950 799887 6937
775599 801174 25575
787585 801570 13985
796061 802362 6301
791180 803550 12370
797285 804639 7354
798613 804903 6290
797549 805167 7618
788047 807015 18968
795651 807114 11463
793864 808929 15065
802808 809094 6286
804181 810843 6662
801185 812130 10945
807083 813747 6664
807748 814044 6296
806361 814770 8409
808890 815529 6639
804579 815562 10983
809342 815991 6649
810280 816552 6272
811398 818037 6639
805295 818796 13501
811004 821436 10432
812360 823152 10792
818169 824439 6270
815493 825924 10431
814166 828465 14299
815041 828795 13754
816281 828960 12679
823782 830082 6300
819401 830346 10945
823049 831270 8221
820791 834504 13713
822642 837243 14601
822916 837375 14459
831420 838068 6648
835741 842457 6716
836264 842919 6655
829281 843744 14463
831760 843810 12050
831941 844437 12496
833311 845625 12314
826193 847605 21412
827801 848232 20431
832073 849189 17116
835953 850410 14457
834824 851004 16180
840732 851169 10437
845855 853479 7624
844085 854535 10450
848121 854766 6645
836919 855822 18903
841940 856482 14542
849793 856614 6821
847921 857340 9419
848289 857901 9612
847735 859254 11519
846653 859617 12964
841821 860508 18687
855011 861300 6289
846720 862356 15636
846661 863181 16520
856291 865392 9101
861320 867603 6283
846942 868065 21123
849711 868164 18453
850093 868692 18599
854132 869220 15088
857160 869616 12456
856016 869748 13732
863741 870375 6634
864601 870903 6302
860047 871002 10955
864102 872058 7956
867179 873840 6661
860218 874170 13952
861773 877140 15367
864045 878328 14283
865731 880803 15072
866845 881463 14618
870877 881529 10652
870024 881892 11868
870676 882222 11546
865969 885126 19157
877068 885159 8091
879359 886083 6724
866619 886479 19860
867633 888987 21354
864697 889383 24686
880676 889515 8839
873939 889911 15972
883133 890604 7471
867771 892089 24318
878922 893607 14685
869333 893706 24373
875395 893838 18443
879437 893871 14434
875280 893937 18657
871618 894300 22682
882084 894894 12810
889184 895917 6733
886057 896577 10520
875913 896610 20697
872828 896742 23914
888262 896973 8711
891694 898953 7259
882473 900636 18163
876621 900702 24081
895083 901725 6642
881594 903078 21484
887381 903606 16225
897872 904530 6658
883351 905025 21674
891444 905388 13944
884501 905619 21118
899824 906114 6290
893711 907929 14218
901587 908193 6606
878346 909216 30870
897470 910998 13528
900922 911493 10571
892733 912450 19717
893962 913011 19049
896284 913077 16793
901135 914100 12965
896476 914166 17690
901168 914529 13361
905878 914793 8915
889074 915189 26115
895802 916278 20476
903176 916905 13729
895926 917169 21243
903039 917796 14757
911624 917895 6271
903911 918819 14908
902016 920106 18090
904234 920964 16730
906379 921591 15212
909079 922581 13502
915184 923505 8321
912770 923571 10801
907279 925584 18305
913945 926673 12728
916065 926871 10806
920538 926904 6366
917622 928422 10800
920645 929379 8734
919610 930171 10561
922789 930633 7844
923087 931161 8074
916923 931491 14568
918975 932151 13176
914911 932646 17735
921489 932679 11190
927214 933504 6290
927519 934164 6645
928149 934428 6279
923919 934725 10806
927819 934758 6939
910397 934956 24559
928672 934956 6284
913311 935451 22140
930896 937167 6271
929040 937332 8292
921753 937563 15810
927673 938124 10451
916160 939708 23548
924634 940566 15932
934491 940764 6273
923797 941490 17693
924074 942084 18010
925802 942744 16942
910467 942876 32409
918172 943668 25496
930617 943668 13051
931784 944196 12412
938338 944625 6287
940467 946737 6270
934326 946770 12444
929851 948288 18437
941696 948354 6658
942887 949179 6292
943641 950004 6363
934066 950598 16532
935450 953106 17656
939335 953865 14530
944192 954987 10795
939913 957099 17186
947572 957198 9626
944969 958254 13285
949171 958353 9182
948428 958881 10453
943902 960168 16266
948773 960663 11890
951638 961059 9421
947510 961554 14044
947879 962016 14137
947953 962412 14459
958549 964821 6272
957041 966504 9463
956351 967395 11044
956574 967527 10953
957549 969573 12024
959437 970365 10928
959882 970728 10846
956662 971322 14660
960412 971322 10910
957643 972114 14471
965612 972147 6535
966182 972477 6295
954469 976635 22166
950449 977196 26747
963257 977196 13939
958478 978351 19873
974224 980496 6272
971777 980595 8818
964932 983301 18369
969328 984192 14864
978246 984885 6639
978896 985182 6286
966914 985644 18730
979080 986271 7191
972554 986469 13915
980401 986700 6299
973670 987063 13393
962619 987690 25071
962842 988383 25541
974155 989439 15284
976742 989835 13093
983127 989835 6708
975636 990099 14463
977203 990396 13193
979622 991518 11896
976718 994554 17836
977109 999405 22296
981149 999438 18289
978077 999603 21526
986193 1001154 14961
987613 1001748 14135
989636 1002045 12409
985008 1004124 19116
982939 1005147 22208
991122 1005213 14091
994406 1007919 13513
998450 1011615 13165
1002174 1012341 10167
1005918 1012572 6654
1006123 1012770 6647
1006551 1012836 6285
1006228 1012968 6740
1006711 1013430 6719
993572 1014783 21211
1008885 1015179 6294
1004491 1015410 10919
1002673 1016202 13529
1010208 1016928 6720
1011682 1017984 6302
993076 1018380 25304
998842 1018710 19868
1001861 1019271 17410
1001927 1019370 17443
995709 1019436 23727
1009305 1020228 10923
1007586 1020393 12807
1014141 1021449 7308
1011300 1022670 11370
1009247 1023660 14413
1014061 1024518 10457
1013070 1025244 12174
1019859 1026762 6903
1012782 1027719 14937
1015593 1028412 12819
1018457 1028973 10516
1023386 1029666 6280
1024209 1030524 6315
1005667 1031811 26144
1015710 1033098 17388
1024201 1035507 11306
1019537 1036002 16465
1015512 1036398 20886
1019831 1036893 17062
1021442 1037817 16375
1021220 1039137 17917
1020946 1039698 18752
1026890 1040589 13699
1035057 1041348 6291
1032386 1041876 9490
1036498 1043163 6665
1037810 1044087 6277
1038238 1044516 6278
1025697 1045110 19413
1030274 1045770 15496
1034959 1045902 10943
1036389 1046034 9645
1033625 1046166 12541
1030628 1048707 18079
1043777 1051677 7900
1040042 1052931 12889
1041793 1054119 12326
1048101 1054713 6612
1044951 1056396 11445
1045462 1056396 10934
1046062 1057650 11588
1052134 1058409 6275
1041651 1058574 16923
1047847 1058640 10793
1046119 1059630 13511
1055362 1061643 6281
1043089 1061709 18620
1053523 1061940 8417
1056666 1062963 6297
1053602 1064547 10945
1046143 1064943 18800
1055469 1064976 9507
1057090 1065636 8546
1057653 1066164 8511
1059529 1066164 6635
1052255 1068507 16252
1053144 1069101 15957
1062428 1069497 7069
1052686 1071213 18527
1058533 1072368 13835
1059681 1073754 14073
1049932 1075107 25175
1062009 1075503 13494
1061228 1076856 15628
1066313 1077219 10906
1062264 1078077 15813
1063737 1078902 15165
1068931 1079331 10400
1070013 1079925 9912
1059330 1081311 21981
1062821 1083027 20206
1065934 1083060 17126
1059294 1085304 26010
1070273 1085898 15625
1061893 1086426 24533
1068475 1086492 18017
1080577 1086855 6278
1081225 1087548 6323
1081877 1088175 6298
1076618 1090683 14065
1071712 1090782 19070
1085336 1091706 6370
1070408 1092795 22387
1081967 1093158 11191
1083083 1093587 10504
1086168 1094082 7914
1068976 1094676 25700
1077763 1096425 18662
1083280 1096524 13244
1076675 1097217 20542
1076870 1097877 21007
1080913 1099362 18449
1083611 1099461 15850
1094139 1100781 6642
1091287 1102233 10946
1095663 1102299 6636
1086269 1102926 16657
1096267 1103025 6758
1091968 1103157 11189
1090171 1105533 15362
1086005 1105896 19891
1091233 1106292 15059
1095599 1106292 10693
1099923 1106325 6402
1085495 1106391 20896
1093682 1109163 15481
1092890 1110813 17923
1097179 1112331 15152
1101689 1112595 10906
1096470 1115004 18534
1104762 1115466 10704
1109770 1116060 6290
1099675 1117380 17705
1111869 1118139 6270
1102699 1118733 16034
1107801 1118931 11130
1096569 1119789 23220
1113231 1120185 6954
1106718 1120845 14127
1110191 1123353 13162
1102758 1123485 20727
1110791 1124277 13486
1113512 1124805 11293
1110008 1125696 15688
1120568 1126851 6283
1105055 1127907 22852
1121582 1128237 6655
1119990 1130448 10458
1122184 1132626 10442
1127561 1133847 6286
1124754 1136322 11568
1131646 1138335 6689
1130167 1139358 9191
1129242 1139688 10446
1133967 1140612 6645
1134439 1140711 6272
1134542 1141206 6664
1136260 1142559 6299
1129650 1144110 14460
1132273 1144539 12266
1133633 1145100 11467
1138112 1145826 7714
1130698 1146750 16052
1130565 1148334 17769
1132051 1148499 16448
1135517 1148565 13048
1139054 1150215 11161
1139713 1150644 10931
1137185 1151238 14053
1134870 1151832 16962
1135760 1153218 17458
1144270 1153713 9443
1144177 1153779 9602
1140269 1156749 16480
1143893 1156848 12955
1140478 1157013 16535
1141211 1157607 16396
1147873 1159059 11186
1137442 1159983 22541
1144140 1160478 16338
1149898 1160841 10943
1145983 1161732 15749
1147516 1162227 14711
1151109 1162458 11349
1153182 1163976 10794
1138698 1164075 25377
1159068 1165824 6756
1155215 1166154 10939
1152761 1168101 15340
1150943 1168662 17719
1165209 1171500 6291
1157536 1171665 14129
1158770 1172358 13588
1161734 1172556 10822
1155343 1172919 17576
1156503 1173579 17076
1152898 1175658 22760
1154608 1176120 21512
1159366 1176714 17348
1159784 1176846 17062
1166776 1177572 10796
1171124 1177770 6646
1168908 1179849 10941
1169935 1180377 10442
1163750 1183941 20191
1177340 1183974 6634
1178403 1184700 6297
1179510 1185789 6279
1174173 1188891 14718
1180980 1191795 10815
1186246 1192884 6638
1182685 1193478 10793
1187784 1194435 6651
1183340 1195194 11854
1189235 1195524 6289
1187174 1197636 10462
1187502 1198032 10530
1190468 1198296 7828
1185697 1199088 13391
1193452 1201233 7781
1189120 1203246 14126
1188731 1203411 14680
1193235 1203675 10440
1198498 1205325 6827
1197691 1205424 7733
1191440 1206678 15238
1192717 1206711 13994
1200752 1207041 6289
1193338 1207272 13934
1200754 1207635 6881
1196254 1207734 11480
1205605 1213575 7970
1197429 1213938 16509
1200766 1214664 13898
1194428 1215126 20698
1201084 1217238 16154
1205102 1219581 14479
1212014 1219779 7765
1204860 1220043 15183
1208960 1221759 12799
1216464 1222749 6285
1216120 1222782 6662
1212906 1226049 13143
1212478 1226445 13967
1214979 1227435 12456
1218153 1227435 9282
1213180 1227864 14684
1216146 1227963 11817
1222487 1228788 6301
1218656 1229844 11188
1214138 1230636 16498
1210334 1231098 20764
1211649 1231197 19548
1213234 1233903 20669
1217653 1235058 17405
1229472 1235751 6279
1225413 1235850 10437
1220201 1236114 15913
1217096 1236246 19150
1230305 1236939 6634
1227161 1237599 10438
1221494 1239249 17755
1235281 1241922 6641
1236305 1242582 6277
1237081 1243440 6359
1229905 1243737 13832
1239846 1246509 6663
1232329 1247796 15467
1242212 1248489 6277
1239197 1249644 10447
1240812 1252746 11934
1243450 1254264 10814
1243991 1254429 10438
1239003 1256079 17076
1249850 1256508 6658
1239464 1257663 18199
1251172 1257828 6656
1249373 1259247 9874
1246157 1259544 13387
1246217 1260336 14119
1253013 1261227 8214
1245244 1262118 16874
1255918 1262514 6596
1255961 1262613 6652
1258433 1264725 6292
1251316 1265187 13871
1254812 1265880 11068
1249683 1266243 16560
1260084 1266738 6654
1256462 1266903 10441
1256186 1267299 11113
1256786 1267365 10579
1262358 1268652 6294
1251653 1269774 18121
1263824 1271160 7336
1261080 1271886 10806
1253635 1272381 18746
1265436 1273569 8133
1259003 1275186 16183
1256562 1275384 18822
1262823 1276836 14013
1265493 1277793 12300
1268079 1278684 10605
1258104 1280895 22791
1270310 1281126 10816
1262502 1281918 19416
1257858 1283898 26040
1277397 1284030 6633
1273115 1284096 10981
1261515 1285482 23967
1276148 1287000 10852
1282632 1289277 6645
1284155 1290795 6640
1273777 1290861 17084
1281053 1291851 10798
1281957 1292841 10884
1286341 1293006 6665
1288332 1294623 6291
1289146 1295811 6665
1289646 1295943 6297
1289881 1296537 6656
1286888 1298022 11134
1283043 1299045 16002
1288372 1299177 10805
1288351 1299408 11057
1290011 1301685 11674
1292791 1303797 11006
1295361 1304721 9360
1299220 1305513 6293
1292240 1306371 14131
1300723 1307592 6869
1294438 1308912 14474
1294886 1310958 16072
1302742 1310991 8249
1303636 1311519 7883
1294041 1311618 17577
1300937 1311882 10945
1300582 1312707 12125
1306582 1312872 6290
1301666 1314555 12889
1308878 1315149 6271
1297844 1315710 17866
1299298 1315974 16676
1301023 1316568 15545
1304857 1318251 13394
1313129 1319406 6277
1309565 1320495 10930
1311067 1321386 10319
1315607 1322310 6703
1316029 1322310 6281
1310021 1323960 13939
1316653 1327095 10442
1320597 1327722 7125
1317384 1327920 10536
1322705 1328976 6271
1313476 1330395 16919
1320604 1331418 10814
1320492 1331979 11487
1326873 1333167 6294
1318833 1333299 14466
1322588 1333398 10810
1312796 1333497 20701
1327452 1333728 6276
1313252 1334124 20872
1315433 1336203 20770
1325451 1337292 11841
1327474 1338447 10973
1332225 1338513 6288
1328066 1338975 10909
1328456 1339206 10750
1333773 1340922 7149
1331396 1341846 10450
1335478 1342143 6665
1336180 1342473 6293
1336832 1343496 6664
1326422 1345014 18592
1328423 1345377 16954
1329816 1345575 15759
1322568 1346697 24129
1332067 1347357 15290
1336350 1347588 11238
1340584 1349403 8819
1327512 1349535 22023
1343984 1350624 6640
1344196 1350888 6692
1340574 1351482 10908
1345150 1351812 6662
1334828 1352835 18007
1341470 1353033 11563
1339053 1354353 15300
1347396 1354947 7551
1342409 1354980 12571
1344818 1355178 10360
1348600 1355244 6644
1336848 1358214 21366
1345214 1358214 13000
1344018 1359303 15285
1350423 1361349 10926
1355304 1361943 6639
1348474 1362372 13898
1352150 1363098 10948
1341203 1365012 23809
1353373 1365606 12233
1360677 1366959 6282
1357715 1368147 10432
1358563 1369005 10442
1361578 1370886 9308
1365687 1371975 6288
1367521 1374186 6665
1359809 1374285 14476
1362751 1376727 13976
1368757 1379697 10940
1365332 1379994 14662
1369864 1380324 10460
1374635 1380918 6283
1374941 1381215 6274
1367788 1382436 14648
1371545 1382469 10924
1367595 1383426 15831
1374181 1384614 10433
1376277 1385835 9558
1379721 1386000 6279
1376633 1386429 9796
1372218 1388211 15993
1378267 1388937 10670
1375781 1389432 13651
1378983 1389498 10515
1370608 1390257 19649
1379169 1390686 11517
1384045 1391412 7367
1377731 1391544 13813
1383653 1392270 8617
1386201 1392996 6795
1384238 1393326 9088
1379041 1394613 15572
1377596 1396131 18535
1379068 1398441 19373
1385638 1399662 14024
1381770 1399761 17991
1389937 1400916 10979
1387083 1401873 14790
1391565 1402005 10440
1392544 1402401 9857
1391580 1403127 11547
1395669 1404843 9174
1397166 1406130 8964
1397068 1406163 9095
1385207 1406526 21319
1401530 1408308 6778
1404117 1410387 6270
1398894 1410420 11526
1399226 1412136 12910
1396205 1413225 17020
1394380 1414974 20594
1395928 1415535 19607
1401064 1415832 14768
1398445 1415865 17420
1397223 1416096 18873
1402291 1416723 14432
1399552 1416888 17336
1413016 1419297 6281
1402571 1420056 17485
1407495 1420155 12660
1410018 1420815 10797
1411066 1422201 11135
1401906 1423521 21615
1403807 1424247 20440
1419023 1425303 6280
1410038 1426755 16717
1409604 1429461 19857
1423353 1429626 6273
1411738 1430055 18317
1415352 1431045 15693
1418952 1431111 12159
1424790 1431441 6651
1420986 1432068 11082
1409897 1432497 22600
1415636 1433025 17389
1413038 1434246 21208
1419433 1434807 15374
1430195 1436490 6295
1426662 1438074 11412
1413495 1438701 25206
1428805 1439262 10457
1415077 1439295 24218
1423300 1439823 16523
1434226 1440516 6290
1422617 1442364 19747
1418917 1442793 23876
1431964 1443057 11093
1434250 1444707 10457
1434132 1445499 11367
1435151 1446060 10909
1434840 1446093 11253
1423725 1446291 22566
1436392 1446654 10262
1428072 1446819 18747
1436989 1447941 10952
1431541 1449294 17753
1425800 1449921 24121
1439515 1450317 10802
1440673 1450383 9710
1431514 1450581 19067
1432306 1451109 18803
1437781 1453518 15737
1447410 1453683 6273
1437226 1454112 16886
1442928 1454211 11283
1448691 1454970 6279
1441401 1457676 16275
1440164 1457874 17710
1452062 1459986 7924
1451040 1461075 10035
1455050 1461339 6289
1455574 1462230 6656
1449174 1463352 14178
1450268 1463484 13216
1439782 1463583 23801
1451431 1464672 13241
1449110 1464705 15595
1458823 1465101 6278
1458931 1465695 6764
1460378 1466652 6274
1444952 1466751 21799
1455337 1467279 11942
1455948 1470414 14466
1459277 1471272 11995
1460590 1474572 13982
1466585 1476090 9505
1458787 1477212 18425
1466832 1477278 10446
1472653 1479291 6638
1468184 1480149 11965
1466314 1480809 14495
1474737 1481370 6633
1471313 1482459 11146
1472731 1483251 10520
1470909 1483515 12606
1474125 1483812 9687
1477199 1484472 7273
1478584 1484868 6284
1479727 1486023 6296
1480631 1486980 6349
1468916 1487046 18130
1471183 1487211 16028
1470170 1487640 17470
1476856 1487805 10949
1476893 1488201 11308
1482031 1488333 6302
1476880 1491072 14192
1474834 1491435 16601
1481495 1492293 10798
1485112 1492689 7577
1480799 1495428 14629
1484861 1495593 10732
1479142 1496286 17144
1489992 1496781 6789
1485878 1497507 11629
1485873 1497606 11733
1491269 1497639 6370
1482481 1499850 17369
1486355 1499916 13561
1475974 1500048 24074
1489747 1500081 10334
1490127 1500477 10350
1490697 1501500 10803
1496045 1502325 6280
1482245 1503315 21070
1485856 1503711 17855
1487233 1503711 16478
1477392 1504338 26946
1483145 1506615 23470
1492567 1506912 14345
1484631 1507275 22644
1488097 1507275 19178
1492510 1507605 15095
1495271 1508793 13522
1481439 1509420 27981
1494560 1509519 14959
1504333 1510971 6638
1485833 1511895 26062
1498495 1512456 13961
1506664 1512951 6287
1503186 1514139 10953
1498672 1514634 15962
1494942 1514997 20055
1508407 1515030 6623
1495060 1515591 20531
1510771 1517043 6272
1511032 1517670 6638
1511390 1517670 6280
1508138 1518693 10555
1496300 1518825 22525
1497886 1519914 22028
1500336 1520970 20634
1502652 1521630 18978
1508412 1522389 13977
1504971 1522488 17517
1512580 1523511 10931
1508799 1524699 15900
1515259 1525260 10001
1510894 1525293 14399
1515356 1525656 10300
1507950 1525788 17838
1513041 1526052 13011
1517685 1526283 8598
1513136 1527537 14401
1512346 1529319 16973
1525699 1531992 6293
1523369 1534302 10933
1516893 1537140 20247
1526164 1537569 11405
1528611 1539054 10443
1526879 1539912 13033
1529679 1540737 11058
1534896 1541958 7062
1528516 1543707 15191
1532899 1543839 10940
1535458 1545819 10361
1528812 1546248 17436
1533351 1546512 13161
1539816 1546941 7125
1541931 1548228 6297
1538495 1549383 10888
1539664 1549845 10181
1542627 1550373 7746
1532088 1551363 19275
1539491 1551759 12268
1535116 1552023 16907
1541094 1552485 11391
1534139 1553871 19732
1536698 1554861 18163
1542525 1554993 12468
1548847 1555125 6278
1538431 1555488 17057
1539987 1555719 15732
1549072 1555719 6647
1544921 1556280 11359
1547287 1557732 10445
1542504 1559085 16581
1554055 1560339 6284
1553751 1560735 6984
1543987 1562385 18398
1552354 1563309 10955
1557910 1564200 6290
1548703 1565619 16916
1559211 1565883 6672
1562065 1568358 6293
1558748 1569183 10435
1563353 1570008 6655
1553266 1570569 17303
1560889 1571823 10934
1554452 1571988 17536
1553498 1573143 19645
1559420 1574232 14812
1564253 1574760 10507
1555521 1576443 20922
1559259 1576971 17712
1560701 1577433 16732
1564718 1577895 13177
1572514 1578786 6272
1572943 1579578 6635
1557140 1580106 22966
1573456 1580139 6683
1573840 1580139 6299
1574887 1581195 6308
1562138 1583406 21268
1570584 1584000 13416
1573349 1584297 10948
1568395 1584528 16133
1578797 1585089 6292
1569278 1587399 18121
1563936 1587993 24057
1570259 1590633 20374
1576144 1591062 14918
1570600 1591161 20561
1573306 1592283 18977
1570712 1593636 22924
1588724 1595022 6298
1580585 1595220 14635
1589484 1595781 6297
1582936 1595847 12911
1590788 1597431 6643
1578480 1597794 19314
1589371 1600170 10799
1586398 1603272 16874
1592664 1603866 11202
1594050 1604790 10740
1587091 1606968 19877
1600805 1607100 6295
1599091 1607397 8306
1592628 1607463 14835
1590326 1608387 18061
1602855 1611357 8502
1597567 1611555 13988
1597446 1613073 15627
1607124 1613403 6279
1600541 1615317 14776
1596992 1615845 18853
1609862 1616142 6280
1611244 1617528 6284
1601278 1619277 17999
1602119 1619805 17686
1609360 1620168 10808
1606377 1620366 13989
1614160 1620432 6272
1603886 1621323 17437
1603973 1623336 19363
1609932 1623897 13965
1606123 1624194 18071
1606072 1626207 20135
1608807 1627131 18324
1616434 1627362 10928
1622145 1628880 6735
1623245 1629540 6295
1619806 1630464 10658
1621167 1631025 9858
1618947 1632147 13200
1626444 1632741 6297
1621464 1633038 11574
1625242 1634094 8852
1626787 1634424 7637
1613248 1634523 21275
1614163 1635150 20987
1628930 1635579 6649
1629571 1635843 6272
1629258 1635909 6651
1629200 1636173 6973
1629565 1636206 6641
1623579 1638318 14739
1627682 1638483 10801
1623232 1639176 15944
1615422 1639572 24150
1621704 1640661 18957
1621500 1641354 19854
1623336 1641552 18216
1633632 1642872 9240
1636497 1643334 6837
1638611 1644885 6274
1639806 1646601 6795
1633306 1647294 13988
1637224 1647657 10433
1633533 1649307 15774
1638074 1649967 11893
1631083 1650198 19115
1640833 1651320 10487
1641109 1651551 10442
1645925 1652211 6286
1640938 1652508 11570
1646163 1652805 6642
1645867 1653432 7565
1641327 1654587 13260
1643418 1655049 11631
1642828 1655610 12782
1643977 1658448 14471
1654304 1660593 6289
1647568 1661616 14048
1645513 1662276 16763
1649406 1662441 13035
1656907 1663200 6293
1647510 1664586 17076
1644834 1665510 20676
1656036 1667325 11289
1654072 1668051 13979
1658721 1669173 10452
1663227 1669503 6276
1664115 1670394 6279
1667138 1673793 6655
1665100 1675542 10442
1663213 1676565 13352
1668777 1679205 10428
1668388 1679601 11213
1673694 1679964 6270
1670104 1680855 10751
1674305 1680954 6649
1672613 1681944 9331
1668153 1682637 14484
1676222 1682868 6646
1677002 1683660 6658
1678381 1684683 6302
1675014 1685442 10428
1676627 1685805 9178
1673009 1687851 14842
1681575 1688214 6639
1681796 1689996 8200
1679867 1693395 13528
1681951 1693461 11510
1683556 1694352 10796
1684522 1695474 10952
1683916 1696497 12581
1678882 1696629 17747
1688379 1697685 9306
1692166 1698444 6278
1692354 1699005 6651
1693365 1699665 6300
1690028 1699731 9703
1684501 1701348 16847
1684399 1702272 17873
1691211 1702833 11622
1689169 1702866 13697
1689553 1702998 13445
1697037 1705572 8535
1685733 1706100 20367
1697682 1708476 10794
1702563 1708839 6276
1697143 1709202 12059
1702783 1709433 6650
1702709 1709763 7054
1694213 1711446 17233
1707344 1713657 6313
1692540 1713822 21282
1698338 1714548 16210
1700148 1715109 14961
1702729 1715736 13007
1710781 1717056 6275
1710784 1717056 6272
1710569 1717221 6652
1711530 1718178 6648
1705408 1718475 13067
1699743 1718838 19095
1710574 1719498 8924
1703698 1719894 16196
1712049 1719993 7944
1697038 1721115 24077
1715317 1721610 6293
1706352 1723887 17535
1713822 1724745 10923
1713361 1724910 11549
1719926 1726560 6634
1718068 1727484 9416
1715587 1727748 12161
1717989 1727847 9858
1719157 1728276 9119
1712361 1729761 17400
1724352 1730916 6564
1711591 1731708 20117
1718451 1735041 16590
1718702 1735107 16405
1729720 1736361 6641
1730626 1736922 6296
1723495 1738275 14780
1728653 1738407 9754
1724355 1738902 14547
1728736 1739529 10793
1724922 1739892 14970
1733977 1740255 6278
1734029 1740321 6292
1734625 1740915 6290
1734741 1741014 6273
1721689 1741641 19952
1729882 1742004 12122
1729265 1742202 12937
1725814 1742961 17147
1726819 1743687 16868
1732864 1744017 11153
1737415 1744083 6668
1730850 1746624 15774
1711749 1746657 34908
1733150 1746987 13837
1740028 1748868 8840
1734598 1749627 15029
1736769 1750221 13452
1731310 1750452 19142
1738274 1750782 12508
1735529 1751079 15550
1738511 1751376 12865
1733350 1751574 18224
1727220 1752102 24882
1741658 1752465 10807
1746745 1753026 6281
1746728 1753389 6661
1736131 1753818 17687
1735280 1755798 20518
1738356 1755831 17475
1749515 1756161 6646
1751051 1757349 6298
1745133 1758273 13140
1748709 1759593 10884
1740396 1760715 20319
1754000 1764939 10939
1759024 1766655 7631
1760432 1766721 6289
1748198 1767447 19249
1757340 1768800 11460
1762812 1769460 6648
1758430 1769493 11063
1757552 1771077 13525
1759560 1771539 11979
1765067 1771704 6637
1766849 1773486 6637
1769642 1775928 6286
1770068 1776720 6652
1770195 1777314 7119
1769655 1780317 10662
1770548 1780614 10066
1771410 1782297 10887
1767741 1782363 14622
1773732 1784541 10809
1770488 1784706 14218
1774773 1785630 10857
1771346 1785663 14317
1772268 1788567 16299
1771202 1788963 17761
1779146 1790085 10939
1777086 1791801 14715
1786208 1792494 6286
1787049 1793682 6633
1780130 1794804 14674
1784752 1795596 10844
1773574 1795794 22220
1779416 1796454 17038
1791360 1798071 6711
1791833 1798104 6271
1773365 1799061 25696
1783418 1800150 16732
1786249 1800843 14594
1782622 1803021 20399
1790906 1805001 14095
1797009 1805727 8718
1792712 1806156 13444
1790373 1809060 18687
1785260 1809456 24196
1795865 1811469 15604
1797754 1811469 13715
1802873 1812063 9190
1801543 1812558 11015
1794343 1813449 19106
1802810 1815330 12520
1792063 1815792 23729
1800236 1817079 16843
1806679 1817607 10928
1794194 1819026 24832
1795282 1819620 24338
1813101 1819752 6651
1800426 1820115 19689
1805059 1821039 15980
1804815 1821237 16422
1804723 1823019 18296
1795820 1823580 27760
1807261 1824240 16979
1798363 1824537 26174
1803812 1824603 20791
1819815 1826451 6636
1819023 1826748 7725
1801443 1826979 25536
1812716 1828959 16243
1807850 1829454 21604
1823981 1830642 6661
1816371 1831797 15426
1826548 1832820 6272
1813886 1834503 20617
1825834 1834932 9098
1829063 1835394 6331
1828827 1835427 6600
1814093 1837737 23644
1816783 1837968 21185
1831792 1838067 6275
1818999 1838430 19431
1832393 1838694 6301
1817661 1839552 21891
1828549 1840476 11927
1833938 1840641 6703
1824436 1840707 16271
1831409 1841895 10486
1829249 1842192 12943
1814381 1842720 28339
1818748 1843215 24467
1829505 1843941 14436
1831539 1846086 14547
1838345 1846152 7807
1831392 1847472 16080
1841172 1847472 6300
1819514 1848462 28948
1835309 1848693 13384
1822193 1848924 26731
1836000 1849122 13122
1827497 1849320 21823
1825597 1849551 23954
1836902 1849782 12880
1829386 1849980 20594
1832262 1851663 19401
1834379 1852356 17977
1846002 1852521 6519
1840083 1852884 12801
1835599 1852950 17351
1838458 1854039 15581
1847948 1854237 6289
1848480 1855194 6714
1849206 1855854 6648
1841489 1856019 14530
1837400 1856184 18784
1845121 1856448 11327
1842962 1857735 14773
1845253 1858197 12944
1841491 1858989 17498
1853328 1859682 6354
1847698 1860177 12479
1848025 1861299 13274
1854425 1861365 6940
1851296 1862223 10927
1848521 1863444 14923
1856107 1863939 7832
1854000 1864368 10368
1854474 1864896 10422
1840939 1864962 24023
1838563 1865259 26696
1859174 1865457 6283
1859262 1865919 6657
1850308 1867503 17195
1835878 1867932 32054
1862152 1868427 6275
1849044 1868922 19878
1842151 1869483 27332
1851796 1869516 17720
1858906 1869714 10808
1844081 1870605 26524
1847439 1871166 23727
1857539 1871694 14155
1860736 1872255 11519
1866011 1872618 6607
1855157 1872783 17626
1867405 1874697 7292
1855235 1875555 20320
1856874 1875654 18780
1854705 1875819 21114
1851709 1876545 24836
1865708 1876578 10870
1866252 1877073 10821
1863480 1879713 16233
1864781 1880340 15559
1871108 1881561 10453
1869271 1882848 13577
1872441 1882881 10440
1871098 1883145 12047
1873530 1883970 10440
1877950 1884597 6647
1879020 1885290 6270
1865159 1886676 21517
1881860 1888392 6532
1866275 1888524 22249
1872101 1888557 16456
1878836 1889778 10942
1874229 1890141 15912
1875099 1891791 16692
1884277 1892187 7910
1884654 1892187 7533
1881399 1892517 11118
1881947 1893078 11131
1886497 1893078 6581
1885197 1893903 8706
1880271 1895190 14919
1881426 1896180 14754
1889542 1896180 6638
1881889 1897401 15512
1888486 1898424 9938
1892637 1899282 6645
1881908 1899348 17440
1880717 1899711 18994
1880809 1900338 19529
1891471 1900404 8933
1882822 1902615 19793
1881691 1903539 21848
1884481 1903902 19421
1897995 1904628 6633
1899056 1905354 6298
1890410 1906938 16528
1894016 1908555 14539
1898810 1908885 10075
1887400 1909149 21749
1888345 1909578 21233
1903328 1909974 6646
1893936 1910040 16104
1893048 1910865 17817
1906634 1912911 6277
1900889 1913175 12286
1896876 1913604 16728
1905158 1913736 8578
1905873 1914264 8391
1909263 1915914 6651
1900251 1916145 15894
1887928 1916244 28316
1910613 1917267 6654
1901070 1919181 18111
1903271 1919247 15976
1910392 1919775 9383
1911581 1922415 10834
1914881 1925682 10801
1915016 1925946 10930
1919646 1926342 6696
1916814 1928454 11640
1908951 1929081 20130
1918630 1929081 10451
1918366 1929246 10880
1914057 1929576 15519
1921025 1931457 10432
1922506 1932942 10436
1923597 1934625 11028
1921952 1936737 14785
1923527 1938816 15289
1920979 1939311 18332
1935645 1942017 6372
1936977 1943271 6294
1938942 1945581 6639
1939203 1946175 6972
1940605 1947264 6659
1932230 1948419 16189
1943434 1949706 6272
1939820 1950267 10447
1936544 1950993 14449
1940950 1951752 10802
1935073 1953402 18329
1942095 1954029 11934
1936489 1954260 17771
1943608 1954557 10949
1944596 1955877 11281
1950312 1956966 6654
1943350 1957296 13946
1946443 1957659 11216
1952760 1959408 6648
1952871 1960002 7131
1943526 1960530 17004
1954321 1960596 6275
1942984 1960761 17777
1950017 1961289 11272
1943940 1962180 18240
1945922 1962378 16456
1943781 1962840 19059
1956452 1965084 8632
1958233 1965612 7379
1946699 1967295 20596
1948313 1967361 19048
1954499 1967625 13126
1950248 1969737 19489
1954456 1969935 15479
1958427 1970694 12267
1961993 1972674 10681
1957144 1973037 15893
1963154 1973598 10444
1956471 1973961 17490
1960389 1974192 13803
1966601 1976865 10264
1964963 1977129 12166
1971195 1977657 6462
1971426 1977723 6297
1971892 1978317 6425
1964370 1980495 16125
1974964 1981617 6653
1976922 1983564 6642
1977731 1984026 6295
1978467 1985115 6648
1978875 1985148 6273
1968816 1985577 16761
1971510 1985973 14463
1979986 1986270 6284
1981063 1987359 6296
1974522 1988382 13860
1982193 1988481 6288
1982715 1989372 6657
1975015 1989405 14390
1983804 1990098 6294
1981363 1991814 10451
1985149 1991880 6731
1977828 1992441 14613
1981178 1995081 13903
1988317 1995114 6797
1984306 1995543 11237
1990076 1996368 6292
1986462 1997391 10929
1991071 1997721 6650
1989880 2000328 10448
1988710 2000361 11651
1988244 2002638 14394
1993219 2004156 10937
1997514 2004156 6642
2002040 2008677 6637
1990572 2010855 20283
1995552 2011218 15666
1999769 2011581 11812
2002699 2013627 10928
2000156 2013891 13735
2004975 2014320 9345
2004112 2014551 10439
2006426 2014947 8521
2003164 2016300 13136
2002868 2016432 13564
2003501 2017158 13657
2003826 2017158 13332
2003882 2017851 13969
2012408 2019072 6664
2013752 2020392 6640
2010237 2020953 10716
2005075 2023560 18485
2009822 2024022 14200
2007878 2024253 16375
2018256 2024550 6294
2020194 2026827 6633
2016950 2027883 10933
2017631 2028609 10978
2017446 2029203 11757
2011882 2031216 19334
2026846 2033130 6284
2013171 2034516 21345
2018826 2034615 15789
2011233 2036166 24933
2023181 2036331 13150
2030051 2036463 6412
2022643 2036496 13853
2010316 2039235 28919
2025307 2039631 14324
2025943 2039763 13820
2028433 2040192 11759
2035619 2042271 6652
2025902 2042997 17095
2032878 2043558 10680
2026225 2043591 17366
2039924 2046561 6637
2032050 2047650 15600
2035716 2048244 12528
2042613 2049267 6654
2034942 2049663 14721
2032908 2049696 16788
2033641 2052963 19322
2033767 2055009 21242
2043574 2055537 11963
2040487 2055603 15116
2046368 2055702 9334
2049715 2055999 6284
2046983 2056065 9082
2050405 2056725 6320
2051737 2058012 6275
2042831 2059332 16501
2043193 2059926 16733
2043518 2059992 16474
2048614 2060355 11741
2044616 2062797 18181
2037551 2063292 25741
2053112 2063556 10444
2056796 2063622 6826
2045058 2063754 18696
2042607 2064348 21741
2058307 2064579 6272
2055450 2065734 10284
2054473 2066691 12218
2043029 2066790 23761
2060301 2066955 6654
2062580 2068869 6289
2054470 2070255 15785
2055775 2070255 14480
2064405 2071047 6642
2060683 2072730 12047
2060856 2073093 12237
2065887 2073819 7932
2063946 2075931 11985
2063941 2076228 12287
2069465 2077581 8116
2070614 2077878 7264
2064541 2078274 13733
2072313 2078967 6654
2068686 2079693 11007
2072867 2080188 7321
2063203 2080386 17183
2072563 2082069 9506
2069729 2083257 13528
2072569 2083686 11117
2063148 2085105 21957
2073417 2085105 11688
2061846 2085534 23688
2068903 2086161 17258
2075096 2086326 11230
2076034 2087481 11447
2081371 2087646 6275
2082047 2088702 6655
2066173 2088900 22727
2082551 2089296 6745
2075282 2091045 15763
2084417 2091078 6661
2082478 2091738 9260
2069225 2091969 22744
2084028 2092332 8304
2073694 2094213 20519
2088303 2094576 6273
2073129 2095170 22041
2072182 2095500 23318
2073440 2095698 22258
2069613 2098734 29121
2084451 2098932 14481
2094679 2100978 6299
2084709 2101440 16731
2095439 2101836 6397
2084994 2101935 16941
2088352 2101935 13583
2088190 2102595 14405
2096921 2103222 6301
2089181 2104212 15031
2087688 2105235 17547
2095648 2105400 9752
2094593 2108469 13876
2089198 2108634 19436
2095125 2108997 13872
2095717 2109690 13973
2100953 2111406 10453
2103396 2115465 12069
2110031 2116323 6292
2102098 2116554 14456
2110701 2117346 6645
2106019 2117874 11855
2105643 2119755 14112
2109141 2120316 11175
2102132 2120679 18547
2111448 2120844 9396
2103183 2121240 18057
2110339 2121438 11099
2109877 2122065 12188
2108264 2122758 14494
2108434 2122989 14555
2113214 2124144 10930
2108390 2125332 16942
2116570 2125464 8894
2113115 2125893 12778
2111784 2126322 14538
2114751 2126883 12132
2118043 2128137 10094
2113043 2128467 15424
2104767 2128533 23766
2115626 2129094 13468
2123723 2130381 6658
2119023 2131569 12546
2125315 2131965 6650
2127006 2133285 6279
2106064 2133912 27848
2119247 2134440 15193
2116756 2134737 17981
2120064 2134869 14805
2110295 2135265 24970
2121909 2135364 13455
2130487 2136783 6296
2126433 2136882 10449
2108961 2139456 30495
2130845 2140248 9403
2134068 2140710 6642
2136036 2142327 6291
2123413 2143416 20003
2126662 2143416 16754
2136980 2143614 6634
2122544 2144505 21961
2136430 2146881 10451
2133504 2147145 13641
2137086 2147607 10521
2138506 2149389 10883
2139942 2150379 10437
2133087 2151501 18414
2137421 2151963 14542
2137461 2152623 15162
2140243 2153019 12776
2146852 2153151 6299
2146135 2155758 9623
2142384 2156022 13638
2151463 2157738 6275
2148292 2157936 9644
2152126 2158398 6272
2149185 2158464 9279
2141149 2158695 17546
2138471 2158761 20290
2148080 2161995 13915
2158803 2165097 6294
2158311 2169123 10812
2148691 2169255 20564
2160389 2170839 10450
2160360 2171433 11073
2164980 2171631 6651
2166789 2173710 6921
2162911 2174568 11657
2155521 2174832 19311
2163947 2175129 11182
2162891 2177208 14317
2167526 2178198 10672
2171808 2178462 6654
2173690 2180343 6653
2170331 2181267 10936
2160301 2181366 21065
2167590 2181960 14370
2166832 2183544 16712
2164874 2185227 20353
2176358 2186811 10453
2176096 2186910 10814
2182892 2189550 6658
2177529 2189913 12384
2187346 2193642 6296
2181938 2197866 15928
2185003 2199483 14480
2193096 2199483 6387
2189642 2200077 10435
2190654 2201133 10479
2194248 2201661 7413
2193896 2204235 10339
2185382 2204565 19183
2193765 2207535 13770
2194723 2208063 13340
2202317 2212485 10168
2201920 2212848 10928
2207126 2213937 6811
2195880 2215026 19146
2203852 2215620 11768
2203783 2218656 14873
2201225 2220108 18883
2215536 2221989 6453
2204308 2223012 18704
2199826 2223408 23582
2206665 2223474 16809
2204901 2224761 19860
2209794 2225256 15462
2218019 2227995 9976
2210566 2228160 17594
2221980 2228259 6279
2216353 2228358 12005
2217219 2228919 11700
2223030 2229381 6351
2212632 2229414 16782
2219417 2229447 10030
2218796 2231889 13093
2219905 2232021 12116
2219211 2232615 13404
2214050 2232714 18664
2220209 2232912 12703
2210049 2233407 23358
2208574 2235156 26582
2222066 2235684 13618
2219663 2235816 16153
2224718 2235882 11164
2211394 2236674 25280
2232313 2238621 6308
2227850 2238819 10969
2221436 2238984 17548
2223408 2239941 16533
2230652 2242185 11533
2232084 2243043 10959
2237373 2243670 6297
2237340 2244000 6660
2222722 2244066 21344
2237643 2244264 6621
2226546 2245155 18609
2232504 2246211 13707
2233718 2247234 13516
2239308 2247729 8421
2241642 2248290 6648
2237602 2248323 10721
2240275 2248983 8708
2231591 2249148 17557
2230605 2249841 19236
2239990 2250435 10445
2246735 2253009 6274
2231274 2253669 22395
2247301 2253669 6368
2238228 2253735 15507
2242994 2253933 10939
2240049 2256969 16920
2238996 2258619 19623
2252539 2259180 6641
2236324 2260203 23879
2243687 2261787 18100
2244936 2262249 17313
2240866 2262447 21581
2236727 2264691 27964
2241465 2265087 23622
2245952 2265384 19432
2249732 2266110 16378
2260089 2266374 6285
2260514 2267166 6652
2261677 2268321 6644
2252988 2268882 15894
2255763 2269245 13482
2258184 2270004 11820
2248559 2271027 22468
2265468 2271753 6285
2265688 2272116 6428
2258669 2272644 13975
2258287 2273634 15347
2267830 2274129 6299
2268552 2274822 6270
2261957 2276307 14350
2270409 2276703 6294
2270148 2276868 6720
2266700 2276934 10234
2267593 2278023 10430
2252591 2279541 26950
2267274 2281257 13983
2267384 2281818 14434
2266967 2282181 15214
2269382 2282676 13294
2277952 2284227 6275
2276667 2284392 7725
2275884 2284524 8640
2265918 2284557 18639
2273661 2284590 10929
2277392 2285052 7660
2279712 2286075 6363
2278226 2291784 13558
2282907 2293929 11022
2287752 2294028 6276
2280876 2295249 14373
2286338 2298021 11683
2288026 2298483 10457
2293302 2299572 6270
2287276 2301651 14375
2292816 2303829 11013
2288951 2304522 15571
2298287 2304984 6697
2300705 2306997 6292
2299987 2310429 10442
2296409 2310759 14350
2305526 2311815 6289
2300770 2312607 11837
2307421 2314389 6968
2298118 2314851 16733
2308572 2314851 6279
2298482 2315445 16963
2308981 2315643 6662
2306012 2316930 10918
2307311 2317128 9817
2308002 2317722 9720
2300169 2317953 17784
2301805 2318844 17039
2311984 2318976 6992
2304476 2320758 16282
2310957 2322936 11979
2310639 2322969 12330
2311896 2324289 12393
2316208 2325048 8840
2306298 2326005 19707
2318727 2326005 7278
2306833 2326665 19832
2320811 2327094 6283
2322632 2328909 6277
2316666 2330196 13530
2310887 2332671 21784
2322670 2333595 10925
2328168 2334453 6285
2328408 2335608 7200
2327394 2336598 9204
2321798 2338809 17011
2323147 2339172 16025
2323562 2339733 16171
2333659 2340657 6998
2335598 2341878 6280
2318976 2342109 23133
2324721 2342307 17586
2327788 2342439 14651
2328668 2342505 13837
2327935 2342934 14999
2336744 2343033 6289
2337405 2344452 7047
2338172 2344452 6280
2323103 2344848 21745
2332093 2345244 13151
2326105 2345376 19271
2333621 2345607 11986
2336710 2346003 9293
2337127 2346531 9404
2332130 2346630 14500
2340871 2347521 6650
2341455 2347752 6297
2338154 2349105 10951
2342474 2349138 6664
2342959 2349732 6773
2343749 2350029 6280
2344406 2350689 6283
2336286 2350953 14667
2340320 2351250 10930
2345710 2352174 6464
2344906 2353989 9083
2339588 2355507 15919
2343469 2355573 12104
2345674 2356134 10460
2345179 2356167 10988
2351014 2357289 6275
2351492 2358147 6655
2351846 2358213 6367
2343635 2360490 16855
2349680 2360655 10975
2354328 2360985 6657
2347809 2361216 13407
2350394 2361777 11383
2355474 2361876 6402
2356513 2363097 6584
2345537 2363592 18055
2347017 2366892 19875
2354454 2367090 12636
2351214 2367156 15942
2349191 2367750 18559
2347831 2368707 20876
2363881 2370159 6278
2356891 2370654 13763
2358714 2370687 11973
2361572 2371215 9643
2360863 2371314 10451
2366141 2372436 6295
2354333 2372898 18565
2366337 2372997 6660
2354108 2373657 19549
2356227 2374878 18651
2356571 2374911 18340
2355794 2375043 19249
2360074 2375505 15431
2358352 2376000 17648
2365585 2376726 11141
2361263 2379234 17971
2369349 2379795 10446
2354539 2381082 26543
2373682 2382501 8819
2365117 2382534 17417
2376635 2382996 6361
2375184 2384019 8835
2377316 2384547 7231
2367796 2385273 17477
2364473 2385504 21031
2368069 2386230 18161
2374410 2386857 12447
2381063 2387715 6652
2365677 2388276 22599
2366594 2388870 22276
2374448 2388969 14521
2371931 2389398 17467
2379595 2390388 10793
2375996 2390454 14458
2383352 2390685 7333
2386069 2392368 6299
2376654 2393754 17100
2389189 2395833 6644
2389799 2396097 6298
2380819 2396559 15740
2380789 2397186 16397
2384237 2397219 12982
2382204 2397615 15411
2387474 2397912 10438
2385374 2398176 12802
2384762 2398341 13579
2387477 2398572 11095
2387445 2398968 11523
2392426 2399133 6707
2392990 2400717 7727
2393802 2400882 7080
2394251 2400915 6664
2393995 2401113 7118
2395848 2402499 6651
2388002 2403225 15223
2395495 2406426 10931
2400130 2406426 6296
2395071 2408868 13797
2386946 2409165 22219
2392253 2409396 17143
2391753 2410089 18336
2396500 2411046 14546
2405609 2413323 7714
2399316 2413686 14370
2392649 2414148 21499
2409521 2415798 6277
2393948 2416425 22477
2402657 2416623 13966
2397005 2416887 19882
2402848 2417184 14336
2400754 2417250 16496
2400055 2417481 17426
2402727 2417745 15018
2400148 2418372 18224
2402935 2420451 17516
2411345 2420880 9535
2404729 2421078 16349
2414842 2421144 6302
2412198 2422629 10431
2414308 2423520 9212
2415262 2424081 8819
2419850 2426127 6277
2411424 2426226 14802
2408860 2427249 18389
2412946 2427249 14303
2418561 2428998 10437
2413776 2430516 16740
2424769 2431044 6275
2419755 2432727 12972
2413491 2433321 19830
2423037 2433981 10944
2420506 2435070 14564
2422369 2435928 13559
2423336 2436456 13120
2426983 2437545 10562
2431042 2438007 6965
2427040 2438139 11099
2432102 2438403 6301
2433226 2439888 6662
2425853 2441373 15520
2426165 2442264 16099
2436212 2442495 6283
2436708 2444442 7734
2439121 2445762 6641
2440232 2446884 6652
2431080 2448270 17190
2441426 2448963 7537
2436051 2450052 14001
2442955 2451768 8813
2439771 2453022 13251
2443360 2453814 10454
2444267 2453913 9646
2441198 2453946 12748
2446828 2457279 10451
2444108 2458467 14359
2447881 2458698 10817
2452605 2460711 8106
2456817 2463087 6270
2447315 2463978 16663
2450268 2464440 14172
2458768 2465430 6662
2459128 2465430 6302
2454386 2466189 11803
2460297 2466882 6585
2449414 2467806 18392
2454647 2468631 13984
2454268 2468730 14462
2462765 2469060 6295
2454311 2470347 16036
2460016 2470809 10793
2461141 2471766 10625
2462459 2473515 11056
2463478 2474208 10730
2464263 2474802 10539
2464364 2476749 12385
2463195 2477805 14610
2472921 2479191 6270
2470463 2481435 10972
2476330 2482623 6293
2470848 2483052 12204
2476855 2483151 6296
2473090 2483613 10523
2467715 2484075 16360
2475624 2484966 9342
2474187 2485164 10977
2475140 2485593 10453
2470013 2488233 18220
2470563 2488332 17769
2482166 2488827 6661
2482681 2488959 6278
2486396 2493117 6721
2482928 2493381 10453
2483293 2494041 10748
2479833 2494305 14472
2486636 2496186 9550
2483379 2497473 14094
2493115 2499387 6272
2488712 2499651 10939
2488140 2500608 12468
2485673 2502324 16651
2486260 2503347 17087
2495415 2506218 10803
2500490 2506779 6289
2496261 2507076 10815
2498411 2509221 10810
2503048 2509320 6272
2502747 2509386 6639
2501401 2512224 10823
2506728 2513379 6651
2506121 2514963 8842
2505990 2515293 9303
2506163 2516976 10813
2510328 2519517 9189
2509560 2520012 10452
2514063 2520342 6279
2513998 2520705 6707
2516495 2522784 6289
2516314 2523015 6701
2504967 2523939 18972
2517883 2524170 6287
2507162 2525622 18460
2515099 2526084 10985
2516046 2526579 10533
2515620 2527173 11553
2510471 2527272 16801
2522159 2528856 6697
2510970 2530506 19536
2514287 2531034 16747
2525554 2531826 6272
2512064 2532453 20389
2519402 2532651 13249
2519425 2533377 13952
2524579 2535027 10448
2519208 2535093 15885
2520433 2535126 14693
2515914 2535555 19641
2521487 2536116 14629
2530364 2537436 7072
2531490 2537766 6276
2518283 2538591 20308
2533209 2539515 6306
2526948 2540802 13854
2534241 2541693 7452
2527568 2541825 14257
2531084 2542023 10939
2535962 2542287 6325
2536072 2542353 6281
2528518 2544267 15749
2533050 2545125 12075
2535309 2545653 10344
2538046 2546148 8102
2531577 2548359 16782
2534616 2548425 13809
2528538 2548788 20250
2542774 2549052 6278
2538464 2549778 11314
2543125 2549778 6653
2526715 2551461 24746
2532600 2551989 19389
2527007 2552121 25114
2530664 2553771 23107
2547433 2554068 6635
2535052 2554959 19907
2545807 2555223 9416
2535671 2555619 19948
2549385 2556048 6663
2537142 2556180 19038
2534089 2558952 24863
2549991 2559282 9291
2545026 2559711 14685
2552360 2560437 8077
2553306 2561196 7890
2543885 2562285 18400
2553730 2562417 8687
2547947 2562648 14701
2548035 2563209 15174
2543558 2564331 20773
2550921 2564859 13938
2549980 2564925 14945
2551078 2567070 15992
2551332 2567631 16299
2559946 2568489 8543
2558935 2569875 10940
2557780 2570403 12623
2554906 2571261 16355
2554869 2572218 17349
2566581 2572878 6297
2566714 2573373 6659
2562042 2574660 12618
2560493 2575419 14926
2553925 2575650 21725
2557958 2576607 18649
2570168 2576904 6736
2565464 2578554 13090
2574274 2580864 6590
2566995 2581458 14463
2576311 2582976 6665
2563593 2583999 20406
2574784 2584197 9413
2569405 2584527 15122
2575326 2584527 9201
2572650 2585022 12372
2573597 2585385 11788
2571457 2587266 15809
2567931 2588355 20424
2576713 2591127 14414
2571479 2592348 20869
2582755 2593206 10451
2588653 2594955 6302
2586940 2596242 9302
2590451 2597100 6649
2590726 2597694 6968
2585717 2599278 13561
2589170 2599608 10438
2594776 2601060 6284
2590672 2601588 10916
2596957 2603238 6281
2599202 2605845 6643
2597434 2608254 10820
2601984 2609079 7095
2595366 2609178 13812
2603119 2609442 6323
2592793 2609772 16979
2599071 2610993 11922
2598014 2611224 13210
2598906 2612412 13506
2599544 2612808 13264
2602799 2614161 11362
2605654 2614755 9101
2611238 2617593 6355
2597695 2617923 20228
2603666 2618055 14389
2609667 2620167 10500
2601997 2620332 18335
2614531 2620827 6296
2606147 2621157 15010
2602162 2621223 19061
2612751 2621322 8571
2606157 2623995 17838
2601977 2624490 22513
2618564 2624853 6289
2615641 2626569 10928
2606959 2627031 20072
2612942 2628351 15409
2609853 2629209 19356
2611869 2629671 17802
2614782 2630331 15549
2616153 2632575 16422
2613843 2633565 19722
2627731 2634027 6296
2628248 2634522 6274
2626842 2635248 8406
2618791 2635908 17117
2627476 2636667 9191
2631097 2637393 6296
2629246 2639043 9797
2614169 2639406 25237
2619614 2640396 20782
2621990 2640462 18472
2633904 2640561 6657
2635276 2641551 6275
2628236 2641782 13546
2631474 2642112 10638
2636353 2642640 6287
2624449 2644290 19841
2619239 2644653 25414
2633866 2645214 11348
2636158 2647425 11267
2637769 2648316 10547
2627652 2648448 20796
2627072 2648910 21838
2628205 2650065 21860
2633420 2650494 17074
2635805 2651121 15316
2625395 2651880 26485
2639893 2652045 12152
2625821 2653002 27181
2643322 2654289 10967
2645814 2654718 8904
2648044 2655147 7103
2649593 2655873 6280
2650306 2657160 6854
2651623 2657919 6296
2647243 2658051 10808
2648230 2658843 10613
2646889 2659899 13010
2649919 2660361 10442
2638930 2661120 22190
2640380 2661846 21466
2656923 2663562 6639
2658185 2664849 6664
2659751 2666037 6286
2660035 2666697 6662
2660662 2666961 6299
2660970 2667258 6288
2654066 2669403 15337
2651181 2670030 18849
2663609 2670261 6652
2658150 2672769 14619
2660558 2674089 13531
2664194 2675145 10951
2663564 2675211 11647
2666147 2677092 10945
2660513 2677257 16744
2673294 2679930 6636
2667506 2681151 13645
2669395 2682075 12680
2661146 2682702 21556
2677068 2684022 6954
2670378 2684451 14073
2669926 2684880 14954
2680861 2687157 6296
2669074 2687553 18479
2676763 2687718 10955
2681620 2688279 6659
2682316 2689038 6722
2682443 2689104 6661
2671946 2690655 18709
2676205 2691216 15011
2675431 2692074 16643
2685903 2692239 6336
2686697 2692998 6301
2689036 2695308 6272
2687295 2695374 8079
2684980 2695803 10823
2677199 2696034 18835
2690225 2696496 6271
2691035 2701479 10444
2684081 2705076 20995
2692122 2706099 13977
2698603 2707056 8453
2696457 2707254 10797
2699746 2707452 7706
2693357 2707815 14458
2701579 2708244 6665
2699107 2709564 10457
2695683 2713293 17610
2703982 2714778 10796
2702236 2717253 15017
2702957 2717979 15022
2713054 2719332 6278
2696665 2720784 24119
2700903 2721081 20178
2710425 2721609 11184
2703799 2722038 18239
2717726 2724051 6325
2715500 2724315 8815
2714184 2724711 10527
2710180 2724909 14729
2711508 2725470 13962
2714275 2725536 11261
2717375 2725701 8326
2717766 2725800 8034
2719518 2726526 7008
2707570 2727912 20342
2720802 2728143 7341
2715625 2728473 12848
2714667 2729364 14697
2715580 2729430 13850
2725172 2731806 6634
2719803 2732301 12498
2719902 2736360 16458
2729912 2736921 7009
2730559 2737218 6659
2731854 2738505 6651
2729759 2739462 9703
2729666 2740122 10456
2732992 2742828 9836
2725488 2743158 17670
2735506 2743257 7751
2737098 2743389 6291
2737369 2746293 8924
2731978 2746326 14348
2732458 2747481 15023
2731892 2747943 16051
2735312 2749560 14248
2737145 2750517 13372
2730979 2751045 20066
2732574 2751111 18537
2733980 2752101 18121
2735997 2752299 16302
2737681 2752827 15146
2746864 2753157 6293
2744195 2754213 10018
2748845 2758305 9460
2746196 2758503 12307
2740399 2760747 20348
2742410 2760747 18337
2749220 2761275 12055
2750912 2763321 12409
2755747 2763420 7673
2744496 2763486 18990
2745170 2764014 18844
2751501 2764542 13041
2759603 2766159 6556
2760565 2766885 6320
2760659 2767083 6424
2751960 2767644 15684
2761276 2768007 6731
2762644 2769426 6782
2760161 2769459 9298
2759055 2769492 10437
2759281 2770086 10805
2755110 2772132 17022
2756148 2772330 16182
2753965 2772759 18794
2759164 2773287 14123
2764784 2775498 10714
2767360 2776092 8732
2761932 2776620 14688
2771653 2777940 6287
2763685 2779887 16202
2755870 2780052 24182
2769316 2783286 13970
2772643 2783451 10808
2773060 2783880 10820
2778073 2784375 6302
2774527 2786025 11498
2779093 2787576 8483
2781452 2788467 7015
2781961 2788599 6638
2783022 2789754 6732
2783851 2790513 6662
2776978 2790711 13733
2778833 2790810 11977
2773969 2791734 17765
2782495 2793450 10955
2774795 2794077 19282
2785617 2794572 8955
2783857 2794737 10880
2784485 2797179 12694
2777073 2797641 20568
2787182 2797740 10558
2780545 2798004 17459
2782600 2798070 15470
2783711 2798631 14920
2788256 2799753 11497
2793398 2800116 6718
2793848 2800644 6796
2794055 2801271 7216
2784584 2801865 17281
2797821 2804472 6651
2789925 2804604 14679
2798040 2804703 6663
2787041 2804967 17926
2793462 2807013 13551
2789530 2807178 17648
2796600 2808531 11931
2792402 2809290 16888
2788850 2809818 20968
2801330 2811270 9940
2799888 2811765 11877
2803461 2812656 9195
2791497 2814438 22941
2807865 2814504 6639
2801390 2814966 13576
2799064 2816352 17288
2811028 2817573 6545
2801619 2817639 16020
2811357 2818134 6777
2808370 2818926 10556
2809135 2820840 11705
2814475 2821269 6794
2813151 2821302 8151
2813239 2821368 8129
2815739 2822457 6718
2810592 2824008 13416
2816254 2824272 8018
2803496 2824437 20941
2806199 2824899 18700
2801525 2827407 25882
2818298 2828067 9769
2816557 2828760 12203
2823491 2829783 6292
2814028 2830707 16679
2806880 2830806 23926
2820186 2831136 10950
2817397 2831994 14597
2822226 2833017 10791
2822293 2833446 11153
2827574 2834205 6631
2825341 2834733 9392
2816129 2835228 19099
2829291 2835591 6300
2811556 2835690 24134
2830209 2836482 6273
2827309 2838132 10823
2816145 2838726 22581
2830223 2839056 8833
2810918 2839947 29029
2829403 2840211 10808
2814386 2840772 26386
2824889 2841828 16939
2835587 2841861 6274
2819532 2843181 23649
2838625 2844897 6272
2831648 2846778 15130
2833304 2847339 14035
2842093 2849616 7523
2843004 2849649 6645
2836334 2849880 13546
2843730 2850441 6711
2836772 2851332 14560
2839062 2852751 13689
2847661 2854896 7235
2849640 2855919 6279
2850912 2857734 6822
2851962 2858262 6300
2853479 2860143 6664
2849878 2860803 10925
2848977 2861595 12618
2855088 2861727 6639
2850492 2865093 14601
2859624 2865918 6294
2861866 2868162 6296
2857910 2868723 10813
2863096 2869383 6287
2863089 2869383 6294
2864383 2870670 6287
2864943 2871594 6651
2865945 2872221 6276
2858471 2872386 13915
2865372 2873904 8532
2867584 2874498 6914
2864361 2874795 10434
2863048 2877831 14783
2863239 2878161 14922
2868269 2879085 10816
2869804 2880240 10436
2865700 2880867 15167
2868198 2882187 13989
2872198 2885289 13091
2879652 2885949 6297
2875841 2886345 10504
2881831 2888490 6659
2874860 2888787 13927
2875153 2889216 14063
2876225 2889315 13090
2885068 2891361 6293
2867758 2891823 24065
2882291 2891889 9598
2877819 2892747 14928
2875587 2894232 18645
2888072 2894727 6655
2879732 2894760 15028
2878847 2895057 16210
2880414 2895288 14874
2889466 2896113 6647
2888033 2898390 10357
2890087 2900535 10448
2883496 2902680 19184
2896513 2902812 6299
2896746 2903043 6297
2896856 2903406 6550
2893801 2904594 10793
2898854 2905155 6301
2899653 2906310 6657
2897352 2908290 10938
2897658 2908587 10929
2903549 2909841 6292
2903127 2910534 7407
2903625 2911029 7404
2899558 2914296 14738
2902963 2914989 12026
2901807 2916276 14469
2905546 2920137 14591
2902826 2920170 17344
2908201 2921292 13091
2902850 2924559 21709
2915361 2925813 10452
2911819 2926770 14951
2916386 2926836 10450
2922598 2928882 6284
2915146 2929509 14363
2916632 2930037 13405
2917051 2930697 13646
2916436 2931984 15548
2925735 2932017 6282
2923221 2933799 10578
2919521 2934096 14575
2926648 2934327 7679
2919602 2935350 15748
2920577 2936307 15730
2927296 2938419 11123
2933013 2939310 6297
2933931 2940201 6270
2930537 2941488 10951
2932626 2943831 11205
2937970 2944326 6356
2939861 2946141 6280
2935747 2946207 10460
2937112 2947560 10448
2932418 2947758 15340
2941832 2948121 6289
2930719 2948385 17666
2942490 2948880 6390
2934549 2949012 14463
2942157 2950299 8142
2939593 2950596 11003
2941101 2951553 10452
2946205 2952477 6272
2946377 2953665 7288
2942544 2954589 12045
2948561 2955051 6490
2949791 2956404 6613
2942300 2957361 15061
2948776 2959209 10433
2946558 2959605 13047
2949921 2960397 10476
2950882 2960529 9647
2946094 2961717 15623
2956642 2963301 6659
2957518 2963796 6278
2957210 2963961 6751
2947290 2964357 17067
2959676 2965974 6298
2959757 2966568 6811
2946634 2967096 20462
2956667 2967162 10495
2951874 2967591 15717
2959729 2967690 7961
2949395 2968152 18757
2948034 2968284 20250
2959176 2969769 10593
2956286 2970726 14440
2957121 2972244 15123
2962256 2972772 10516
2957181 2972838 15657
2957528 2973399 15871
2967364 2973663 6299
2957629 2974026 16397
2961502 2974851 13349
2970016 2976303 6287
2952486 2977260 24774
2966607 2977425 10818
2958722 2977788 19066
2966054 2978184 12130
2960369 2980560 20191
2972600 2983563 10963
2970851 2984883 14032
2979653 2985939 6286
2980530 2986896 6366
2979038 2987721 8683
2977571 2989107 11536
2984358 2990658 6300
2976611 2990955 14344
2981068 2991582 10514
2985104 2992143 7039
2985543 2992176 6633
2986322 2993034 6712
2987102 2993397 6295
2987211 2993496 6285
2984994 2993529 8535
2986151 2994024 7873
2988618 2995278 6660
2990395 2996796 6401
2974840 2997291 22451
2986889 2997687 10798
2981152 2997819 16667
2991646 2997918 6272
2987214 2998215 11001
2992102 2998380 6278
2983690 2998413 14723
2980187 2998578 18391
2984536 3001482 16946
2992322 3001614 9292
2985797 3001977 16180
2995709 3002010 6301
2992094 3004452 12358
2998569 3004848 6279
2986688 3005244 18556
3000369 3006663 6294
2996598 3007983 11385
2999018 3008313 9295
2998490 3009435 10945
3000389 3011184 10795
2993767 3012141 18374
2994998 3013362 18364
3002120 3016167 14047
2996544 3016398 19854
3001255 3016662 15407
3003787 3016827 13040
3001174 3017520 16346
3011518 3017817 6299
3012520 3020259 7739
3007706 3020853 13147
3003295 3021381 18086
2997294 3021975 24681
3003392 3023097 19705
3003185 3024021 20836
3006799 3024681 17882
3012845 3025176 12331
3015782 3026298 10516
3020183 3026463 6280
3020208 3027057 6849
3010129 3027783 17654
3018426 3028443 10017
3019970 3028971 9001
3014329 3030126 15797
3025983 3032271 6288
3022932 3033855 10923
3029269 3035934 6665
3017784 3036594 18810
3031060 3038739 7679
3026642 3041115 14473
3034926 3045735 10809
3039518 3046164 6646
3041027 3047682 6655
3037284 3047946 10662
3043120 3049959 6839
3042397 3051048 8651
3040319 3052599 12280
3042648 3053193 10545
3041564 3054546 12982
3048892 3055173 6281
3041955 3056691 14736
3050724 3057021 6297
3051116 3057780 6664
3053441 3060090 6649
3051672 3064512 12840
3054042 3064974 10932
3054996 3065799 10803
3052697 3068703 16006
3054928 3068736 13808
3058322 3069132 10810
3063115 3069396 6281
3066596 3073257 6661
3060090 3075039 14949
3061261 3076458 15197
3069694 3077415 7721
3072292 3078570 6278
3065243 3079725 14482
3062505 3080682 18177
3067239 3082893 15654
3062695 3083124 20429
3077090 3083718 6628
3077442 3084906 7464
3079161 3085797 6636
3074125 3086853 12728
3080779 3087414 6635
3074383 3087975 13592
3071289 3088833 17544
3083562 3089856 6294
3075071 3090087 15016
3073943 3091011 17068
3076764 3091242 14478
3085279 3091572 6293
3086213 3092859 6646
3087423 3093717 6294
3074450 3094311 19861
3079056 3095004 15948
3084516 3095334 10818
3085296 3097050 11754
3079828 3097545 17717
3089310 3097611 8301
3091573 3097875 6302
3081276 3098304 17028
3085145 3098700 13555
3094788 3101076 6288
3090909 3101472 10563
3095571 3101868 6297
3095954 3102594 6640
3090141 3103815 13674
3097140 3104739 7599
3081333 3105036 23703
3084796 3105432 20636
3088050 3106686 18636
3095489 3107577 12088
3097651 3108468 10817
3088223 3109359 21136
3102269 3109425 7156
3100463 3111339 10876
3105182 3111471 6289
3096763 3111768 15005
3095146 3112395 17249
3101810 3112527 10717
3102664 3113088 10424
3105029 3113682 8653
3096912 3113814 16902
3106802 3114540 7738
3104149 3115002 10853
3101465 3115497 14032
3108269 3117741 9472
3099881 3118401 18520
3109364 3120348 10984
3097486 3121074 23588
3099046 3121503 22457
3111202 3121635 10433
3111980 3123384 11404
3116061 3123549 7488
3103442 3124539 21097
3107564 3124737 17173
3115738 3127674 11936
3114177 3128004 13827
3117705 3128565 10860
3122564 3128862 6298
3109556 3130908 21352
3124803 3131073 6270
3113600 3131139 17539
3112352 3131436 19084
3108650 3131634 22984
3112207 3132855 20648
3120759 3133812 13053
3124514 3133911 9397
3120944 3134175 13231
3125339 3135792 10453
3113349 3135957 22608
3121950 3137739 15789
3130444 3138069 7625
3128383 3138762 10379
3132831 3139488 6657
3123964 3141534 17570
3134887 3141534 6647
3116423 3141897 25474
3121875 3142260 20385
3129596 3143844 14248
3138285 3144933 6648
3135524 3145956 10432
3137322 3146682 9360
3141357 3148002 6645
3142681 3148959 6278
3143148 3149421 6273
3139513 3150180 10667
3139371 3150312 10941
3144509 3150807 6298
3146391 3152688 6297
3135637 3153282 17645
3140410 3153909 13499
3148914 3155559 6645
3142763 3157242 14479
3153768 3160047 6279
3149044 3163017 13973
3156855 3163512 6657
3159073 3165360 6287
3154682 3169056 14374
3159601 3170541 10940
3163100 3173544 10444
3155838 3173709 17871
3161459 3175788 14329
3161936 3176514 14578
3166073 3177009 10936
3172510 3178791 6281
3168060 3180573 12513
3173894 3180639 6745
3175497 3182256 6759
3176291 3182784 6493
3166975 3183081 16106
3173366 3183807 10441
3176540 3185358 8818
3170935 3186810 15875
3180990 3187272 6282
3168827 3187437 18610
3171303 3188658 17355
3171110 3190077 18967
3174966 3190605 15639
3172955 3190671 17716
3179540 3192354 12814
3181008 3192948 11940
3178825 3193344 14519
3184789 3195225 10436
3181656 3195654 13998
3182340 3195654 13314
3182739 3196743 14004
3191400 3198063 6663
3180654 3198360 17706
3173824 3199053 25229
3193175 3199449 6274
3192933 3199581 6648
3181615 3200010 18395
3188293 3200076 11783
3185413 3202617 17204
3188997 3203079 14082
3192398 3203607 11209
3194841 3204201 9360
3193524 3205422 11898
3195996 3205422 9426
3184090 3207435 23345
3195239 3207435 12196
3199487 3208029 8542
3194754 3208557 13803
3193632 3208590 14958
3181156 3211857 30701
3198277 3212385 14108
3202768 3212979 10211
3202035 3214035 12000
3208654 3214926 6272
3203253 3215487 12234
3205226 3216180 10954
3209903 3216180 6277
3205365 3216345 10980
3211567 3217863 6296
3204312 3220338 16026
3207740 3220866 13126
3203236 3221460 18224
3215980 3222252 6272
3210265 3224859 14594
3204716 3226641 21925
3210139 3227829 17690
3214324 3229347 15023
3211706 3229413 17707
3218500 3230931 12431
3220355 3231294 10939
3216710 3231756 15046
3226624 3233274 6650
3225505 3233670 8165
3217737 3234165 16428
3225666 3234198 8532
3217829 3234924 17095
3222612 3236013 13401
3227081 3237894 10813
3217439 3238686 21247
3233841 3240138 6297
3225264 3241062 15798
3227673 3242217 14544
3235913 3242547 6634
3232336 3242778 10442
3236063 3243141 7078
3237409 3243702 6293
3237630 3244263 6633
3231029 3244593 13564
3219318 3246012 26694
3232320 3247002 14682
3231716 3247497 15781
3225087 3247662 22575
3236552 3248190 11638
3227664 3249543 21879
3243555 3249840 6285
3233909 3250401 16492
3235571 3250698 15127
3244246 3250896 6650
3241903 3252711 10808
3246861 3253503 6642
3243763 3256737 12974
3244807 3257793 12986
3248247 3258684 10437
3253568 3260202 6634
3244927 3260367 15440
3254484 3261192 6708
3252242 3261522 9280
3250990 3261786 10796
3255186 3261918 6732
3252134 3263073 10939
3257020 3263436 6416
3257732 3264030 6298
3258360 3265020 6660
3244187 3265284 21097
3250798 3265845 15047
3254863 3266967 12104
3258546 3269409 10863
3261285 3269904 8619
3259193 3270036 10843
3253557 3272610 19053
3266735 3273369 6634
3251698 3273732 22034
3264431 3275778 11347
3258879 3275811 16932
3255839 3276570 20731
3262017 3276669 14652
3259486 3277032 17546
3260011 3279012 19001
3273230 3279507 6277
3260265 3279936 19671
3263047 3279969 16922
3274246 3280893 6647
3266792 3281190 14398
3270107 3282576 12469
3265222 3283038 17816
3268444 3284325 15881
3277388 3287823 10435
3279934 3290925 10991
3279414 3291024 11610
3285086 3291387 6301
3286033 3292674 6641
3278839 3292740 13901
3282384 3293334 10950
3284578 3294192 9614
3281065 3295545 14480
3282325 3295941 13616
3283727 3296436 12709
3291115 3297492 6377
3281906 3297855 15949
3291550 3298185 6635
3291919 3298746 6827
3271407 3298878 27471
3284551 3299010 14459
3280108 3299406 19298
3279886 3300066 20180
3290174 3300858 10684
3294558 3300858 6300
3285009 3301617 16608
3285191 3303102 17911
3297744 3304026 6282
3268747 3304158 35411
3289290 3304554 15264
3299850 3306138 6288
3297470 3306930 9460
3295942 3309372 13430
3302971 3309636 6665
3303942 3310824 6882
3296577 3311187 14610
3305183 3311880 6697
3302015 3312474 10459
3304006 3314949 10943
3310052 3316335 6283
3305881 3316632 10751
3310836 3319470 8634
3309529 3320328 10799
3313851 3320493 6642
3310268 3321219 10951
3311756 3321285 9529
3316767 3323298 6531
3311398 3324981 13583
3314539 3325377 10838
3314710 3327621 12911
3322725 3329436 6711
3316869 3331152 14283
3326024 3332307 6283
3323092 3332373 9281
3323286 3332901 9615
3322546 3333000 10454
3322885 3333330 10445
3318878 3333495 14617
3320230 3334716 14486
3323408 3335673 12265
3318753 3336003 17250
3328678 3337884 9206
3324469 3339237 14768
3333923 3340557 6634
3330422 3340854 10432
3334042 3341151 7109
3329030 3341877 12847
3331981 3342372 10391
3331008 3342438 11430
3330946 3342537 11591
3330823 3344319 13496
3338103 3344748 6645
3331319 3344814 13495
3330755 3344979 14224
3336893 3347685 10792
3330190 3347883 17693
3342037 3348675 6638
3343379 3355308 11929
3342568 3356529 13961
3349975 3356628 6653
3345793 3356727 10934
3344105 3359796 15691
3346543 3362139 15596
3351803 3362733 10930
3352343 3363162 10819
3354056 3365769 11713
3356405 3365802 9397
3359971 3366858 6887
3361324 3367749 6425
3362374 3368673 6299
3363072 3369432 6360
3359343 3370290 10947
3356054 3370851 14797
3359624 3370950 11326
3363854 3371346 7492
3360937 3372996 12059
3365354 3373425 8071
3356448 3375339 18891
3358339 3376098 17759
3362442 3376560 14118
3363436 3376593 13157
3364406 3379431 15025
3362222 3381939 19717
3371498 3382302 10804
3375332 3383226 7894
3365213 3383490 18277
3369995 3383490 13495
3371309 3383622 12313
3367175 3384117 16942
3372196 3385503 13307
3373384 3386130 12746
3379255 3386229 6974
3369324 3386856 17532
3380494 3387186 6692
3369018 3387417 18399
3377676 3388605 10929
3382351 3389001 6650
3382878 3389166 6288
3383066 3389793 6727
3372388 3390453 18065
3378167 3391113 12946
3370512 3391839 21327
3376287 3392103 15816
3388438 3394710 6272
3383156 3395139 11983
3389725 3397251 7526
3391008 3397284 6276
3383607 3397383 13776
3392534 3398835 6301
3381286 3399429 18143
3390306 3401112 10806
3394930 3401211 6281
3388668 3402168 13500
3395596 3402234 6638
3391852 3403323 11471
3398960 3405237 6277
3391036 3405534 14498
3383718 3405996 22278
3391185 3406755 15570
3400971 3407250 6279
3393389 3407844 14455
3401998 3408273 6275
3401885 3408537 6652
3402330 3408966 6636
3403113 3409395 6282
3401321 3412266 10945
3407563 3413916 6353
3395840 3414147 18307
3400502 3416259 15757
3403213 3416886 13673
3408258 3417183 8925
3413367 3420021 6654
3409478 3420285 10807
3406987 3420384 13397
3415341 3422001 6660
3415748 3422397 6649
3416456 3423156 6700
3416602 3423255 6653
3417003 3423849 6846
3414570 3425367 10797
3408009 3426522 18513
3408208 3426984 18776
3411863 3426984 15121
3416430 3427446 11016
3421264 3427545 6281
3421557 3428205 6648
3423223 3429591 6368
3417607 3430053 12446
3417071 3430284 13213
3419064 3430878 11814
3420152 3430944 10792
3424337 3431010 6673
3426402 3432693 6291
3422385 3433320 10935
3426800 3433452 6652
3418610 3433617 15007
3410565 3433782 23217
3420532 3434079 13547
3411469 3434442 22973
3416226 3435069 18843
3427305 3435993 8688
3426698 3436455 9757
3428946 3436983 8037
3421636 3437643 16007
3431995 3438270 6275
3422714 3439062 16348
3429353 3439788 10435
3423370 3440217 16847
3420934 3440415 19481
3420982 3441405 20423
3421840 3442857 21017
3437873 3444210 6337
3428557 3444540 15983
3434602 3445563 10961
3436303 3446751 10448
3416932 3446916 29984
3437495 3447939 10444
3437846 3448302 10456
3441539 3449061 7522
3430493 3450150 19657
3438175 3450876 12701
3438042 3452790 14748
3448511 3454836 6325
3437025 3455067 18042
3436009 3455232 19223
3436621 3457575 20954
3437157 3458301 21144
3445151 3459522 14371
3448963 3460083 11120
3440086 3461403 21317
3447696 3464637 16941
3458493 3465132 6639
3441861 3465231 23370
3454715 3465528 10813
3444406 3466089 21683
3452993 3467904 14911
3460004 3472095 12091
3448050 3472524 24474
3462861 3473316 10455
3459881 3474339 14458
3463113 3475791 12678
3463363 3475824 12461
3471840 3478134 6294
3468227 3479157 10930
3468712 3479652 10940
3472041 3482061 10020
3476073 3482358 6285
3463625 3482391 18766
3451336 3482424 31088
3476653 3482952 6299
3476961 3483612 6651
3477143 3484206 7063
3469219 3484305 15086
3466788 3484866 18078
3476637 3484866 8229
3471905 3485394 13489
3464366 3485691 21325
3471102 3486054 14952
3472310 3486450 14140
3474708 3487209 12501
3477549 3489156 11607
3481693 3489816 8123
3483900 3490542 6642
3481880 3492819 10939
3468201 3492984 24783
3480124 3493083 12959
3475531 3493578 18047
3487370 3498990 11620
3487475 3500838 13363
3490600 3501399 10799
3488530 3503247 14717
3492671 3503643 10972
3492144 3503775 11631
3490242 3504204 13962
3498357 3504633 6276
3497361 3505887 8526
3499394 3506052 6658
3499625 3506283 6658
3501485 3507768 6283
3503194 3509847 6653
3491852 3509979 18127
3489484 3510540 21056
3505422 3511695 6273
3501530 3512190 10660
3498384 3512322 13938
3501393 3513444 12051
3507993 3515820 7827
3500931 3516414 15483
3506616 3517305 10689
3506532 3517470 10938
3506745 3517668 10923
3512099 3518823 6724
3503606 3520110 16504
3504622 3520935 16313
3511222 3522156 10934
3514170 3524598 10428
3519020 3525291 6271
3516284 3526314 10030
3515757 3526578 10821
3520454 3527106 6652
3507620 3527865 20245
3516353 3528954 12601
3518494 3529317 10823
3514247 3529812 15565
3522718 3531561 8843
3521280 3532056 10776
3524483 3532188 7705
3515271 3532650 17379
3519393 3533178 13785
3527551 3533838 6287
3519226 3534828 15602
3522028 3534828 12800
3514330 3535224 20894
3522326 3535983 13657
3523262 3536280 13018
3522549 3536511 13962
3524527 3538623 14096
3533072 3539349 6277
3523626 3540636 17010
3529652 3541626 11974
3536770 3543045 6275
3523648 3545157 21509
3539272 3545553 6281
3531252 3545619 14367
3531794 3546312 14518
3532442 3546411 13969
3541101 3547401 6300
3534967 3548325 13358
3539356 3548853 9497
3542486 3549150 6664
3542963 3549249 6286
3539649 3549546 9897
3545397 3551691 6294
3544377 3556674 12297
3550384 3556674 6290
3547223 3558918 11695
3546236 3559215 12979
3545068 3559941 14873
3549901 3560337 10436
3553991 3560634 6643
3546593 3562449 15856
3551539 3562779 11240
3548760 3563274 14514
3546348 3563505 17157
3545429 3564231 18802
3552926 3564858 11932
3545255 3565617 20362
3552404 3569379 16975
3549237 3569907 20670
3550977 3570237 19260
3564113 3570765 6652
3564899 3572613 7714
3567634 3573933 6299
3549238 3573999 24761
3563551 3573999 10448
3566066 3576870 10804
3563609 3578883 15274
3568155 3579081 10926
3568943 3579378 10435
3573307 3579609 6302
3572198 3582645 10447
3576237 3582876 6639
3573846 3585186 11340
3580078 3586374 6296
3575418 3586572 11154
3579753 3587529 7776
3577654 3588585 10931
3582315 3588948 6633
3578841 3589773 10932
3573293 3591192 17899
3580723 3591522 10799
3578374 3591720 13346
3580809 3591819 11010
3583674 3593997 10323
3577056 3594327 17271
3583623 3594360 10737
3586704 3594525 7821
3588348 3594657 6309
3576512 3594723 18211
3588842 3595251 6409
3588324 3597792 9468
3593613 3599904 6291
3592080 3600300 8220
3590316 3601125 10809
3595067 3601785 6718
3592084 3604095 12011
3594206 3605019 10813
3587345 3605052 17707
3590970 3605448 14478
3590979 3607395 16416
3591255 3607758 16503
3592341 3608220 15879
3597665 3609342 11677
3598875 3610662 11787
3593009 3613236 20227
3595374 3613302 17928
3596143 3614424 18281
