2908 8877 5969
1659 11451 9792
9283 19074 9791
4672 21582 16910
8567 26631 18064
15715 27093 11378
11897 30327 18430
16977 30888 13911
20077 33033 12956
24980 35442 10462
15254 39402 24148
22576 39765 17189
21409 39963 18554
31092 40326 9234
32004 40491 8487
16957 43065 26108
17827 45540 27713
24604 45606 21002
17279 45969 28690
6695 51579 44884
26921 52734 25813
43311 53097 9786
29577 57222 27645
38881 57750 18869
33203 58740 25537
33258 61248 27990
46165 63228 17063
48510 67023 18513
53053 67584 14531
59796 70917 11121
52990 71973 18983
55948 72501 16553
34294 75735 41441
46736 76263 29527
56141 78342 22201
68278 78903 10625
39239 81213 41974
70484 81576 11092
59625 81741 22116
71250 82137 10887
68615 89991 21376
64870 91047 26177
71088 91971 20883
56624 93555 36931
75831 95964 20133
84446 97053 12607
67476 98670 31194
73127 99594 26467
77921 101310 23389
97418 103752 6334
78198 105237 27039
85611 106260 20649
63911 106755 42844
64910 107481 42571
74238 107910 33672
85346 108471 23125
92818 111243 18425
81317 114477 33160
88151 115038 26887
78918 117414 38496
107357 119196 11839
108144 119724 11580
111739 121077 9338
106329 122694 16365
109822 122727 12905
74182 123717 49535
110295 126324 16029
119388 126852 7464
99414 129228 29814
101554 129789 28235
96798 130746 33948
114762 131307 16545
115008 131934 16926
92953 132330 39377
103147 132990 29843
123424 133584 10160
114060 135399 21339
127376 135927 8551
128326 135927 7601
130234 136653 6419
112434 137973 25539
122427 141405 18978
130978 143979 13001
104134 147543 43409
99397 148104 48707
108896 148665 39769
146257 152229 5972
146597 154110 7513
132546 154704 22158
148078 159753 11675
149547 160314 10767
139410 162558 23148
144770 163053 18283
139575 163581 24006
146173 166386 20213
137802 171600 33798
155300 174339 19039
129825 177243 47418
158331 177573 19242
155107 178266 23159
145730 178893 33163
149863 179355 29492
150421 181236 30815
165391 184338 18947
171493 189585 18092
174883 190377 15494
158154 191301 33147
182879 191598 8719
154364 195558 41194
157118 195591 38473
157261 195591 38330
189519 195822 6303
193045 199353 6308
160619 201234 40615
167003 201762 34759
167996 202752 34756
175263 203313 28050
187623 207240 19617
197502 207966 10464
176023 210474 34451
186675 219714 33039
197023 220737 23714
202683 222354 19671
204841 222915 18074
212944 223443 10499
208902 225060 16158
199693 225225 25532
210074 225621 15547
200163 226314 26151
189567 228459 38892
192448 229449 37001
223921 229878 5957
213927 231396 17469
196465 232881 36416
227072 233013 5941
198946 234465 35519
202323 237534 35211
219758 237600 17842
199679 238062 38383
230637 238128 7491
205770 244101 38331
219267 244629 25362
222493 246345 23852
217054 250866 33812
227794 251394 23600
225936 251955 26019
208651 252483 43832
247355 256014 8659
230796 256872 26076
252037 258357 6320
198632 258456 59824
231154 258984 27830
246419 261591 15172
243621 262383 18762
247660 262911 15251
249400 263967 14567
257783 264099 6316
254830 264561 9731
234044 267729 33685
236345 268158 31813
254274 268323 14049
238572 268719 30147
265432 272085 6653
255225 273042 17817
264353 273570 9217
252301 274692 22391
248896 276342 27446
248739 277431 28692
251679 280896 29217
254544 280962 26418
275091 281061 5970
243221 282480 39259
264835 283041 18206
246823 285549 38726
257105 286077 28972
253232 291555 38323
288150 294459 6309
271159 298749 27590
293546 299508 5962
265965 300333 34368
271949 301059 29110
271756 301620 29864
276848 302181 25333
297616 303666 6050
264657 305976 41319
271267 306537 35270
278208 307560 29352
287706 307593 19887
272484 309540 37056
301617 310299 8682
294659 318351 23692
314021 319968 5947
297578 325248 27670
317340 327228 9888
308276 328878 20602
297512 329439 31927
323883 330198 6315
325304 331254 5950
323291 333069 9778
301900 333531 31631
294343 334059 39716
303468 334653 31185
309988 334884 24896
314470 335973 21503
330017 336336 6319
308269 339471 31202
303729 339735 36006
313427 340263 26836
313751 340494 26743
321766 341880 20114
324808 345048 20240
314325 345708 31383
316265 346269 30004
319816 346896 27080
312874 348942 36068
331141 350196 19055
317964 350757 32793
298443 354486 56043
330304 354519 24215
308406 357423 49017
335588 357588 22000
327022 357984 30962
344501 360492 15991
318465 363594 45129
343910 366333 22423
342251 369237 26986
346570 370326 23756
337435 370887 33452
339172 371481 32309
329780 372471 42691
331876 372999 41123
337530 373560 36030
361077 375969 14892
345952 377421 31469
357693 378840 21147
349099 379071 29972
369404 379665 10261
366679 384516 17837
377603 385044 7441
359847 386628 26781
381208 387156 5948
330913 387552 56639
365315 390324 25009
357840 393723 35883
373937 394152 20215
388227 394746 6519
390595 399762 9167
395244 401214 5970
366408 401973 35565
368461 402534 34073
395188 404976 9788
386130 405537 19407
392045 405603 13558
386896 410652 23756
388258 411213 22955
383677 411543 27866
391460 414348 22888
404854 415437 10583
398113 417054 18941
382085 418737 36652
413688 419628 5940
399952 420354 20402
400562 423753 23191
397502 427053 29551
418197 427977 9780
400066 429396 29330
403076 429594 26518
408688 430155 21467
425470 431937 6467
415064 431970 16906
417035 433059 16024
408488 434643 26155
419463 438339 18876
429598 438966 9368
417478 439032 21554
426986 441045 14059
407007 441243 34236
415262 441804 26542
399590 442893 43303
412898 444477 31579
420499 444939 24440
429276 447216 17940
426723 447414 20691
425580 447711 22131
440810 454146 13336
436147 454377 18230
445802 456489 10687
423371 459558 36187
412962 459591 46629
443162 460614 17452
458461 464409 5948
455166 466158 10992
428013 466884 38871
414164 468336 54172
416314 468897 52583
446611 469227 22616
416474 469590 53116
457755 471240 13485
451495 471405 19910
432767 473418 40651
423826 473979 50153
465156 477576 12420
466319 479985 13666
468280 481074 12794
476744 482691 5947
434620 483582 48962
464262 484737 20475
466456 486354 19898
468101 488961 20860
461708 489225 27517
483244 489588 6344
466480 490281 23801
454262 490743 36481
472327 490875 18548
465570 492327 26757
460474 492888 32414
480950 494571 13621
481565 495396 13831
448639 497970 49331
482219 501402 19183
475527 502656 27129
499157 505098 5941
486251 506220 19969
500648 506616 5968
488050 507243 19193
506756 513084 6328
499128 514140 15012
490717 514734 24017
489126 516483 27357
491092 522456 31364
486204 522984 36780
497449 523545 26096
494642 523578 28936
497854 523611 25757
505713 523611 17898
508781 527967 19186
516070 529089 13019
523819 530211 6392
482331 531531 49200
515516 537240 21724
511545 537603 26058
515310 538758 23448
517478 540474 22996
510808 541233 30425
516798 544368 27570
528846 546546 17700
524899 549417 24518
533961 549582 15621
542597 551463 8866
547804 553773 5969
505605 555588 49983
534240 556941 22701
545856 557832 11976
545723 558327 12604
525607 561231 35624
515143 564465 49322
560968 566940 5972
562311 568260 5949
539871 570471 30600
535927 570999 35072
526408 573540 47132
570030 575982 5952
530940 579711 48771
550954 580140 29186
562347 582351 20004
563138 582945 19807
572480 585057 12577
572107 585222 13115
548623 586740 38117
567292 586905 19613
559970 587301 27331
558320 588885 30565
577037 589842 12805
572853 591426 18573
583690 591954 8264
543378 594495 51117
565674 595056 29382
577357 595584 18227
580845 595617 14772
567375 597531 30156
563668 598059 34391
576179 602646 26467
589602 603867 14265
596195 604032 7837
598688 604659 5971
600482 606837 6355
564071 610236 46165
580648 612480 31832
570789 612909 42120
579821 613470 33649
606265 615351 9086
607756 615714 7958
607635 615879 8244
584259 616869 32610
596267 617496 21229
581005 617991 36986
584358 619014 34656
603764 619575 15811
595107 622644 27537
612750 622677 9927
618275 625053 6778
616205 626010 9805
602351 628749 26398
616026 630333 14307
603016 633237 30221
625652 636108 10456
609945 636471 26526
607443 636999 29556
631288 638286 6998
631986 638814 6828
633053 640497 7444
621249 641421 20172
604243 642015 37772
628450 646371 17921
639918 647328 7410
606705 651552 44847
601660 651585 49925
609182 651585 42403
639677 652113 12436
636275 657063 20788
624312 658878 34566
625303 659373 34070
638338 660330 21992
640282 660858 20576
644569 661782 17213
657100 663069 5969
627511 664884 37373
657995 667788 9793
659430 669207 9777
647059 671484 24425
665293 672375 7082
667634 673596 5962
646456 675246 28790
634213 675576 41363
665030 676764 11734
658896 678348 19452
668448 681615 13167
648381 681747 33366
650335 682869 32534
643874 684915 41041
668294 685245 16951
651324 688380 37056
672521 689403 16882
660896 689964 29068
684637 690591 5954
670534 691548 21014
674124 692175 18051
686463 692406 5943
687346 693297 5951
645222 693528 48306
681194 695970 14776
687745 696036 8291
670061 698709 28648
678431 699237 20806
682924 699303 16379
685333 700755 15422
686428 701349 14921
691174 701877 10703
676684 705738 29054
672636 708477 35841
684344 711414 27070
688594 711975 23381
691288 712734 21446
709597 715539 5942
689780 717420 27640
699512 718674 19162
697000 722634 25634
708404 723426 15022
699925 723558 23633
717887 725802 7915
704932 726330 21398
715910 729036 13126
704396 729729 25333
704449 732468 28019
697328 732930 35602
698274 733491 35217
703961 734019 30058
705921 734712 28791
715244 735240 19996
729424 735834 6410
716604 738837 22233
724565 739596 15031
701705 741543 39838
722492 741576 19084
712374 742071 29697
726403 743985 17582
703523 747582 44059
711947 748308 36361
739520 753060 13540
739052 754347 15295
728231 756327 28096
739767 759231 19464
727522 765402 37880
727773 771606 43833
751830 771870 20040
745170 772101 26931
744877 777711 32834
763870 778239 14369
742427 778734 36307
774048 779988 5940
751461 780351 28890
756904 781770 24866
767087 783750 16663
768686 784311 15625
742447 786456 44009
750960 786522 35562
750197 789558 39361
771804 791967 20163
772629 795960 23331
790358 796323 5965
786654 798336 11682
788307 798369 10062
781235 801735 20500
772757 802890 30133
757205 804474 47269
779848 805233 25385
782135 805959 23824
775125 806619 31494
797310 807213 9903
786415 807411 20996
778755 808896 30141
772534 810480 37946
784746 810513 25767
788812 813549 24737
763259 814077 50818
776333 814638 38305
797704 814935 17231
808371 815265 6894
799962 815496 15534
809748 816321 6573
773358 819588 46230
789734 820083 30349
796275 820116 23841
779913 820248 40335
810449 820743 10294
762566 820809 58243
806766 825726 18960
787492 826749 39257
795814 827343 31529
789529 828465 38936
793799 829026 35227
803847 832887 29040
776461 834504 58043
808754 835065 26311
800242 835593 35351
802123 837540 35417
817845 838926 21081
825532 839487 13955
832184 840675 8491
814943 842655 27712
835514 844701 9187
805050 849222 44172
813092 850740 37648
836101 855426 19325
839662 856515 16853
821323 857439 36116
819487 861399 41912
810787 867042 56255
841009 867735 26726
842080 868758 26678
861720 869286 7566
865635 871596 5961
844990 873708 28718
837871 874236 36365
841703 874830 33127
843881 874896 31015
846512 874896 28384
830968 876480 45512
864095 877998 13903
858073 879285 21212
856365 879417 23052
874239 880869 6630
869589 881067 11478
853551 882486 28935
843411 883014 39603
862995 883047 20052
844154 883080 38926
863488 883641 20153
869571 884697 15126
878124 886941 8817
883995 889944 5949
867352 892023 24671
868836 892584 23748
883400 892683 9283
861687 898755 37068
863655 904893 41238
872292 904959 32667
877830 906477 28647
863937 906510 42573
864724 907566 42842
880235 908127 27892
883110 908193 25083
884794 909579 24785
894265 910140 15875
905960 911922 5962
902789 911988 9199
870404 915552 45148
874858 915651 40793
903377 916674 13297
886161 921228 35067
909520 921591 12071
905306 922251 16945
903038 922713 19675
887462 924462 37000
893810 925551 31741
895329 926013 30684
906281 926574 20293
910630 927234 16604
887643 928884 41241
895423 929445 34022
895059 930468 35409
925519 931491 5972
905614 933537 27923
912359 933603 21244
911927 933933 22006
913399 934593 21194
901012 934956 33944
926053 936507 10454
894902 939543 44641
892070 939576 47506
913835 940236 26401
929563 945054 15491
919835 945714 25879
933724 951225 17501
920988 952842 31854
949020 954987 5967
927605 957528 29923
939406 959277 19871
948565 960498 11933
951049 961059 10010
929442 964095 34653
934091 964689 30598
942970 965250 22280
948618 965316 16698
942695 965745 23050
952578 965844 13266
957646 967956 10310
955876 970959 15083
950940 972477 21537
953506 975414 21908
941260 976866 35606
945305 977427 32122
938633 977988 39355
953118 978021 24903
927815 978483 50668
944118 981420 37302
968240 983961 15721
944805 987591 42786
955121 988251 33130
974450 988746 14296
956840 988845 32005
962835 989406 26571
986507 992475 5968
976163 993036 16873
987656 994653 6997
984362 997986 13624
966547 1002507 35960
981445 1003068 21623
980809 1011054 30245
1005247 1011681 6434
983795 1011714 27919
998817 1012242 13425
972590 1018248 45658
995982 1018875 22893
979859 1020459 40600
991299 1020888 29589
999044 1021581 22537
1015187 1024056 8869
1001123 1024881 23758
991593 1025409 33816
1001401 1025508 24107
1019707 1025673 5966
1005458 1026465 21007
1001655 1027059 25404
996092 1029534 33442
1013909 1029600 15691
1006393 1029963 23570
1022317 1035276 12959
1006495 1041216 34721
1020135 1041612 21477
1032991 1042173 9182
1019527 1042734 23207
1025621 1044351 18730
1006745 1044912 38167
1029459 1047750 18291
1033273 1047981 14708
1020046 1048872 28826
1018185 1049433 31248
1018981 1050456 31475
1031412 1051116 19704
1027843 1053558 25715
1025856 1059597 33741
1032722 1060059 27337
1054103 1060059 5956
1027487 1060125 32638
1042494 1061115 18621
1051051 1061841 10790
1053671 1066791 13120
1062811 1068771 5960
1030219 1069431 39212
1054825 1071411 16586
1037402 1072896 35494
1046315 1073457 27142
1020309 1074480 54171
1041480 1074513 33033
1044384 1075536 31152
1045363 1077549 32186
1065774 1077582 11808
1044021 1078077 34056
1047921 1078671 30750
1051890 1079265 27375
1061950 1079793 17843
1038212 1083588 45376
1048692 1084314 35622
1050756 1084743 33987
1054598 1085436 30838
1065189 1086327 21138
1075132 1087449 12317
1082723 1088670 5947
1055790 1089726 33936
1076623 1090254 13631
1075052 1090815 15763
1054666 1092432 37766
1073766 1093752 19986
1072853 1095798 22945
1090182 1096128 5946
1069411 1098471 29060
1085771 1099131 13360
1087561 1100187 12626
1092901 1102134 9233
1090096 1104576 14480
1066585 1107579 40994
1071869 1107612 35743
1078995 1108635 29640
1086664 1108734 22070
1086206 1109130 22924
1078221 1116456 38235
1085035 1117017 31982
1104869 1119987 15118
1109110 1120515 11405
1112766 1121010 8244
1069334 1121967 52633
1087446 1122528 35082
1100439 1126917 26478
1098978 1131603 32625
1102918 1132296 29378
1122785 1133319 10534
1125639 1133814 8175
1118415 1137048 18633
1111732 1137708 25976
1098893 1138896 40003
1092617 1140909 48292
1126014 1143417 17403
1120036 1144836 24800
1122694 1145991 23297
1119811 1147047 27236
1110593 1149555 38962
1126066 1149588 23522
1117189 1150017 32828
1113743 1150677 36934
1137485 1152492 15007
1113028 1155726 42698
1136477 1156749 20272
1138148 1158333 20185
1135940 1161732 25792
1133697 1162887 29190
1153449 1167243 13794
1132543 1168860 36317
1155139 1174173 19034
1151393 1179585 28192
1173409 1179750 6341
1163703 1182324 18621
1154994 1185228 30234
1154820 1186746 31926
1172411 1191234 18823
1163808 1192884 29076
1156330 1193973 37643
1158689 1195029 36340
1167095 1195656 28561
1168911 1195755 26844
1189901 1195854 5953
1175566 1196316 20750
1191398 1197339 5941
1154834 1197537 42703
1175848 1197603 21755
1163626 1197999 34373
1190610 1198989 8379
1177876 1203543 25667
1174463 1203576 29113
1176809 1204203 27394
1179196 1204764 25568
1158634 1204797 46163
1197634 1205292 7658
1177054 1205325 28271
1201178 1207503 6325
1191898 1210869 18971
1177253 1212354 35101
1182124 1216875 34751
1185863 1217403 31540
1197405 1217964 20559
1199830 1222749 22919
1211378 1222914 11536
1203499 1223970 20471
1199087 1227600 28513
1216370 1227732 11362
1216301 1230900 14599
1214525 1233045 18520
1214716 1233606 18890
1204451 1234893 30442
1225674 1239744 14070
1228103 1240305 12202
1200312 1240866 40554
1206062 1241988 35926
1219426 1243044 23618
1228581 1244694 16113
1214739 1245420 30681
1203523 1245981 42458
1241290 1247598 6308
1237402 1250733 13331
1220219 1251723 31504
1212129 1252185 40056
1244509 1253439 8930
1246984 1254000 7016
1237029 1255419 18390
1247414 1257564 10150
1249987 1263999 14012
1234227 1264296 30069
1259561 1265517 5956
1230142 1265979 35837
1236246 1266507 30261
1246559 1274658 28099
1249469 1275186 25717
1237775 1275549 37774
1241050 1275582 34532
1252677 1275714 23037
1261096 1278354 17258
1273242 1279575 6333
1274600 1280565 5965
1247974 1282875 34901
1227209 1283403 56194
1269666 1287231 17565
1278103 1288485 10382
1280206 1292643 12437
1248837 1293534 44697
1267491 1294062 26571
1250506 1294656 44150
1280898 1294920 14022
1293798 1299738 5940
1277193 1302345 25152
1277861 1302939 25078
1288422 1303467 15045
1290721 1303995 13274
1274764 1306734 31970
1277593 1307460 29867
1280942 1308021 27079
1282378 1308483 26105
1283639 1309242 25603
1296699 1311750 15051
1298350 1312905 14555
1306657 1312971 6314
1299176 1313433 14257
1279366 1313961 34595
1303869 1314225 10356
1297161 1316172 19011
1297025 1317591 20566
1301480 1318152 16672
1312357 1318317 5960
1301768 1318911 17143
1310656 1319967 9311
1296741 1322706 25965
1303461 1323762 20301
1299418 1326336 26918
1312010 1326897 14887
1320789 1327095 6306
1305242 1329735 24493
1315524 1330098 14574
1324593 1331715 7122
1286448 1332474 46026
1326652 1332606 5954
1310262 1333233 22971
1313774 1333761 19987
1330609 1336566 5957
1315847 1337985 22138
1315037 1341417 26380
1328463 1341582 13119
1318955 1346202 27247
1323365 1346730 23365
1301018 1347588 46570
1320300 1348248 27948
1345479 1351812 6333
1335669 1353033 17364
1325646 1354881 29235
1320094 1356465 36371
1345555 1359963 14408
1351919 1360557 8638
1331355 1365540 34185
1344376 1365606 21230
1358103 1366827 8724
1343387 1368543 25156
1346288 1369104 22816
1355535 1369632 14097
1354102 1372734 18632
1362190 1373295 11105
1354449 1374351 19902
1370414 1376364 5950
1367551 1377057 9506
1353394 1377222 23828
1341914 1377783 35869
1357810 1378344 20534
1339738 1378872 39134
1353397 1380456 27059
1354966 1380984 26018
1357659 1381413 23754
1356866 1383426 26560
1372024 1386462 14438
1362396 1390752 28356
1389097 1395042 5945
1381736 1395372 13636
1354621 1395537 40916
1378617 1397319 18702
1382427 1397847 15420
1384034 1398408 14374
1383152 1401576 18424
1373707 1401708 28001
1379795 1401741 21946
1383694 1402170 18476
1386482 1402698 16216
1377427 1402764 25337
1369101 1404480 35379
1366908 1405041 38133
1385379 1405602 20223
1371894 1406130 34236
1370159 1406757 36598
1401759 1407714 5955
1374117 1408869 34752
1388048 1413555 25507
1393010 1413951 20941
1407419 1413951 6532
1405045 1419099 14054
1407154 1419726 12572
1417717 1423686 5969
1377483 1425237 47754
1419787 1425732 5945
1405664 1428471 22807
1407135 1428999 21864
1408349 1434477 26128
1391683 1435005 43322
1416330 1435566 19236
1408468 1437546 29078
1426629 1438899 12270
1427821 1439460 11639
1429194 1439988 10794
1408338 1443057 34719
1420224 1443981 23757
1438829 1444773 5944
1440512 1448733 8221
1419504 1449723 30219
1418583 1450251 31668
1427108 1450878 23770
1418665 1452033 33368
1444303 1455399 11096
1447806 1458435 10629
1458832 1464804 5972
1455196 1465101 9905
1460534 1466487 5953
1439727 1466718 26991
1456647 1467675 11028
1448991 1468764 19773
1459254 1470348 11094
1455371 1473714 18343
1468860 1474803 5943
1447301 1476354 29053
1443592 1480875 37283
1459612 1483053 23441
1441794 1485528 43734
1469770 1486386 16616
1476620 1492755 16135
1489964 1495989 6025
1467670 1497738 30068
1454726 1498761 44035
1467594 1499421 31827
1464032 1500477 36445
1480614 1500906 20292
1487661 1503414 15753
1490567 1506483 15916
1496253 1509585 13332
1491462 1511961 20499
1482180 1515591 33411
1505377 1515657 10280
1496817 1517868 21051
1496960 1518462 21502
1497323 1519056 21733
1507450 1521762 14312
1496161 1523346 27185
1502146 1523874 21728
1492052 1524039 31987
1506984 1525788 18804
1509204 1527405 18201
1500563 1529979 29416
1506546 1530507 23961
1522163 1533576 11413
1522044 1534401 12357
1529156 1535490 6334
1532147 1538097 5950
1532805 1538757 5952
1492684 1539582 46898
1498693 1540242 41549
1521106 1546017 24911
1529078 1546578 17500
1521265 1549251 27986
1510134 1552881 42747
1534053 1553970 19917
1538150 1557600 19450
1553541 1559481 5940
1534588 1563540 28952
1505777 1563606 57829
1506989 1572483 65494
1559966 1575750 15784
1568394 1576278 7884
1570425 1577136 6711
1548499 1577961 29462
1564467 1579941 15474
1552556 1581426 28870
1559530 1581591 22061
1575857 1582713 6856
1580570 1586541 5971
1572096 1587960 15864
1576797 1588488 11691
1557525 1594890 37365
1562143 1595451 33308
1549613 1596474 46861
1578611 1599411 20800
1544718 1602480 57762
1586605 1603008 16403
1585000 1603041 18041
1597387 1604559 7172
1593846 1608519 14673
1602077 1609047 6970
1603970 1610202 6232
1582629 1611588 28959
1599504 1615416 15912
1605990 1617033 11043
1603526 1617792 14266
1601122 1619442 18320
1598611 1620333 21722
1606942 1623765 16823
1614066 1623963 9897
1587063 1624953 37890
1607043 1625976 18933
1605438 1626900 21462
1607318 1629606 22288
1595677 1630002 34325
1598682 1630728 32046
1625080 1631487 6407
1607275 1631751 24476
1615852 1635447 19595
1601694 1635546 33852
1588786 1635579 46793
1617234 1636734 19500
1631460 1637427 5967
1623474 1638351 14877
1632993 1639308 6315
1613153 1641816 28663
1588265 1642872 54607
1625322 1644324 19002
1621354 1644885 23531
1625421 1647426 22005
1635406 1647756 12350
1636907 1648284 11377
1629581 1648515 18934
1615407 1648878 33471
1611240 1649406 38166
1629759 1651056 21297
1628845 1651419 22574
1628181 1653597 25416
1630857 1654158 23301
1648436 1654389 5953
1637995 1654686 16691
1648661 1658943 10282
1634509 1660758 26249
1645866 1666335 20469
1651447 1671219 19772
1658531 1672506 13975
1667944 1673892 5948
1656157 1675410 19253
1650718 1677588 26870
1670123 1678578 8455
1666512 1679964 13452
1653759 1682703 28944
1653934 1683264 29330
1652286 1683726 31440
1679589 1690128 10539
1683930 1690689 6759
1635851 1690887 55036
1656191 1691349 35158
1661755 1692471 30716
1669986 1692999 23013
1669506 1693230 23724
1672633 1693560 20927
1665187 1694088 28901
1667413 1694517 27104
1688740 1694682 5942
1676910 1695408 18498
1678767 1695969 17202
1679401 1696497 17096
1681412 1697058 15646
1684426 1697586 13160
1691897 1697850 5953
1672875 1698477 25602
1677022 1699566 22544
1688362 1700193 11831
1689986 1700754 10768
1681427 1701414 19987
1681474 1702107 20633
1679910 1703196 23286
1679859 1706628 26769
1673549 1707552 34003
1700545 1707717 7172
1674529 1716330 41801
1686833 1716957 30124
1694205 1717485 23280
1699913 1719762 19849
1700520 1720323 19803
1688317 1720884 32567
1701833 1720884 19051
1706025 1721412 15387
1690124 1721445 31321
1692848 1723062 30214
1698919 1725537 26618
1709677 1725603 15926
1690439 1725999 35560
1698953 1726560 27607
1712412 1727385 14973
1721734 1728507 6773
1699458 1730157 30699
1701821 1731147 29326
1718104 1732764 14660
1720164 1737054 16890
1685448 1738869 53421
1710181 1739430 29249
1716667 1740354 23687
1718248 1740915 22667
1726313 1741773 15460
1714275 1744875 30600
1720307 1745403 25096
1742540 1748505 5965
1713290 1749528 36238
1738950 1750155 11205
1736969 1750353 13384
1737288 1750386 13098
1742001 1750947 8946
1722285 1755732 33447
1744904 1756326 11422
1730847 1756755 25908
1736797 1761738 24941
1735375 1762761 27386
1744261 1764345 20084
1759278 1765236 5958
1748141 1767975 19834
1748462 1768536 20074
1736712 1768866 32154
1737270 1773552 36282
1751837 1773585 21748
1756061 1774146 18085
1771048 1777017 5969
1758417 1782330 23913
1773232 1783419 10187
1742426 1786752 44326
1757248 1788468 31220
1771691 1789392 17701
1764837 1791405 26568
1777473 1791966 14493
1763129 1792395 29266
1779979 1793055 13076
1758935 1793979 35044
1788921 1794870 5949
1765319 1797543 32224
1789303 1798203 8900
1788191 1799523 11332
1794246 1800216 5970
1760310 1803549 43239
1771958 1803714 31756
1775233 1804077 28844
1775680 1804242 28562
1790106 1804638 14532
1792557 1804737 12180
1793802 1804935 11133
1785741 1806354 20613
1794331 1806915 12584
1798256 1809060 10804
1778523 1809720 31197
1796343 1809720 13377
1781723 1810875 29152
1784155 1812327 28172
1787480 1817970 30490
1798657 1819059 20402
1801174 1821402 20228
1793328 1821996 28668
1813125 1822920 9795
1805384 1823976 18592
1803468 1826715 23247
1794472 1827738 33266
1795442 1828299 32857
1817703 1828761 11058
1801980 1828860 26880
1819712 1829355 9643
1815088 1830906 15818
1809063 1834734 25671
1829086 1835031 5945
1817218 1839420 22202
1826910 1840344 13434
1808548 1841400 32852
1808453 1845426 36973
1823998 1845591 21593
1838771 1846647 7876
1839406 1848495 9089
1805132 1851531 46399
1823690 1851729 28039
1837141 1857042 19901
1822523 1857240 34717
1826627 1858890 32263
1823511 1860474 36963
1824243 1861035 36792
1826467 1861464 34997
1840562 1862157 21595
1843037 1865127 22090
1844288 1865985 21697
1837187 1867536 30349
1866027 1872321 6294
1849883 1876743 26860
1857043 1877304 20261
1859683 1878393 18710
1865934 1878921 12987
1866093 1881561 15468
1856836 1881726 24890
1839920 1882749 42829
1842207 1883475 41268
1842249 1883970 41721
1844293 1884333 40040
1872453 1886742 14289
1866744 1887237 20493
1862706 1890471 27765
1862458 1893540 31082
1871888 1893606 21718
1888218 1894530 6312
1877529 1896510 18981
1880033 1897071 17038
1859223 1899546 40323
1862651 1899711 37060
1875452 1902351 26899
1881485 1902912 21427
1886665 1903440 16775
1892308 1905123 12815
1892643 1905585 12942
1898224 1906113 7889
1895944 1907400 11456
1875192 1907895 32703
1878370 1914462 36092
1895937 1915122 19185
1896990 1915650 18660
1869385 1917531 48146
1892564 1917597 25033
1896036 1918059 22023
1909220 1918686 9466
1914735 1920699 5964
1905480 1923471 17991
1901775 1924758 22983
1906879 1930764 23885
1886791 1932480 45689
1890694 1933074 42380
1891398 1933701 42303
1902824 1934229 31405
1922802 1935417 12615
1931428 1937760 6332
1883809 1938519 54710
1924260 1939080 14820
1935869 1941819 5950
1938222 1944162 5940
1927833 1950333 22500
1934215 1950894 16679
1935810 1951422 15612
1940955 1951950 10995
1907953 1953237 45284
1918856 1953765 34909
1944342 1954128 9786
1917808 1955910 38102
1928896 1956471 27575
1943143 1959243 16100
1948666 1959408 10742
1945574 1959771 14197
1933269 1962477 29208
1939092 1962543 23451
1948514 1965579 17065
1953518 1966668 13150
1950736 1967724 16988
1963029 1968978 5949
1964128 1970100 5972
1946030 1970694 24664
1951829 1970727 18898
1965572 1971519 5947
1921800 1971717 49917
1955159 1971750 16591
1924059 1972245 48186
1928724 1972806 44082
1968293 1974258 5965
1967458 1977063 9605
1974121 1980066 5945
1959552 1986468 26916
1972316 1987128 14812
1979416 1989603 10187
1952014 1990065 38051
1969405 1990956 21551
1985538 1991649 6111
1971505 1991979 20474
1988391 1994355 5964
1968630 1994652 26022
1981373 1996764 15391
1971110 1998348 27238
1972380 2001714 29334
1983473 2002440 18967
1969930 2002869 32939
1959589 2004486 44897
1979093 2005014 25921
1983229 2005476 22247
1965100 2009964 44864
2005742 2011713 5971
1993095 2014914 21819
1995250 2015475 20225
1990843 2018709 27866
2004871 2020755 15884
1997024 2022339 25315
1985420 2026761 41341
1990734 2027322 36588
1996603 2028477 31874
2002707 2029236 26529
2001299 2032866 31567
2017454 2033559 16105
2004301 2034483 30182
2008065 2034516 26451
1995070 2037552 42482
1997437 2038080 40643
2025507 2038377 12870
2015025 2038806 23781
2019121 2039961 20840
2014013 2043558 29545
2039142 2045472 6330
2033340 2046330 12990
2028598 2049729 21131
2021332 2052468 31136
2021402 2052699 31297
2035770 2055240 19470
2042280 2055405 13125
2037819 2055768 17949
2017776 2056890 39114
2039416 2057979 18563
2041661 2058540 16879
2042554 2061543 18989
2040743 2066658 25915
2052724 2070354 17630
2058955 2070915 11960
2045135 2073720 28585
2044206 2074875 30669
2044234 2075403 31169
2040029 2076327 36298
2046098 2076987 30889
2051697 2077548 25851
2068332 2079231 10899
2068201 2079957 11756
2073184 2080485 7301
2055923 2082465 26542
2065631 2083125 17494
2074638 2084412 9774
2044607 2085534 40927
2062711 2085600 22889
2079664 2086821 7157
2083619 2089560 5941
2056364 2091540 35176
2069072 2091606 22534
2056542 2092101 35559
2065312 2092200 26888
2070708 2097711 27003
2065346 2098239 32893
2076356 2103420 27064
2092668 2103750 11082
2093758 2104311 10553
2093358 2104509 11151
2073911 2106456 32545
2087600 2107017 19417
2084548 2109558 25010
2088089 2110152 22063
2087487 2115036 27549
2091834 2115531 23697
2069362 2115597 46235
2099046 2116059 17013
2100133 2116554 16421
2098797 2118336 19539
2103850 2118897 15047
2097996 2121240 23244
2103445 2121768 18323
2088862 2122890 34028
2099678 2124903 25225
2110566 2127213 16647
2100093 2127345 27252
2097117 2130480 33363
2111821 2133417 21596
2113922 2133945 20023
2084698 2134638 49940
2095010 2139555 44545
2110721 2145726 35005
2111141 2146881 35740
2112458 2147310 34852
2127333 2147871 20538
2121452 2147904 26452
2127276 2151402 24126
2140092 2151765 11673
2136316 2151963 15647
2138788 2152491 13703
2124490 2155065 30575
2129391 2155065 25674
2138722 2158167 19445
2153267 2159223 5956
2149222 2160015 10793
2128668 2163051 34383
2143201 2163117 19916
2136077 2163975 27898
2146915 2164008 17093
2158777 2164734 5957
2118905 2169717 50812
2136496 2172456 35960
2157899 2172984 15085
2152231 2175426 23195
2157243 2175987 18744
2150348 2176878 26530
2146199 2177967 31768
2159600 2179023 19423
2171090 2182158 11068
2179689 2185656 5967
2182394 2188362 5968
2178765 2189055 10290
2183431 2189385 5954
2184341 2190309 5968
2165311 2190342 25031
2170571 2191464 20893
2183789 2191959 8170
2147640 2194896 47256
2164305 2196348 32043
2159162 2196909 37747
2177099 2199417 22318
2184939 2199747 14808
2189501 2200308 10807
2191629 2201034 9405
2187829 2201991 14162
2182719 2203542 20823
2190777 2203938 13161
2165471 2205555 40084
2184976 2205984 21008
2169514 2211528 42014
2180338 2211594 31256
2174780 2212056 37276
2186065 2212749 26684
2195604 2213838 18234
2178625 2218887 40262
2185677 2219415 33738
2185934 2220471 34537
2188926 2221032 32106
2196331 2224893 28562
2190202 2226477 36275
2213030 2226510 13480
2184172 2229546 45374
2208950 2229579 20629
2184700 2230107 45407
2220370 2230140 9770
2209623 2230536 20913
2214218 2232516 18298
2227707 2234166 6459
2193480 2235585 42105
2229948 2235915 5967
2218289 2236179 17890
2222061 2236707 14646
2209991 2236740 26749
2231040 2237004 5964
2229031 2237268 8237
2221027 2238324 17297
2231070 2241591 10521
2233937 2242218 8281
2226891 2242350 15459
2217940 2242878 24938
2232824 2246442 13618
2231788 2247234 15446
2224302 2247399 23097
2239560 2248521 8961
2206560 2248884 42324
2218319 2249478 31159
2215621 2249973 34352
2229361 2250006 20645
2229671 2250072 20401
2228221 2253405 25184
2231865 2253999 22134
2228931 2258652 29721
2235430 2258751 23321
2257396 2263701 6305
2252235 2265054 12819
2231263 2266869 35606
2239451 2272875 33424
2253208 2274459 21251
2263434 2274492 11058
2256787 2277396 20609
2250335 2277561 27226
2276421 2282379 5958
2253981 2282643 28662
2265037 2284755 19718
2274626 2284788 10162
2261492 2289738 28246
2270818 2290464 19646
2258882 2290893 32011
2253178 2291916 38738
2254828 2292345 37517
2272268 2293005 20737
2278676 2293764 15088
2291120 2297064 5944
2254445 2299011 44566
2256595 2299077 42482
2293873 2299836 5963
2285089 2300100 15011
2257236 2301552 44316
2270013 2302014 32001
2279320 2302542 23222
2276110 2303136 27026
2288271 2304489 16218
2249461 2307723 58262
2262698 2308152 45454
2281984 2308746 26762
2303116 2309076 5960
2298696 2309835 11139
2304317 2310264 5947
2272572 2313234 40662
2296854 2313564 16710
2276579 2314884 38305
2278206 2316468 38262
2294174 2317062 22888
2280998 2321979 40981
2298650 2322012 23362
2301009 2322078 21069
2302885 2323563 20678
2285092 2325543 40451
2314236 2326137 11901
2316511 2327193 10682
2308697 2327985 19288
2316944 2329074 12130
2283443 2331054 47611
2288641 2331714 43073
2301071 2332110 31039
2307342 2332638 25296
2315335 2332737 17402
2318903 2337060 18157
2301622 2338875 37253
2314613 2339304 24691
2318577 2340888 22311
2316120 2344881 28761
2321775 2347422 25647
2332137 2347950 15813
2342181 2348148 5967
2304931 2349402 44471
2340129 2350161 10032
2337579 2351514 13935
2321693 2355045 33352
2332654 2355969 23315
2332531 2358345 25814
2344427 2361612 17185
2352246 2362173 9927
2321148 2362866 41718
2325763 2363295 37532
2335906 2364483 28577
2343048 2367420 24372
2333088 2369961 36873
2344592 2371050 26458
2349409 2371644 22235
2359479 2371710 12231
2333210 2373426 40216
2346688 2373591 26903
2338671 2374020 35349
2351416 2374152 22736
2369026 2375340 6314
2359177 2376528 17351
2349925 2379531 29606
2370599 2381313 10714
2343274 2385735 42461
2355421 2386890 31469
2358686 2392302 33616
2361930 2393325 31395
2351828 2393985 42157
2364705 2394513 29808
2370387 2397549 27162
2377492 2399463 21971
2393651 2400057 6406
2390196 2401080 10884
2358810 2403588 44778
2372690 2404182 31492
2375154 2404710 29556
2398041 2405073 7032
2399215 2405766 6551
2392951 2409033 16082
2379797 2410749 30952
2376594 2411310 34716
2383474 2412333 28859
2391443 2412861 21418
2400836 2415237 14401
2381060 2416887 35827
2373149 2418471 45322
2395341 2418504 23163
2396798 2421540 24742
2398496 2421969 23473
2418076 2424048 5972
2398841 2427711 28870
2405239 2428734 23495
2414285 2430351 16066
2426922 2432892 5970
2409370 2436456 27086
2429457 2439987 10530
2431887 2444079 12192
2430888 2447973 17085
2420319 2450712 30393
2445071 2451042 5971
2408654 2451603 42949
2413374 2452296 38922
2428590 2452824 24234
2425366 2453220 27854
2437216 2457774 20558
2431098 2458731 27633
2419333 2460348 41015
2430162 2460876 30714
2447447 2466486 19039
2452587 2467608 15021
2458387 2474208 15821
2462777 2478333 15556
2468473 2481039 12566
2447751 2481237 33486
2468962 2488794 19832
2446484 2493546 47062
2481010 2499981 18971
2485864 2500476 14612
2477653 2505228 27575
2492384 2505591 13207
2480030 2505789 25759
2484522 2506053 21531
2465083 2514468 49385
2489487 2517537 28050
2498789 2517603 18814
2494901 2517966 23065
2504709 2518164 13455
2493896 2518923 25027
2491833 2522718 30885
2483218 2523708 40490
2494267 2523807 29540
2518405 2524368 5963
2516040 2527437 11397
2517478 2527965 10487
2483072 2529219 46147
2494530 2530869 36339
2516822 2533245 16423
2527231 2536479 9248
2530667 2536611 5944
2509848 2538459 28611
2495453 2538492 43039
2505041 2539086 34045
2507357 2541396 34039
2524092 2542188 18096
2519054 2542914 23860
2526411 2543970 17559
2519620 2553738 34118
2537341 2553771 16430
2521155 2554761 33606
2509018 2555388 46370
2524073 2556477 32404
2516436 2556906 40470
2538449 2560338 21889
2538893 2560932 22039
2555819 2561790 5971
2533371 2563044 29673
2546142 2565585 19443
2554609 2566707 12098
2556444 2567235 10791
2539814 2571558 31744
2526590 2571591 45001
2542594 2572152 29558
2558556 2572746 14190
2558900 2573340 14440
2555393 2574330 18937
2561188 2577036 15848
2547076 2580336 33260
2553797 2580996 27199
2543411 2589543 46132
2564152 2589576 25424
2583148 2590137 6989
2576001 2590434 14433
2573218 2590962 17744
2533838 2595549 61711
2560259 2595714 35455
2571217 2596077 24860
2564775 2596275 31500
2575098 2596737 21639
2590912 2601588 10676
2595524 2602149 6625
2560167 2602875 42708
2598120 2604063 5943
2590690 2607231 16541
2594609 2607759 13150
2600151 2608353 8202
2602169 2608650 6481
2602664 2609145 6481
2589985 2609970 19985
2596370 2610894 14524
2597943 2611455 13512
2600673 2614392 13719
2611991 2617956 5965
2581785 2619606 37821
2596270 2620761 24491
2610503 2620794 10291
2598913 2621322 22409
2616701 2624424 7723
2603146 2625216 22070
2591676 2626734 35058
2613408 2626866 13458
2601204 2628483 27279
2591995 2629011 37016
2617736 2631222 13486
2622200 2631387 9187
2616066 2631750 15684
2612920 2637558 24638
2607268 2638119 30851
2609598 2638581 28983
2624906 2639670 14764
2612984 2643531 30547
2603393 2643729 40336
2632184 2644059 11875
2632992 2644554 11562
2632643 2646336 13693
2625936 2652342 26406
2629926 2652903 22977
2643005 2653167 10162
2634380 2655213 20833
2620571 2656896 36325
2632645 2658051 25406
2652328 2658282 5954
2623875 2658546 34671
2640510 2661549 21039
2660651 2666598 5947
2641973 2666631 24658
2623619 2667555 43936
2643501 2668116 24615
2649390 2670921 21531
2654540 2671449 16909
2661184 2672505 11321
2653105 2673033 19928
2653705 2673594 19889
2661214 2674155 12941
2658623 2675442 16819
2669753 2675706 5953
2646142 2681547 35405
2645466 2682603 37137
2659769 2682834 23065
2649167 2685540 36373
2659463 2685606 26143
2673168 2686926 13758
2682640 2688609 5969
2684880 2690820 5940
2636395 2691546 55151
2655100 2691579 36479
2685003 2691612 6609
2641492 2692107 50615
2669102 2692635 23533
2673297 2694351 21054
2670131 2697717 27586
2682497 2698806 16309
2694523 2700489 5966
2687501 2701809 14308
2691153 2703228 12075
2697338 2703294 5956
2692625 2703426 10801
2665666 2704845 39179
2703361 2709333 5972
2682606 2709597 26991
2683391 2710191 26800
2690921 2710719 19798
2692383 2710917 18534
2688028 2714217 26189
2687332 2715735 28403
2709971 2715933 5962
2713100 2719431 6331
2687382 2721741 34359
2699406 2722896 23490
2703410 2722962 19552
2699011 2725239 26228
2691097 2728869 37772
2705139 2731542 26403
2699882 2734116 34234
2703938 2734677 30739
2722223 2735535 13312
2719169 2736492 17323
2731965 2737911 5946
2721173 2738703 17530
2716462 2740749 24287
2720050 2746887 26837
2695903 2747316 51413
2714611 2747844 33233
2712413 2748471 36058
2725819 2748999 23180
2726120 2749527 23407
2738367 2752332 13965
2731555 2752893 21338
2737608 2753025 15417
2721459 2754477 33018
2739743 2755137 15394
2726043 2755566 29523
2736034 2757414 21380
2742539 2758140 15601
2749052 2758668 9616
2740678 2758899 18221
2747862 2759460 11598
2743083 2760516 17433
2724379 2763585 39206
2761377 2767974 6597
2750387 2769789 19402
2745419 2770812 25393
2737393 2770878 33485
2732725 2772462 39737
2726414 2773452 47038
2770702 2776653 5951
2753409 2776884 23475
2746683 2776917 30234
2733595 2777973 44378
2761538 2780514 18976
2735292 2781537 46245
2776394 2782362 5968
2780778 2786718 5940
2750550 2787708 37158
2767853 2789325 21472
2770725 2790348 19623
2773611 2790909 17298
2785049 2791008 5959
2786306 2792262 5956
2760444 2793714 33270
2766574 2793780 27206
2772514 2794374 21860
2794826 2800776 5950
2794857 2801172 6315
2772825 2802459 29634
2760384 2802987 42603
2787323 2803053 15730
2765816 2811600 45784
2781039 2812161 31122
2752287 2812854 60567
2788818 2813448 24630
2787167 2814339 27172
2792927 2814900 21973
2803650 2815428 11778
2806843 2816088 9245
2775487 2818761 43274
2814514 2820477 5963
2801381 2823777 22396
2814512 2825394 10882
2811319 2830905 19586
2820399 2832489 12090
2789030 2835558 46528
2786206 2835723 49517
2801226 2836152 34926
2803102 2836746 33644
2819869 2836746 16877
2805349 2836878 31529
2824616 2837307 12691
2826377 2837802 11425
2811870 2837901 26031
2826333 2838891 12558
2827601 2839419 11818
2818616 2841729 23113
2819925 2842323 22398
2800092 2844468 44376
2808678 2844996 36318
2810291 2845557 35266
2841511 2847471 5960
2814417 2849979 35562
2827944 2853543 25599
2832422 2855193 22771
2841786 2855490 13704
2839009 2855985 16976
2849831 2856513 6682
2824857 2859120 34263
2813236 2859549 46313
2822601 2860077 37476
2854419 2865588 11169
2847116 2871396 24280
2848132 2872881 24749
2818402 2873970 55568
2860214 2875554 15340
2862512 2875587 13075
2852515 2877534 25019
2863911 2877600 13689
2871559 2878227 6668
2864928 2878392 13464
2865069 2882781 17712
2867292 2883342 16050
2874687 2884464 9777
2843508 2889711 46203
2872998 2890272 17274
2866643 2890734 24091
2881904 2891691 9787
2876951 2895420 18469
2889786 2896179 6393
2877466 2898456 20990
2895552 2901987 6435
2887269 2902911 15642
2889912 2903967 14055
2876457 2906706 30249
2903156 2909115 5959
2887676 2910336 22660
2869730 2916474 46744
2910641 2925582 14941
2909436 2926374 16938
2910204 2927991 17787
2923308 2929278 5970
2887110 2931555 44445
2922254 2932743 10489
2908153 2934327 26174
2924913 2934624 9711
2911915 2934888 22973
2928497 2935449 6952
2902499 2938881 36382
2897491 2940465 42974
2922592 2940894 18302
2922838 2941455 18617
2934357 2943171 8814
2923576 2945415 21839
2921384 2946966 25582
2917457 2946999 29542
2930216 2949606 19390
2947144 2953104 5960
2932987 2955447 22460
2904118 2955546 51428
2924217 2955579 31362
2924836 2956239 31403
2937498 2956734 19236
2934659 2956767 22108
2938499 2957328 18829
2939147 2957889 18742
2952295 2961585 9290
2915693 2961717 46024
2936164 2962245 26081
2928054 2962344 34290
2940644 2963334 22690
2948135 2963829 15694
2936396 2964456 28060
2939078 2964984 25906
2945367 2965446 20079
2961896 2968812 6916
2963281 2969241 5960
2940270 2971518 31248
2953860 2973399 19539
2956676 2974389 17713
2956800 2976534 19734
2934883 2979537 44654
2935252 2979603 44351
2943381 2979735 36354
2936504 2980164 43660
2974739 2980692 5953
2966858 2980791 13933
2972130 2982342 10212
2976254 2982573 6319
2946852 2985213 38361
2961454 2986236 24782
2948923 2986896 37973
2961684 2987424 25740
2954517 2988480 33963
2949328 2988909 39581
2976747 2991747 15000
2972079 2992506 20427
2981757 2992836 11079
2974755 2996499 21744
2979236 2997060 17824
2956316 2997555 41239
2971165 2997588 26423
2981603 3000525 18922
2983336 3001086 17750
2958386 3003528 45142
2961033 3003726 42693
2969433 3004254 34821
2983104 3006333 23229
2992071 3006366 14295
2987418 3006894 19476
2968277 3010755 42478
2980149 3012042 31893
2970498 3012471 41973
2979215 3012999 33784
2983961 3013428 29467
3002015 3015408 13393
3005031 3015969 10938
2991404 3017982 26578
3007673 3018444 10771
2999434 3019038 19604
3002175 3022371 20196
3015272 3022866 7594
2982771 3027717 44946
2985725 3028278 42553
2987896 3028773 40877
2970846 3029301 58455
3020887 3033063 12176
3024466 3033558 9092
3003638 3033723 30085
3027992 3034218 6226
3038357 3044316 5959
3004094 3045537 41443
3032688 3045603 12915
3007260 3046098 38838
3035930 3046923 10993
3012608 3047187 34579
3012080 3051576 39496
3019022 3052269 33247
3012636 3052731 40095
3029070 3058737 29667
3035750 3059298 23548
3012897 3059826 46929
3034377 3060354 25977
3041822 3061014 19192
3033265 3061542 28277
3033338 3064875 31537
3043462 3065403 21941
3008279 3065964 57685
3026369 3067020 40651
3056040 3067548 11508
3033053 3069396 36343
3042473 3069594 27121
3046091 3074643 28552
3049355 3075171 25816
3070722 3076689 5967
3052873 3076755 23882
3071422 3077382 5960
3066082 3081243 15161
3046491 3084477 37986
3056430 3084939 28509
3080784 3086754 5970
3067966 3087414 19448
3063650 3088272 24622
3082803 3088767 5964
3060467 3090483 30016
3060146 3091011 30865
3068683 3091044 22361
3045721 3093552 47831
3080001 3093585 13584
3057517 3094113 36596
3068487 3099591 31104
3076170 3100251 24081
3071432 3100845 29413
3082048 3102891 20843
3087410 3103419 16009
3091704 3103947 12243
3061189 3105729 44540
3081810 3106356 24546
3073639 3106752 33113
3078212 3107346 29134
3084471 3108336 23865
3081314 3108996 27682
3072798 3112362 39564
3101858 3115398 13540
3077667 3117543 39876
3102161 3117576 15415
3110381 3120018 9637
3108928 3120546 11618
3093646 3122658 29012
3101709 3123252 21543
3107472 3123318 15846
3122005 3128037 6032
3108194 3129225 21031
3099306 3130875 31569
3105479 3132327 26848
3113381 3135396 22015
3120771 3136320 15549
3116760 3136518 19758
3127347 3137607 10260
3114481 3139587 25106
3126191 3142392 16201
3124896 3142689 17793
3110489 3142755 32266
3137767 3145032 7265
3129892 3147243 17351
3135013 3148761 13748
3140354 3149817 9463
3131447 3150345 18898
3144523 3150477 5954
3144253 3150972 6719
3128745 3153711 24966
3118037 3154239 36202
3131180 3154338 23158
3114833 3154866 40033
3116880 3155295 38415
3123084 3156483 33399
3138519 3157077 18558
3133407 3157770 24363
3144613 3159420 14807
3138297 3161961 23664
3155074 3165591 10517
3138041 3166647 28606
3157569 3166746 9177
3160758 3167901 7143
3125998 3171036 45038
3129254 3171597 42343
3120893 3172092 51199
3163473 3173841 10368
3149285 3174336 25051
3158299 3174897 16598
3165205 3177570 12365
3149229 3177735 28506
3154380 3177768 23388
3164025 3179319 15294
3150951 3180474 29523
3155586 3181035 25449
3158580 3181596 23016
3150501 3181959 31458
3167702 3183213 15511
3180236 3189516 9280
3173349 3191991 18642
3169625 3194697 25072
3170460 3194763 24303
3149340 3195720 46380
3176285 3195786 19501
3186343 3196446 10103
3155879 3196710 40831
3169834 3196743 26909
3178356 3198327 19971
3153185 3201231 48046
3164583 3202287 37704
3173429 3202881 29452
3183043 3203343 20300
3156162 3204465 48303
3186403 3207765 21362
3177440 3208920 31480
3180347 3210471 30124
3184821 3210537 25716
3187022 3211560 24538
3183440 3213540 30100
3169776 3219051 49275
3180624 3219612 38988
3196603 3222351 25748
3197909 3222945 25036
3204929 3225057 20128
3188168 3225717 37549
3212027 3226146 14119
3220688 3226839 6151
3203497 3228456 24959
3210124 3229446 19322
3215559 3231228 15669
3201317 3233967 32650
3206736 3234495 27759
3219547 3235584 16037
3207425 3237399 29974
3193477 3238026 44549
3218677 3238950 20273
3228766 3240039 11273
3198593 3243042 44449
3224943 3244758 19815
3227186 3246342 19156
3213082 3249708 36626
3224386 3249774 25388
3220935 3250764 29829
3218153 3252348 34195
3222517 3252909 30392
3238975 3256044 17069
3251293 3257265 5972
3251974 3257925 5951
3244781 3257991 13210
3234416 3261588 27172
3243513 3262677 19164
3245522 3263238 17716
3250356 3264030 13674
3246916 3264492 17576
3254490 3264558 10068
3242492 3267231 24739
3248885 3267297 18412
3251297 3274095 22798
3235319 3274755 39436
3236186 3276471 40285
3262232 3279408 17176
3268485 3280497 12012
3251833 3280893 29060
3241332 3281421 40089
3253863 3281487 27624
3237075 3281982 44907
3255245 3283566 28321
3275335 3286140 10805
3274916 3287460 12544
3246017 3291717 45700
3265791 3292080 26289
3272508 3292113 19605
3257957 3292245 34288
3254681 3292839 38158
3281488 3293136 11648
3283338 3293301 9963
3284569 3293862 9293
3279073 3297063 17990
3271784 3297228 25444
3290572 3297591 7019
3268862 3299373 30511
3263833 3300330 36497
3281442 3300891 19449
3282065 3301551 19486
3287761 3303960 16199
3294164 3304983 10819
3254358 3306468 52110
3301943 3307887 5944
3288967 3310923 21956
3280530 3311088 30558
3274909 3315543 40634
3276292 3315576 39284
3263990 3315708 51718
3308653 3315741 7088
3287773 3316236 28463
3312253 3318216 5963
3291327 3318348 27021
3291874 3318942 27068
3297904 3321219 23315
3276811 3322869 46058
3289391 3323397 34006
3286643 3324486 37843
3296642 3324915 28273
3315076 3327225 12149
3312635 3327423 14788
3328876 3335211 6335
3299498 3339534 40036
3321538 3340755 19217
3334845 3341415 6570
3329310 3342339 13029
3311019 3348477 37458
3323725 3349236 25511
3327606 3351414 23808
3346277 3352239 5962
3342145 3352470 10325
3319425 3352866 33441
3346187 3353064 6877
3347379 3353328 5949
3327218 3357552 30334
3338487 3358839 20352
3354029 3359994 5965
3356917 3362865 5948
3351979 3364746 12767
3359579 3365538 5959
3338449 3369729 31280
3340395 3370884 30489
3328785 3371412 42627
3340420 3372468 32048
3347832 3372930 25098
3356305 3376890 20585
3349208 3377979 28771
3354690 3378903 24213
3364814 3379068 14254
3342128 3381543 39415
3368719 3382170 13451
3376839 3383985 7146
3363614 3386757 23143
3376175 3387285 11110
3375438 3393621 18183
3366864 3393720 26856
3366215 3393753 27538
3375459 3394215 18756
3383019 3394710 11691
3371313 3394842 23529
3355502 3394875 39373
3391039 3396987 5948
3382099 3399396 17297
3393568 3399528 5960
3377023 3399759 22736
3392528 3399924 7396
3380629 3400320 19691
3395707 3401673 5966
3373194 3402465 29271
3360783 3402498 41715
3374078 3403059 28981
3394416 3405600 11184
3368286 3406095 37809
3379070 3406722 27652
3370807 3407118 36311
3398096 3408504 10408
3368627 3411540 42913
3367639 3412101 44462
3385795 3412761 26966
3399733 3414906 15173
3402607 3417777 15170
3367269 3418734 51465
3373873 3420483 46610
3414888 3422628 7740
3392770 3424377 31607
3391458 3429426 37968
3424916 3431241 6325
3421258 3431472 10214
3407502 3434211 26709
3404882 3435729 30847
3411353 3436125 24772
3401690 3436653 34963
3409594 3437379 27785
3397014 3441735 44721
3413558 3442857 29299
3417742 3443451 25709
3409589 3444474 34885
3418127 3448896 30769
3411046 3448929 37883
3443992 3449952 5960
3416950 3450480 33530
3445764 3452460 6696
3410832 3453549 42717
3421035 3454110 33075
3433457 3454671 21214
3422025 3455100 33075
3434104 3458697 24593
3444712 3459093 14381
3440976 3460743 19767
3440042 3462327 22285
3448234 3463449 15215
3454169 3465033 10864
3440203 3466749 26546
3454740 3471237 16497
3467415 3473745 6330
3442092 3477540 35448
3452885 3477606 24721
3440218 3478101 37883
3474165 3480114 5949
3454005 3482226 28221
3446780 3483711 36931
3466657 3484239 17582
3463692 3486351 22659
3468088 3488958 20870
3475515 3489222 13707
3470283 3489519 19236
3452339 3490740 38401
3459944 3491301 31357
3466452 3491961 25509
3455894 3492456 36562
3455729 3492885 37156
3466858 3493578 26720
3470766 3501399 30633
3497446 3503412 5966
3494189 3506217 12028
3480777 3507735 26958
3469236 3513213 43977
3481662 3514764 33102
3493989 3516348 22359
3503195 3516909 13714
3507457 3519417 11960
3508328 3519747 11419
3508233 3520011 11778
3509665 3522090 12425
3492815 3525555 32740
3507585 3525588 18003
3505437 3532683 27246
3512852 3534333 21481
3531452 3537468 6016
3502497 3538260 35763
3495647 3538887 43240
3500659 3540471 39812
3513139 3540999 27860
3536278 3542253 5975
3519507 3543408 23901
3512543 3544398 31855
3534216 3544497 10281
3517196 3544926 27730
3523336 3546477 23141
3524285 3549546 25261
3541853 3550008 8155
3513900 3555552 41652
3519171 3556113 36942
3534291 3558324 24033
3544992 3558885 13893
3553370 3559314 5944
3542773 3561624 18851
3530482 3562878 32396
3541983 3565254 23271
3544267 3567399 23132
3547125 3567762 20637
3541036 3571557 30521
3556150 3574395 18245
3557194 3575979 18785
3563500 3579246 15746
3547784 3579708 31924
3574702 3580665 5963
3573946 3581457 7511
3550826 3585219 34393
3558392 3585747 27355
3559449 3589245 29796
3592649 3598617 5968
3581753 3599970 18217
3588631 3600498 11867
3561549 3603534 41985
3558542 3603600 45058
3568781 3604095 35314
3575851 3604260 28409
3570287 3604656 34369
3591334 3605844 14510
3589783 3609045 19262
3593752 3615414 21662
3598988 3619539 20551
3594970 3621552 26582
3580551 3627591 47040
3595090 3636468 41378
3588363 3636864 48501
