18261 26664 8403
12606 33033 20427
1242 39270 38028
19967 39369 19402
32106 43461 11355
17491 45507 28016
36780 49335 12555
22004 51513 29509
21895 54747 32852
50000 56001 6001
3958 57420 53462
17620 61941 44321
25477 63228 37751
36128 63360 27232
36206 68805 32599
27694 69399 41705
66211 72171 5960
61240 75108 13868
39291 75504 36213
5725 76032 70307
25863 78870 53007
65236 81147 15911
53256 85965 32709
40038 87285 47247
50811 87846 37035
60176 90420 30244
92134 98076 5942
93049 99000 5951
56107 103455 47348
65208 103950 38742
70112 104379 34267
81822 104940 23118
87630 105138 17508
79142 111243 32101
71707 111276 39569
54135 112926 58791
108263 114378 6115
55189 115071 59882
102495 115500 13005
112448 118404 5956
77562 120087 42525
100428 121341 20913
73856 122925 49069
86278 123519 37241
91406 124542 33136
64940 129096 64156
129184 135498 6314
106049 136917 30868
110854 138468 27614
119024 138963 19939
125702 139458 13756
98318 140778 42460
117340 147279 29939
123909 153747 29838
112571 154176 41605
91405 158730 67325
86281 159258 72977
122951 159291 36340
153639 159588 5949
113317 164802 51485
120221 168102 47881
159321 169323 10002
142131 175956 33825
153577 176484 22907
131065 177705 46640
175005 182490 7485
139525 183282 43757
168177 187473 19296
149289 188793 39504
164047 189387 25340
184867 190839 5972
185840 191796 5956
186402 192786 6384
138289 194931 56642
163952 195525 31573
173993 196185 22192
144189 199815 55626
189517 207372 17855
190471 211794 21323
196745 212751 16006
173638 213411 39773
179735 218922 39187
200682 219087 18405
182564 227172 44608
225292 235455 10163
204533 236775 32242
230894 236841 5947
200174 237369 37195
224773 247962 23189
203899 254199 50300
223343 258456 35113
229683 264099 34416
255453 265914 10461
200399 266937 66538
238229 270237 32008
241287 271953 30666
234402 272415 38013
245227 272976 27749
225764 277959 52195
238377 278487 40110
226292 279279 52987
246538 280038 33500
263829 289344 25515
253508 290928 37420
257857 296373 38516
246406 302709 56303
281532 304062 22530
276500 306405 29905
290583 308748 18165
321404 337326 15922
280525 338910 58385
310364 339504 29140
295427 343464 48037
298328 345114 46786
315346 347721 32375
303097 351285 48188
336886 355476 18590
335852 356730 20878
353035 359007 5972
337798 361317 23519
355524 361482 5958
332708 367323 34615
345474 367950 22476
305398 368412 63014
328486 373461 44975
366802 376035 9233
368615 376530 7915
348973 381513 32540
365172 385341 20169
366658 385836 19178
364816 391446 26630
366864 391941 25077
356428 393228 36800
322898 398706 75808
372370 398739 26369
393128 399432 6304
388285 404745 16460
362746 405504 42758
354204 410916 56712
376714 411642 34928
378069 414216 36147
415859 433323 17464
421937 433884 11947
415261 440418 25157
415626 445962 30336
424457 446523 22066
391053 448932 57879
435470 450978 15508
436324 457314 20990
396142 458931 62789
446385 459096 12711
453903 460218 6315
459053 465003 5950
450790 465102 14312
438469 470712 32243
412258 472923 60665
471862 483087 11225
457731 483516 25785
457841 486222 28381
465749 495231 29482
474000 495396 21396
483222 496254 13032
478408 498960 20552
488073 500610 12537
484793 509124 24331
453456 511962 58506
487141 513579 26438
500527 514140 13613
490777 520905 30128
506804 523446 16642
484312 531531 47219
495894 532620 36726
486997 536382 49385
522716 541464 18748
487652 541959 54307
494740 548790 54050
522665 549384 26719
515008 549945 34937
496038 551034 54996
507109 551595 44486
533929 553839 19910
486853 554928 68075
488691 559449 70758
529744 559944 30200
518366 559977 41611
526523 560373 33850
525010 567270 42260
556925 567369 10444
554042 567666 13624
567184 573144 5960
530990 573507 42517
569739 575685 5946
562323 577830 15507
542257 583341 41084
548126 591294 43168
588161 597267 9106
552355 599049 46694
560301 599610 39309
591682 601821 10139
596637 602580 5943
572769 607959 35190
572477 609246 36769
566639 615549 48910
587714 620796 33082
613394 621192 7798
605322 625317 19995
600987 625812 24825
604337 626373 22036
579915 636966 57051
602029 637956 35927
616801 639243 22442
583557 639276 55719
624081 639375 15294
634305 640629 6324
615571 648087 32516
642668 648615 5947
631876 651090 19214
616146 651519 35373
614024 655446 41422
604176 656568 52392
652269 658218 5949
655797 667491 11694
618187 672078 53891
642407 675510 33103
617230 675543 58313
601557 676038 74481
622817 680394 57577
651084 681219 30135
675443 681384 5941
649073 690393 41320
685898 693231 7333
651462 693528 42066
654734 693990 39256
674581 698478 23897
685604 699105 13501
685553 700557 15004
659998 702207 42209
676236 703461 27225
682373 704484 22111
693359 705012 11653
667553 707157 39604
702522 708477 5955
693026 709962 16936
670442 722931 52489
696951 723096 26145
693803 735174 41371
714825 735372 20547
685367 738474 53107
694944 738903 43959
717106 739431 22325
723067 739464 16397
729384 740751 11367
683650 740784 57134
701881 740784 38903
647784 741510 93726
708076 742665 34589
680673 743061 62388
728589 747516 18927
742096 748407 6311
688135 750222 62087
711050 751476 40426
723068 751905 28837
723102 757944 34842
718720 759297 40577
748422 759396 10974
732668 760056 27388
734527 764775 30248
736016 765369 29353
741310 765930 24620
761001 766953 5952
762406 768801 6395
740355 775467 35112
707117 775896 68779
778861 784806 5945
787200 794013 6813
787823 794145 6322
756083 795531 39448
768811 796554 27743
754149 799458 45309
745081 799953 54872
743411 800514 57103
786227 801009 14782
785671 807378 21707
790364 807939 17575
784397 809160 24763
791514 810975 19461
769624 812790 43166
782151 813318 31167
793370 813351 19981
804411 821700 17289
796320 823449 27129
789511 823944 34433
776606 824274 47668
785623 824439 38816
802475 830247 27772
771759 831270 59511
787856 835032 47176
791227 835560 44333
796260 839058 42798
796497 843513 47016
801984 843612 41628
814377 844668 30291
826565 845229 18664
848152 854106 5954
810051 855294 45243
840110 855426 15316
841045 857868 16823
851801 858132 6331
840391 859221 18830
842848 859782 16934
860030 865986 5956
855686 867108 11422
834648 871959 37311
826760 877470 50710
871334 880044 8710
856188 881892 25704
878960 891099 12139
833337 901956 68619
885434 907203 21769
904597 910569 5972
902643 913836 11193
906220 914694 8474
880025 920370 40345
883149 921228 38079
887379 923142 35763
889233 923736 34503
865543 926739 61196
902432 927399 24967
861054 927795 66741
903247 927993 24746
920341 931458 11117
922171 932745 10574
901646 933504 31858
929776 945714 15938
910968 949476 38508
939363 954954 15591
921198 957528 36330
955002 960960 5958
944369 961818 17449
926840 962478 35638
956299 962643 6344
942287 963105 20818
922424 963501 41077
957331 963996 6665
931947 964029 32082
948761 964623 15862
922987 969243 46256
939985 975744 35759
950265 976272 26007
930310 978417 48107
972432 985809 13377
965471 987096 21625
947630 990231 42601
963522 991452 27930
954354 991947 37593
962640 993234 30594
947234 998745 51511
993359 1003497 10138
972792 1004784 31992
957057 1005939 48882
992290 1011087 18797
967397 1011516 44119
993114 1012539 19425
984475 1015476 31001
1010269 1026960 16691
1010877 1027455 16578
994422 1028808 34386
979017 1029930 50913
988749 1035507 46758
1001643 1036035 34392
978442 1039962 61520
1003583 1043724 40141
1018152 1045968 27816
1044056 1053294 9238
1026466 1056099 29633
1025891 1058937 33046
1012870 1059531 46661
1027129 1063458 36329
1026451 1063953 37502
1019925 1064382 44457
1035447 1064514 29067
1063228 1069200 5972
1052326 1069464 17138
1042031 1071246 29215
1047084 1071279 24195
1061398 1083522 22124
1066484 1087416 20932
1048075 1089231 41156
1040500 1094016 53516
1060078 1095171 35093
1042926 1103058 60132
1060744 1104081 43337
1079247 1105335 26088
1100262 1106589 6327
1054408 1112397 57989
1096978 1113552 16574
1081356 1121142 39786
1091273 1125531 34258
1102036 1129293 27257
1087953 1129986 42033
1079877 1134210 54333
1104342 1136025 31683
1132828 1146981 14153
1146086 1152690 6604
1146879 1152822 5943
1133448 1155099 21651
1149687 1155990 6303
1150442 1156386 5944
1127355 1159323 31968
1120509 1159950 39441
1092140 1161699 69559
1146309 1167375 21066
1138921 1168926 30005
1129987 1172787 42800
1131016 1175064 44048
1161281 1187736 26455
1163038 1196778 33740
1168894 1197504 28610
1195134 1201101 5967
1182507 1203114 20607
1183452 1203510 20058
1137587 1207965 70378
1182358 1208427 26069
1171779 1209219 37440
1169933 1211727 41794
1156861 1213476 56615
1192289 1215390 23101
1183052 1220802 37750
1189536 1221330 31794
1205510 1225323 19813
1221122 1227435 6313
1200261 1230207 29946
1219037 1233012 13975
1222937 1233540 10603
1216739 1239381 22642
1184010 1240932 56922
1235380 1242648 7268
1231373 1244727 13354
1188225 1245519 57294
1241652 1247598 5946
1184959 1248093 63134
1233253 1249314 16061
1242505 1250403 7898
1206679 1254231 47552
1218546 1263174 44628
1201409 1263702 62293
1251272 1263933 12661
1250778 1266969 16191
1241359 1279113 37754
1258304 1285449 27145
1232990 1287297 54307
1269729 1287396 17667
1243228 1289145 45917
1282474 1290531 8057
1277620 1292742 15122
1268084 1293501 25417
1249518 1295052 45534
1259782 1295613 35831
1249077 1296075 46998
1271787 1297329 25542
1284512 1305018 20506
1269837 1309473 39636
1296314 1314951 18637
1301336 1315215 13879
1289868 1317525 27657
1293880 1318581 24701
1306164 1321320 15156
1273788 1323531 49743
1279479 1326237 46758
1300314 1326765 26451
1291736 1334751 43015
1319455 1335378 15923
1335623 1341582 5959
1320300 1342572 22272
1312830 1346928 34098
1320238 1350228 29990
1321265 1351449 30184
1328906 1352010 23104
1348698 1354650 5952
1337576 1365375 27799
1348820 1371117 22297
1365637 1371579 5942
1336708 1375836 39128
1351487 1381446 29959
1354718 1381941 27223
1376534 1382865 6331
1334773 1383294 48521
1344419 1389531 45112
1361601 1392105 30504
1364978 1392633 27655
1368874 1393821 24947
1381494 1393887 12393
1371269 1395108 23839
1325248 1399959 74711
1369652 1403721 34069
1390185 1410981 20796
1395614 1411476 15862
1402856 1412004 9148
1364272 1412796 48524
1397504 1413258 15754
1404240 1417317 13077
1395030 1417812 22782
1377792 1419528 41736
1379870 1422234 42364
1384295 1422795 38500
1370601 1423323 52722
1410812 1425006 14194
1417429 1425567 8138
1388981 1427712 38731
1408320 1428240 19920
1391714 1431276 39562
1387835 1431804 43969
1400610 1436787 36177
1407035 1443519 36484
1423423 1447446 24023
1409628 1448502 38874
1408133 1449426 41293
1447752 1454310 6558
1420279 1457907 37628
1446359 1458963 12604
1453339 1459623 6284
1449800 1460019 10219
1421452 1461372 39920
1457540 1464210 6670
1439998 1467114 27116
1413335 1468566 55231
1428109 1471965 43856
1454054 1472427 18373
1462706 1473021 10315
1445939 1479225 33286
1486346 1492656 6310
1472417 1496385 23968
1476936 1501467 24531
1477059 1503381 26322
1480193 1503942 23749
1497819 1504536 6717
1477898 1514304 36406
1448094 1514931 66837
1492130 1516548 24418
1510778 1517109 6331
1485884 1518231 32347
1475903 1527273 51370
1527278 1539087 11809
1508072 1540044 31972
1499356 1543476 44120
1489718 1547172 57454
1526127 1549944 23817
1473532 1551693 78161
1502981 1556775 53794
1555839 1561791 5952
1539406 1563111 23705
1513762 1566213 52451
1510657 1569249 58592
1536252 1575189 38937
1510910 1575552 64642
1526357 1575717 49360
1528588 1576905 48317
1556782 1580799 24017
1560151 1588554 28403
1532738 1590798 58060
1559858 1592415 32557
1563733 1599180 35447
1557625 1599279 41654
1573007 1604790 31783
1559795 1605516 45721
1579376 1608090 28714
1555861 1610928 55067
1593006 1611522 18516
1567483 1616373 48890
1588464 1616934 28470
1609774 1623369 13595
1610731 1624062 13331
1612860 1627758 14898
1623162 1629111 5949
1598561 1635513 36952
1612635 1641783 29148
1631449 1652805 21356
1610337 1653366 43029
1650615 1656567 5952
1632223 1659504 27281
1600205 1670724 70519
1646094 1671549 25455
1643166 1671747 28581
1661049 1681317 20268
1666488 1681878 15390
1671999 1682373 10374
1649016 1687950 38934
1676488 1689534 13046
1666260 1689732 23472
1652138 1691712 39574
1667920 1695243 27323
1678534 1695375 16841
1692372 1698411 6039
1673259 1700787 27528
1653326 1703064 49738
1680876 1705836 24960
1665132 1711446 46314
1658864 1711974 53110
1682290 1713228 30938
1691612 1717452 25840
1712417 1718739 6322
1705371 1723458 18087
1693742 1725504 31762
1688614 1725933 37319
1697764 1735965 38201
1698857 1741971 43114
1711325 1743291 31966
1718942 1752102 33160
1697535 1752663 55128
1744404 1755105 10701
1749769 1756095 6326
1720050 1759461 39411
1698737 1767282 68545
1747919 1767381 19462
1689758 1767777 78019
1717236 1770450 53214
1756832 1772727 15895
1750200 1773519 23319
1715585 1774080 58495
1753070 1780548 27478
1736706 1783452 46746
1781220 1796751 15531
1773647 1796784 23137
1769256 1797510 28254
1790401 1803087 12686
1782480 1808433 25953
1750373 1809621 59248
1810337 1816650 6313
1796333 1824075 27742
1798651 1824636 25985
1760066 1826913 66847
1790856 1831962 41106
1788140 1832490 44350
1763511 1837968 74457
1828397 1839387 10990
1832012 1842951 10939
1767640 1845393 77753
1812781 1850937 38156
1802319 1854237 51918
1818229 1857240 39011
1807354 1861959 54605
1856663 1862982 6319
1811241 1864929 53688
1853006 1866975 13969
1845400 1868790 23390
1847681 1874928 27247
1856020 1875654 19634
1837386 1881528 44142
1858977 1889151 30174
1873307 1892748 19441
1852486 1892781 40295
1883624 1893276 9652
1885307 1899678 14371
1887782 1905552 17770
1884724 1907730 23006
1884065 1910700 26635
1889661 1911228 21567
1882602 1916805 34203
1890398 1917927 27529
1914632 1920963 6331
1899915 1931721 31806
1887200 1935285 48085
1916817 1937166 20349
1902519 1941522 39003
1920646 1945812 25166
1923155 1955712 32557
1878242 1959243 81001
1881774 1959276 77502
1933271 1959375 26104
1916445 1960398 43953
1950631 1963467 12836
1890067 1964787 74720
1902724 1964919 62195
1936065 1967064 30999
1943367 1969341 25974
1947917 1971090 23173
1952312 1971651 19339
1965940 1972377 6437
1969370 1975941 6571
1920878 1977525 56647
1978806 1989273 10467
1972513 1993332 20819
1972929 1993827 20898
1963063 1998909 35846
1984110 2007390 23280
1983959 2009172 25213
1965837 2010492 44655
1978386 2013396 35010
1969571 2013924 44353
2009935 2016696 6761
1992720 2017323 24603
1963023 2018940 55917
1982964 2019501 36537
1985801 2025243 39442
1976541 2037519 60978
2002143 2043525 41382
2018315 2047452 29137
2030249 2049036 18787
1996179 2051148 54969
2006712 2060784 54072
2050615 2067087 16472
2038614 2073225 34611
2039099 2077449 38350
2063417 2077944 14527
2039828 2078010 38182
2045845 2078604 32759
2046878 2078637 31759
2072194 2082960 10766
2066098 2083455 17357
2069549 2083983 14434
2076099 2084445 8346
2071085 2084544 13459
2061414 2085501 24087
2080863 2086821 5958
2058048 2091507 33459
2078830 2092563 13733
2053617 2095962 42345
2059115 2096490 37375
2065765 2101473 35708
2096691 2103024 6333
2056917 2103222 46305
2092366 2106951 14585
2080100 2109525 29425
2092670 2113320 20650
2080755 2114937 34182
2080834 2115531 34697
2092883 2119458 26575
2103119 2121009 17890
2117885 2123847 5962
2105483 2125464 19981
2067256 2125959 58703
2082386 2126784 44398
2102002 2127279 25277
2114435 2131470 17035
2117895 2137344 19449
2122544 2142789 20245
2139974 2155461 15487
2127757 2160081 32324
2145642 2161335 15693
2123353 2162490 39137
2157410 2163381 5971
2129284 2167968 38684
2150450 2169552 19102
2163795 2170179 6384
2134519 2175294 40775
2142806 2180805 37999
2152322 2181531 29209
2177983 2184336 6353
2169904 2185821 15917
2158062 2192421 34359
2166238 2206083 39845
2189448 2209812 20364
2173722 2219151 45429
2165230 2224926 59696
2193233 2225157 31924
2217361 2227995 10634
2204525 2234925 30400
2230856 2236806 5950
2215401 2239941 24540
2204331 2247168 42837
2204576 2253504 48928
2212148 2254032 41884
2208636 2255055 46419
2250527 2256870 6343
2246210 2259675 13465
2203836 2262216 58380
2241603 2263470 21867
2222054 2263965 41911
2213259 2264526 51267
2217234 2266077 48843
2245086 2271291 26205
2264959 2276736 11777
2232066 2276802 44736
2245689 2276802 31113
2285492 2291454 5962
2248957 2301519 52562
2279785 2309076 29291
2256184 2310231 54047
2260478 2312376 51898
2287132 2328084 40952
2305111 2335476 30365
2308579 2335905 27326
2308450 2336433 27983
2311159 2341944 30785
2325950 2343396 17446
2327516 2343957 16441
2338849 2345673 6824
2285463 2349369 63906
2344605 2353791 9186
2321914 2360424 38510
2341418 2366496 25078
2328641 2368905 40264
2327587 2369169 41582
2360772 2372733 11961
2327636 2373921 46285
2371362 2377320 5958
2362608 2379102 16494
2322876 2383953 61077
2365921 2385009 19088
2332655 2387748 55093
2350528 2393985 43457
2378832 2394975 16143
2356953 2403522 46569
2375693 2413455 37762
2379258 2416062 36804
2410829 2416788 5959
2403071 2420748 17677
2372317 2420781 48464
2412862 2425896 13034
2381975 2426919 44944
2409353 2435730 26377
2402790 2437446 34656
2421404 2437941 16537
2415125 2437974 22849
2410097 2439294 29197
2432156 2443452 11296
2429621 2444739 15118
2424390 2449326 24936
2440266 2449887 9621
2433717 2451108 17391
2410278 2451504 41226
2441383 2457015 15632
2438095 2459721 21626
2424345 2460975 36630
2430714 2463285 32571
2389353 2463714 74361
2425518 2466387 40869
2446769 2466981 20212
2461369 2473812 12443
2437641 2474934 37293
2425112 2479323 54211
2433280 2487276 53996
2463309 2489157 25848
2482507 2492556 10049
2473242 2492754 19512
2475701 2505030 29329
2458145 2507142 48997
2434259 2509947 75688
2499932 2514963 15031
2509315 2521827 12512
2497849 2524071 26222
2476879 2526216 49337
2458516 2527470 68954
2466205 2532915 66710
2503172 2535555 32383
2510551 2537238 26687
2528597 2540736 12139
2473594 2540802 67208
2508340 2541528 33188
2536247 2542188 5941
2479689 2546247 66558
2516518 2551956 35438
2517214 2553408 36194
2552338 2558292 5954
2541690 2564793 23103
2492037 2565453 73416
2507461 2566047 58586
2528870 2567037 38167
2519318 2567598 48280
2548101 2581458 33357
2554989 2581986 26997
2528665 2582547 53882
2571615 2583372 11757
2582039 2587992 5953
2570202 2598222 28020
2569772 2599476 29704
2601210 2607165 5955
2534378 2607297 72919
2557250 2612676 55426
2569043 2612808 43765
2585791 2616075 30284
2602452 2617329 14877
2606670 2617824 11154
2608580 2625546 16966
2608721 2628219 19498
2605395 2629968 24573
2604482 2631552 27070
2580954 2634489 53535
2634472 2640792 6320
2633416 2640924 7508
2629848 2643102 13254
2602703 2643531 40828
2597968 2646237 48269
2604175 2647458 43283
2623011 2651715 28704
2630345 2652243 21898
2618149 2655279 37130
2651582 2657853 6271
2644114 2667093 22979
2640627 2671449 30822
2625605 2671944 46339
2653726 2672373 18647
2667844 2673792 5948
2611045 2677455 66410
2677534 2683494 5960
2674982 2684748 9766
2675038 2685309 10271
2680692 2686662 5970
2641021 2688081 47060
2675456 2689335 13879
2643167 2694219 51052
2663366 2696397 33031
2678908 2697156 18248
2669314 2703294 33980
2677058 2703393 26335
2699425 2708046 8621
2698707 2708739 10032
2706429 2712369 5940
2703216 2713326 10110
2661530 2718210 56680
2677231 2723160 45929
2693319 2727219 33900
2717478 2727384 9906
2721549 2730981 9432
2697967 2732796 34829
2698527 2733522 34995
2726113 2740551 14438
2735134 2741442 6308
2690761 2743455 52694
2711026 2743950 32924
2706329 2751276 44947
2731479 2751375 19896
2740678 2755995 15317
2733801 2756787 22986
2727433 2757513 30080
2709816 2759064 49248
2719662 2759592 39930
2754908 2760879 5971
2736474 2761341 24867
2739153 2763090 23937
2757477 2763783 6306
2738811 2767446 28635
2721338 2767809 46471
2726981 2774211 47230
2733964 2775564 41600
2741726 2781504 39778
2779088 2785035 5947
2753150 2790744 37594
2722471 2791965 69494
2733626 2792526 58900
2773254 2793021 19767
2738278 2797476 59198
2765483 2804802 39319
2779310 2805396 26086
2802841 2810412 7571
2774035 2810940 36905
2803924 2817540 13616
2774738 2822754 48016
2792663 2823777 31114
2793078 2825163 32085
2796756 2834931 38175
2824695 2835096 10401
2793635 2836548 42913
2818710 2837076 18366
2790956 2841234 50278
2825857 2853510 27653
2799545 2858922 59377
2828706 2863476 34770
2789746 2869449 79703
2814608 2870043 55435
2831284 2870208 38924
2852959 2871132 18173
2866933 2873244 6311
2839168 2876808 37640
2847729 2877930 30201
2838918 2880075 41157
2867903 2883111 15208
2853968 2884563 30595
2874359 2893473 19114
2881428 2895387 13959
2891137 2897895 6758
2886137 2901261 15124
2881152 2905815 24663
2886292 2906376 20084
2894677 2908554 13877
2886643 2919279 32636
2913700 2919642 5942
2879030 2920038 41008
2906906 2929344 22438
2922134 2929872 7738
2924598 2930928 6330
2912753 2931522 18769
2897303 2932545 35242
2926450 2932776 6326
2925028 2937033 12005
2889134 2937231 48097
2878397 2944062 65665
2904244 2949507 45263
2943810 2953896 10086
2909472 2954919 45447
2938766 2969142 30376
2919099 2983959 64860
2941055 2985114 44059
2954885 2985774 30889
2980614 2990394 9780
2984042 2994981 10939
2977452 2995476 18024
2961139 2997522 36383
2954536 2998050 43514
2945484 2998479 52995
2954160 3003528 49368
2986068 3009237 23169
2989260 3014484 25224
2972920 3017157 44237
3020393 3026727 6334
2997048 3033228 36180
3007768 3033756 25988
3001567 3034317 32750
2958572 3039300 80728
2995152 3039861 44709
2994948 3040455 45507
3019024 3048078 29054
3017861 3048639 30778
3028559 3049827 21268
3045404 3051345 5941
3045468 3051840 6372
3056776 3063093 6317
3008851 3065172 56321
3025325 3069924 44599
3047677 3073818 26141
3052914 3079461 26547
3021099 3081243 60144
3057946 3085467 27521
3025296 3087282 61986
3046375 3087546 41171
3074327 3090978 16651
3079386 3097809 18423
3058810 3102231 43421
3069630 3103452 33822
3071878 3105003 33125
3044097 3109953 65856
3067390 3111801 44411
3086329 3114441 28112
3050382 3117378 66996
3114785 3121107 6322
3115485 3121437 5952
3091744 3124539 32795
3091415 3134736 43321
3109764 3137145 27381
3114777 3140808 26031
3104734 3141369 36635
3103005 3141501 38496
3097129 3141930 44801
3114901 3144075 29174
3133520 3145824 12304
3140612 3146583 5971
3123324 3147111 23787
3117755 3148563 30808
3121562 3151467 29905
3116031 3159189 43158
3147779 3163446 15667
3136786 3166020 29234
3112220 3167043 54823
3123563 3167571 44008
3153528 3169320 15792
3143008 3175458 32450
3149246 3175953 26707
3121215 3177438 56223
3149740 3179715 29975
3154217 3181959 27742
3122849 3184929 62080
3171119 3199449 28330
3135493 3201099 65606
3195597 3201594 5997
3172387 3205455 33068
3168953 3205983 37030
3173108 3206577 33469
3193555 3220569 27014
3193474 3223341 29867
3180661 3223968 43307
3172123 3224001 51878
3174338 3224331 49993
3195791 3224958 29167
3208770 3225552 16782
3198772 3230469 31697
3188201 3230700 42499
3220233 3231393 11160
3195753 3236805 41052
3215627 3241821 26194
3225952 3241887 15935
3232477 3242415 9938
3180671 3242910 62239
3229120 3243108 13988
3192987 3246210 53223
3186645 3255219 68574
3231011 3267528 36517
3264587 3272511 7924
3234433 3277956 43523
3202881 3279243 76362
3269722 3279375 9653
3215656 3280035 64379
3275630 3281949 6319
3218000 3284787 66787
3254398 3285513 31115
3275077 3292542 17465
3263944 3301452 37508
3277758 3307227 29469
3273311 3311055 37744
3292545 3315114 22569
3310258 3316566 6308
3291009 3319965 28956
3301205 3323727 22522
3299094 3325971 26877
3272372 3327291 54919
3280331 3332802 52471
3291278 3336102 44824
3322572 3337818 15246
3292195 3338940 46745
3283338 3342768 59430
3320455 3345243 24788
3309636 3349962 40326
3336670 3361809 25139
3348652 3365076 16424
3332779 3367947 35168
3362781 3369366 6585
3321635 3375273 53638
3350130 3379200 29070
3363244 3379464 16220
3360105 3379761 19656
3354001 3380784 26783
3342211 3384084 41873
3343196 3384645 41449
3358472 3385140 26668
3365608 3385338 19730
3377832 3393159 15327
3386687 3399957 13270
3393492 3400518 7026
3391967 3405831 13864
3374157 3407052 32895
3396904 3413124 16220
3386463 3416391 29928
3382504 3416424 33920
3388689 3420285 31596
3335558 3421968 86410
3402665 3423387 20722
3379035 3423552 44517
3403382 3428799 25417
3368254 3429327 61073
3373850 3429360 55510
3383093 3432099 49006
3423127 3441240 18113
3416623 3445464 28841
3435831 3445629 9798
3395578 3445992 50414
3379790 3447246 67456
3418382 3452790 34408
3424801 3452790 27989
3443464 3457344 13880
3435141 3460545 25404
3419005 3465099 46094
3461193 3471369 10176
3431637 3473151 41514
3459438 3475461 16023
3461953 3475989 14036
3463035 3476748 13713
3403949 3477375 73426
3466174 3486219 20045
3466034 3495294 29260
3496888 3502851 5963
3492136 3505326 13190
3481057 3505821 24764
3493596 3506382 12786
3502377 3508329 5952
3470558 3508560 38002
3497250 3517470 20220
3477997 3521166 43169
3504744 3522981 18237
3503592 3527040 23448
3502017 3527568 25551
3523918 3530241 6323
3515394 3530406 15012
3473931 3535950 62019
3508855 3537237 28382
3485188 3541956 56768
3486903 3542022 55119
3528730 3543936 15206
3508628 3549513 40885
3515655 3552087 36432
3508716 3554925 46209
3489641 3561096 71455
3536022 3567300 31278
3541038 3573504 32466
3546812 3574593 27781
3519542 3576639 57097
3558330 3577332 19002
3571714 3577662 5948
3566226 3577893 11667
3572561 3578883 6322
3573543 3579510 5967
3556316 3583470 27154
3575034 3585021 9987
3548738 3585087 36349
3524142 3589971 65829
3585907 3608418 22511
3570224 3609243 39019
3586304 3615282 28978
3595493 3621387 25894
3594525 3637458 42933
3574147 3639240 65093
3590574 3648084 57510
