5885 11847 5962
8771 27093 18322
12820 50193 37373
44420 52272 7852
20896 57090 36194
23234 57717 34483
26649 63228 36579
59408 76824 17416
69565 83193 13628
74575 95502 20927
104627 110583 5956
78325 115302 36977
92091 116061 23970
103619 123255 19636
118973 124938 5965
151671 158004 6333
153788 172821 19033
150329 176187 25858
169328 195096 25768
178807 201102 22295
179234 205161 25927
177960 215325 37365
184555 219087 34532
214413 233310 18897
216014 233805 17791
219231 236082 16851
232314 238260 5946
211226 247698 36472
245600 252879 7279
229293 257697 28404
247193 264792 17599
253973 265320 11347
231021 266211 35190
260628 266937 6309
264474 270435 5961
243659 271689 28030
244886 272778 27892
257561 284064 26503
278142 292809 14667
269124 295152 26028
273111 301290 28179
277182 303237 26055
293302 303798 10496
291508 305316 13808
308255 314226 5971
298260 315117 16857
286315 319704 33389
318421 324390 5969
311954 332079 20125
327399 333366 5967
313095 334818 21723
313638 336072 22434
329530 343167 13637
332691 349800 17109
326602 352506 25904
348695 361317 12622
334657 362076 27419
363825 371646 7821
342378 375243 32865
361531 380754 19223
373517 383295 9778
347696 393096 45400
380453 397716 17263
379023 402798 23775
392184 404052 11868
398116 404085 5969
393806 404613 10807
400649 406956 6307
391503 410586 19083
397264 412830 15566
376192 417087 40895
368164 417747 49583
425192 439164 13972
390805 440187 49382
426988 443751 16763
420430 445302 24872
419149 447249 28100
429154 455301 26147
425872 458205 32333
438221 459096 20875
450286 459624 9338
461190 476058 14868
485773 504801 19028
488339 512754 24415
495989 513117 17128
507489 517704 10215
480675 526812 46137
490964 530211 39247
535348 541299 5951
547228 553245 6017
530691 561099 30408
537561 567237 29676
551499 572055 20556
532607 574827 42220
554184 579117 24933
567496 580206 12710
571397 589710 18313
569393 596079 26686
561467 599313 37846
577310 615219 37909
579182 619311 40129
616158 627099 10941
626793 632742 5949
611320 633699 22379
588013 637164 49151
622651 637692 15041
593276 637725 44449
598884 638748 39864
609610 646833 37223
640774 651651 10877
623447 656205 32758
632368 661155 28787
636919 662739 25820
646205 669273 23068
670729 676698 5969
643991 685311 41320
667071 692076 25005
692297 698247 5950
692989 707190 14201
694685 708345 13660
683688 709302 25614
690463 713328 22865
697636 722205 24569
694449 722733 28284
701606 723096 21490
720491 726462 5971
697020 733293 36273
688537 735240 46703
705326 737187 31861
731942 744810 12868
711823 746064 34241
739151 751740 12589
724413 757284 32871
717444 757581 40137
725120 761178 36058
744484 764742 20258
744494 771111 26617
733611 777249 43638
741854 777678 35824
738150 787314 49164
769227 787842 18615
795745 813252 17507
805344 820809 15465
805659 821370 15711
781016 824208 43192
809681 835296 25615
792170 838827 46657
824835 856515 31680
822835 859287 36452
849722 861696 11974
830347 866052 35705
815058 871695 56637
861972 871728 9756
846697 877305 30608
833789 877866 44077
854623 881166 26543
844151 881793 37642
876887 882849 5962
866439 901164 34725
888823 908754 19931
897726 909282 11556
882248 914199 31951
905922 924297 18375
891083 927234 36151
924034 932580 8546
905591 934494 28903
898484 945219 46735
938727 947859 9132
939738 949707 9969
937417 962082 24665
933191 962643 29452
945663 963105 17442
935047 967692 32645
946915 973302 26387
952151 975249 23098
956447 977196 20749
964815 980067 15252
972204 981981 9777
972985 991155 18170
989963 1015707 25744
990652 1021284 30632
999232 1025772 26540
990805 1027290 36485
996654 1034055 37401
1013608 1039170 25562
1031450 1039698 8248
1018438 1050819 32381
1011954 1054812 42858
1047709 1063689 15980
1020588 1065108 44520
1043077 1071246 28169
1067073 1073028 5955
1079632 1100055 20423
1087120 1100748 13628
1087461 1113090 25629
1091524 1117116 25592
1120930 1126884 5954
1122218 1128171 5953
1139056 1169322 30266
1136136 1178199 42063
1145993 1178760 32767
1149657 1183710 34053
1172132 1193313 21181
1158531 1198494 39963
1197184 1211727 14543
1177963 1213311 35348
1200955 1220736 19781
1201903 1221297 19394
1213341 1224795 11454
1212587 1233111 20524
1184553 1233672 49119
1227646 1233969 6323
1214334 1257234 42900
1237538 1261293 23755
1223241 1263240 39999
1218465 1263801 45336
1229423 1263900 34477
1232920 1264956 32036
1240951 1265319 24368
1266164 1274790 8626
1261847 1276803 14956
1271037 1289178 18141
1259569 1294821 35252
1294604 1300563 5959
1255841 1305117 49276
1287187 1309308 22121
1287677 1310133 22456
1288143 1315314 27171
1284419 1315347 30928
1288892 1315908 27016
1304709 1319307 14598
1287186 1329108 41922
1282729 1329801 47072
1293498 1330395 36897
1301389 1336500 35111
1348035 1365276 17241
1337865 1367322 29457
1342323 1381314 38991
1372008 1390818 18810
1388099 1394415 6316
1389588 1405305 15717
1398059 1435302 37243
1408175 1435863 27688
1422587 1436754 14167
1420266 1447182 26916
1426221 1449228 23007
1421282 1453155 31873
1427762 1453881 26119
1410599 1454277 43678
1428136 1466190 38054
1451323 1467675 16352
1435610 1471701 36091
1448275 1477311 29036
1464929 1482789 17860
1468680 1484076 15396
1476054 1485264 9210
1451840 1487310 35470
1452273 1490082 37809
1481442 1495164 13722
1460008 1495692 35684
1493501 1499817 6316
1485729 1501698 15969
1470552 1506813 36261
1492715 1514205 21490
1494330 1515096 20766
1509207 1515162 5955
1477016 1520211 43195
1538415 1544367 5952
1522670 1547172 24502
1540017 1547700 7683
1530845 1550736 19891
1517957 1553310 35353
1525318 1553640 28322
1543892 1556742 12850
1543508 1567170 23662
1536781 1569117 32336
1534151 1577301 43150
1550207 1579314 29107
1574880 1584792 9912
1564122 1587102 22980
1554332 1593240 38908
1560601 1593669 33068
1580780 1603305 22525
1572933 1610202 37269
1585459 1610664 25205
1615566 1626339 10773
1609998 1628748 18750
1628648 1652079 23431
1648186 1654521 6335
1628531 1658514 29983
1649743 1667193 17450
1641813 1673166 31353
1670137 1684815 14678
1678692 1685376 6684
1652509 1687719 35210
1689174 1695144 5970
1670075 1706067 35992
1707734 1714053 6319
1694500 1715175 20675
1707555 1717716 10161
1691653 1719234 27581
1687214 1719267 32053
1694068 1720587 26519
1710179 1730058 19879
1723947 1732764 8817
1714695 1735173 20478
1691391 1736196 44805
1711161 1736724 25563
1704134 1737087 32953
1725064 1739166 14102
1700870 1741311 40441
1723899 1751310 27411
1733029 1752795 19766
1733013 1761111 28098
1746387 1765698 19311
1744238 1769196 24958
1750383 1771308 20925
1780093 1798830 18737
1762928 1802196 39268
1793703 1815231 21528
1781324 1822821 41497
1817704 1823646 5942
1795356 1826187 30831
1811700 1831698 19998
1824818 1847505 22687
1825359 1857240 31881
1829795 1863246 33451
1840829 1863774 22945
1834595 1865754 31159
1844549 1868064 23515
1837677 1874202 36525
1832815 1874631 41816
1869920 1875885 5965
1864834 1879152 14318
1851539 1888491 36952
1854208 1891296 37088
1858755 1891329 32574
1855922 1894827 38905
1867243 1898193 30950
1880434 1899117 18683
1862934 1905222 42288
1870316 1909083 38767
1874098 1909545 35447
1906334 1916739 10405
1896513 1934724 38211
1897639 1936605 38966
1925967 1942809 16842
1929857 1946901 17044
1923630 1953237 29607
1935223 1955184 19961
1953928 1967493 13565
1969777 1981716 11939
1929237 1983234 53997
1975483 1988745 13262
1981464 1989240 7776
1979335 1999173 19838
1985170 2005707 20537
1973676 2011284 37608
1982832 2015310 32478
1988190 2015343 27153
1986384 2018214 31830
2007785 2029302 21517
2028965 2038740 9775
2039570 2045901 6331
2015598 2047716 32118
2030229 2051181 20952
2022964 2059299 36335
2052104 2064810 12706
2056818 2065437 8619
2054075 2087316 33241
2068229 2091111 22882
2078317 2091672 13355
2055082 2096193 41111
2085936 2119689 33753
2065881 2121075 55194
2100764 2125167 24403
2109897 2125695 15798
2094127 2129325 35198
2113779 2131305 17526
2113431 2138070 24639
2115622 2138631 23009
2130016 2141337 11321
2121064 2155296 34232
2137005 2159322 22317
2152011 2175228 23217
2155599 2177307 21708
2160733 2180079 19346
2150423 2182818 32395
2171405 2206809 35404
2191733 2210208 18475
2192219 2211099 18880
2195762 2215158 19396
2210461 2223144 12683
2206161 2228061 21900
2201878 2245287 43409
2228878 2255319 26441
2220846 2258190 37344
2239692 2263173 23481
2232551 2265087 32536
2248242 2273304 25062
2229819 2273832 44013
2272512 2295249 22737
2260064 2297328 37264
2258995 2297658 38663
2286189 2307096 20907
2299789 2308680 8891
2294534 2330064 35530
2323890 2332704 8814
2312298 2335707 23409
2321995 2339172 17177
2338289 2344254 5965
2328938 2354187 25249
2349682 2363196 13514
2366398 2376198 9800
2336403 2384184 47781
2357638 2385240 27602
2372985 2390223 17238
2379628 2396724 17096
2390210 2399991 9781
2385084 2400816 15732
2364485 2413290 48805
2401582 2423487 21905
2404481 2424807 20326
2381324 2426193 44869
2387082 2433222 46140
2407059 2433750 26691
2430359 2436687 6328
2428851 2437677 8826
2429466 2465166 35700
2438208 2465694 27486
2461266 2472789 11523
2465072 2475099 10027
2465721 2476815 11094
2452134 2491302 39168
2473650 2492061 18411
2459697 2495328 35631
2482333 2496813 14480
2487530 2497902 10372
2478360 2503710 25350
2498411 2509716 11305
2485817 2510739 24922
2497182 2516745 19563
2526277 2532585 6308
2507087 2537766 30679
2516712 2540076 23364
2502551 2546082 43531
2529134 2547270 18136
2533619 2551065 17446
2538143 2552253 14110
2525181 2561328 36147
2539688 2566806 27118
2533248 2576211 42963
2557963 2576211 18248
2562015 2581161 19146
2575979 2588058 12079
2580954 2599179 18225
2591923 2612742 20819
2596781 2618187 21406
2571955 2618616 46661
2581733 2631222 49489
2633045 2639010 5965
2635406 2651187 15781
2614342 2653167 38825
2646918 2653233 6315
2628659 2663298 34639
2616900 2672208 55308
2673747 2679699 5952
2653618 2681316 27698
2658494 2695704 37210
2668441 2696760 28319
2649305 2697090 47785
2669363 2706792 37429
2690140 2711082 20942
2664611 2714052 49441
2695435 2719068 23633
2707470 2727747 20277
2721887 2732070 10183
2724096 2732697 8601
2708024 2743719 35695
2725632 2744742 19110
2723228 2750748 27520
2734309 2759328 25019
2737298 2767710 30412
2763165 2769129 5964
2745780 2779293 33513
2739570 2782824 43254
2755943 2783385 27442
2777518 2797179 19661
2796294 2802261 5967
2810690 2817012 6322
2805342 2819190 13848
2796701 2823249 26548
2826203 2845161 18958
2841775 2852058 10283
2840787 2860803 20016
2857406 2863740 6334
2848567 2865225 16658
2845466 2867172 21706
2847858 2878821 30963
2857714 2882187 24473
2868976 2899314 30338
2884709 2900733 16024
2895505 2901492 5987
2896620 2917167 20547
2928618 2954193 25575
2945779 2956833 11054
2933463 2965314 31851
2965164 2991219 26055
2969916 2995311 25395
2975914 2998809 22895
2991643 3005343 13700
3004587 3013626 9039
2980859 3019302 38443
3008981 3019830 10849
3017637 3028806 11169
2999303 3031710 32407
3006872 3033096 26224
3025832 3050058 24226
3021392 3055701 34309
3038154 3057219 19065
3038274 3059166 20892
3031370 3071310 39940
3058590 3085632 27042
3080818 3086787 5969
3045953 3088602 42649
3084594 3103716 19122
3104502 3116751 12249
3108536 3123087 14551
3114052 3123648 9596
3124913 3133614 8701
3095525 3134736 39211
3109635 3135297 25662
3111543 3146055 34512
3140759 3162819 22060
3132027 3167307 35280
3152504 3168792 16288
3162047 3171663 9616
3158807 3172818 14011
3151396 3184599 33203
3164353 3194202 29849
3181839 3225222 43383
3197320 3225783 28463
3198860 3226212 27352
3226776 3236574 9798
3222991 3242184 19193
3237623 3247167 9544
3221962 3253173 31211
3256462 3271158 14696
3261655 3275184 13529
3279386 3285348 5962
3276965 3299175 22210
3313584 3319536 5952
3281931 3320196 38265
3310310 3323166 12856
3310063 3325179 15116
3296184 3330789 34605
3308122 3334815 26693
3332766 3338709 5943
3324905 3340821 15916
3322087 3353889 31802
3333547 3362073 28526
3333435 3362634 29199
3351028 3364812 13784
3354632 3380058 25426
3362616 3399231 36615
3364549 3400485 35936
3363286 3402795 39509
3385159 3427314 42155
3421475 3436818 15343
3409834 3440184 30350
3435804 3441768 5964
3429283 3447246 17963
3432848 3450810 17962
3445907 3457344 11437
3446630 3463152 16522
3440381 3473316 32935
3461601 3482061 20460
3467816 3491169 23353
3474022 3497175 23153
3466935 3512190 45255
3491521 3512718 21197
3492536 3513114 20578
3509328 3517074 7746
3484654 3521298 36644
3501281 3524070 22789
3500779 3527304 26525
3520547 3536214 15667
3519374 3537237 17863
3521723 3547830 26107
3520941 3548391 27450
3517499 3550503 33004
3558469 3572052 13583
3570668 3587166 16498
3551978 3589311 37333
3563860 3589872 26012
3555688 3591225 35537
3554017 3609111 55094
3563535 3609705 46170
3579247 3613566 34319
3570429 3619308 48879
